# bin_2_1
1.125994951173096629e-08
1.129693591849816022e-08
1.133511697023766221e-08
1.138653740993408456e-08
1.141531419674999997e-08
1.145712609058091433e-08
1.150033840481219344e-08
1.154490088821102025e-08
1.159074407935858017e-08
1.163809237820969633e-08
1.168689131470409405e-08
1.173717195047832268e-08
1.178906482796221661e-08
1.184485196988097614e-08
1.189736769802845009e-08
1.195383321702726191e-08
1.201199062663333532e-08
1.207135548794879758e-08
1.213297330275476119e-08
1.219670971635871098e-08
1.226181376520828655e-08
1.232862135797289778e-08
1.239622112078040484e-08
1.246800020734337821e-08
1.254043806241445068e-08
1.261478953146026764e-08
1.269114619001458789e-08
1.276944700916433097e-08
1.284974070478371384e-08
1.293206730725195649e-08
1.301670594296226936e-08
1.310317171959886844e-08
1.319135696580617008e-08
1.328186147462045928e-08
1.337452292627585780e-08
1.346924777950584357e-08
1.356612872683884130e-08
1.366513665211341006e-08
1.376624876084239862e-08
1.386947228478130774e-08
1.397422249352533943e-08
1.408222096348704267e-08
1.419175613395768218e-08
1.430322047746918159e-08
1.441850951604253511e-08
1.453246155287350940e-08
1.464997694233236056e-08
1.476952374673298611e-08
1.489098848419576523e-08
1.501566762739620552e-08
1.513931425277068698e-08
1.526629589704843350e-08
1.539485129266776563e-08
1.552489820271507050e-08
1.565660933569904269e-08
1.578986944096009052e-08
1.592410526790700656e-08
1.605984377431680568e-08
1.620192517626043364e-08
1.633491815097538482e-08
1.647299012391555819e-08
1.661358429063797040e-08
1.675400573650911105e-08
1.689495533427941417e-08
1.703625898854868133e-08
1.717779860567070892e-08
1.732001443163659806e-08
1.746088143182438629e-08
1.760216663744484296e-08
1.774287401405802881e-08
1.787572598574901418e-08
1.802201765795717707e-08
1.815874984510856788e-08
1.829674531775493706e-08
1.841240766238433119e-08
1.856521691639616479e-08
1.869634488360556801e-08
1.882538065088165664e-08
1.895163213995979846e-08
1.907549578926043581e-08
1.919604542541552125e-08
1.931300468748762811e-08
1.942649547962509445e-08
1.953568915713052820e-08
1.964132511456784476e-08
1.974201703522245674e-08
1.983654934217570057e-08
1.992874307351972362e-08
2.001410365120559311e-08
2.009368097978852203e-08
2.016701272133731608e-08
2.023561780170934949e-08
2.029473258842038285e-08
2.034819930772465622e-08
2.039436961855240303e-08
2.043295220830184904e-08
2.046378021382155927e-08
2.048611275009760829e-08
2.050004336514597945e-08
2.050535426430480680e-08
2.050179800024269050e-08
2.048862204833350750e-08
2.046666011140491126e-08
2.043412194192919003e-08
2.039213988788313230e-08
2.033982287980702598e-08
2.027707820422690481e-08
2.020395814370627308e-08
2.011725330686537782e-08
2.002568312818767824e-08
1.992027883894392982e-08
1.980387271142786476e-08
1.967644706912765636e-08
1.953785043382062064e-08
1.938835339628037207e-08
1.922781728221409632e-08
1.905620815962189199e-08
1.887402639183438660e-08
1.868036632549316565e-08
1.847638588655276804e-08
1.826189651570718386e-08
1.803735873221414017e-08
1.780285010915096432e-08
1.755845773438982828e-08
1.730477437440444376e-08
1.704207237802646112e-08
1.677073745066615331e-08
1.649117745797838172e-08
1.620403381976899285e-08
1.590918771640101193e-08
1.560780728798677290e-08
1.530015195956228000e-08
1.498654239581805293e-08
1.466825168860816643e-08
1.434544432244805866e-08
1.401875358284113631e-08
1.368738315740985509e-08
1.335682963407923446e-08
1.302148334488523521e-08
1.268561739190998075e-08
1.234803769717681559e-08
1.201298738127182598e-08
1.167741664690770331e-08
1.134323093909580182e-08
1.101120424755687067e-08
1.068145870535983470e-08
1.035489553115966258e-08
1.003208637255063789e-08
9.713920010510844554e-09
9.399714281886739461e-09
9.090919963125933838e-09
8.787619122405260592e-09
8.490104267597046185e-09
8.198607646712735604e-09
7.913514876159250002e-09
7.634936593867056141e-09
7.362960964166350871e-09
7.099843895448332555e-09
6.839361992759640600e-09
6.587598671340160753e-09
6.342648222428975485e-09
6.104289855951297508e-09
5.872481805376505367e-09
5.647050055404441060e-09
5.428003056481304219e-09
5.215058078143504484e-09
5.008107627744232123e-09
4.806993767814500112e-09
4.611612175634589217e-09
4.421543930886354163e-09
4.237537590359451797e-09
4.058973015349274103e-09
3.885212147131708554e-09
3.717111294985444390e-09
3.554386500289968461e-09
3.397020182579620122e-09
3.245095602487941461e-09
3.098532283649640673e-09
2.957451853472035746e-09
2.822010500779664062e-09
2.691890744964481078e-09
2.567347510725723708e-09
2.448272834668618396e-09
2.334575176662519841e-09
2.226164871881235024e-09
2.122707318990761957e-09
2.024580891413966085e-09
1.931073880505005704e-09
1.842236368666666537e-09
1.757616097154202328e-09
1.677301768544788105e-09
1.600920502254641898e-09
1.528329798355967958e-09
1.459260657885878378e-09
1.393561875643838586e-09
1.331012566179756514e-09
1.271406813339891767e-09
1.214588348236125575e-09
1.160380601331695711e-09
1.108683682730104851e-09
1.059355260251671902e-09
1.012280447630499241e-09
9.682608928837780133e-10
9.251057472306446108e-10
8.847566523619772438e-10
8.465447658450515227e-10
8.102625781498655628e-10
7.758758492285056343e-10
7.433078297235026189e-10
7.122826326254045480e-10
6.827289483777499833e-10
6.544979880480476294e-10
6.275390437397520505e-10
6.017120720522834915e-10
5.770612577368514208e-10
5.534382823219372282e-10
5.311442587445878204e-10
5.097494044280347562e-10
4.892858389732985127e-10
4.698447957156607026e-10
4.511756710256529145e-10
4.332313170152614473e-10
4.160499421736181336e-10
3.995168296275452557e-10
3.836880793268684627e-10
3.684614378725651781e-10
3.538778158690011670e-10
3.397153865540792849e-10
3.263059500625280658e-10
3.133058671452233960e-10
3.007694272488745525e-10
2.886942480855828302e-10
2.770517963976486410e-10
2.658259978419836146e-10
2.550013187979559045e-10
2.445447751761072047e-10
2.344586411215197286e-10
2.247113822236793586e-10
2.153062428701801681e-10
2.062133740036843664e-10
1.974375475924199867e-10
1.889533605778333033e-10
1.807618951913585862e-10
1.728478738065920447e-10
1.652031292494540453e-10
1.578240710993104854e-10
1.506948944133666248e-10
1.438194275851116212e-10
1.371780427556043952e-10
1.307788678664284569e-10
1.246007954356171323e-10
1.186410310279239865e-10
1.129164722428423806e-10
1.073867513469960587e-10
1.020821413036096512e-10
9.696216679711397087e-11
9.205725725385238842e-11
8.732812662024968660e-11
8.279569199893944674e-11
7.844693189192433981e-11
7.427679610992346254e-11
7.028554522921941600e-11
6.645590525443941594e-11
6.280161979745516938e-11
5.929882260109773677e-11
5.596308244523303616e-11
5.276939676905319890e-11
4.973390788906229706e-11
4.683180857372436081e-11
4.407350610276280329e-11
4.145040090131285688e-11
3.895672484402242616e-11
3.658962458781911559e-11
3.434291362366513607e-11
3.221630999642011950e-11
3.019740637862861132e-11
2.829212443526456918e-11
2.648551305795822071e-11
2.478411205067244399e-11
2.317328254857277644e-11
2.165614600372857243e-11
2.022708808224602875e-11
1.888129017005688126e-11
1.761619256651920451e-11
1.642546596311906833e-11
1.530909413819450306e-11
1.425909337908989307e-11
1.327682632347114807e-11
1.235379319477112340e-11
1.149193844031501549e-11
1.068300372743683869e-11
9.927668202752824379e-12
9.221846975923594612e-12
8.562440083108242123e-12
7.947507214486184178e-12
7.373174384633995562e-12
6.838708999689498165e-12
6.339686181565213608e-12
5.879847537463152117e-12
5.443531704328985215e-12
5.045502056752946849e-12
4.671064232008337526e-12
4.323620369859304656e-12
4.000980190122054994e-12
3.701230629236724918e-12
3.423347315037956537e-12
3.165140475423685154e-12
2.926175919237578769e-12
2.704132717925939757e-12
2.498874948572673462e-12
2.308195313491027320e-12
2.132147134518861591e-12
1.968644118798517026e-12
1.817575156663612972e-12
1.677834669544220211e-12
1.548498157071839543e-12
1.429038387454987335e-12
1.316545678208613206e-12
1.214610485676119347e-12
1.120247031243161927e-12
1.033269527799874125e-12
9.526892405643071559e-13
8.786569928732215647e-13
8.098369141333246099e-13
7.466148534058773568e-13
6.880997721947377557e-13
6.342240774640674728e-13
5.844875607298565850e-13
5.385393276663402262e-13
4.962756692570933261e-13
4.571235986612055867e-13
4.212316156851945421e-13
3.878986254789212744e-13
3.573740401758188453e-13
3.290651932924209241e-13
3.031245190942275044e-13
2.791003726586140889e-13
2.570169487423787151e-13
2.366620517677599881e-13
2.178927920831304608e-13
2.006301354153545088e-13
1.846840846204884516e-13
1.699717930356884519e-13
1.565072713319557228e-13
1.440403014051099382e-13
1.326074273972861214e-13
1.220655107755454047e-13
1.123296381356562462e-13
1.034105702303249645e-13
9.516544338918723488e-14
8.755454881188389744e-14
8.059257223495759279e-14
7.416521538952807759e-14
6.823924751491852832e-14
6.277785784401635520e-14
5.776988489721385194e-14
5.314339558607008795e-14
4.889683226617852051e-14
4.498058161659132002e-14
4.143681707751912399e-14
3.806749901555050381e-14
3.501145190553837255e-14
3.220652208429500427e-14
2.961620327842518092e-14
2.723989774278268037e-14
2.504664534304967562e-14
2.303423096460298702e-14
2.117777431879083183e-14
1.947235458201991319e-14
1.789996608989678185e-14
1.645260291957856864e-14
1.512274388577007041e-14
1.389462183961139037e-14
1.276885381682501325e-14
1.173020231998078252e-14
1.077593539396828488e-14
9.894515157996224454e-15
9.085429863459012901e-15
8.338920043462974158e-15
7.652649386512375264e-15
7.022825042321653809e-15
6.440815048435339072e-15
5.904322188303469490e-15
5.410781522885381486e-15
4.955895164552278848e-15
4.537103215759955187e-15
4.153328093766364655e-15
3.798477255490739964e-15
3.471120627016441452e-15
3.169523377964966511e-15
2.894974807223143059e-15
2.638817022246389005e-15
2.402941783114060795e-15
2.185573966247572290e-15
1.985412629555817245e-15
1.803720335833493462e-15
1.634260055518765033e-15
1.477696643854990625e-15
1.333386479077299180e-15
1.205921694595004304e-15
