# bin_3_1
1.183165666471454410e-08
1.187148432573016905e-08
1.191261526960152640e-08
1.196704593636296921e-08
1.199884676014452192e-08
1.204407819759220988e-08
1.209065759826684709e-08
1.213870792477694776e-08
1.218816141576083951e-08
1.223924205425496563e-08
1.229190690924431270e-08
1.234617839871051390e-08
1.240219454387543642e-08
1.246226451306947614e-08
1.251911829493870430e-08
1.258025641330981068e-08
1.264306495110514587e-08
1.270731559342771478e-08
1.277396034692098448e-08
1.284252442084832818e-08
1.291336635515572548e-08
1.298582910924529983e-08
1.306027402817938538e-08
1.313675409532136204e-08
1.321529775088529932e-08
1.329595666276062148e-08
1.337882275643464209e-08
1.346384342290282166e-08
1.355106995588060069e-08
1.364054490312647144e-08
1.373256577853476916e-08
1.382664116506608165e-08
1.392266833416212269e-08
1.402129952391332974e-08
1.412226274563768027e-08
1.422558171388066984e-08
1.433131068045419613e-08
1.443944152154065127e-08
1.454993859740533281e-08
1.466283276309891534e-08
1.477730453835144496e-08
1.489577381140234448e-08
1.501585603001684986e-08
1.512857648951037211e-08
1.526460072678180021e-08
1.539000444857566754e-08
1.551946351398934673e-08
1.565093281955109611e-08
1.578482016479515772e-08
1.592225297030037440e-08
1.605901446426334716e-08
1.619941652921459690e-08
1.634175366851655720e-08
1.648597374407789000e-08
1.663212515337653041e-08
1.678023234937645057e-08
1.692966249926342545e-08
1.708095684339092570e-08
1.723893606829912775e-08
1.738822939856556982e-08
1.754296267889777886e-08
1.770065605045925517e-08
1.785834515150510493e-08
1.801703010565935448e-08
1.817643179573346735e-08
1.833642513476356993e-08
1.849745145015949625e-08
1.865746835349481077e-08
1.881816585901677582e-08
1.897864438931532776e-08
1.913167345446210156e-08
1.929851006901809968e-08
1.945606318140723235e-08
1.961515023777348939e-08
1.975204298629500122e-08
1.992669994235264890e-08
2.007976533950625005e-08
2.023100239110112983e-08
2.037967119992712432e-08
2.052618643151175430e-08
2.066955169122859680e-08
2.080950653963040736e-08
2.094617262622611521e-08
2.107861045881315490e-08
2.120760594267393561e-08
2.133172908818084309e-08
2.144975999302297283e-08
2.156539737218248427e-08
2.167418311895098893e-08
2.177716799621313176e-08
2.187379618366285773e-08
2.196497546613116487e-08
2.204762868099230179e-08
2.212384392680515666e-08
2.217785462050384708e-08
2.225326984681358610e-08
2.230593652777910324e-08
2.234968841760088296e-08
2.238459418781280851e-08
2.241037895994528617e-08
2.242673140402765489e-08
2.243285815881681232e-08
2.242962482064545451e-08
2.241498220961130948e-08
2.239013392322423256e-08
2.235409873358618933e-08
2.230674097306627067e-08
2.224805245746700185e-08
2.217468537998541946e-08
2.209548926620737485e-08
2.200127260623895400e-08
2.189482683093087009e-08
2.177615742125911394e-08
2.164497321926000488e-08
2.150153007793283991e-08
2.134562354185588704e-08
2.117654102605130652e-08
2.099662140468326611e-08
2.080295348718415440e-08
2.059734053029705836e-08
2.037953915656026258e-08
2.014998605929986735e-08
1.990868480297655508e-08
1.965571059511062921e-08
1.939167703219727624e-08
1.911680682384077761e-08
1.883148493634352924e-08
1.853615581389463389e-08
1.823137338402126229e-08
1.791708493397511669e-08
1.759437415244425707e-08
1.726373155876013177e-08
1.692542701963863902e-08
1.658069240755604932e-08
1.622982297473071116e-08
1.587349883156942694e-08
1.551219358705263392e-08
1.514746356883234617e-08
1.477815927750270686e-08
1.440708764524336097e-08
1.403467845870390759e-08
1.366107082845575599e-08
1.328779056416915044e-08
1.291388627913942231e-08
1.254203702806803246e-08
1.217193343839270968e-08
1.180465122199449771e-08
1.144080959743519767e-08
1.108147604422828323e-08
1.072608409997204947e-08
1.037623226711692467e-08
1.003195665602539072e-08
9.694151110331526391e-09
9.363111331043843485e-09
9.038936797870991401e-09
8.722055858662199691e-09
8.412638282799197190e-09
8.111059530300929221e-09
7.817002911537732616e-09
7.530756284817349475e-09
7.252316522076262052e-09
6.981495152748320446e-09
6.718240592639468914e-09
6.462364821203067583e-09
6.213842580777010490e-09
5.972378472257016085e-09
5.737782827541316062e-09
5.509857920456484662e-09
5.288426456308182141e-09
5.073346160256724930e-09
4.864215558822309515e-09
4.661434385085047498e-09
4.463869342850459603e-09
4.272399994677641439e-09
4.086637564974966695e-09
3.906644241496646763e-09
3.734295121715847208e-09
3.563907397747762915e-09
3.401251769983564584e-09
3.244633708953799308e-09
3.093837710737927487e-09
2.949141699710081608e-09
2.810530843067515582e-09
2.677994979870318375e-09
2.551525342655615484e-09
2.431025040710296953e-09
2.316430096915046928e-09
2.207578065051505129e-09
2.104307366812541622e-09
2.006376928366233532e-09
1.913707055477427777e-09
1.825936006622673272e-09
1.742829642083261318e-09
1.664053134684374828e-09
1.589351853711848785e-09
1.518380105563559635e-09
1.450804682971628936e-09
1.386345355829686104e-09
1.324676686904811701e-09
1.265657989544735808e-09
1.209090369691267454e-09
1.154935218148956268e-09
1.103157720144874399e-09
1.053841373062092197e-09
1.006929782530129608e-09
9.626075936733507626e-10
9.206727801219144936e-10
8.812239411760193835e-10
8.439557712007249602e-10
8.087248060964141257e-10
7.753441680655032018e-10
7.434794350590045165e-10
7.130433909073300254e-10
6.842157781123554993e-10
6.557768041420617298e-10
6.289716913281903970e-10
6.033628613423643056e-10
5.789322094113948268e-10
5.557060251840813025e-10
5.335540182751045696e-10
5.124349733630918633e-10
4.921759605904797212e-10
4.727942792736864298e-10
4.541251704508430606e-10
4.361466366040111454e-10
4.190512914922028297e-10
4.025332779799561184e-10
3.865651766751829663e-10
3.714325890260730872e-10
3.567695920544419484e-10
3.426319641578056463e-10
3.290153844294375773e-10
3.158832618505311338e-10
3.032190704467668214e-10
2.909972188802285453e-10
2.792102329094207082e-10
2.678229081997223040e-10
2.568241138504402472e-10
2.462073991309853164e-10
2.359398765856109103e-10
2.260258063689714500e-10
2.164370971962942009e-10
2.071745543122070169e-10
1.982208989923790787e-10
1.895526426365383782e-10
1.812086259100168458e-10
1.731162135433529696e-10
1.653294035261109972e-10
1.577809873929194550e-10
1.505064343849485592e-10
1.434980756224352670e-10
1.367163733828641274e-10
1.301981401337269672e-10
1.238950670836800551e-10
1.178443908076594260e-10
1.119980508813569358e-10
1.063839511077193867e-10
1.009798380821796895e-10
9.579096967792731901e-11
9.080758659817426099e-11
8.602476005363785340e-11
8.143870470801020764e-11
7.704221092217029477e-11
7.283497399924457496e-11
6.880716789194279830e-11
6.495909705396721806e-11
6.128097798359053613e-11
5.777215263153457403e-11
5.442576352762373545e-11
5.123649060846959828e-11
4.820165247570610580e-11
4.531466521708320025e-11
4.257157765126677470e-11
3.996639623201866149e-11
3.749659615428073821e-11
3.515483120426490431e-11
3.294158908400541058e-11
3.084174828411000074e-11
2.885946579691796342e-11
2.698836085587057594e-11
2.522222319870134438e-11
2.355801453887976826e-11
2.199033990675783834e-11
2.051524060295848868e-11
1.912793237347250984e-11
1.782643076115270256e-11
1.660200456883866519e-11
1.545646145084840154e-11
1.438000370453731046e-11
1.337456841957081088e-11
1.243101881501569434e-11
1.154973924354906840e-11
1.072653320646689820e-11
9.957640972366017545e-12
9.240534836681671969e-12
8.570885484162004994e-12
7.947911285214296952e-12
7.366326000509963198e-12
6.826213360575402113e-12
6.322302956712865836e-12
5.856638073291734784e-12
5.420854176924377793e-12
5.016625451637892334e-12
4.641310293329587987e-12
4.292786039322312880e-12
3.969716149759063826e-12
3.669645496685746634e-12
3.391979844558163499e-12
3.134070639802243733e-12
2.895785379307040066e-12
2.674410820878347812e-12
2.470085821266354751e-12
2.280409751309875468e-12
2.105098455603124267e-12
1.943012920451093786e-12
1.793033480812317326e-12
1.654519932466261314e-12
1.526312016456067350e-12
1.409087886670367935e-12
1.299608889917314491e-12
1.198619729090240349e-12
1.105093794089308900e-12
1.018996926433809996e-12
9.380764519078122606e-13
8.648170657019627007e-13
7.969906441373544716e-13
7.345621736733010458e-13
6.769285915435504647e-13
6.236881352617004324e-13
5.747298969804445828e-13
5.293665424630101819e-13
4.877980781205825837e-13
4.491916469356134658e-13
4.138381797304436600e-13
3.810417008587450270e-13
3.509739306522743774e-13
3.231768956178342727e-13
2.976088701377178930e-13
2.740362810460973391e-13
2.523018479225366014e-13
2.323178084180725049e-13
2.138479540850405888e-13
1.969021304567659453e-13
1.812159202791484522e-13
1.668471222497426508e-13
1.535404203828198794e-13
1.413492162524703644e-13
1.300737436692545054e-13
1.197489546553999720e-13
1.101978561525788330e-13
1.014470934773048587e-13
9.333149742157571826e-14
8.587280790871612450e-14
7.902981726080905898e-14
7.270543000032652785e-14
6.690864772421857519e-14
6.155056643633627047e-14
5.663572283898806727e-14
5.210096646124630526e-14
4.793133415545680828e-14
4.409726390597365224e-14
4.055894132272068746e-14
3.731226026151441823e-14
3.431317069935329308e-14
3.156369508094146192e-14
2.902250857694993418e-14
2.669376131135643121e-14
2.454329802988784274e-14
2.256988375930713790e-14
2.074912674636664332e-14
1.907381031954234368e-14
1.753454411161180651e-14
1.611269940095480589e-14
1.480996721680718492e-14
1.360678526514720976e-14
1.250268636105143908e-14
1.148223378949154180e-14
1.054609813592646139e-14
9.681998100777876308e-15
8.887963709963446838e-15
8.158427548362830391e-15
7.485078450186059964e-15
6.864118509751712610e-15
6.293173520748759772e-15
5.766915531463029576e-15
5.282380593008865723e-15
4.837953425748453703e-15
4.426620307797771008e-15
4.047776371262155693e-15
3.698780403775154260e-15
3.380013928437719309e-15
3.083534741247156915e-15
2.810460544469344133e-15
2.559067639146831173e-15
2.327178062117098784e-15
2.116119098226579473e-15
1.919301035034389266e-15
1.737770497864561165e-15
1.570309479839112179e-15
1.421346431710737923e-15
