# bin_3_2
1.383705894197174052e-08
1.388746755665942087e-08
1.395194497614541192e-08
1.400553590883981362e-08
1.404887946911660823e-08
1.410627669856867768e-08
1.416545564047877423e-08
1.422654888630201387e-08
1.428950269646110416e-08
1.435456154579678282e-08
1.442169427829433590e-08
1.449094413543886349e-08
1.456246325165589935e-08
1.463853134490011216e-08
1.471210009405079805e-08
1.479036397395269692e-08
1.487095575389382327e-08
1.495359591446529581e-08
1.503927802568367593e-08
1.512753163530410605e-08
1.521873390175987146e-08
1.531217171754426773e-08
1.540851440698135467e-08
1.550742620111901128e-08
1.560937675379954942e-08
1.571413025713960460e-08
1.582190700299107629e-08
1.593267859477228594e-08
1.604603652374242643e-08
1.616351370749234111e-08
1.628396268208425240e-08
1.640741571538935891e-08
1.653379669543590266e-08
1.666377825079062831e-08
1.679713390696387422e-08
1.693388571677064976e-08
1.707417309588218753e-08
1.721796298559314136e-08
1.736528442643570802e-08
1.751618069076642354e-08
1.766964871765916548e-08
1.782882131632572426e-08
1.799059114731042882e-08
1.814643524121630120e-08
1.832692211524011051e-08
1.849811187070412363e-08
1.867480598678613498e-08
1.885496398159525208e-08
1.903902414849284669e-08
1.922822637730770071e-08
1.941821611510817262e-08
1.961343666313969394e-08
1.981225737002882606e-08
2.001462553069642996e-08
2.022062590413123883e-08
2.043031203959583410e-08
2.064309139949332306e-08
2.085954866345286387e-08
2.108456591320633103e-08
2.130267084241141598e-08
2.152805528767091469e-08
2.175854103967557159e-08
2.199090604808433458e-08
2.222623000158854461e-08
2.246430917060361682e-08
2.270501228947757053e-08
2.294883345430494229e-08
2.319383424522250922e-08
2.344141551911276214e-08
2.369101683540766687e-08
2.393528390677441906e-08
2.419558827951616901e-08
2.444876500231452476e-08
2.470562117412193051e-08
2.496204036906598793e-08
2.521929753902293650e-08
2.547670408571099464e-08
2.573444629014133953e-08
2.599179827173226290e-08
2.624912916592929794e-08
2.650534742594003296e-08
2.676047817081088032e-08
2.701426971836367546e-08
2.726586594100350447e-08
2.751601552801465818e-08
2.776323155495799358e-08
2.800628878082801360e-08
2.824868593769796017e-08
2.848605523663928579e-08
2.871923330196162295e-08
2.894784576702566185e-08
2.917284620845976788e-08
2.938883684251543267e-08
2.960181690656970881e-08
2.979267943367593676e-08
3.000666246046905697e-08
3.019843879948735091e-08
3.038203845837725861e-08
3.055740211106914341e-08
3.072402541097601425e-08
3.088147862250274786e-08
3.102875126348639612e-08
3.116643762832253495e-08
3.129243881118680464e-08
3.140766055100672105e-08
3.151089464324183222e-08
3.160176310453336957e-08
3.168001505585079616e-08
3.174203618257282211e-08
3.179643289784910176e-08
3.183370367672404305e-08
3.185636755827489453e-08
3.186406830217652420e-08
3.185627221898746270e-08
3.183286658047262657e-08
3.179342640485772979e-08
3.173744677688219287e-08
3.166511107559882044e-08
3.157498135087379027e-08
3.146703093436451517e-08
3.134325654382186050e-08
3.120128414266861189e-08
3.104110166352008510e-08
3.086288221491068690e-08
3.066594735084565688e-08
3.045246823531595414e-08
3.021994691135206119e-08
2.996962238804133252e-08
2.970148603978588048e-08
2.941513339092234975e-08
2.911174188279408905e-08
2.879097366443443261e-08
2.845305144369345666e-08
2.809889590384288649e-08
2.772864362879824196e-08
2.734274283455933084e-08
2.694166761912560415e-08
2.651619023069405707e-08
2.609638735585251900e-08
2.565361111349279750e-08
2.519840094204924878e-08
2.473171788121664448e-08
2.425485632485493444e-08
2.376671532999058511e-08
2.327042806035632531e-08
2.276581998606953306e-08
2.225418140649597198e-08
2.173666926666766880e-08
2.121453358034301750e-08
2.068776790220891319e-08
2.015848696889227559e-08
1.962753277646025833e-08
1.909583478098104118e-08
1.856439902071609139e-08
1.803459782281865057e-08
1.750737795448945965e-08
1.698373465440831088e-08
1.646491724289764838e-08
1.595142106004928598e-08
1.544444939027919199e-08
1.494484005092414466e-08
1.445321179504742661e-08
1.397027723219357104e-08
1.349654101457736021e-08
1.303264100415183425e-08
1.257524808388061869e-08
1.213545190396709462e-08
1.170289979072101227e-08
1.128102739561890310e-08
1.087037532989765866e-08
1.047052284776859843e-08
1.008205599323054928e-08
9.703623732898363844e-09
9.336142117713737633e-09
8.978943324873007344e-09
8.631803208403093853e-09
8.294398322954243071e-09
7.966264697895678993e-09
7.647210956478679558e-09
7.337018394937913423e-09
7.035179066819203814e-09
6.741636824475171807e-09
6.456180230202294384e-09
6.178685248311204928e-09
5.909136050329328425e-09
5.647535408724857396e-09
5.394030263522595534e-09
5.148753395782556241e-09
4.911912112000459734e-09
4.683711415716960809e-09
4.464457738276600597e-09
4.254259344221869986e-09
4.053347319007812077e-09
3.861731698199588236e-09
3.680239295238019943e-09
3.506355529995857500e-09
3.340666718014653695e-09
3.185146446488059966e-09
3.037589126222755941e-09
2.897585299196451804e-09
2.764468390309847105e-09
2.637690456390222063e-09
2.517789223763502719e-09
2.402087426370300300e-09
2.290814594629093215e-09
2.185133760734804887e-09
2.084450519538681800e-09
1.985623012394373940e-09
1.893377576699924797e-09
1.806484455082374620e-09
1.722374933451740074e-09
1.643618767454820736e-09
1.569127097205477466e-09
1.498705978738250507e-09
1.432053076965985784e-09
1.368783700291870724e-09
1.308658916046054394e-09
1.251216335934859322e-09
1.196753072904042176e-09
1.144526211900690905e-09
1.095086876343521254e-09
1.047893804704561567e-09
1.003044598280834861e-09
9.604303307838282660e-10
9.197881378243463183e-10
8.813373501552162663e-10
8.445692502828335026e-10
8.093429831435003170e-10
7.759947757061385471e-10
7.440118973874195018e-10
7.134402834763194534e-10
6.841976561207740731e-10
6.562994742351764354e-10
6.295373327340349729e-10
6.039775044545967753e-10
5.794210229750981188e-10
5.559414845322627022e-10
5.333526132796446409e-10
5.116977010812369285e-10
4.909024390094048352e-10
4.709580007611992880e-10
4.517647352530229161e-10
4.332528746981622747e-10
4.154873944867213566e-10
3.983333071432529854e-10
3.818379737049033456e-10
3.659394977718500803e-10
3.506197166070110774e-10
3.358491236404116830e-10
3.216072115225989209e-10
3.078724333912227168e-10
2.946272825664828191e-10
2.818485827966020557e-10
2.695199923756548846e-10
2.576300220275512597e-10
2.461568801680494590e-10
2.350953971706846804e-10
2.244269271006694936e-10
2.141401998835866419e-10
2.042259632855719359e-10
1.946701210871593203e-10
1.854666031924673936e-10
1.766008640925563640e-10
1.680691343514995432e-10
1.598571268924814421e-10
1.519610489374785511e-10
1.443691452985443777e-10
1.370753667531676776e-10
1.300741042006956658e-10
1.233516804912903342e-10
1.169022919529115899e-10
1.107219352699787293e-10
1.048029080477777335e-10
9.913553161490973533e-11
9.371563549922487173e-11
8.853349792537875094e-11
8.358439929941986241e-11
7.886007851462303104e-11
7.435425686139929895e-11
7.006024421865526901e-11
6.597085857623330838e-11
6.208004540143692984e-11
5.838028032814592529e-11
5.486577222759838600e-11
5.152971650940009005e-11
4.836602437803215982e-11
4.536737837904613818e-11
4.253047418449262839e-11
3.984223133244619215e-11
3.730292819906679187e-11
3.490452640966527512e-11
3.264081291848923535e-11
3.050620968554718949e-11
2.849458330749615247e-11
2.660073201311599534e-11
2.481890005367103849e-11
2.314514435774629012e-11
2.156442587093147750e-11
2.008906611751186827e-11
1.870343309102218732e-11
1.740658761517999762e-11
1.619019857403660944e-11
1.505258720505961802e-11
1.398857398712222677e-11
1.299410253982509685e-11
1.206551964672888869e-11
1.119801717337841819e-11
1.038957524363825521e-11
9.634895761313931295e-12
8.932582825733107302e-12
8.277628645854883818e-12
7.668804984417123555e-12
7.101628961403668740e-12
6.574570397660268498e-12
6.084836558280400421e-12
5.629709766650616330e-12
5.207384385001133494e-12
4.815097103574582149e-12
4.451511234532335455e-12
4.116389904337587644e-12
3.803685028833908910e-12
3.513521214678452088e-12
3.245710173007347360e-12
2.996737360445656260e-12
2.766475941847832369e-12
2.553392322835242101e-12
2.356238642285846987e-12
2.173993329744216461e-12
2.005356687993417634e-12
1.849633816732502496e-12
1.705559483195286218e-12
1.572657976693054060e-12
1.449704068289533331e-12
1.336315953342842630e-12
1.231497745940552242e-12
1.134843386685677215e-12
1.045647215834901928e-12
9.632974032657190129e-13
8.873629541697264436e-13
8.173286796562429400e-13
7.527585306495874140e-13
6.931907266010277780e-13
6.383267653330648369e-13
5.876757196730864374e-13
5.410407420492620437e-13
4.980374482665229766e-13
4.584630119008033390e-13
4.219413755624594446e-13
3.883620417532085605e-13
3.573947951116599478e-13
3.288952178588435088e-13
3.026410473057076129e-13
2.785023869605511037e-13
2.562033676451863777e-13
2.357082547368169731e-13
2.168421447136967040e-13
1.994747283706397095e-13
1.834908064309726884e-13
1.687749615779865268e-13
1.552340084618125745e-13
1.427748863065843389e-13
1.313073211273490540e-13
1.207572628605473418e-13
1.110467640098974966e-13
1.021132215182152752e-13
9.389519033077724486e-14
8.633447507718940095e-14
7.938020265926311229e-14
7.297941563762414631e-14
6.709459678190221843e-14
6.167916951870099857e-14
5.669869348424456007e-14
5.211788254865099173e-14
4.790353292088415952e-14
4.402786736507509102e-14
4.046359432471603302e-14
3.718384589526734347e-14
3.416885053325167021e-14
3.139446194604427808e-14
2.884301745283708254e-14
2.649804804016264920e-14
2.433990182498708617e-14
2.235400050688810295e-14
2.052903650205054160e-14
1.884935285765573217e-14
1.730473470276343872e-14
1.588515705805487420e-14
1.457772991636031366e-14
1.337535165087449136e-14
1.226893842339621622e-14
1.125291078930148332e-14
1.031663384278353896e-14
9.455230337424399467e-15
8.662762245393647869e-15
7.933417429306464169e-15
7.263529001673621362e-15
6.645767169587834011e-15
6.077138468219789684e-15
5.553773076142415501e-15
5.074216905724547847e-15
