# bin_3_3
1.521726613531817395e-08
1.527518851702493045e-08
1.534768006477783404e-08
1.540925629590493635e-08
1.546077114269529137e-08
1.552685092452037078e-08
1.559498839956689613e-08
1.566535893934571131e-08
1.573791555056157995e-08
1.581292244180160779e-08
1.589035590008462518e-08
1.597027028810546229e-08
1.605283310542510668e-08
1.614034967510414152e-08
1.622567930600414128e-08
1.631631055169179037e-08
1.640952313631580428e-08
1.650529147407463743e-08
1.660455777311531003e-08
1.670686922600297840e-08
1.681261392123654610e-08
1.692121207144852069e-08
1.703302243308087002e-08
1.714794747877783491e-08
1.726666774361402092e-08
1.738866465726512488e-08
1.751427637710860633e-08
1.764349500516180574e-08
1.777641696948907955e-08
1.791313388367337806e-08
1.805398391945625140e-08
1.819852490394617311e-08
1.834670128468940089e-08
1.849921586561227891e-08
1.865586066255491873e-08
1.881667979958204501e-08
1.898183678374238885e-08
1.915132143499335679e-08
1.932518720652126310e-08
1.950350178986324949e-08
1.968567686419114577e-08
1.987304092747268992e-08
2.006566770578932206e-08
2.025264191582500019e-08
2.046536701825416168e-08
2.066974923834272505e-08
2.088071191720578289e-08
2.109622214876919788e-08
2.131675483297617004e-08
2.154357121846506002e-08
2.177235701810538813e-08
2.200757423733831497e-08
2.224762525523083766e-08
2.249248711709136324e-08
2.274227531751666402e-08
2.299707971317562527e-08
2.325632184443937838e-08
2.352063530689594060e-08
2.379496643768252866e-08
2.406372432712959121e-08
2.434143960748651449e-08
2.462549938247137862e-08
2.491305882901443038e-08
2.520517183103035542e-08
2.550163413514607356e-08
2.580233933249549489e-08
2.610781531359968334e-08
2.641613280380209176e-08
2.672873905602593237e-08
2.704509064607357704e-08
2.735779563224514824e-08
2.768843451079314929e-08
2.801369990101483534e-08
2.834441449581538957e-08
2.868010797907842260e-08
2.901136200779137674e-08
2.934817660708111854e-08
2.968721542505727168e-08
3.002774144993968241e-08
3.037014424867320276e-08
3.071344062290201392e-08
3.105730949016519557e-08
3.140185780348007114e-08
3.174610848289454189e-08
3.209078999420852325e-08
3.243440670452551843e-08
3.277577710475484118e-08
3.311821815124165936e-08
3.345749799070269474e-08
3.379434241177210495e-08
3.412844651897258973e-08
3.446061922500427799e-08
3.478615222641331640e-08
3.510881397620733472e-08
3.541001446338091654e-08
3.573911538804255533e-08
3.604582955700355799e-08
3.634570180760827583e-08
3.663862106095874736e-08
3.692397627713888947e-08
3.720126074444811887e-08
3.746936136074651686e-08
3.772873504162113914e-08
3.797718057284019744e-08
3.821547109780336368e-08
3.844227557267362812e-08
3.865717793126958655e-08
3.885945052139471264e-08
3.904556016697454253e-08
3.922404342733893299e-08
3.938503604423971344e-08
3.953094902274830597e-08
3.966116335863434140e-08
3.977499132781207803e-08
3.987209600438392369e-08
3.995184066052653736e-08
4.001348211356525136e-08
4.005698472733375921e-08
4.008058750571941055e-08
4.008485924650572133e-08
4.006926430185593145e-08
4.003343761187386575e-08
3.997637466777913015e-08
3.989763931286941840e-08
3.979786126722875903e-08
3.967601720917040509e-08
3.953054925479041253e-08
3.936496837442290574e-08
3.917564035540345466e-08
3.896299337611615650e-08
3.872788242659515702e-08
3.846966271331405732e-08
3.818827647502229014e-08
3.788430288082708753e-08
3.755764118073028102e-08
3.720844908384518310e-08
3.683693564460625077e-08
3.643341107448112382e-08
3.602821425531213376e-08
3.559199162149773192e-08
3.513522765105203533e-08
3.465868462999071184e-08
3.416347182440718268e-08
3.364824166426633080e-08
3.311616971337183753e-08
3.256810629433394185e-08
3.200160528472933851e-08
3.142154246392771539e-08
3.082780573071743388e-08
3.022050196296310371e-08
2.960183966630371199e-08
2.897276483399163258e-08
2.833434093058569661e-08
2.768774343888057626e-08
2.703458907395127842e-08
2.637635266023513733e-08
2.571346292565135752e-08
2.504839191377929827e-08
2.438180298266962280e-08
2.371509580391278767e-08
2.304991519458781751e-08
2.238735401745577168e-08
2.172875207865410561e-08
2.107528057815177963e-08
2.042825306048769538e-08
1.978481760450665161e-08
1.915741806223350413e-08
1.853573189333987614e-08
1.792406176361846459e-08
1.732362216890167055e-08
1.673458994023728167e-08
1.615696871052479661e-08
1.559359915685589226e-08
1.504232684335377493e-08
1.450483948450522131e-08
1.397943724716017007e-08
1.346811200700862311e-08
1.297003457213503880e-08
1.248523466290276535e-08
1.201362558752096204e-08
1.155482821469466148e-08
1.111144154770703417e-08
1.067453050607615166e-08
1.025249489108350785e-08
9.842150973508230508e-09
9.443157858575534053e-09
9.055292852230127469e-09
8.678309082663835514e-09
8.312039911671892061e-09
7.956342649862708974e-09
7.611245411653808441e-09
7.276646906179893175e-09
6.952685495335417807e-09
6.639390230078669585e-09
6.336947177457144197e-09
6.045463325379457270e-09
5.765045768120199836e-09
5.495858381888069427e-09
5.237787314929235625e-09
4.991005028868814901e-09
4.755353097165838800e-09
4.530712388927985981e-09
4.316796162337673704e-09
4.113361019293179900e-09
3.919810000088295256e-09
3.735842318006294743e-09
3.561887183972533074e-09
3.394227676994715706e-09
3.235792162214065703e-09
3.085655059051956502e-09
2.940363895724842705e-09
2.802704529759962905e-09
2.671267567028086626e-09
2.545904822542587801e-09
2.426453730025750857e-09
2.312725640544969491e-09
2.204673630901639107e-09
2.102082073047715288e-09
2.004840857607106262e-09
1.912485360380604710e-09
1.825304025968475401e-09
1.742442778774260617e-09
1.663775617531180766e-09
1.589011098375376554e-09
1.517752852992022844e-09
1.450236069815227307e-09
1.385865491958383872e-09
1.324492903286540710e-09
1.266509427547652414e-09
1.211244550354271581e-09
1.158682979979387707e-09
1.108645910178570377e-09
1.061080258804718577e-09
1.015670669799737873e-09
9.724553629901573910e-10
9.311647758312238613e-10
8.918605161412247760e-10
8.542842793813795480e-10
8.184396057485266104e-10
7.841901563627232172e-10
7.514311438395768485e-10
7.200935441183431489e-10
6.900936205164419832e-10
6.613741259781208435e-10
6.338530387412578951e-10
6.074708979785920085e-10
5.821604051198464028e-10
5.578675719332482589e-10
5.345449988006224793e-10
5.121399878989499826e-10
4.906124573389826372e-10
4.698993799190746764e-10
4.499948817250554806e-10
4.308415713430698415e-10
4.124144946446528160e-10
3.946744262315279066e-10
3.775969113325393247e-10
3.611527450211940890e-10
3.453161185279059410e-10
3.300655257848436466e-10
3.153753761722802347e-10
3.012291671576907591e-10
2.876026372569425750e-10
2.744833069249014042e-10
2.618485926098418476e-10
2.496873785110367492e-10
2.379809317302478043e-10
2.267169158331848868e-10
2.158813379445118637e-10
2.054604925705844628e-10
1.954434194430279989e-10
1.858163014049079487e-10
1.765700561384630010e-10
1.676910466964697528e-10
1.591716238405753724e-10
1.509986207586676984e-10
1.431642482718571182e-10
1.356573317274173999e-10
1.284704119392502293e-10
1.215945917422632697e-10
1.150106631638951112e-10
1.087211037850564114e-10
1.027130497319936137e-10
9.697863097667420678e-11
9.150768104255218845e-11
8.629592365303437575e-11
8.133513860950530560e-11
7.660923807377088203e-11
7.210797677636418525e-11
6.783522776687413053e-11
6.377123903325899476e-11
5.991680384297107144e-11
5.626134466759041630e-11
5.279692962272908737e-11
4.951750929268652210e-11
4.641210519305897712e-11
4.347833528764657456e-11
4.070379444928193323e-11
3.808830760088810110e-11
3.561562739509492710e-11
3.328846621292214005e-11
3.109380108409632795e-11
2.902914510221810072e-11
2.708713275621571410e-11
2.526168336972992426e-11
2.354850292684287091e-11
2.193794016642938924e-11
2.042991436526541284e-11
1.901388714428633458e-11
1.768997799069894468e-11
1.644835686515197639e-11
1.528859973525071775e-11
1.420332039939085977e-11
1.318985493482900231e-11
1.224375504070818556e-11
1.136061880820560929e-11
1.053772880849650268e-11
9.769639834401261739e-12
9.055220840197495694e-12
8.388992683262781972e-12
7.770066333813046929e-12
7.193385652984214226e-12
6.658051989559477600e-12
6.160149933986068221e-12
5.697940603573413578e-12
5.269073620086413831e-12
4.870706048868065224e-12
4.501638565066976680e-12
4.158979104252039141e-12
3.841887053877545855e-12
3.547661662815060091e-12
3.275625310060913741e-12
3.023346115061531792e-12
2.790238196146435939e-12
2.574272993568308251e-12
2.374659507273209714e-12
2.190217571642111341e-12
2.019543981281815931e-12
1.861963346227900694e-12
1.716302853322633359e-12
1.581886080370571903e-12
1.457641694491528448e-12
1.343056369958608071e-12
1.237258168528543064e-12
1.139638476176462379e-12
1.049559345403422617e-12
9.664967794833703439e-13
8.898939228827932575e-13
8.192835020608138873e-13
7.541990606922180984e-13
6.942120105243640040e-13
6.389032974323753586e-13
5.879795787166497619e-13
5.410471424340762782e-13
4.978017206771347777e-13
4.579907705134150629e-13
4.213272227391218654e-13
3.875670652817556452e-13
3.564878361197425620e-13
3.278467315046253098e-13
3.015386700629939084e-13
2.773135204150601161e-13
2.549944837974236825e-13
2.344652868562181282e-13
2.155843130379807884e-13
1.982008898651849410e-13
1.822193992744544211e-13
1.675074596373378601e-13
1.539798136707512806e-13
1.415361492513227047e-13
1.300937427592364386e-13
1.195783837075214961e-13
1.098862981172790136e-13
1.010130632463131474e-13
9.280164356455232730e-14
8.527839218698559650e-14
7.835806233174586304e-14
7.208234781300843695e-14
6.614435936631712906e-14
6.076506142584184822e-14
5.582139872184297122e-14
5.127488615456872061e-14
4.709692953236841758e-14
4.325603358702049078e-14
3.972275795781156947e-14
3.647630259634534255e-14
3.349347420306923408e-14
3.074875651268009474e-14
2.822665416289214995e-14
2.590793409403599360e-14
2.377812532045081562e-14
2.181888820366081648e-14
2.001699340733325853e-14
1.836036094619907868e-14
1.683798805805477319e-14
1.543946144892273072e-14
1.415221581195646202e-14
1.296844405369757548e-14
1.188049597783931749e-14
1.088102559026292422e-14
