# bin_2_2
1.288537997328381779e-08
1.293076568681070096e-08
1.299034152215102382e-08
1.303806215534098260e-08
1.307600870190082487e-08
1.312762642984765288e-08
1.318082681783556754e-08
1.323573030298302696e-08
1.329228103215210947e-08
1.335070790368523796e-08
1.341097639102748508e-08
1.347312289961801171e-08
1.353728863544000416e-08
1.360573352609979226e-08
1.367150064064051298e-08
1.374150515995637283e-08
1.381373022139492778e-08
1.388765042411769426e-08
1.396431529611303009e-08
1.404324334252936072e-08
1.412480410554684440e-08
1.420815994036684097e-08
1.429429587371050988e-08
1.438264389905031009e-08
1.447347033476781165e-08
1.456682795933734008e-08
1.466282652423051032e-08
1.476142436725182550e-08
1.486269045109590040e-08
1.496668181878815569e-08
1.507369823208084639e-08
1.518327947464913682e-08
1.529533730506173552e-08
1.541052302147622753e-08
1.552860054997459944e-08
1.564957915384754644e-08
1.577358350097955464e-08
1.590056760340756959e-08
1.603054611846101590e-08
1.616354838944351770e-08
1.629908755396774371e-08
1.643868756470969459e-08
1.658082107761054578e-08
1.671645789689494032e-08
1.687601528795646365e-08
1.702570703221004145e-08
1.718023289980212726e-08
1.733755563278481067e-08
1.749809069996709116e-08
1.766306974930396620e-08
1.782811263781031865e-08
1.799765744005290920e-08
1.817005533233533983e-08
1.834524476464655053e-08
1.852328371792593290e-08
1.870421287252192029e-08
1.888743574269554661e-08
1.907350799223627924e-08
1.926726969313502430e-08
1.945336787252502592e-08
1.964594131419416008e-08
1.984252388724974855e-08
2.004021624334129837e-08
2.023998015612303975e-08
2.044157112965478489e-08
2.064488614181703623e-08
2.085039185719339233e-08
2.105604737986085065e-08
2.126355111557786088e-08
2.147202432656207122e-08
2.167427208931448261e-08
2.189144336419309466e-08
2.210066328022274754e-08
2.231256345804442079e-08
2.252309593948558405e-08
2.273350778192072584e-08
2.294308563752062128e-08
2.315210778909362932e-08
2.335980893898957742e-08
2.356657319582522422e-08
2.377143758430591095e-08
2.397400596663056999e-08
2.417466370672534242e-08
2.437217871059231957e-08
2.456743359972028736e-08
2.475895314481513366e-08
2.494549934032011631e-08
2.513074363889553407e-08
2.531021241715888362e-08
2.548463698215789583e-08
2.565425045969053393e-08
2.581949336293685535e-08
2.597600771688549388e-08
2.612750534766881420e-08
2.625747957027918766e-08
2.640970389035716797e-08
2.653971942386895631e-08
2.666137089050395044e-08
2.677464795958382970e-08
2.687913170207864132e-08
2.697447814720179349e-08
2.705975804591321682e-08
2.713566280198039014e-08
2.720020522744612530e-08
2.725436736280295018e-08
2.729705757968107721e-08
2.732801271735216542e-08
2.734708419092429046e-08
2.735084589116825551e-08
2.734785305078076395e-08
2.732889493106394137e-08
2.729653915214025110e-08
2.725062987226851497e-08
2.719071549980105187e-08
2.711685363287732928e-08
2.702866520444614461e-08
2.692588064539799873e-08
2.680878024510106151e-08
2.667609438007539330e-08
2.652871720027345072e-08
2.636647568978181515e-08
2.618927584893974624e-08
2.599700360373029566e-08
2.578955493564323580e-08
2.556718524379988119e-08
2.533020025693927869e-08
2.507828283804570785e-08
2.481210861293891363e-08
2.453185537722438367e-08
2.423730511820755907e-08
2.392943426378247578e-08
2.360833724751644101e-08
2.327424222751059278e-08
2.292819146426228209e-08
2.257036894151118859e-08
2.220129828381001296e-08
2.182150782235473842e-08
2.142202620022418573e-08
2.103241558687009874e-08
2.062454943452329245e-08
2.020879160276675925e-08
1.978611126809433686e-08
1.935766938186670959e-08
1.892247985760115842e-08
1.848341564248624050e-08
1.804025428845190823e-08
1.759424435440831636e-08
1.714623868591153438e-08
1.669746021583955087e-08
1.624765677860140410e-08
1.579871967123128997e-08
1.535127905114096006e-08
1.490603588954615210e-08
1.446374001305306841e-08
1.402543984730562486e-08
1.359176547653242271e-08
1.316337056432785345e-08
1.274113212387022936e-08
1.232521988123586620e-08
1.191644402161920726e-08
1.151529394602570597e-08
1.112204740232776448e-08
1.073709000407851760e-08
1.036063120689673664e-08
9.993023314426999038e-09
9.634298917489359045e-09
9.284567418642149118e-09
8.943981805626603004e-09
8.612238863625102819e-09
8.289702733146556158e-09
7.975847553010962206e-09
7.671125999805632539e-09
7.374261067104525961e-09
7.086084171607460667e-09
6.806013386567120384e-09
6.533915446713797037e-09
6.269573735785581786e-09
6.012678904102719910e-09
5.763171680322585241e-09
5.521018282950723455e-09
5.285817829978588744e-09
5.057722721245482026e-09
4.836645501715222749e-09
4.622576535646298906e-09
4.415576595949795660e-09
4.215683738221649961e-09
4.023028011836988166e-09
3.837676559182388530e-09
3.659717773999844307e-09
3.489202804796342231e-09
3.326238633121948564e-09
3.170717508035146873e-09
3.022632666527648028e-09
2.881766986155308042e-09
2.747954183020089993e-09
2.620875363582528498e-09
2.500156454959838939e-09
2.385448813263742996e-09
2.276215441203184016e-09
2.172169759542110163e-09
2.072867419109393435e-09
1.978026079959598384e-09
1.887356105741946996e-09
1.800745111256618814e-09
1.717943100795303471e-09
1.639011464803481243e-09
1.563870535680753621e-09
1.492513786526124299e-09
1.424724491743031639e-09
1.360521764578042220e-09
1.299801605725927309e-09
1.242171415779741245e-09
1.187457570908677014e-09
1.135473291619866742e-09
1.085969188089944255e-09
1.038865841644946906e-09
9.939572580223990739e-10
9.510148286761206071e-10
9.104031734267508219e-10
8.716189874707602229e-10
8.347580265194221260e-10
7.996684201007167702e-10
7.662613584897046430e-10
7.344131413582951669e-10
7.039004572119945706e-10
6.749666637612305776e-10
6.472042112954500765e-10
6.205538041575933556e-10
5.953265909316714732e-10
5.710925006719682464e-10
5.478864761478565852e-10
5.256679359301468235e-10
5.043625980822949754e-10
4.839264521281309975e-10
4.643205284459495602e-10
4.454690219828572295e-10
4.272277104392378334e-10
4.098334023343574745e-10
3.931563683605001353e-10
3.770811561916057131e-10
3.615928673783469024e-10
3.467201516713918547e-10
3.323532991668945640e-10
3.185506305548700307e-10
3.052059608957176633e-10
2.923801674703397322e-10
2.799732186494040927e-10
2.680266415781176905e-10
2.565021475811735035e-10
2.453850698120827396e-10
2.346614695752036996e-10
2.243139952053347766e-10
2.143371440090118346e-10
2.047101557068010977e-10
1.954301874939132164e-10
1.864798218201733640e-10
1.778548753350921214e-10
1.695411030105941031e-10
1.615331435911465847e-10
1.538107972649464393e-10
1.463869481400930603e-10
1.392439522419993483e-10
1.323729103899359817e-10
1.257688571452679874e-10
1.194218399719779792e-10
1.133296174485694380e-10
1.074801728602654419e-10
1.018715061715923461e-10
9.649493832367492233e-11
9.134413296115207582e-11
8.641420310283032938e-11
8.169716420219810083e-11
7.718867278394825336e-11
7.288115742443889664e-11
6.877084435281329610e-11
6.484930624606025458e-11
6.111303387641859897e-11
5.755410769399444307e-11
5.416755719056221562e-11
5.094775732033366037e-11
4.788845983296459334e-11
4.498465813586346882e-11
4.222981118177235148e-11
3.961920318243160152e-11
3.714665239930004568e-11
3.480933378043608359e-11
3.259589659277566195e-11
3.050865833555228493e-11
2.853485863299342417e-11
2.667659417682956632e-11
2.492196291879065669e-11
2.327101398923652362e-11
2.171790187319854770e-11
2.025744615727953238e-11
1.888589244997849756e-11
1.759702398369096167e-11
1.638941532319495173e-11
1.525565585086483881e-11
1.419520681676913915e-11
1.320085128046746328e-11
1.227205533958147829e-11
1.140223264736065437e-11
1.059009008112986576e-11
9.838803226464641096e-12
9.130680625531487356e-12
8.470671085362338423e-12
7.854834313165558113e-12
7.281830317878287207e-12
6.747547930794516387e-12
6.251072248343866906e-12
5.788560566109350143e-12
5.359207868885203563e-12
4.959602107821642553e-12
4.588675083303036815e-12
4.244404204705591368e-12
3.924749195843410309e-12
3.628447421769412676e-12
3.353428589312549190e-12
3.098788100942368825e-12
2.862529207755115373e-12
2.643992996214701197e-12
2.441314916550662902e-12
2.254010055617234132e-12
2.080378028473284275e-12
1.919888493654360019e-12
1.771480967986936179e-12
1.634232503920667299e-12
1.507441421734044869e-12
1.390167490965254351e-12
1.281932813780451939e-12
1.181824191296752853e-12
1.089536462235105504e-12
1.004172377318725500e-12
9.254790154493680563e-13
8.527719496819498877e-13
7.857212519331900801e-13
7.238672119176939604e-13
6.668045292142880518e-13
6.141858543920364886e-13
5.656593792369235832e-13
5.209292703931575975e-13
4.796814643168273612e-13
4.416953945488315443e-13
4.066301647765680550e-13
3.743450931700363392e-13
3.445867516789674662e-13
3.171947814990891724e-13
2.919255993578584219e-13
2.686926010126067739e-13
2.472795391980045627e-13
2.275521081950670244e-13
2.093901142377575994e-13
1.927013368759948847e-13
1.772663646187491567e-13
1.630928652115439672e-13
1.500424809423528332e-13
1.380315141752917958e-13
1.269726570531440402e-13
1.167962198792078926e-13
1.074294298122210060e-13
9.880982819345204747e-14
9.087885329350231184e-14
8.358026159780239675e-14
7.686214683694512528e-14
7.068071267580182051e-14
6.499504897258398085e-14
5.976308695644795690e-14
5.495009814487719880e-14
5.052095832054209253e-14
4.644717022193576537e-14
4.269842843206158166e-14
3.925124986345741542e-14
3.607870618060170404e-14
3.316063920293463133e-14
3.047585332948034280e-14
2.800667200533451569e-14
2.573559971148990383e-14
2.364606848648347419e-14
2.172326881361249177e-14
1.995478559005800433e-14
1.832934154833440488e-14
1.683242948738410781e-14
1.545530068874290280e-14
1.418850045674613733e-14
1.302431363763591694e-14
1.195201860468660209e-14
1.096508053237531875e-14
1.005840372472016701e-14
9.222969245732946641e-15
8.454155438551328863e-15
7.750545132432846814e-15
7.099117200716187670e-15
6.499878258931434794e-15
5.948188024642044588e-15
5.440507695201640093e-15
4.972988528701621570e-15
4.544259962788591958e-15
4.148254844717878317e-15
3.783674594402355990e-15
3.451224425232936517e-15
