# bin_1_1
1.021562194905928030e-08
1.024754167915304480e-08
1.028046884233507624e-08
1.032645115228541566e-08
1.036071802704244207e-08
1.038559275256901077e-08
1.042278119916057694e-08
1.046102675916523192e-08
1.050051244589594186e-08
1.054119511515217787e-08
1.058310403523387029e-08
1.062625521382805832e-08
1.067077037735047762e-08
1.071898773099208448e-08
1.076351981441613391e-08
1.081189199261957838e-08
1.086163046611952377e-08
1.091230249289794060e-08
1.096492449689456711e-08
1.101937752341993044e-08
1.107488646978267876e-08
1.113187329285298348e-08
1.119027906017111213e-08
1.125028522635831345e-08
1.131185171130264852e-08
1.137493093247695257e-08
1.143965138357906021e-08
1.150594418545173202e-08
1.157384468711838753e-08
1.164338629788705099e-08
1.171456381037898845e-08
1.178769840584148088e-08
1.186185312725374013e-08
1.193789317376427922e-08
1.201564469996615253e-08
1.209501393410733133e-08
1.217604894542947725e-08
1.225874400009873914e-08
1.234305366332451298e-08
1.242896138679639674e-08
1.251583762858181048e-08
1.260557394574729526e-08
1.269630908835315397e-08
1.278829631094113144e-08
1.288360953994249477e-08
1.297704945781948992e-08
1.307346188881038772e-08
1.317132484649354939e-08
1.327051910109014042e-08
1.337225858352895989e-08
1.347242640115114762e-08
1.357535358255217943e-08
1.367917778349269605e-08
1.378386009179563849e-08
1.388956568613314537e-08
1.399617489990389441e-08
1.410310878191064748e-08
1.421088480192593984e-08
1.432422981347728040e-08
1.442804428397270011e-08
1.453615100715365357e-08
1.464614446171876350e-08
1.475525423436021782e-08
1.486424124549099209e-08
1.497291838054251990e-08
1.508117087008180143e-08
1.518886600168941534e-08
1.529569049757331254e-08
1.540163923822656582e-08
1.550646086149501350e-08
1.560283246962789200e-08
1.571196788741875828e-08
1.581096967301078112e-08
1.591067759386706701e-08
1.598767038044722192e-08
1.610088740169666346e-08
1.619210255320771288e-08
1.628073978550726142e-08
1.636613863131219114e-08
1.644871510351849290e-08
1.652735901078370051e-08
1.660250258222083479e-08
1.667366741951742992e-08
1.674020151876965724e-08
1.680296715732416181e-08
1.684717908538369981e-08
1.691193552602194777e-08
1.696088453051499725e-08
1.700295696348823417e-08
1.702465844723138983e-08
1.706947234771555185e-08
1.709508081079937345e-08
1.711149226666204374e-08
1.712254532956725618e-08
1.712667990260841543e-08
1.712373246561509201e-08
1.711356783223261603e-08
1.709555655836916176e-08
1.706989066062836995e-08
1.703639371985356149e-08
1.699494784829093408e-08
1.694490744702946370e-08
1.688716559890342730e-08
1.682011753167366925e-08
1.674485190607903585e-08
1.666071013119184402e-08
1.656767604731479305e-08
1.646591363825540489e-08
1.635231607267932249e-08
1.623576074158922713e-08
1.610726821751142948e-08
1.595085743439771275e-08
1.582368052337901164e-08
1.566861016619709986e-08
1.548622020050832024e-08
1.533297347974712679e-08
1.515246198000081161e-08
1.496408363149920750e-08
1.476712020470578526e-08
1.456271981959345972e-08
1.435081838453380764e-08
1.413193358751221718e-08
1.390620753596908922e-08
1.367381406427871067e-08
1.343532596504366385e-08
1.317255483648326605e-08
1.294166132189004674e-08
1.268722515360930783e-08
1.242859551098416949e-08
1.216558163046475112e-08
1.189934332578189434e-08
1.163009643474536913e-08
1.135813547799785271e-08
1.108461855177576288e-08
1.080966089412047295e-08
1.053382495239796666e-08
1.025737783064929340e-08
9.982001706868979137e-09
9.705779195877497379e-09
9.431378116020901901e-09
9.158615882865452705e-09
8.888198001036249022e-09
8.620265342964767490e-09
8.355319583580142579e-09
8.093754448030502675e-09
7.835930777519412325e-09
7.582108314908608155e-09
7.332605428756595012e-09
7.088256749627520863e-09
6.848036747304320602e-09
6.613092366129639669e-09
6.383371703461488829e-09
6.158852625663738507e-09
5.939574455860490026e-09
5.725767844423581655e-09
5.517353169602344124e-09
5.314302400399117211e-09
5.116601971339060427e-09
4.924156256505596150e-09
4.736865076678429785e-09
4.554747891547449085e-09
4.377601617382311305e-09
4.205364186634701596e-09
4.037890628514063207e-09
3.875220718473868816e-09
3.717134520333332113e-09
3.563613927267865650e-09
3.414583468353459313e-09
3.270059807106479161e-09
3.130047684991512184e-09
2.994397200339697286e-09
2.863543174110698534e-09
2.736697038581064218e-09
2.614645330684670982e-09
2.497146766823565329e-09
2.384238389067800219e-09
2.275918132931412574e-09
2.172176616727479603e-09
2.072980458095390989e-09
1.978358763750896849e-09
1.887939077527688705e-09
1.801867581400484272e-09
1.719909602450565563e-09
1.641870577505900668e-09
1.567568093153093140e-09
1.496771467588990535e-09
1.429314076208495113e-09
1.364928566417235714e-09
1.303641015395189189e-09
1.244969281704102068e-09
1.189063941123776356e-09
1.135681714316396269e-09
1.084792001181543082e-09
1.036269244829156213e-09
9.900777561064880573e-10
9.461234278677868889e-10
9.043111276208811353e-10
8.645735445825344730e-10
8.268502723635035331e-10
7.909105099623082837e-10
7.567893990350367860e-10
7.243720689047025127e-10
6.935323972114048133e-10
6.642011123456922327e-10
6.362805730323964125e-10
6.097131713924310865e-10
5.843313975039920339e-10
5.601773294456382566e-10
5.369727462307043209e-10
5.150215382344258726e-10
4.939767988486749101e-10
4.738759660642022247e-10
4.546936847593310610e-10
4.363733292792920702e-10
4.188763127562775815e-10
4.023525471765589250e-10
3.861312007928354111e-10
3.707809266472784093e-10
3.560490943633475963e-10
3.419096970901295330e-10
3.283264154505780981e-10
3.152881442135957336e-10
3.027608803127275607e-10
2.907288753920188744e-10
2.791554886200926650e-10
2.680154642627321444e-10
2.572838736423064392e-10
2.468741455586957814e-10
2.369123665405910114e-10
2.273715691628373085e-10
2.180866122741390826e-10
2.091545320150353018e-10
2.005091233336161116e-10
1.921832948259621793e-10
1.841245689298440471e-10
1.763614439902592557e-10
1.688589908119550585e-10
1.616063600467061495e-10
1.546084608589058447e-10
1.478435237244081792e-10
1.413170995790602095e-10
1.350107991432285817e-10
1.289264320124031043e-10
1.230533061722373176e-10
1.173857563655525424e-10
1.119223906676086929e-10
1.066507310029577168e-10
1.015751795966300104e-10
9.667998487656165335e-11
9.197258487572152147e-11
8.743611165682831785e-11
8.307826206613293872e-11
7.888421337553425841e-11
7.485782355439850002e-11
7.099109291347018334e-11
6.727984594017227604e-11
6.372440129353153012e-11
6.031357284980895589e-11
5.705303134662689283e-11
5.392748510136231524e-11
5.094565166828334561e-11
4.809109412656382652e-11
4.537152476491008285e-11
4.277373588775300893e-11
4.030016119675866863e-11
3.794478539137232859e-11
3.570226991740599190e-11
3.357350951513916307e-11
3.156061094618603589e-11
2.964191243723659453e-11
2.781810007729792392e-11
2.609129651695747328e-11
2.445902046260002260e-11
2.291235919233357363e-11
2.145404627313553946e-11
2.007344762806869517e-11
1.877453923974854878e-11
1.754633649341510124e-11
1.639277164514709611e-11
1.530346198063282596e-11
1.428230065119816123e-11
1.331955445072531812e-11
1.241625366859415888e-11
1.156953335677484892e-11
1.077420802053653550e-11
1.003047412926644385e-11
9.332230492438409205e-12
8.680499449266845049e-12
8.069179888917622467e-12
7.499409730157123054e-12
6.965479182818667711e-12
6.468600137144832355e-12
6.003546492353328150e-12
5.570323727708567542e-12
5.166972137274482380e-12
4.790642565544015907e-12
4.441009209914268369e-12
4.102237657670681649e-12
3.800703723475249132e-12
3.519045822915847813e-12
3.258687308699231288e-12
3.015368036295271197e-12
2.790437959643401637e-12
2.581123034085518741e-12
2.387294267202705208e-12
2.207387976071700119e-12
2.040473891516407282e-12
1.885964540758509969e-12
1.742555415405621723e-12
1.610225251609791195e-12
1.486936125381276653e-12
1.373577986608832988e-12
1.267902789587712053e-12
1.170666098473477427e-12
1.080426053980737443e-12
9.971797764579856693e-13
9.201431927331565069e-13
8.489173431990785906e-13
7.831833713638932872e-13
7.222987655116359232e-13
6.662367535800632765e-13
6.142597196726683645e-13
5.665551581138366292e-13
5.221553776514048955e-13
4.814138264709206484e-13
4.436718800821073002e-13
4.089547708061594776e-13
3.769011942238908056e-13
3.472732679971494842e-13
3.200498318589053375e-13
2.948291294737407265e-13
2.716828634406167367e-13
2.501513277644459445e-13
2.304881296007468999e-13
2.122457171327237513e-13
1.955355491543208631e-13
1.800408741495551180e-13
1.658297289162551607e-13
1.526855137848547767e-13
1.405785180601386352e-13
1.294557141100608005e-13
1.191676097242530519e-13
1.097306661475581077e-13
1.009954108686398017e-13
9.299047854804453430e-14
8.558206210687836632e-14
7.878590313694998644e-14
7.251029860410581429e-14
6.673843818118985641e-14
6.142552681631934287e-14
5.652241181834801781e-14
5.202591474225090464e-14
4.786525910913579228e-14
4.405266131213383836e-14
4.052515273513193671e-14
3.729376853966203110e-14
3.430503072196702102e-14
3.156385448295682137e-14
2.903423245094487590e-14
2.670805579378271932e-14
2.463068336104530529e-14
2.259517475087581136e-14
2.078432616793976327e-14
1.910931148317286268e-14
1.757433575704811079e-14
1.615567175010940452e-14
1.485511518492726146e-14
1.365504780646355755e-14
1.255254825579692655e-14
1.153499176799150470e-14
1.059800816566677674e-14
9.737895391828099922e-15
8.941998789683489258e-15
8.213531071837797197e-15
7.541741344473542541e-15
6.923580568746134266e-15
6.352064270590326840e-15
5.827339501539444539e-15
5.343504080030376085e-15
4.898151270667805361e-15
4.491071299932892774e-15
4.113153385618861747e-15
3.764809513887548176e-15
3.444155354372348725e-15
3.148700630829377543e-15
2.876510932233339480e-15
2.629153700172469705e-15
2.397894501492512979e-15
2.184959878838193201e-15
1.988808083560963503e-15
1.811947317505368079e-15
1.645238020475851793e-15
1.491797598827338682e-15
1.350421741237912524e-15
1.220376076502881234e-15
1.104842505314440514e-15
9.943048850867876299e-16
8.927105892855759675e-16
7.992255774382339462e-16
7.204643082392521939e-16
