# ell
1.000000000000000056e-01
1.037031754956519169e-01
1.075434860788198332e-01
1.115260101024605349e-01
1.156560139798531589e-01
1.199389591488028428e-01
1.243805092937413093e-01
1.289865378352741954e-01
1.337631356970798990e-01
1.387166193604298103e-01
1.438535392169820182e-01
1.491806882308933380e-01
1.547051109217046916e-01
1.604341126798783934e-01
1.663752694273062382e-01
1.725364376355631446e-01
1.789257647151541453e-01
1.855516997894935405e-01
1.924230048678636784e-01
1.995487664321275723e-01
2.069384074525178474e-01
2.146016998483918081e-01
2.225487774104299432e-01
2.307901492013659794e-01
2.393367134529694740e-01
2.481997719776584954e-01
2.573910451137991773e-01
2.669226872244558346e-01
2.768073027700875266e-01
2.870579629764444252e-01
2.976882231197057194e-01
3.087121404517163548e-01
3.201442927890268964e-01
3.319997977903182407e-01
3.442943329477033410e-01
3.570441563183409106e-01
3.702661280237789510e-01
3.839777325454547530e-01
3.981971018458380085e-01
4.129430393457891868e-01
4.282350447898428114e-01
4.440933400322943370e-01
4.605388957781925141e-01
4.775934593145965135e-01
4.952795832687710842e-01
5.136206554313471617e-01
5.326409296838877649e-01
5.523655580717540259e-01
5.728206240646882552e-01
5.940331770490923091e-01
6.160312680976168798e-01
6.388439870633618733e-01
6.625015010477379729e-01
6.870350942928641347e-01
7.124772095512466041e-01
7.388614909874531289e-01
7.662228286685088818e-01
7.945974047018523612e-01
8.240227410818574683e-01
8.545377493082002562e-01
8.861827818416769809e-01
9.189996854655247960e-01
9.530318566228023203e-01
9.883242988030147558e-01
1.024923682053861640e+00
1.062878404696814050e+00
1.102238657328122207e+00
1.143056489189900216e+00
1.185385876999039967e+00
1.229282796324987492e+00
1.274805295610758726e+00
1.322013572935089698e+00
1.370970055617214856e+00
1.421739482769557306e+00
1.474388990907487651e+00
1.528988202729363755e+00
1.585609319184246635e+00
1.644327214949051319e+00
1.705219537441379885e+00
1.768366809498978620e+00
1.833852535861586919e+00
1.901763313596004146e+00
1.972188946610389904e+00
2.045222564409221899e+00
2.120960745245968671e+00
2.199503643836313138e+00
2.280955123800831430e+00
2.365422895012241344e+00
2.453018656028875366e+00
2.543858241802706477e+00
2.638061776857266505e+00
2.735753834138005214e+00
2.837063599745162534e+00
2.942125043766985026e+00
3.051077097439203190e+00
3.164063836865020463e+00
3.281234673538588886e+00
3.402744551923905014e+00
3.528754154350382866e+00
3.659430113496086268e+00
3.794945232739579843e+00
3.935478714671803768e+00
4.081216398070128371e+00
4.232351003647989884e+00
4.389082388905059418e+00
4.551617812414966657e+00
4.720172207900047212e+00
4.894968468455575206e+00
5.076237741299308937e+00
5.264219733436140913e+00
5.459163028642022297e+00
5.661325416186384629e+00
5.870974231727711157e+00
6.088386710833092685e+00
6.313850355589193164e+00
6.547663314789502031e+00
6.790134778200578758e+00
7.041585385428644095e+00
7.302347649927246387e+00
7.572766398706663793e+00
7.853199228326533721e+00
8.144016977774649391e+00
8.445604218857335255e+00
8.758359764749801712e+00
9.082697197379056675e+00
9.419045414336663313e+00
9.767849196044707583e+00
1.012956979392486545e+01
1.050468554034845248e+01
1.089369248117393063e+01
1.129710503170844227e+01
1.171545665696073257e+01
1.214930057708501465e+01
1.259921049894872880e+01
1.306578137479140445e+01
1.354963018897813676e+01
1.405139677388783248e+01
1.457174465601527658e+01
1.511136193340580647e+01
1.567096218558296705e+01
1.625128541717234043e+01
1.685309903646952634e+01
1.747719887024602059e+01
1.812441021613532754e+01
1.879558893399068964e+01
1.949162257765770434e+01
2.021343156865848556e+01
2.096197041333940092e+01
2.173822896509199865e+01
2.254323373331599711e+01
2.337804924085569880e+01
2.424377943170451388e+01
2.514156913083930434e+01
2.607260555811494029e+01
2.703811989822104067e+01
2.803938892877692624e+01
2.907773670871793925e+01
3.015453632920537075e+01
3.127121172937597038e+01
3.242923957933165724e+01
3.363015123285973118e+01
3.487553475246568269e+01
3.616703700939653743e+01
3.750636586143188111e+01
3.889529241132198933e+01
4.033565334886024090e+01
4.182935337968634570e+01
4.337836774403255191e+01
4.498474482874335223e+01
4.665060887602293604e+01
4.837816279249219775e+01
5.016969106227038111e+01
5.202756276793265755e+01
5.395423472333968107e+01
5.595225472248093013e+01
5.802426490862860220e+01
6.017300526825710705e+01
6.240131725434849841e+01
6.471214754387555956e+01
6.710855193443049416e+01
6.959369938515318665e+01
7.217087620730185904e+01
7.484349041000797342e+01
7.761507620696200149e+01
8.048929868998979487e+01
8.346995867569951599e+01
8.656099773160883615e+01
8.976650338839760934e+01
9.309071454518031885e+01
9.653802707494475044e+01
1.001129996375699420e+02
1.038203597081105585e+02
1.076650098283189010e+02
1.116520340896724690e+02
1.157867048564781811e+02
1.200744897379461236e+02
1.245210588184508680e+02
1.291322921555420749e+02
1.339142875556198078e+02
1.388733686375564105e+02
1.440160931949286294e+02
1.493492618679185000e+02
1.548799271363483285e+02
1.606154026457451778e+02
1.665632728787651047e+02
1.727314031847674300e+02
1.791279501808015198e+02
1.857613725377605931e+02
1.926404421659654531e+02
1.997742558149710419e+02
2.071722471029320900e+02
2.148441989914393844e+02
2.228002567223200856e+02
2.310509412335106560e+02
2.396071630717432299e+02
2.484802368204425704e+02
2.576818960619150971e+02
2.672243088936112940e+02
2.771200940189847870e+02
2.873823374342234729e+02
2.980246097329194299e+02
3.090609840515612063e+02
3.205060546795794494e+02
3.323749563585540727e+02
3.446833842961079313e+02
3.574476149209452274e+02
3.706845274064900195e+02
3.844116259915803653e+02
3.986470631277377947e+02
4.134096634836203634e+02
4.287189488384025253e+02
4.445951638970028625e+02
4.610593030612902794e+02
4.781331381926796098e+02
4.958392474028225934e+02
5.142010449104690224e+02
5.332428120039796795e+02
5.529897291504364603e+02
5.734679092938069971e+02
5.947044323862027113e+02
6.167273811978845970e+02
6.395658784533806056e+02
6.632501253428173413e+02
6.878114414593934498e+02
7.132823062158081484e+02
7.396964017944122816e+02
7.670886576878821188e+02
7.954952968893052230e+02
8.249538837927736949e+02
8.555033738678166628e+02
8.871841651733653862e+02
9.200381517793697412e+02
9.541087791667124520e+02
9.894411016786771143e+02
1.026081842099950563e+03
1.064079453441931037e+03
1.103484183016058751e+03
1.144348138879903445e+03
1.186725358743854258e+03
1.230671881429543191e+03
1.276245820974522076e+03
1.323507443481131304e+03
1.372519246811255471e+03
1.423346043232275179e+03
1.476055045123582659e+03
1.530715953856935130e+03
1.587401051968198544e+03
1.646185298742407895e+03
1.707146429338459711e+03
1.770365057584620672e+03
1.835924782580676947e+03
1.903912299247807823e+03
1.974417512972254144e+03
2.047533658494501196e+03
2.123357423201097390e+03
2.201989074982184775e+03
2.283532594823860563e+03
2.368095814310600417e+03
2.455790558219712693e+03
2.546732792396236619e+03
2.641042777103984008e+03
2.738845226055387229e+03
2.840269471330500437e+03
2.945449634403297750e+03
3.054524803501287352e+03
3.167639217533161172e+03
3.284942456827507158e+03
3.406589640935006628e+03
3.532741633755533257e+03
3.663565256261458671e+03
3.799233507098555492e+03
3.939925791356023183e+03
4.085828157808394735e+03
4.237133544942797926e+03
4.394042036097163873e+03
4.556761124046564873e+03
4.725505985387646433e+03
4.900499765084093269e+03
5.081973871549163960e+03
5.270168282655811709e+03
5.465331863078738024e+03
5.667722693388333028e+03
5.877608411331389107e+03
6.095266565750183872e+03
6.320984983607717368e+03
6.555062150604510862e+03
6.797807605890459854e+03
7.049542351393352874e+03
7.310599276305764761e+03
7.581323597291220722e+03
7.862073314992179803e+03
8.153219687443169278e+03
8.455147721015226125e+03
8.768256679541045742e+03
9.092960612293665690e+03
9.429688901517418344e+03
9.778886830234612717e+03
1.014101617107938546e+04
1.051655579693690925e+04
1.090600231419562988e+04
1.130987071945016942e+04
1.172869508052274978e+04
1.216302924270441690e+04
1.261344756114921438e+04
1.308054566039058773e+04
1.356494122198374862e+04
1.406727480131582706e+04
1.458821067466419117e+04
1.512843771762242068e+04
1.568867031605639750e+04
1.626964931079420239e+04
1.687214297730005637e+04
1.749694804162677610e+04
1.814489073399123299e+04
1.881682788136523595e+04
1.951364804052693944e+04
2.023627267307151851e+04
2.098565736393399493e+04
2.176279308503669745e+04
2.256870750573119221e+04
2.340446635176876589e+04
2.427117481459559713e+04
2.516997901283652391e+04
2.610206750790065053e+04
2.706867287571172710e+04
2.807107333664329781e+04
2.911059444581233038e+04
3.018861084596824003e+04
3.130654808529389265e+04
3.246588450252296025e+04
3.366815318186708464e+04
3.491494398033651669e+04
3.620790563013697829e+04
3.754874791892095527e+04
3.893924395077851659e+04
4.038123249095592473e+04
4.187662039740320324e+04
4.342738514236706396e+04
4.503557742736155342e+04
4.670332389497700933e+04
4.843282994111071457e+04
5.022638263134075532e+04
5.208635372529689630e+04
5.401520281303063530e+04
5.601548056752954290e+04
5.808983211767792091e+04
6.024100054612518579e+04
6.247183051668478583e+04
6.478527203606393596e+04
6.718438435489483527e+04
6.967234001322985569e+04
7.225242903584716260e+04
7.492806328291590034e+04
7.770278096177549742e+04
8.058025130579200049e+04
8.356427942648292810e+04
8.665881134532247961e+04
8.986793921188561944e+04
9.319590671522765479e+04
9.664711469565650623e+04
1.002261269643207925e+05
1.039376763383044308e+05
1.077866708992146596e+05
1.117782004835332773e+05
1.159175434133200615e+05
1.202101734761639673e+05
1.246617671636138402e+05
1.292782111776636157e+05
1.340656102152118983e+05
1.390302950407980243e+05
1.441788308582812897e+05
1.495180259925427963e+05
1.550549408926809847e+05
1.607968974686161964e+05
1.667514887734427466e+05
1.729265890443355311e+05
1.793303641152922937e+05
1.859712822154730093e+05
1.928581251674263331e+05
2.000000000000000291e+05
