# bin_1_1
4.991329356533318355e-05
5.308470948517669927e-05
5.631690731720886018e-05
5.963582933839227992e-05
6.298864945016270308e-05
6.632615198630672040e-05
6.960819062894143974e-05
7.278150809924192703e-05
7.578679349505550590e-05
7.855624476715867427e-05
8.101427274357202450e-05
8.307794927243769198e-05
8.466155797998469389e-05
8.566207073935638318e-05
8.607253000664176327e-05
8.584022678865680159e-05
8.471024973913272849e-05
8.265081424063242769e-05
7.964102113258396940e-05
7.587976225908656276e-05
7.153515497997205098e-05
6.665178920595085795e-05
6.141232827299346537e-05
5.617583979372933848e-05
5.126000114340545952e-05
4.687320714678589991e-05
4.318787318714690149e-05
4.020630876397211393e-05
3.768066929950401471e-05
3.521729135816568061e-05
3.240585724340962518e-05
2.903132395975046480e-05
2.517084994784384776e-05
2.135769939822221425e-05
1.830611354422689467e-05
1.632129772844135936e-05
1.489622524003419373e-05
1.328531896327290211e-05
1.128427728719923315e-05
9.471423725333545532e-06
8.304434900914640181e-06
7.360846977608714668e-06
6.287276255164489434e-06
5.366972303192262541e-06
4.701669795227402973e-06
4.048747744797195497e-06
3.504307469055853294e-06
3.050242137707819586e-06
2.648498021265341171e-06
2.314598170386580509e-06
2.026583080602357986e-06
1.780913558345450549e-06
1.570825340620788410e-06
1.389727785691247815e-06
1.233264432601279735e-06
1.098021737915692468e-06
9.803217799425749558e-07
8.771418425722541783e-07
7.860688694457581003e-07
7.051730624545244944e-07
6.328971701021867039e-07
5.679793044045221809e-07
5.093950752097679976e-07
4.563089006962200755e-07
4.080413536715162633e-07
3.640525792891586441e-07
3.239254660249378479e-07
2.873232726174286448e-07
2.539625298048050671e-07
2.236093548189941593e-07
1.960678434077522826e-07
1.711597344716148358e-07
1.487206832398896704e-07
1.286011643018153230e-07
1.106556975125712225e-07
9.473613954170354661e-08
8.069755442639468743e-08
6.839937734529134674e-08
5.769718738993401987e-08
4.844351866942392774e-08
4.049357275134375536e-08
3.370730095409257318e-08
2.794941767283657665e-08
2.309156073257147061e-08
1.901451511187711367e-08
1.560947630885934157e-08
1.277853421346879685e-08
1.043454555716797531e-08
8.500927878771152057e-09
6.911284059447117476e-09
5.608480295091538106e-09
4.543686602051537997e-09
3.675548884955678097e-09
2.969333740308487740e-09
2.395986455516695208e-09
1.931313216153654711e-09
1.555302761703806036e-09
1.251466842536919106e-09
1.006255454348450011e-09
8.085713713036074179e-10
