# fisher_sv_angle
8.228979190093385241e-04
1.035983595975225203e-03
1.304293336351882967e-03
1.642106226463284921e-03
2.067342627702406770e-03
2.602875875900219696e-03
3.276446805483636086e-03
4.124825587535134626e-03
5.193237001433826869e-03
6.537183070778859566e-03
8.230405213744010004e-03
1.036069623507128792e-02
1.304289520509450441e-02
1.641984804305740564e-02
2.067029609268604406e-02
2.602150617890761422e-02
3.275853391705361994e-02
4.123740568117271327e-02
5.191266334409259248e-02
6.534622599404178722e-02
8.229450253353122469e-04
1.036058114928214155e-03
1.304359034279932569e-03
1.642163518568588764e-03
2.067391434168149369e-03
2.602915904168493898e-03
3.276457940596996972e-03
4.124892594797553887e-03
5.193245585573953021e-03
6.537279243423922519e-03
8.230405724252815372e-03
1.036078944283828386e-02
1.304300389774259994e-02
1.641994540203184708e-02
2.067031732255108709e-02
2.602158006189462386e-02
3.275870846335967451e-02
4.123759955729112275e-02
5.191258207429041288e-02
6.534636983506118824e-02
8.230043328770232647e-04
1.036129482645605339e-03
1.304449645791125496e-03
1.642250424350172018e-03
2.067457335505596804e-03
2.603020796443592227e-03
3.276556913826465800e-03
4.125006951359049337e-03
5.193359089018510268e-03
6.537418881923208643e-03
8.230596183336529731e-03
1.036097827123178688e-02
1.304318260683345714e-02
1.642010299278419752e-02
2.067064378493323196e-02
2.602164768447286572e-02
3.275912816384846105e-02
4.123802550489506780e-02
5.191279441831941899e-02
6.534667863616575034e-02
8.230051647154892121e-04
1.036134758426868370e-03
1.304439252902299916e-03
1.642261687943037283e-03
2.067486597431127462e-03
2.603082628673879066e-03
3.276577891869587866e-03
4.124949668431268819e-03
5.193485223381776039e-03
6.537318281872344337e-03
8.230789275540306357e-03
1.036101275204375470e-02
1.304322664695918219e-02
1.642010791763792721e-02
2.067067653612391503e-02
2.602171452694711576e-02
3.275957816441660980e-02
4.123810392166570027e-02
5.191325991770220916e-02
6.534731707586080574e-02
8.229231116124516299e-04
1.036020312079818061e-03
1.304328305245177006e-03
1.642143984311275054e-03
2.067349863892754217e-03
2.602897426036089937e-03
3.276409702110844382e-03
4.124878684145260634e-03
5.193160762135974606e-03
6.537257865642224011e-03
8.230317145564417305e-03
1.036069988467110993e-02
1.304291411172269106e-02
1.641976598302831783e-02
2.067004073411587289e-02
2.602127810111355688e-02
3.275846337869924019e-02
4.123744190693577616e-02
5.191194115360982936e-02
6.534601029985327714e-02
8.229822265279909069e-04
1.036097070118613319e-03
1.304394283854167988e-03
1.642207772700770034e-03
2.067413862972578530e-03
2.602979354060107244e-03
3.276477056839228064e-03
4.124945610308046809e-03
5.193250359922122437e-03
6.537363412217988071e-03
8.230476769247194180e-03
1.036082964050530526e-02
1.304306753177808358e-02
1.641986151982084696e-02
2.067027942996949724e-02
2.602120472226491024e-02
3.275881412791969982e-02
4.123759553198009381e-02
5.191215691208463101e-02
6.534609752733686050e-02
8.230078276748664179e-04
1.036110893862236208e-03
1.304418260983810198e-03
1.642235698518580787e-03
2.067444599902040249e-03
2.603048911085665846e-03
3.276517926458012795e-03
4.124985174740527887e-03
5.193389992720000466e-03
6.537331834848496281e-03
8.230665376245682036e-03
1.036094976852157228e-02
1.304320766397283789e-02
1.641995373446640885e-02
2.067037123716794489e-02
2.602136068866841428e-02
3.275929987515803499e-02
4.123758017279178373e-02
5.191252050896460329e-02
6.534673459374866489e-02
8.229255944509413379e-04
1.036049769944737131e-03
1.304335767188045513e-03
1.642145896508547974e-03
2.067319259683946843e-03
2.602907316424262017e-03
3.276349192389253415e-03
4.124841253639589984e-03
5.193127173449052503e-03
6.537186951954783616e-03
8.230348374740724740e-03
1.036066935717533909e-02
1.304291906869047869e-02
1.641972027605497972e-02
2.067020697614534858e-02
2.602092422275045780e-02
3.275882890125915436e-02
4.123755599881809286e-02
5.191221750118960726e-02
6.534595549651475710e-02
8.229466635682525016e-04
1.036090271674295618e-03
1.304387728860009841e-03
1.642157050727446757e-03
2.067372387977616660e-03
2.603010339233565503e-03
3.276437655071433828e-03
4.124878733567167305e-03
5.193303047019827944e-03
6.537176975041913973e-03
8.230594927746665013e-03
1.036083009117840827e-02
1.304305514584542559e-02
1.641978891246589911e-02
2.067026744069199937e-02
2.602098880865942945e-02
3.275929753292617513e-02
4.123746366450112277e-02
5.191258371664524141e-02
6.534658820803920798e-02
8.228908181343678194e-04
1.035998898751580750e-03
1.304302285024385843e-03
1.642103097739525466e-03
2.067330626492675048e-03
2.603040735736556355e-03
3.276333946007395012e-03
4.124711282955361921e-03
5.193422694605128245e-03
6.536836017351266119e-03
8.230740511215538929e-03
1.036068149602755416e-02
1.304289849047319746e-02
1.641959149551076858e-02
2.067004332572618813e-02
2.602061979308481141e-02
3.275944224777377345e-02
4.123712902321521184e-02
5.191261881376205839e-02
6.534710931186664407e-02
8.228979190093385241e-04
1.035983595975225203e-03
1.304293336351882967e-03
1.642106226463284921e-03
2.067342627702406770e-03
2.602875875900219696e-03
3.276446805483636086e-03
4.124825587535134626e-03
5.193237001433826869e-03
6.537183070778859566e-03
8.230405213744010004e-03
1.036069623507128792e-02
1.304289520509450441e-02
1.641984804305740564e-02
2.067029609268604406e-02
2.602150617890761422e-02
3.275853391705361994e-02
4.123740568117271327e-02
5.191266334409259248e-02
6.534622599404178722e-02
8.229450253353122469e-04
1.036058114928214155e-03
1.304359034279932569e-03
1.642163518568588764e-03
2.067391434168149369e-03
2.602915904168493898e-03
3.276457940596996972e-03
4.124892594797553887e-03
5.193245585573953021e-03
6.537279243423922519e-03
8.230405724252815372e-03
1.036078944283828386e-02
1.304300389774259994e-02
1.641994540203184708e-02
2.067031732255108709e-02
2.602158006189462386e-02
3.275870846335967451e-02
4.123759955729112275e-02
5.191258207429041288e-02
6.534636983506118824e-02
8.230043328770232647e-04
1.036129482645605339e-03
1.304449645791125496e-03
1.642250424350172018e-03
2.067457335505596804e-03
2.603020796443592227e-03
3.276556913826465800e-03
4.125006951359049337e-03
5.193359089018510268e-03
6.537418881923208643e-03
8.230596183336529731e-03
1.036097827123178688e-02
1.304318260683345714e-02
1.642010299278419752e-02
2.067064378493323196e-02
2.602164768447286572e-02
3.275912816384846105e-02
4.123802550489506780e-02
5.191279441831941899e-02
6.534667863616575034e-02
8.230051647154892121e-04
1.036134758426868370e-03
1.304439252902299916e-03
1.642261687943037283e-03
2.067486597431127462e-03
2.603082628673879066e-03
3.276577891869587866e-03
4.124949668431268819e-03
5.193485223381776039e-03
6.537318281872344337e-03
8.230789275540306357e-03
1.036101275204375470e-02
1.304322664695918219e-02
1.642010791763792721e-02
2.067067653612391503e-02
2.602171452694711576e-02
3.275957816441660980e-02
4.123810392166570027e-02
5.191325991770220916e-02
6.534731707586080574e-02
8.229231116124516299e-04
1.036020312079818061e-03
1.304328305245177006e-03
1.642143984311275054e-03
2.067349863892754217e-03
2.602897426036089937e-03
3.276409702110844382e-03
4.124878684145260634e-03
5.193160762135974606e-03
6.537257865642224011e-03
8.230317145564417305e-03
1.036069988467110993e-02
1.304291411172269106e-02
1.641976598302831783e-02
2.067004073411587289e-02
2.602127810111355688e-02
3.275846337869924019e-02
4.123744190693577616e-02
5.191194115360982936e-02
6.534601029985327714e-02
8.229822265279909069e-04
1.036097070118613319e-03
1.304394283854167988e-03
1.642207772700770034e-03
2.067413862972578530e-03
2.602979354060107244e-03
3.276477056839228064e-03
4.124945610308046809e-03
5.193250359922122437e-03
6.537363412217988071e-03
8.230476769247194180e-03
1.036082964050530526e-02
1.304306753177808358e-02
1.641986151982084696e-02
2.067027942996949724e-02
2.602120472226491024e-02
3.275881412791969982e-02
4.123759553198009381e-02
5.191215691208463101e-02
6.534609752733686050e-02
8.230078276748664179e-04
1.036110893862236208e-03
1.304418260983810198e-03
1.642235698518580787e-03
2.067444599902040249e-03
2.603048911085665846e-03
3.276517926458012795e-03
4.124985174740527887e-03
5.193389992720000466e-03
6.537331834848496281e-03
8.230665376245682036e-03
1.036094976852157228e-02
1.304320766397283789e-02
1.641995373446640885e-02
2.067037123716794489e-02
2.602136068866841428e-02
3.275929987515803499e-02
4.123758017279178373e-02
5.191252050896460329e-02
6.534673459374866489e-02
8.229255944509413379e-04
1.036049769944737131e-03
1.304335767188045513e-03
1.642145896508547974e-03
2.067319259683946843e-03
2.602907316424262017e-03
3.276349192389253415e-03
4.124841253639589984e-03
5.193127173449052503e-03
6.537186951954783616e-03
8.230348374740724740e-03
1.036066935717533909e-02
1.304291906869047869e-02
1.641972027605497972e-02
2.067020697614534858e-02
2.602092422275045780e-02
3.275882890125915436e-02
4.123755599881809286e-02
5.191221750118960726e-02
6.534595549651475710e-02
8.229466635682525016e-04
1.036090271674295618e-03
1.304387728860009841e-03
1.642157050727446757e-03
2.067372387977616660e-03
2.603010339233565503e-03
3.276437655071433828e-03
4.124878733567167305e-03
5.193303047019827944e-03
6.537176975041913973e-03
8.230594927746665013e-03
1.036083009117840827e-02
1.304305514584542559e-02
1.641978891246589911e-02
2.067026744069199937e-02
2.602098880865942945e-02
3.275929753292617513e-02
4.123746366450112277e-02
5.191258371664524141e-02
6.534658820803920798e-02
8.228908181343678194e-04
1.035998898751580750e-03
1.304302285024385843e-03
1.642103097739525466e-03
2.067330626492675048e-03
2.603040735736556355e-03
3.276333946007395012e-03
4.124711282955361921e-03
5.193422694605128245e-03
6.536836017351266119e-03
8.230740511215538929e-03
1.036068149602755416e-02
1.304289849047319746e-02
1.641959149551076858e-02
2.067004332572618813e-02
2.602061979308481141e-02
3.275944224777377345e-02
4.123712902321521184e-02
5.191261881376205839e-02
6.534710931186664407e-02
8.226979519216395505e-04
1.035721995194259330e-03
1.304089842163205304e-03
1.641950231224031768e-03
2.067075060568661447e-03
2.602707020461263437e-03
3.276385196233705215e-03
4.124832438563314288e-03
5.193146732161338548e-03
6.537147315905625540e-03
8.230275956521293165e-03
1.036064986033497642e-02
1.304295167318623473e-02
1.641996807935661856e-02
2.067060245329670545e-02
2.602219515673464059e-02
3.275787565129092971e-02
4.123670218345712457e-02
5.191149369540462577e-02
6.534412804137659792e-02
8.227516542744624456e-04
1.035967784449937134e-03
1.304397618136988752e-03
1.642045585286403724e-03
2.067317244666419009e-03
2.602825277147141191e-03
3.276446577369102747e-03
4.124958074809610513e-03
5.193196924398144586e-03
6.537364963030294768e-03
8.230297083964598429e-03
1.036084932252510221e-02
1.304317745691952087e-02
1.642041442991769989e-02
2.067061000356196221e-02
2.602225324257205485e-02
3.275831077932674779e-02
4.123721735665576010e-02
5.191231471253829333e-02
6.534386965323482621e-02
8.231539339542086461e-04
1.036176889645267158e-03
1.304517151862826831e-03
1.642427643904322129e-03
2.067341326562358202e-03
2.603037939989620748e-03
3.276718021504526103e-03
4.125213010719215416e-03
5.193450666124386182e-03
6.537572583383854420e-03
8.230708424966214770e-03
1.036113361737436497e-02
1.304335146397701643e-02
1.642069769065938184e-02
2.067108053123832903e-02
2.602236301252463385e-02
3.275867621229309329e-02
4.123799641869219795e-02
5.191232779145393134e-02
6.534510814439890847e-02
8.230260360666339769e-04
1.036222765807915400e-03
1.304557107560311161e-03
1.642325313554399710e-03
2.067431849567904958e-03
2.603235013813020790e-03
3.276782277488090016e-03
4.125196970299813831e-03
5.193393220735541098e-03
6.537548798880383517e-03
8.230770140623053233e-03
1.036103849675559796e-02
1.304367037653023781e-02
1.642081165106022700e-02
2.067111951878131473e-02
2.602248711448107085e-02
3.275919702465054234e-02
4.123832923698169534e-02
5.191303087639913966e-02
6.534639934188841981e-02
8.227780904101232107e-04
1.035937807291388048e-03
1.304184785264533419e-03
1.641996956021031170e-03
2.067309020610987990e-03
2.602778642801830463e-03
3.276478730639069848e-03
4.124737413006814360e-03
5.192907071315169126e-03
6.537158273664446517e-03
8.230211635495124703e-03
1.036047392832475933e-02
1.304272325042785292e-02
1.641959885152087864e-02
2.067009443039204142e-02
2.602149479310679470e-02
3.275775226203968965e-02
4.123788296385505481e-02
5.191320182383628301e-02
6.534714764598745229e-02
8.227480209643808296e-04
1.035969674914952133e-03
1.304272091869706053e-03
1.642104304550345796e-03
2.067336578653018644e-03
2.602727553230169133e-03
3.276399068692376158e-03
4.124858488678686402e-03
5.192992640823226522e-03
6.537275346714567156e-03
8.230175071981758392e-03
1.036057821797257451e-02
1.304290983851672837e-02
1.641972926807854991e-02
2.067011159916680441e-02
2.602159611618938898e-02
3.275818437240123060e-02
4.123830096148426577e-02
5.191308889521591141e-02
6.534753782335926686e-02
8.230362154958744802e-04
1.036122549904019453e-03
1.304417867676772001e-03
1.642309943675952051e-03
2.067476130342537060e-03
2.603048663222732109e-03
3.276572772033493723e-03
4.125029429948996219e-03
5.193296536592651412e-03
6.537638179751194961e-03
8.230507954877534435e-03
1.036095591365133670e-02
1.304334949475111083e-02
1.642016167177175884e-02
2.067067873966027189e-02
2.602186553772092154e-02
3.275871915059246769e-02
4.123876235876153956e-02
5.191370826922510340e-02
6.534875183773503071e-02
8.230692463901116045e-04
1.036157663610190460e-03
1.304468061658908048e-03
1.642221134929887708e-03
2.067452059194917202e-03
2.603149660385451966e-03
3.276569586313098775e-03
4.125037362528623242e-03
5.193455040297645896e-03
6.537538068217988406e-03
8.230538176475264006e-03
1.036110674587795676e-02
1.304341234263212135e-02
1.642007696992505220e-02
2.067085084381437357e-02
2.602219058435015567e-02
3.275901985773261443e-02
4.123853722786866016e-02
5.191382577148077881e-02
6.534892818143933635e-02
8.229693653276325127e-04
1.036081770297682088e-03
1.304396921142660830e-03
1.642182047594793184e-03
2.067395754727803774e-03
2.602887222294413255e-03
3.276529100521305502e-03
4.124835381479321529e-03
5.193176030014470812e-03
6.537327718169477775e-03
8.230351418274963610e-03
1.036077523262931427e-02
1.304299602162437358e-02
1.642007260604923594e-02
2.067042144592720274e-02
2.602135053300473969e-02
3.275803643713028068e-02
4.123746099182026142e-02
5.191342820351223936e-02
6.534706182291213916e-02
8.228156125630334619e-04
1.036027313089957734e-03
1.304288746836990490e-03
1.642046523456145270e-03
2.067314029717576707e-03
2.602807951967606257e-03
3.276412423370036325e-03
4.124749232143798579e-03
5.192993600696136844e-03
6.537312434466662284e-03
8.230087456482399269e-03
1.036061987560751678e-02
1.304274473618725373e-02
1.641987081332095533e-02
2.067005456425030988e-02
2.602109709932910742e-02
3.275774568912973028e-02
4.123736840995741865e-02
5.191277670671816391e-02
6.534698255616616658e-02
8.229810021271607252e-04
1.036111810122278222e-03
1.304422349033610568e-03
1.642247287461180835e-03
2.067451503601347353e-03
2.602955989255961548e-03
3.276620537157264902e-03
4.124949582706513400e-03
5.193261970230461308e-03
6.537549952455753294e-03
8.230513528877388130e-03
1.036098526275897221e-02
1.304321160687524177e-02
1.642012168558046326e-02
2.067060123872208055e-02
2.602111653540292724e-02
3.275844056695502438e-02
4.123758569734064378e-02
5.191282855754136144e-02
6.534694708729421597e-02
8.230567842214713600e-04
1.036153564780073130e-03
1.304485788595783702e-03
1.642271369301851304e-03
2.067466749133812284e-03
2.603033360984519443e-03
3.276656871276188536e-03
4.124987429036879039e-03
5.193483019292730214e-03
6.537564893085015712e-03
8.230770278387708819e-03
1.036115728098469489e-02
1.304339426567528368e-02
1.642014327687410860e-02
2.067057572692442696e-02
2.602121493796790558e-02
3.275887657638211492e-02
4.123735120682876093e-02
5.191300000036112167e-02
6.534748821470239000e-02
8.230666825305292837e-04
1.036239845853048191e-03
1.304406873551107893e-03
1.642269816415511605e-03
2.067448306949373846e-03
2.602977295778775846e-03
3.276616471761838352e-03
4.125035358541576623e-03
5.193367068780205438e-03
6.537669201902363177e-03
8.230497933720569426e-03
1.036101311187246840e-02
1.304335923563728662e-02
1.642036577156350680e-02
2.067069821436404164e-02
2.602181861538755900e-02
3.275867544376644819e-02
4.123845014786540336e-02
5.191229764699974852e-02
6.534683874743534016e-02
8.230047120876186981e-04
1.036097045960347653e-03
1.304359389495159593e-03
1.642254501084420811e-03
2.067417199259619434e-03
2.602914739463741550e-03
3.276520875482672682e-03
4.124910522092409965e-03
5.193168958027609243e-03
6.537451918940642877e-03
8.230330841366680431e-03
1.036070532992384129e-02
1.304317740877752353e-02
1.642012214631829656e-02
2.067037811414335416e-02
2.602152770053353312e-02
3.275845073029814286e-02
4.123793625457488482e-02
5.191161087070195190e-02
6.534617844138275455e-02
8.228964308601695267e-04
1.036032654707948978e-03
1.304254541586330821e-03
1.642070903375781113e-03
2.067197103493278836e-03
2.602722899036283375e-03
3.276350947899592941e-03
4.124696962267049641e-03
5.193038831630922628e-03
6.537328954240743950e-03
8.230235262948051161e-03
1.036054023841540862e-02
1.304301446286051762e-02
1.641991948461967582e-02
2.067031181818987373e-02
2.602163680743552546e-02
3.275852914765055302e-02
4.123790263517017329e-02
5.191179496512256936e-02
6.534620966677752441e-02
8.231513235466951257e-04
1.036226594504697975e-03
1.304520223863385713e-03
1.642282196984191445e-03
2.067414342766499269e-03
2.602984062507552113e-03
3.276728298497671478e-03
4.125019071594417629e-03
5.193430994722007636e-03
6.537566176949213825e-03
8.230795574491755334e-03
1.036115226086507975e-02
1.304347973543777336e-02
1.642023619005861593e-02
2.067065657383332714e-02
2.602197297943336513e-02
3.275938314743463697e-02
4.123833125458231663e-02
5.191229758620411611e-02
6.534675944520100532e-02
8.231053670989012727e-04
1.036149005415743906e-03
1.304580851033999627e-03
1.642205789774029041e-03
2.067551635595630752e-03
2.602945661674447610e-03
3.276485948331836224e-03
4.125007176681056049e-03
5.193472111304881303e-03
6.537610586910208056e-03
8.230429873326479753e-03
1.036094538911232384e-02
1.304359092882271046e-02
1.642036474222649187e-02
2.067092426004215819e-02
2.602232645378183343e-02
3.275884302911766938e-02
4.123848463178987622e-02
5.191211206410416973e-02
6.534682496631556703e-02
8.230721075723498956e-04
1.036042892585357228e-03
1.304537862041542026e-03
1.642114721975592015e-03
2.067616783282454074e-03
2.602905112503931494e-03
3.276551157701503708e-03
4.125021522763908967e-03
5.193499772679131474e-03
6.537711172533017256e-03
8.230366406988046807e-03
1.036092457684639236e-02
1.304328189009157715e-02
1.642035730104431795e-02
2.067077741781274056e-02
2.602184284759706881e-02
3.275892545229159430e-02
4.123816830395291705e-02
5.191217628145777807e-02
6.534673328678795856e-02
8.228957036425567926e-04
1.036040349323568994e-03
1.304421636415676938e-03
1.641989255971619283e-03
2.067284567669685092e-03
2.602747950259000700e-03
3.276476805308194649e-03
4.124615306601663207e-03
5.193210671251287380e-03
6.537289794811915015e-03
8.230023683635059525e-03
1.036058651366795341e-02
1.304293970651075087e-02
1.642001455689282366e-02
2.067067429099054068e-02
2.602136847181876766e-02
3.275899786600226099e-02
4.123852643591612022e-02
5.191238151356096509e-02
6.534687108402306710e-02
8.229505647107432549e-04
1.036034298296141173e-03
1.304292036197945330e-03
1.642281546697783173e-03
2.067279507721655508e-03
2.602756526966933538e-03
3.276637919036729310e-03
4.124857561821586652e-03
5.193166143800545184e-03
6.537552813021308556e-03
8.230188966664289674e-03
1.036094429418001756e-02
1.304309139086529297e-02
1.642011632389991233e-02
2.067098131104477474e-02
2.602146393885629988e-02
3.275879857558162273e-02
4.123857896101817966e-02
5.191232955249113629e-02
6.534745455340976172e-02
8.228688444012697547e-04
1.034252028653109444e-03
1.302360496299070436e-03
1.642151944929617306e-03
2.066430901109675769e-03
2.601531490834025143e-03
3.274951187032709536e-03
4.122858428127853560e-03
5.191599931551941355e-03
6.536552238275887897e-03
8.229793320710504165e-03
1.035939191142589734e-02
1.304305691479480146e-02
1.641774709540722368e-02
2.067041162391230688e-02
2.602293121362559553e-02
3.275619638158757535e-02
4.123264320327901106e-02
5.190655254960983844e-02
6.534019089797934998e-02
8.220070534499474089e-04
1.035503533954943529e-03
1.303125566697027442e-03
1.641571611972299531e-03
2.065909291834891644e-03
2.601412771187927749e-03
3.275662201357781942e-03
4.124093141206802010e-03
5.191656040949422027e-03
6.536902167366133790e-03
8.230119169667595228e-03
1.036004032692844183e-02
1.304111457236959738e-02
1.641769921421905656e-02
2.066848493040006340e-02
2.601936029862850566e-02
3.275640030789359058e-02
4.123803823678107161e-02
5.191097112870039082e-02
6.534593978244285228e-02
8.223824294755950354e-04
1.035628814465323335e-03
1.303585474684851222e-03
1.641570894013658424e-03
2.067132098687834985e-03
2.602301779999156416e-03
3.276031970594655857e-03
4.124143925837445157e-03
5.191964400456588330e-03
6.536878733412044944e-03
8.228880900509383256e-03
1.035927967986094433e-02
1.304141179478536181e-02
1.641873098448501725e-02
2.066823419351992638e-02
2.601985493567229510e-02
3.275544834685102658e-02
4.123548124041511581e-02
5.191298099168935309e-02
6.534770146542993874e-02
8.228569482952658365e-04
1.035731148544432635e-03
1.303530151703642713e-03
1.640920512502431041e-03
2.067169895226865940e-03
2.602342583632859599e-03
3.276231617004284578e-03
4.123891949889896963e-03
5.192005725315419241e-03
6.537755107153590817e-03
8.229481486310976160e-03
1.035897311388320717e-02
1.304186779844256072e-02
1.641855707819119686e-02
2.066799388978172655e-02
2.602160516717600194e-02
3.275579548382170914e-02
4.123645943579255096e-02
5.190919799955318742e-02
6.534464574181197971e-02
8.218496804739628065e-04
1.036419982556327979e-03
1.304953194855504317e-03
1.642839848390133207e-03
2.067555788964378638e-03
2.601979303207258704e-03
3.276339082482294940e-03
4.122283703277032120e-03
5.192592179418767384e-03
6.534113212437435078e-03
8.229484587615611135e-03
1.035798110727905938e-02
1.304310676541249603e-02
1.641884645125045103e-02
2.066989347812706393e-02
2.601756244017292344e-02
3.276016873991136058e-02
4.123823475358264629e-02
5.191210830117429925e-02
6.534871687791746209e-02
