# fisher_sv_data
1.546658943249999853e-05
1.826263350230000133e-05
8.514947142720000564e-06
6.062900771680000113e-06
-1.401509787710000039e-06
1.029884143109999946e-05
4.747230943299999759e-06
1.762096917269999980e-06
4.663414851949999842e-06
2.830673408200000099e-06
1.001475912869999967e-06
2.935021901140000246e-07
5.861831455880000004e-08
1.170456776340000049e-06
1.376537481259999924e-06
2.989604932589999774e-07
-7.679339040330000747e-09
1.514061662390000002e-07
-6.570671333269999506e-08
-5.812539832590000330e-08
1.198542494370000074e-05
1.163745938870000034e-05
1.561962188779999870e-05
6.565550048619999676e-06
1.057265669040000011e-05
6.052842726049999585e-06
6.478232935699999688e-06
5.398433777359999885e-06
4.274155853289999872e-06
5.781954478870000366e-06
2.514116904219999982e-06
-2.406201418519999768e-07
8.751294926529999722e-07
6.415978201099999944e-07
6.998495444259999712e-07
5.601821131400000070e-07
3.506423298260000072e-07
2.253547460329999937e-08
3.989710216130000366e-09
-2.238513087179999874e-07
2.738613611080000076e-05
2.233358569300000044e-05
1.782609818260000157e-05
1.150764665590000056e-05
1.271922862880000081e-05
8.251010936600000167e-06
9.076023478310000342e-06
4.656856501829999867e-06
1.356957567589999964e-06
3.566606725490000107e-06
3.264104254849999877e-06
1.097731274780000069e-06
2.770347903640000087e-06
1.506499638079999993e-06
8.246074989959999965e-07
3.617884316900000122e-07
2.271650376140000071e-07
3.888404395089999758e-07
-6.982042129200000326e-09
-5.148012095050000065e-08
2.322880820410000067e-05
2.266541406180000139e-05
1.162399675659999970e-05
1.806829758820000016e-05
2.819640016920000144e-06
4.905542394669999806e-06
9.625795901310000164e-06
6.943747070549999638e-06
5.493373416569999724e-06
2.558560147239999916e-06
3.364810809029999884e-06
2.213383997029999926e-06
1.675567107749999926e-06
1.496257128849999988e-06
1.566081371250000082e-06
1.073211510580000078e-06
4.523701011160000133e-07
4.700392184380000268e-09
-5.023624890740000102e-07
2.555079415279999846e-07
3.049689828750000144e-05
2.233844516559999887e-05
2.465370160750000139e-06
7.935360274670000489e-06
9.628673996119999935e-06
4.023677611549999991e-06
1.796374024069999895e-05
7.785151041010000261e-06
7.658980114680000094e-06
2.644373690070000179e-06
2.664482786569999905e-06
4.818395306960000057e-06
1.650959933199999914e-06
1.682528940329999945e-06
2.416189339330000036e-06
1.902537397019999952e-06
6.922956626739999571e-07
3.716655951309999989e-07
-2.306660780129999977e-07
2.911124311059999743e-07
4.490473635570000282e-05
3.227918565559999769e-05
1.477459188859999936e-05
1.367091741180000017e-05
8.951396594159999968e-06
8.055793523340000218e-06
7.843380957209999377e-06
5.364221687160000109e-06
6.819146718860000094e-06
3.937088497970000167e-06
5.538619319189999752e-06
4.153140462959999739e-06
2.764504190780000154e-06
2.302454981320000197e-06
2.242580447439999988e-06
1.531023707319999897e-06
9.629719897920000141e-07
1.007661701330000001e-06
3.609584430819999767e-07
-2.641178543459999849e-08
3.389402182560000013e-05
1.251810377209999920e-05
2.106468600139999991e-05
2.538285888839999908e-05
1.331485179800000005e-05
1.577766592629999874e-05
9.486506567490000444e-06
8.304147998419999255e-06
6.273331473550000372e-06
6.842456333750000261e-06
1.908689354880000065e-06
5.284261480220000277e-06
2.626524197249999837e-06
2.828856165529999790e-06
1.373866963490000091e-06
1.549125996029999984e-06
8.843782112639999509e-07
1.332381718059999905e-06
2.436848208190000049e-07
3.732305420289999944e-07
6.826891925760000368e-05
3.634305642339999713e-05
4.381551452299999776e-05
2.798429167949999919e-05
2.458496807000000052e-05
2.271741703029999843e-05
1.308039158660000079e-05
1.580212118709999961e-05
6.602335011080000072e-06
9.720615223560000165e-06
6.648386116650000150e-06
5.942530892449999913e-06
6.116991394730000057e-06
4.241448830750000297e-06
3.787737266649999998e-06
2.123623356040000182e-06
1.538489433120000073e-06
9.630100627550000699e-07
3.958885757310000205e-07
-3.623164734650000133e-07
5.563828970149999715e-05
4.072743667740000100e-05
3.881899353249999797e-05
2.861231623079999917e-05
2.386564937869999905e-05
2.713284559859999843e-05
1.758504127519999898e-05
1.428699922479999923e-05
1.310296323590000077e-05
1.300673310559999964e-05
9.174200273470000595e-06
7.881048582179999435e-06
4.939079686939999967e-06
4.371412618620000179e-06
3.521573495680000141e-06
2.199462639409999913e-06
1.285418849410000037e-06
1.935148065430000176e-06
1.003722090809999980e-07
4.641185685680000149e-07
7.018531903990000097e-05
5.868815517560000138e-05
5.365275871290000215e-05
2.760249391330000027e-05
4.469095456660000012e-05
2.434689612080000154e-05
2.519318752050000025e-05
1.825978552729999851e-05
7.732579337099999218e-06
1.828505908310000026e-05
1.827617736580000100e-05
9.439855929330000372e-06
4.021799554329999852e-06
6.430272780490000110e-06
3.016095937859999957e-06
2.337357900829999981e-06
1.934345907060000038e-06
8.186032510230000402e-07
4.667053582789999713e-08
1.718047609880000016e-06
1.347860209210000026e-05
7.394228129549999821e-06
-4.328608763640000380e-06
-2.031816449349999971e-06
-3.837287718250000298e-06
4.114497962409999703e-06
7.853745095769999193e-06
7.461402238289999632e-06
-1.785417768300000077e-07
1.136155777669999896e-06
2.582175917669999902e-06
3.840388777729999838e-07
2.312479344550000007e-06
8.601081878339999473e-07
3.409942838300000248e-07
-2.018261433079999957e-09
6.066140486840000395e-07
2.217055729969999943e-07
3.387225649600000258e-07
5.662510950000000329e-07
8.377329732920000700e-06
1.413654090960000113e-07
1.110325893229999933e-06
1.922378778270000117e-06
-1.403074818309999961e-06
2.473632848619999805e-06
2.301899462829999849e-06
3.349902980190000194e-06
5.217958148539999669e-06
2.630134935249999884e-06
6.726274250060000488e-07
1.567161267499999951e-06
1.732871338169999898e-06
8.377663864979999813e-07
5.985822481799999598e-07
3.925377658649999839e-07
7.483824360539999692e-07
5.092285324800000018e-07
3.757151652779999879e-07
4.884290656210000181e-07
-1.308769199829999964e-05
4.181173308860000215e-06
1.913623094159999850e-05
1.127084263959999995e-05
-4.319354743769999895e-06
3.415963209410000201e-06
4.634512623179999582e-06
8.873605494369999735e-07
6.850787188090000024e-06
1.723063719519999948e-06
1.760795549960000029e-06
1.724258433459999919e-06
1.702380950830000100e-06
1.393730583029999972e-06
7.205874964229999870e-07
9.025355966380000319e-07
5.118507743479999619e-07
3.406058178419999807e-07
1.905667116539999873e-07
1.849174520110000059e-07
1.993312316299999837e-05
-1.968806261249999923e-06
2.145627587089999941e-05
-3.799498724179999827e-06
6.316944568529999869e-06
-3.822604137859999873e-06
-2.039666834669999993e-07
6.752367693320000096e-06
3.737632412239999857e-06
3.183050785619999901e-06
2.379163419370000077e-06
2.074755864360000024e-06
2.613551807600000067e-06
1.681481118549999905e-06
9.383896771189999965e-07
1.620759079059999906e-06
4.583042758480000113e-07
3.795869182550000264e-07
5.535127557890000459e-07
4.908851647209999544e-07
2.202522067780000143e-05
2.398149366509999908e-05
7.398726120290000238e-06
-6.369842302730000007e-06
8.878184779389999459e-08
-2.795289439519999947e-06
2.083973993889999830e-06
1.147859488879999951e-06
1.903903385760000093e-06
4.040085651779999833e-06
7.116103127509999758e-06
-1.996916808580000019e-07
1.883938743279999949e-08
9.693976095030000276e-07
6.786452269309999576e-07
1.704304488520000100e-07
1.131196615209999976e-06
5.633240713689999923e-07
3.624078792459999767e-07
5.115534236360000095e-07
8.832159357440000331e-06
5.832832558860000202e-06
1.580465137069999909e-05
1.780124127420000092e-06
9.879371520339999703e-06
9.721877946809999270e-06
3.863997832810000192e-06
8.701818181320000625e-06
5.292726658750000334e-06
4.063107210019999939e-06
9.862812568409999200e-07
1.594938741960000036e-06
1.660842868550000002e-06
1.822024248610000051e-06
1.224618963679999917e-06
1.235872496150000075e-06
8.549123177970000454e-07
9.459867790340000396e-07
5.804940057339999489e-07
5.902223683139999981e-07
1.783743824310000115e-05
7.576615346990000241e-06
5.340349579160000177e-06
1.426601396850000030e-05
-1.009920747930000079e-06
-2.456007290530000212e-06
2.525724328320000118e-06
1.824631302579999999e-06
6.100723345270000403e-06
2.961563542969999938e-06
5.152550382130000308e-06
2.443475613949999895e-06
1.038234474049999908e-06
7.533707714080000144e-07
3.224551556049999970e-06
5.626445898180000307e-07
8.717147714019999944e-07
6.303715239589999744e-07
4.913136092520000037e-08
9.942876247000000467e-07
-1.567083689769999932e-05
4.641180779289999914e-06
2.080909913869999947e-05
4.441553038970000181e-06
1.412715512799999989e-05
9.362525030219999965e-06
6.934741175709999783e-06
8.388026497100000572e-06
5.030528658699999817e-06
5.937584947620000423e-06
5.045866350999999851e-06
3.534772963520000185e-06
2.164226795280000153e-06
4.175125192500000122e-06
9.668625641669999043e-07
1.156285785510000069e-06
1.359588470739999927e-06
1.080747552079999933e-06
1.364520551710000095e-06
7.812663007269999933e-07
3.417635591369999811e-06
2.004559775379999867e-05
1.979393621579999900e-05
1.236977623139999987e-05
1.363152929129999991e-05
1.245676537199999922e-05
6.422516926619999861e-06
6.963698317770000022e-06
4.967298387410000411e-06
5.981154023130000276e-06
5.021080603040000419e-06
1.774282748810000024e-06
3.749424450910000121e-06
4.824200548450000006e-06
2.684995083230000123e-06
2.605760003049999897e-06
2.131382284029999940e-06
1.970348743090000114e-06
1.396880395349999998e-06
1.285478595990000018e-06
2.839500537489999987e-05
5.478769979770000136e-05
1.752614698050000054e-05
-2.082897713199999791e-06
1.467150612149999986e-05
1.510048179349999933e-05
1.781907183749999890e-05
1.281296689989999990e-05
1.348720338249999932e-05
3.283987179089999790e-06
7.399259116760000272e-06
1.610442112790000047e-06
3.454486530410000128e-06
5.719262163509999907e-06
5.048596175759999920e-06
2.310398700100000165e-06
2.446677511439999801e-06
2.476909525979999848e-06
1.765377725470000003e-06
2.162697488940000163e-06
1.093770003409999915e-03
1.236195907429999893e-03
7.570432303710000494e-04
5.789509531880000521e-04
5.362709696460000357e-04
5.147976005710000469e-04
4.298231557010000203e-04
2.388346323040000090e-04
2.017895257339999968e-04
1.780661869129999964e-04
1.676382984299999875e-04
1.078523998229999949e-04
6.355998287850000311e-05
5.887061444080000141e-05
5.718181667229999682e-05
4.321487872789999774e-05
2.893014578519999863e-05
5.166692058729999723e-05
3.630476161620000119e-05
1.218478290359999931e-05
2.190933720219999901e-03
1.131034135519999899e-03
1.464521468750000065e-03
1.213716357279999956e-03
9.294815220360000537e-04
7.458918192909999969e-04
4.382053847260000234e-04
3.676189412119999973e-04
3.639903596749999781e-04
2.745444844920000055e-04
1.502754139249999957e-04
2.115427211289999947e-04
1.582725893620000042e-04
1.002991011040000056e-04
1.176775925829999953e-04
8.171674908160000029e-05
8.272371537259999824e-05
5.648742291199999904e-05
5.183794850499999805e-05
4.879273305570000046e-05
2.797785904640000178e-03
2.037315970600000158e-03
1.938479759089999956e-03
1.719809426180000022e-03
1.335461700850000023e-03
9.828326922479999148e-04
6.777735820030000510e-04
5.576286984090000204e-04
5.166639065239999598e-04
3.783901607419999928e-04
3.399774139690000174e-04
2.719886872120000050e-04
1.891338044429999993e-04
1.819354572059999871e-04
1.930181611360000111e-04
1.386693636539999895e-04
1.177158919360000002e-04
1.103649577979999992e-04
8.669389032969999833e-05
8.539340398330000576e-05
2.052895383659999930e-03
2.724680245350000023e-03
2.080479854120000083e-03
1.745313514209999957e-03
1.483574219210000069e-03
1.117100038510000087e-03
7.654447849840000009e-04
7.579993951649999836e-04
5.794942659580000401e-04
2.927381703880000026e-04
3.227530780120000222e-04
3.331299560240000247e-04
2.714034585640000079e-04
1.681978238359999912e-04
1.844246670679999941e-04
1.531244058499999893e-04
1.118632534129999987e-04
1.098176503169999939e-04
7.529511459769999866e-05
5.649805675720000067e-05
5.474236702999999739e-04
5.474515213309999765e-04
5.453694223619999504e-04
2.651659008400000209e-04
2.553249244890000262e-04
1.533404712309999868e-04
1.100684660699999940e-04
7.616229757939999847e-05
8.127447346549999572e-05
9.396112430959999812e-05
5.332482582790000085e-05
6.303972097010000428e-05
4.900781182290000148e-05
7.358554866410000066e-06
6.800217483670000225e-06
2.533801356010000026e-05
2.354859172909999998e-05
2.229409093549999886e-05
1.388152630150000059e-05
2.464751185200000013e-05
1.103211935489999910e-03
9.138064175270000332e-04
4.946456411950000270e-04
6.425906627269999723e-04
4.278731487780000121e-04
4.648739250730000061e-04
3.092791235150000174e-04
1.851340972699999903e-04
1.838552662069999869e-04
1.422689719589999931e-04
1.389848445570000010e-04
5.282266306289999961e-05
7.298068951220000394e-05
5.512025139570000048e-05
5.482661195229999757e-05
3.906298978349999942e-05
2.638535927490000057e-05
2.863071149919999936e-05
3.617231686300000250e-05
3.644042900190000022e-05
2.062718714379999877e-03
1.736474142120000017e-03
1.501584254980000040e-03
1.089268032270000047e-03
7.766134238440000441e-04
6.834920888779999655e-04
4.742865341400000039e-04
4.406638007240000097e-04
4.407083578839999919e-04
2.876365794969999961e-04
2.514687213860000064e-04
1.844834612980000041e-04
1.770622431519999925e-04
1.649365966659999952e-04
1.381347443999999907e-04
1.164748028490000055e-04
1.204397621040000007e-04
8.521891255110000262e-05
7.583203827360000284e-05
6.901005071550000123e-05
2.442987744109999942e-03
2.106149950729999804e-03
1.261595432089999969e-03
1.386236783100000102e-03
1.082535601589999959e-03
9.435474368069999510e-04
6.289171311120000506e-04
5.582244265050000055e-04
3.714902857029999772e-04
3.557182064339999786e-04
2.159131798579999985e-04
2.464582671339999968e-04
2.249596617449999957e-04
1.603433858620000052e-04
1.739396491590000085e-04
1.655416127609999873e-04
1.303037479249999982e-04
1.008899888220000051e-04
8.762378535699999796e-05
6.002203236640000166e-05
1.638133270169999983e-04
2.094671068899999899e-04
1.500954514120000026e-04
-6.108280678030000583e-05
-7.989850358180000499e-06
1.609425369700000113e-05
7.371374792150000525e-05
3.560108442790000120e-05
5.715764586160000253e-05
4.710628339210000138e-05
3.015798905820000125e-05
2.575714199020000090e-05
3.101616263800000066e-05
2.178286552530000006e-05
3.894887170390000158e-05
2.973230706399999928e-05
1.988070360969999983e-05
1.438910628760000050e-05
4.597626246249999608e-06
7.405572893420000133e-06
2.941164333209999866e-04
3.450233839390000248e-04
1.376226184269999900e-04
1.829361189209999987e-04
3.508489667050000113e-05
8.672531592139999610e-05
3.067428970790000173e-05
7.797181083519999706e-05
4.546566560059999882e-05
1.085609586620000074e-05
-3.274958713889999999e-05
3.372850057829999881e-06
7.829904155469999232e-06
1.193764260600000046e-05
-1.672410045649999938e-06
3.071199557200000050e-06
4.738541052119999876e-06
-1.641329116179999939e-05
-1.139962975949999946e-05
-1.586586433890000133e-05
1.160278375889999946e-03
1.161335940109999932e-03
7.548727276129999809e-04
4.971934387980000460e-04
4.072486366700000062e-04
1.817746207229999891e-04
1.962765624129999902e-04
2.277204967559999906e-04
1.722519522650000094e-04
1.393977963379999980e-04
1.316253300599999892e-04
1.226709340819999970e-04
1.118077836940000033e-04
8.823304644730000637e-05
8.084075244389999856e-05
6.099959143860000260e-05
5.996664975270000277e-05
4.531482135569999976e-05
3.347422734430000014e-05
2.116997306829999863e-05
1.905278720230000038e-03
1.213218430109999982e-03
1.475094282400000014e-03
9.755830101029999528e-04
5.892626098000000026e-04
4.524093279349999811e-04
6.011170696770000346e-04
3.979614111660000173e-04
2.991533187320000219e-04
2.249463345750000131e-04
2.327112696449999880e-04
1.382912547250000120e-04
1.501424378559999926e-04
1.365791122180000101e-04
1.098576878519999972e-04
9.589326273189999552e-05
8.516219662539999862e-05
8.430823692850000566e-05
4.765216855549999893e-05
2.246879109219999994e-05
-2.628063344639999842e-04
-1.503500369120000056e-05
1.078482391460000014e-04
-7.441424871739999716e-05
5.899424675539999898e-05
1.055157471640000039e-04
8.384801381659999172e-06
6.176559126600000317e-05
1.184908118689999953e-05
3.474424103850000117e-06
3.591885892389999905e-05
4.096966774789999717e-05
9.118642790329999624e-06
-4.817607234669999914e-07
1.128340659090000026e-05
-3.201486075979999927e-06
-4.982888081169999976e-06
1.148797037850000002e-05
5.270686820240000262e-06
-3.088764127989999794e-06
2.731461141990000185e-04
1.289669872939999977e-04
-2.472003310009999837e-04
1.088016431029999954e-05
7.939977967250000010e-05
4.062287074409999738e-05
2.286166926329999874e-05
5.903563180909999889e-05
1.772455262860000107e-05
-6.693287315809999585e-06
3.082947120040000020e-05
4.719333002380000257e-05
1.250065305029999976e-05
-4.997523482470000223e-06
4.223529933180000156e-07
1.023471167640000033e-05
3.792581476320000289e-05
7.195240564310000005e-06
9.261740694139999517e-06
1.137996464329999965e-05
4.044797850479999834e-04
5.258526202240000266e-04
2.496758221250000055e-04
1.807270831589999967e-04
7.380947383059999797e-05
8.066438418310000456e-05
7.060373554779999714e-05
1.238754443879999927e-04
1.078633499060000016e-04
8.513404772030000337e-05
5.866772915220000288e-05
5.086217371420000225e-05
4.019843105590000307e-05
2.588542846509999878e-05
2.196430781259999906e-05
4.879227514209999754e-05
4.690897814859999840e-05
3.125864580999999828e-05
3.289624872219999946e-05
1.814043956160000154e-05
1.403097354479999892e-03
1.270726130159999983e-03
7.833584903599999502e-04
6.007124102810000284e-04
2.062641108620000025e-04
3.043737414270000167e-04
2.550342735750000134e-04
3.372330009769999902e-04
2.561448457260000070e-04
2.379023614590000061e-04
1.836261971850000109e-04
1.345382080180000065e-04
1.046120273799999945e-04
1.195295776950000051e-04
8.702278553090000588e-05
1.002125738750000061e-04
7.317451763290000477e-05
5.443452732460000250e-05
5.828432376590000132e-05
3.132604913220000178e-05
2.344927911479999943e-04
-4.161384707630000129e-04
-1.822680669070000112e-04
-1.174284110289999946e-04
-6.000070339340000116e-07
-1.333622748580000056e-05
-1.628652218830000037e-04
-2.566705245420000054e-05
-1.538334135109999936e-05
-5.549135882589999744e-05
7.581171846319999480e-05
2.720835346220000077e-05
4.844650482569999762e-05
4.082042837019999623e-06
1.432874714740000004e-05
1.405153027969999935e-05
1.944566135459999855e-05
1.326740712460000026e-05
7.341946512769999657e-06
-1.335857072320000066e-06
-2.029627108759999915e-04
-2.315610156870000127e-04
-2.506265589550000106e-04
-1.181929737360000037e-04
-6.847052461649999488e-05
2.231151316570000070e-05
-6.396854674000000229e-05
5.298104146609999822e-06
1.036726522969999968e-05
-1.023866313460000024e-06
-2.291001350229999884e-05
7.137273030790000400e-05
1.193350147840000012e-06
-3.980753768090000038e-05
-2.153877940580000067e-05
3.802696374150000012e-06
-5.870304017879999473e-07
-4.358908038869999858e-06
-9.597055928540000646e-07
-4.228379950249999596e-06
1.770113546169999931e-04
5.931080806899999839e-05
7.354425261389999861e-05
-2.285166755549999939e-04
-2.237452438769999951e-04
1.144108690899999962e-04
-2.297898386789999850e-05
5.750922164289999817e-05
5.983819286580000294e-05
-3.382790188349999708e-05
6.063835429640000257e-05
7.284590909940000540e-05
1.661982211860000137e-05
-3.638729628309999977e-06
-2.251997897249999912e-07
2.529160627669999875e-05
-1.568368020490000009e-06
2.382774914239999883e-07
1.149232948180000035e-05
1.162703188390000083e-05
-1.073457016549999942e-04
4.921127538890000081e-04
1.032266012040000073e-03
5.130449708979999525e-04
4.196456089910000011e-04
2.260513053630000037e-04
1.035787746910000058e-04
9.797204777480000197e-05
7.007123064760000506e-05
3.305780545319999874e-05
1.041557279069999967e-04
6.111105864509999805e-05
9.930606184029999869e-05
6.580141338149999935e-05
5.937994112739999886e-05
3.469298410200000323e-05
2.581246046450000136e-05
1.447686424969999910e-06
2.201324823130000101e-05
-3.856756605350000042e-06
5.751835242289999872e-01
4.218635219449999862e-01
3.243440171040000153e-01
2.527455876940000179e-01
1.984357533109999960e-01
1.695545590039999884e-01
1.352118071470000127e-01
1.087963874430000061e-01
8.971369267180000218e-02
7.179388824389999757e-02
5.580505774350000281e-02
4.523284500150000220e-02
4.189734073310000251e-02
3.200399248509999683e-02
2.221428232760000107e-02
1.981427395329999827e-02
1.659718497850000071e-02
1.203864189500000043e-02
7.736824529319999942e-03
6.101246352599999818e-03
3.569864890889999920e-01
2.886113823249999988e-01
2.269812620730000119e-01
1.765108300200000091e-01
1.494278746940000124e-01
1.243205250459999966e-01
1.034132242219999998e-01
8.695067872110000262e-02
7.217149606269999962e-02
6.061990675650000271e-02
4.976706343819999739e-02
4.165083018960000216e-02
3.360839717340000088e-02
2.601017080150000091e-02
1.859679175699999881e-02
1.352062506629999987e-02
1.013281779009999987e-02
6.937070965569999866e-03
3.705468154100000078e-03
1.135104571740000023e-03
2.214210601259999911e-01
1.897515980699999993e-01
1.619476374790000117e-01
1.311161425590000040e-01
1.080663875280000047e-01
8.992618728649999504e-02
7.754981247749999362e-02
6.404409843989999906e-02
5.368397841019999922e-02
4.425523430250000168e-02
3.602428617919999770e-02
2.859954850830000173e-02
2.052240482289999918e-02
1.524012975450000050e-02
1.148051333830000034e-02
8.025141667229999942e-03
4.370398395720000335e-03
1.776493382510000102e-03
2.100925997550000084e-03
1.680877526230000005e-03
2.626398419070000156e-01
2.058443823499999936e-01
1.756556682909999889e-01
1.545401530799999923e-01
1.213189042989999966e-01
1.055766755980000055e-01
8.282324664559999328e-02
6.834509076339999323e-02
5.768095516320000116e-02
4.532277605099999801e-02
3.692077356469999905e-02
2.821367041390000080e-02
2.036303301710000110e-02
1.461862806799999956e-02
1.054356715489999929e-02
7.467645056339999692e-03
4.862894555800000192e-03
3.154261768089999807e-03
5.390720552900000410e-04
-8.347721861389999481e-04
1.981423519499999897e-01
2.094862854419999865e-01
1.819264823550000021e-01
1.404895191749999939e-01
9.957563653339999987e-02
1.029156848560000004e-01
7.953884406689999687e-02
6.454806525230000203e-02
5.466558841030000337e-02
3.905376136890000016e-02
3.194995015410000139e-02
2.113907008340000157e-02
1.691116296659999838e-02
1.359004506640000033e-02
6.227668122419999924e-03
2.746005375620000095e-03
-1.377059707719999930e-03
2.046978660370000027e-04
1.560881234370000044e-03
-8.354981825420000185e-04
