# fisher_sv_simulation
1.434755252085175706e-05
1.207333763790885548e-05
1.002468743414538884e-05
8.226972126271890024e-06
6.691306892197515175e-06
5.413450495854170491e-06
4.377669300517181853e-06
3.551670851463909836e-06
2.899746157352515622e-06
2.383231805501786523e-06
1.966998892000183570e-06
1.623921089047051812e-06
1.334179979633572998e-06
1.085484445893564736e-06
8.706707290074462645e-07
6.859312932035725968e-07
5.288982167930195802e-07
3.979243028255356156e-07
2.910382500165304788e-07
2.062257743136954597e-07
1.885314337449177374e-05
1.576660306217095184e-05
1.302213352466602144e-05
1.064534416865648916e-05
8.642056494144248615e-06
6.995629447629045817e-06
5.673769385328990993e-06
4.624393811472825470e-06
3.794372611001452983e-06
3.130575079264306528e-06
2.588121000995600188e-06
2.134279216337211478e-06
1.746585085932160959e-06
1.411850769694941422e-06
1.122692473450121541e-06
8.751683441254083588e-07
6.664629220886465096e-07
4.942833537394036898e-07
3.556481025554530606e-07
2.474259107208786916e-07
2.556284114620884808e-05
2.125437959862129449e-05
1.747702710090597052e-05
1.425188136313169088e-05
1.156939593317854533e-05
9.387904096890016452e-06
7.647493888291820538e-06
6.265523724960092854e-06
5.164277029584233611e-06
4.271643566480042965e-06
3.530503060271039954e-06
2.901843058212067005e-06
2.360197507725818967e-06
1.891467156416852749e-06
1.487918901320573630e-06
1.145162501991168400e-06
8.592605891742693513e-07
6.266501655847992026e-07
4.425659591552738752e-07
3.016679541589798954e-07
2.824409430355352810e-05
2.345090074967238436e-05
1.927212756736145039e-05
1.572060390436501410e-05
1.277684970627181955e-05
1.038666603698050506e-05
8.478435499633057312e-06
6.958141481721235367e-06
5.739608442268583125e-06
4.745840344878441956e-06
3.915704979131699230e-06
3.209255090285407178e-06
2.600048128951539638e-06
2.073805400421234198e-06
1.622471461412953180e-06
1.241197300784066023e-06
9.252583020469005282e-07
6.702350080018078811e-07
4.699328878799027130e-07
3.174787188532640025e-07
2.612498421161756935e-05
2.169947839210880128e-05
1.782337697550459649e-05
1.451988427947876074e-05
1.177927104357860664e-05
9.556988817990700455e-06
7.788749147915738485e-06
6.386962477111723802e-06
5.270200609395575340e-06
4.363696460786829771e-06
3.609293268985299685e-06
2.967695199747522279e-06
2.413748381780574664e-06
1.933759846071600380e-06
1.520273393791331022e-06
1.168993948938434382e-06
8.760270950748117371e-07
6.376972263355672910e-07
4.491436411544419886e-07
3.051680923629505337e-07
3.786081037783146274e-05
3.125437697636019869e-05
2.556796980955721628e-05
2.080303565239979179e-05
1.690907619351985372e-05
1.378484890932151083e-05
1.130763009534051271e-05
9.332478800008932996e-06
7.736022933597985139e-06
6.414748032618707096e-06
5.294102167649212404e-06
4.327995045525548820e-06
3.488678128449774933e-06
2.762218186399292289e-06
2.140626224144798733e-06
1.618421682856807836e-06
1.189173613574509074e-06
8.463402490663334234e-07
5.812232878915482590e-07
3.845079851780411271e-07
4.288231023535799273e-05
3.535213137139233070e-05
2.891189425598839017e-05
2.354514631434053877e-05
1.917596300730653957e-05
1.567390802746287934e-05
1.289092757712179665e-05
1.065927127904175899e-05
8.841095882185985599e-06
7.324679399984528269e-06
6.030457469800100433e-06
4.911712153692488671e-06
3.940020264160660336e-06
3.101430247544425975e-06
2.387354572656310524e-06
1.791262348248226507e-06
1.305032817182779898e-06
9.203551006295780734e-07
6.259045725505809196e-07
4.092798378682246136e-07
6.119238146774392813e-05
5.022179622295742512e-05
4.099108678951769876e-05
3.341648295295460543e-05
2.732451487414116337e-05
2.246971737895148770e-05
1.860100717383349138e-05
1.546219346215437277e-05
1.285961915705087578e-05
1.064815702371891628e-05
8.733658100837048935e-06
7.065210333191582578e-06
5.614184906824343958e-06
4.366939673235192976e-06
3.313191972565774377e-06
2.443193869108983343e-06
1.743549012365850929e-06
1.199948366286190672e-06
7.944603790104947712e-07
5.072024666763487549e-07
7.329331705810786788e-05
6.010900747837554073e-05
4.911579380806866166e-05
4.015690217179220065e-05
3.296983019926254867e-05
2.722863311734822819e-05
2.261770486973147147e-05
1.883294512998438892e-05
1.565506808800009371e-05
1.292893055481725601e-05
1.055532833290091805e-05
8.485529979325036101e-06
6.690657260396510229e-06
5.156589455161653136e-06
3.870506935230987473e-06
2.819091538741484007e-06
1.983685155392242956e-06
1.344376216676290491e-06
8.768240420620134896e-07
5.493081937953360347e-07
9.270094592478204238e-05
7.608430154812158167e-05
6.237372288160533121e-05
5.126590712961837451e-05
4.234941908053218272e-05
3.516741217458550908e-05
2.931648645327764841e-05
2.442911124199405334e-05
2.025946584774127246e-05
1.664725939416456974e-05
1.348750803149351110e-05
1.073821209725010183e-05
8.368222987188904695e-06
6.361390822950635816e-06
4.699241463457463010e-06
3.360967176845410911e-06
2.317106125269820969e-06
1.537374536611161216e-06
9.830772659862029660e-07
5.939580555199405254e-07
3.141998986210269231e-06
3.114823979357705477e-06
3.052084599024051187e-06
2.947859511100741818e-06
2.798746493023632194e-06
2.606110402949313615e-06
2.375304820399348991e-06
2.116229606468931195e-06
1.842279047011568393e-06
1.569504993527040813e-06
1.312148259356570316e-06
1.082062317653480178e-06
8.855409410702981224e-07
7.240478321109750263e-07
5.949989679330445695e-07
4.933045733579997146e-07
4.130404827832741299e-07
3.486403363716410839e-07
2.955443897855401528e-07
2.504653593341755065e-07
4.459745682559073253e-06
4.398806300135257303e-06
4.282080414668449966e-06
4.102641092008079734e-06
3.858946976755130465e-06
3.555908122017005609e-06
3.204683778286934337e-06
2.822340725569815464e-06
2.430080810829450118e-06
2.050653344820747255e-06
1.702474768658881474e-06
1.398838745257941542e-06
1.144893112018350588e-06
9.394432626137805886e-07
7.766552772944720506e-07
6.483877685647948999e-07
5.462863507118806858e-07
4.631217131451169674e-07
3.933044426059433635e-07
3.330169469569150237e-07
6.588794359859219948e-06
6.452171765899942644e-06
6.226079350306025633e-06
5.904671992514917707e-06
5.491610773893849388e-06
4.999339458192580058e-06
4.450127359556857036e-06
3.872740946977541539e-06
3.299565007871940313e-06
2.761768173992206801e-06
2.281690179430292902e-06
1.872807544586678244e-06
1.537058605602211358e-06
1.268556525678703326e-06
1.056495961636527291e-06
8.884112669224785282e-07
7.526706819253133611e-07
6.399857332112134177e-07
5.435466370842204298e-07
4.587654248409010061e-07
7.563117197893463985e-06
7.370053809413216138e-06
7.073469040454863093e-06
6.670624971086720271e-06
6.168845633851862690e-06
5.585686168585088386e-06
4.948075557852534702e-06
4.288851770233418446e-06
3.643417135262584164e-06
3.045042684611272659e-06
2.515674217379268185e-06
2.067973344425954038e-06
1.701739770492548179e-06
1.409053936427623067e-06
1.177217348872183649e-06
9.922999520083367592e-07
8.416749723041354140e-07
7.154913496554095634e-07
6.065023743925627865e-07
5.101697281980627605e-07
6.761565105082210193e-06
6.626221351525148809e-06
6.397087115042703246e-06
6.068487838120797630e-06
5.643290452699471677e-06
5.134414843862835275e-06
4.565337190675213750e-06
3.966720457513165227e-06
3.373437632798252211e-06
2.818401226338998241e-06
2.324929709585995237e-06
1.906419300966204761e-06
1.564162242995456656e-06
1.291385311651981809e-06
1.076413358976027959e-06
9.061064964526376253e-07
7.684708676238441267e-07
6.540037905754714218e-07
5.558414774218293335e-07
4.695448703228554935e-07
1.082413777775975338e-05
1.051250702944188663e-05
1.004011382059723993e-05
9.406346698533171491e-06
8.627137193871754113e-06
7.734575555865512639e-06
6.776497574386151447e-06
5.807537344404585105e-06
4.882794126582690212e-06
4.047708829052460099e-06
3.328281872347741604e-06
2.733825869294911156e-06
2.256543598804486784e-06
1.879489513527662070e-06
1.581519817396141230e-06
1.342160669389384633e-06
1.144405050854401186e-06
9.758227299511576606e-07
8.280327640640667181e-07
6.958555097120045133e-07
1.277121084823399219e-05
1.233884682906640301e-05
1.171673845820289271e-05
1.090981028592489991e-05
9.943374053624186372e-06
8.860544118881817486e-06
7.720627139967638276e-06
6.587341345087616207e-06
5.522043683476860901e-06
4.572642034687782993e-06
3.762981313632126383e-06
3.098900511381342216e-06
2.567503400032797149e-06
2.147301416271967687e-06
1.813390863601380338e-06
1.542670959263320594e-06
1.316553533621487050e-06
1.121851411090420383e-06
9.496396314260134840e-07
7.947345329698638407e-07
1.981712064049043957e-05
1.899793650279608254e-05
1.786852900877660585e-05
1.645239314408424751e-05
1.480743510982328223e-05
1.301946074816469025e-05
1.119696038067622914e-05
9.443950971315497584e-06
7.849567566963610584e-06
6.471372855750748904e-06
5.327323442826267855e-06
4.407779291499148802e-06
3.680590084350165953e-06
3.106054697852484969e-06
2.644726465750937516e-06
2.263588643799391800e-06
1.938048102888708362e-06
1.651649667429131514e-06
1.394698348309070998e-06
1.160492806796339189e-06
2.502262172676975323e-05
2.381170949524415772e-05
2.221265853073707544e-05
2.027371544523984625e-05
1.808492811257598131e-05
1.576858414076993660e-05
1.346582235231637409e-05
1.130118608342043912e-05
9.371757848319129172e-06
7.732275052182700125e-06
6.387717222091554793e-06
5.314558396944696874e-06
4.465902865839310975e-06
3.790652017168493789e-06
3.241432588823381722e-06
2.780452173195474386e-06
2.380586404672308621e-06
2.024465227122334870e-06
1.702421701388011231e-06
1.405354287209028046e-06
3.383218574969685752e-05
3.184055498975670007e-05
2.934780117699741059e-05
2.645502000747290550e-05
2.331796088477291689e-05
2.011696109584050471e-05
1.704248770906470324e-05
1.423820608356350184e-05
1.180173727801806206e-05
9.773321715561942181e-06
8.129799841312784940e-06
6.823726882987316311e-06
5.784662384070659268e-06
4.945457152783756112e-06
4.248467091174844767e-06
3.650098809127252958e-06
3.120431209808806180e-06
2.642276831959933558e-06
2.204667327743344679e-06
1.795557572495815447e-06
8.134425042804010152e-04
7.567448561478305313e-04
6.875756166378002316e-04
6.091316962370784674e-04
5.250184342386826977e-04
4.398745125597720612e-04
3.589668560779763623e-04
2.870318530830233677e-04
2.274448260739063952e-04
1.812594935129317405e-04
1.472348068160163879e-04
1.227129011465647585e-04
1.046781032452715610e-04
9.063804403323472234e-05
7.882959436045927377e-05
6.822032416751605294e-05
5.833631734178540971e-05
4.906776701551607940e-05
4.047881260483400881e-05
3.263478645490528834e-05
1.203149882445626265e-03
1.116922960398756843e-03
1.012513226833468500e-03
8.948687600291636802e-04
7.692599120498786565e-04
6.428222902733249410e-04
5.234464026673112808e-04
4.180088877252227447e-04
3.312792687084077084e-04
2.644622946926735601e-04
2.154364882190049665e-04
1.800897254694425252e-04
1.539753561923659013e-04
1.334870506326954693e-04
1.161221889711885885e-04
1.004279083676615453e-04
8.577183867095561581e-05
7.203322764595820210e-05
5.931556398975312388e-05
4.771321236511288986e-05
1.724979361370932926e-03
1.598722160186447777e-03
1.446892050862269010e-03
1.276173942212154890e-03
1.094843448498657558e-03
9.129877804895513305e-04
7.421419108575893131e-04
5.920751488795652096e-04
4.693325744349772718e-04
3.752206248063718989e-04
3.063495656483800002e-04
2.566957002432515480e-04
2.198663023041970953e-04
1.907914802918721610e-04
1.659936232982224644e-04
1.434860619713248966e-04
1.224281229807834895e-04
1.026934800788686274e-04
8.444325821198235852e-05
6.780179836176844239e-05
1.892397811936901483e-03
1.752908168072822874e-03
1.585552138105470908e-03
1.397692055183953185e-03
1.198360053046444501e-03
9.986625430414772242e-04
8.114451156707812697e-04
6.472132589327096903e-04
5.130822308290388170e-04
4.103656098934412976e-04
3.352618589463885173e-04
2.811082452842192251e-04
2.408912138255749980e-04
2.090915463961542681e-04
1.819214874014658215e-04
1.572286541852044132e-04
1.341152084316945105e-04
1.124576402583233394e-04
9.243271578745777383e-05
7.417698549084308099e-05
3.265155892789476191e-04
2.898664856217804788e-04
2.503422417921036692e-04
2.101365060418586262e-04
1.718557494159813931e-04
1.378312990970151017e-04
1.097938192612104641e-04
8.819138492676408426e-05
7.240072465357870468e-05
6.105406007291841626e-05
5.267967062734723531e-05
4.607082839292758232e-05
4.040540655080456070e-05
3.522038739798438343e-05
3.030288206412704664e-05
2.563201957204925394e-05
2.125895057742928292e-05
1.722316925804633078e-05
1.355034608193150529e-05
1.028503587514297197e-05
8.944018768339127325e-04
8.939726084320004590e-04
9.121175664872405208e-04
9.427996745852957423e-04
9.576454513434215369e-04
9.030703581978251999e-04
7.347795224987032324e-04
4.948124519058600280e-04
3.107749872917215652e-04
2.297299479483171688e-04
1.887501313999266454e-04
1.575939986344529974e-04
1.328090879000604757e-04
1.119379178379057175e-04
9.365231680025617100e-05
7.756685045354236947e-05
6.314687136699878719e-05
5.046184325225426830e-05
3.920962618766891380e-05
2.942790323596298404e-05
1.477910981695558425e-03
1.305246293948744826e-03
1.120903467952728567e-03
9.358741499167779442e-04
7.625234625217061331e-04
6.105630929037264348e-04
4.869769416156045742e-04
3.930648933762666709e-04
3.247737399981449435e-04
2.756255491945192797e-04
2.389035966663229300e-04
2.093857867946615154e-04
1.836755600399260339e-04
1.598863689111292995e-04
1.372249738752217847e-04
1.157323548511921002e-04
9.565677839874944896e-05
7.713790188387731675e-05
6.033196826945359142e-05
4.544397918559657035e-05
1.804158223738177441e-03
1.592425326993201573e-03
1.366937452546088854e-03
1.140969371587524130e-03
9.289853516840205659e-04
7.436001747524449050e-04
5.932634897884882111e-04
4.788839148156847280e-04
3.960622837159763075e-04
3.363964301131926573e-04
2.917749978395061338e-04
2.558699521973966003e-04
2.244380540408819937e-04
1.953025544920829540e-04
1.675688861567004202e-04
1.412820831575266887e-04
1.166897902096728363e-04
9.403822570915034101e-05
7.348222412594772595e-05
5.529269866703864371e-05
8.746741593477134721e-05
7.453213873689145210e-05
6.183751022864775475e-05
5.018547160706797445e-05
4.027001677855878629e-05
3.241202382981515635e-05
2.657834972760084768e-05
2.236803749489545002e-05
1.930684968630731751e-05
1.695470374853745268e-05
1.498630844865098816e-05
1.320640465337576598e-05
1.151721914956109277e-05
9.887459695250778294e-06
8.335087983772398508e-06
6.876778815995576139e-06
5.523113552270968099e-06
4.290995731175450118e-06
3.202951651129408983e-06
2.222100071376029919e-06
2.578842360210158277e-04
2.198977667670830533e-04
1.824554863560925934e-04
1.481163105200838243e-04
1.188149322770382197e-04
9.560903707192648724e-05
7.835785524234900883e-05
6.591776170828624775e-05
5.687852129053283463e-05
4.993490894979157982e-05
4.413891921654812393e-05
3.890087410348666477e-05
3.393104609395697049e-05
2.913472435136492958e-05
2.456582033453975458e-05
2.027318782301922650e-05
1.628830917350008878e-05
1.266001154314205501e-05
9.455548709995338164e-06
6.567179660293296915e-06
9.440632681297830018e-04
8.029102827270205014e-04
6.648508358214408462e-04
5.389422021913622225e-04
4.324202139127574450e-04
3.485980374227489126e-04
2.865550379586426547e-04
2.418491085054059488e-04
2.092448569853549989e-04
1.840103442238226179e-04
1.627473345309869018e-04
1.434024806936535763e-04
1.249823784495809355e-04
1.071973721659041028e-04
9.027209615461002327e-05
7.437176706638053017e-05
5.961338285410821848e-05
4.620098192244286245e-05
3.438145135441903117e-05
2.366418390658430303e-05
1.397393454045328491e-03
1.187268742095428081e-03
9.823365050413129101e-04
7.959401199661035381e-04
6.387176156727394786e-04
5.153037013837778214e-04
4.241210814541212940e-04
3.584184838185613281e-04
3.104111595451991210e-04
2.731527363903665752e-04
2.416340439720793254e-04
2.128895406832463991e-04
1.854796414043337566e-04
1.590127052247526066e-04
1.338340037705821738e-04
1.101802613670021570e-04
8.822870195575493915e-05
6.829736632399415592e-05
5.074550144215445784e-05
3.480602851158290427e-05
4.129242289935110082e-05
3.420840606727139637e-05
2.774271548192474408e-05
2.242506006361498012e-05
1.829068806866700751e-05
1.523762771225642584e-05
1.304891581468587613e-05
1.142658649705783418e-05
1.014189030895782002e-05
9.033875382344782091e-06
8.001741126538789483e-06
7.004267183394816533e-06
6.032157271119036225e-06
5.099644221330077366e-06
4.214006660995461740e-06
3.383965989211851723e-06
2.624537803462507140e-06
1.955101690005484664e-06
1.349161707617521367e-06
9.857147334522314399e-07
8.245816734661875601e-05
6.823606131037430057e-05
5.546973887618982619e-05
4.478597289480312321e-05
3.647942985995458504e-05
3.036197884259774534e-05
2.595137886537759049e-05
2.269709723486197699e-05
2.013141402375315863e-05
1.792581749463053440e-05
1.587931359044159651e-05
1.390456439620774568e-05
1.198036357132773969e-05
1.013387009731205194e-05
8.381226136221725539e-06
6.738082133391734319e-06
5.232858720842681404e-06
3.904901597218224754e-06
2.707274205227429857e-06
1.955501712011340948e-06
4.218359258752295282e-04
3.493892302169368481e-04
2.839830915256810989e-04
2.292444883036765489e-04
1.866107064790615622e-04
1.551232918336822321e-04
1.324685499227659137e-04
1.157707793781453118e-04
1.026540007640353432e-04
9.139741734882423415e-05
8.096949125566558548e-05
7.092010987832890728e-05
6.112627133240650481e-05
5.172643827761085115e-05
4.280571862093530836e-05
3.444009830727414123e-05
2.677035239705600705e-05
1.999820594265493855e-05
1.390542103167955721e-05
9.971547927451960742e-06
9.202613894039250297e-04
7.612091323753819192e-04
6.184159010268937013e-04
4.994907753180611665e-04
4.072406604573686564e-04
3.393091746987235728e-04
2.903819556111938917e-04
2.542121435883991712e-04
2.256325178104547221e-04
2.009552811667190606e-04
1.779900753912939243e-04
1.558195036943700335e-04
1.342114372899281920e-04
1.134809163228229215e-04
9.379947197853767465e-05
7.534785463963433977e-05
5.845632475196379580e-05
4.356776634969484194e-05
3.010398741993217193e-05
2.192578908354949621e-05
2.952955942852070073e-05
2.394880346601263330e-05
1.944790014415807272e-05
1.600835268804848101e-05
1.344722210607566642e-05
1.157620778563779377e-05
1.020074407218907491e-05
9.107597460366527618e-06
8.164879783052397875e-06
7.280917904613575180e-06
6.423102278911865241e-06
5.578853300927322847e-06
4.758907915858048924e-06
3.969149484268934837e-06
3.218551273309498365e-06
2.522497702114576788e-06
1.901547817107423736e-06
1.355584555180704923e-06
9.127207607572114432e-07
7.422058396671065996e-07
4.550389255387735950e-05
3.723303201279465796e-05
3.018419054411232948e-05
2.480545407865254444e-05
2.080403321775769966e-05
1.790964130235243995e-05
1.576355664924560305e-05
1.408811516818977161e-05
1.263165560382823782e-05
1.126312986929481790e-05
9.935968660255075987e-06
8.631704887387785580e-06
7.362619458690608508e-06
6.143555033946794553e-06
4.982897337741530070e-06
3.907336865721186778e-06
2.946029092400188669e-06
2.102298789971949051e-06
1.412807703397033501e-06
1.150861785893022005e-06
1.408751831814465964e-04
1.150191801171980300e-04
9.337562685690455251e-05
7.651629313355495646e-05
6.402405528650830424e-05
5.501690304807661423e-05
4.837385333856641370e-05
4.316098223388443794e-05
3.867413803845482845e-05
3.449596200994972244e-05
3.044044033397694964e-05
2.645749851996313128e-05
2.258315415599340434e-05
1.886353728802341755e-05
1.532556171431105431e-05
1.203771835677349699e-05
9.096636648813172200e-06
6.520130531691828083e-06
4.346258449758440654e-06
3.565344046879505531e-06
5.203709584994121442e-04
4.249841206931690503e-04
3.453291538252153828e-04
2.832776311444229304e-04
2.374502981285390524e-04
2.044090692779885522e-04
1.799557047973687220e-04
1.606789592245765682e-04
1.440271204917943529e-04
1.284774273708626268e-04
1.133432321738951697e-04
9.845944574794568904e-05
8.400366884770497900e-05
7.011319052171805573e-05
5.689993861331105575e-05
4.463357451886397866e-05
3.367657600938390848e-05
2.406266366899369411e-05
1.612391997599038485e-05
1.317097488619712017e-05
4.625368277774353776e-01
3.762307253598300982e-01
3.018624578612354448e-01
2.396222822521915652e-01
1.906136567232453727e-01
1.530042889547315044e-01
1.250022963072390247e-01
1.041942927654178341e-01
8.812817839953193677e-02
7.484657058566740462e-02
6.308676448915273571e-02
5.235382561819475894e-02
4.251612202102140331e-02
3.367271083719224067e-02
2.591408808520913667e-02
1.932807427126163186e-02
1.391668752708466114e-02
9.605132766998843510e-03
6.275707126421567819e-03
3.816572318826830235e-03
2.753020233912263359e-01
2.206404728933631376e-01
1.773204487571749810e-01
1.439299125632872989e-01
1.190397306809162919e-01
1.002465341526169035e-01
8.544343002066889792e-02
7.290752092788103933e-02
6.164160697398126526e-02
5.123572640385738730e-02
4.166616862809686267e-02
3.304646245755898243e-02
2.547920827034733451e-02
1.903491173174784098e-02
1.372637749193566375e-02
9.483688117730640008e-03
6.194914135911307532e-03
3.755686715100159476e-03
2.057015993187630374e-03
9.855705064840051925e-04
2.215543761671154022e-01
1.803048805256843301e-01
1.489257218224805113e-01
1.251925397492945069e-01
1.068252110834695956e-01
9.170783346022078064e-02
7.837466216199177882e-02
6.611315507763086685e-02
5.473045547173222697e-02
4.427813386305817778e-02
3.490921929477391189e-02
2.673391448395553288e-02
1.981100647031266981e-02
1.413230957557975141e-02
9.606593297625124275e-03
6.135198659966741540e-03
3.605952900575659995e-03
1.899895036903728306e-03
8.599432428808339917e-04
4.938196503054075558e-04
1.803090886396801762e-01
1.505787330329969587e-01
1.278618073060233395e-01
1.098732781207650833e-01
9.469757979734839959e-02
8.114849057716566616e-02
6.859578541962808862e-02
5.691423056151709292e-02
4.616755682502832886e-02
3.649918534491051331e-02
2.806330379140300688e-02
2.088717479333565552e-02
1.496011849041691336e-02
1.020417227495457393e-02
6.533806742358144216e-03
3.857239411690791854e-03
2.047028687832076234e-03
9.363087231218304891e-04
4.911395722872742391e-04
3.664088838107781631e-05
1.949544167312776688e-01
1.649895847378612945e-01
1.424772949344840500e-01
1.234927217236692770e-01
1.064004758430599773e-01
9.044064336494597733e-02
7.539948985166672335e-02
6.162278699641641350e-02
4.911222331625702403e-02
3.811801975848592983e-02
2.863130567256076675e-02
2.075236050467707191e-02
1.433648091710427661e-02
9.332471023516832748e-03
5.626997391850881505e-03
3.080413376897180727e-03
1.468004981072124331e-03
6.469668728575377796e-04
3.891145682666150539e-04
-5.268412237633841302e-04
