# fisher_sv_theory
1.434988295129547825e-05
1.207507246965074385e-05
1.002657116795548024e-05
8.228818654719374074e-06
6.693106715015168910e-06
5.415211155588343331e-06
4.379330103454505363e-06
3.553277157859472866e-06
2.901272573105141354e-06
2.384686409056508478e-06
1.968384679322349909e-06
1.625220521212833043e-06
1.335389415285065753e-06
1.086585886417424344e-06
8.716479534271270963e-07
6.867725645339896190e-07
5.295886600002990316e-07
3.984572600681527963e-07
2.914115150409623314e-07
2.064691778687293795e-07
1.885626330853093770e-05
1.576957669396647033e-05
1.302499844638254411e-05
1.064811831624929335e-05
8.644769485995037518e-06
6.998259661364865875e-06
5.676314180705899848e-06
4.626822712086048084e-06
3.796695253161538966e-06
3.132788658621449477e-06
2.590226082829186124e-06
2.136257313638330210e-06
1.748419249433420311e-06
1.413516721531984003e-06
1.124166321714019640e-06
8.764287465483138323e-07
6.674896501822146849e-07
4.950678096290375222e-07
3.561894875677044641e-07
2.477744738471516122e-07
2.556685117574489303e-05
2.125837001988543765e-05
1.748099086543223097e-05
1.425578564494345660e-05
1.157318124281811433e-05
9.391568833815259812e-06
7.651036225637043001e-06
6.268931382787063799e-06
5.167533957035055635e-06
4.274751224436107849e-06
3.533458688380461990e-06
2.904615879946105950e-06
2.362760997115441624e-06
1.893789959063422098e-06
1.489961884751599374e-06
1.146899065315001683e-06
8.606640421881950277e-07
6.277116806688266981e-07
4.432876591614724045e-07
3.021246119267060894e-07
2.824873604533265911e-05
2.345548976480402132e-05
1.927666349110483413e-05
1.572505867491545735e-05
1.278114872932149174e-05
1.039077589102965336e-05
8.482433120714372510e-06
6.961976244577131208e-06
5.743283827944744571e-06
4.749347771972447360e-06
3.919041368670518281e-06
3.212379407555351953e-06
2.602933475188464071e-06
2.076413581137959396e-06
1.624761378001811136e-06
1.243138290226859131e-06
9.268221141237819298e-07
6.714135266214030443e-07
4.707285877848168322e-07
3.179772071590451784e-07
2.612966767377101411e-05
2.170396958630541431e-05
1.782784871468217928e-05
1.452426991128360253e-05
1.178352399472852322e-05
9.561105627845512532e-06
7.792696744223874189e-06
6.390745621126754952e-06
5.273826189180375073e-06
4.367140669674860914e-06
3.612572010898326557e-06
2.970771858995859371e-06
2.416594791618698412e-06
1.936333121310622831e-06
1.522540464897785324e-06
1.170914664662508645e-06
8.775729983209037910e-07
6.388601779987524280e-07
4.499289177586868766e-07
3.056633583188311990e-07
3.786728513350831816e-05
3.126092411325177769e-05
2.557438346748218679e-05
2.080931395273074270e-05
1.691520849379145197e-05
1.379081047665643492e-05
1.131337124887600980e-05
9.337995550313079845e-06
7.741299101174059258e-06
6.419766957080359100e-06
5.298872698004828995e-06
4.332459692172475733e-06
3.492794138545962663e-06
2.765925373653545307e-06
2.143865535888619666e-06
1.621138852289841480e-06
1.191334164222900722e-06
8.479398520450769763e-07
5.822795299102657390e-07
3.851556907828174457e-07
4.288980252347598644e-05
3.535952592385269719e-05
2.891919749151289828e-05
2.355244583892901521e-05
1.918302726275242527e-05
1.568074875755465857e-05
1.289752605446706713e-05
1.066562235387125310e-05
8.847183830886751776e-06
7.330459813264386266e-06
6.035958078463990323e-06
4.916855317391844115e-06
3.944750532889197857e-06
3.105677044130908861e-06
2.391053925834569185e-06
1.794351586267104699e-06
1.307475110899934498e-06
9.221520689084470905e-07
6.270793260761628380e-07
4.099885992302146949e-07
6.120230965588608469e-05
5.023172542294144388e-05
4.100104653962037928e-05
3.342630275737674690e-05
2.733403489043191616e-05
2.247899822286608860e-05
1.860998973278789071e-05
1.547080617111602129e-05
1.286786716471050730e-05
1.065601336697337523e-05
8.741096858112233856e-06
7.072138436974190064e-06
5.620526603389092058e-06
4.372609418451969511e-06
3.318087905235187279e-06
2.447237020360351194e-06
1.746704896063418961e-06
1.202233419225953557e-06
7.959237455962287436e-07
5.080588505952532195e-07
7.330560109594899307e-05
6.012093909023770872e-05
4.912776837935550962e-05
4.016860467656069333e-05
3.298127784790320845e-05
2.723971966295543688e-05
2.262849008043128532e-05
1.884328999260086800e-05
1.566498203257046397e-05
1.293835469195973125e-05
1.056425158957638078e-05
8.493822196673034107e-06
6.698227626330276500e-06
5.163323309624888320e-06
3.876292511071720920e-06
2.823835992719742615e-06
1.987356961931311313e-06
1.347013102689195206e-06
8.784923112240097138e-07
5.502590058778221671e-07
9.271581568433994629e-05
7.609954741780659132e-05
6.238863433734338087e-05
5.128011629167744976e-05
4.236333213397402455e-05
3.518106963029164562e-05
2.932972198212245986e-05
2.444183981707150508e-05
2.027165118113724736e-05
1.665884405091549352e-05
1.349847253891294538e-05
1.074837747506098722e-05
8.377477550063010706e-06
6.369578622684249019e-06
4.706235226564260766e-06
3.366655780790686188e-06
2.321466566834753278e-06
1.540477883368378689e-06
9.850180634792110901e-07
5.950299441032750319e-07
3.141994086890736974e-06
3.114769203123097186e-06
3.052124900532423817e-06
2.947826142099461290e-06
2.798799823017836067e-06
2.606140313060558977e-06
2.375354700394857697e-06
2.116276901660530616e-06
1.842333312796544335e-06
1.569563725766890918e-06
1.312210042351661520e-06
1.082124008376647638e-06
8.856068338603998155e-07
7.241171836530030574e-07
5.950731533073597189e-07
4.933889834658848131e-07
4.131363490448041748e-07
3.487517255418147429e-07
2.956738714352730922e-07
2.506220987105539602e-07
4.459831076375534306e-06
4.398914274053189686e-06
4.282101364919895906e-06
4.102638360229416050e-06
3.859003313881637075e-06
3.555938035909793565e-06
3.204732293551488048e-06
2.822405984553662632e-06
2.430156707978837855e-06
2.050742151004451396e-06
1.702574191136162334e-06
1.398935427682987587e-06
1.144992604537347015e-06
9.395466441062908505e-07
7.767679111599174704e-07
6.485164042700890729e-07
5.464348613649234008e-07
4.632958530022790656e-07
3.935071541528296589e-07
3.332620021105565574e-07
6.588846253711896770e-06
6.452257769796161473e-06
6.226103743955100069e-06
5.904760756891763207e-06
5.491627355045735003e-06
4.999366703709191851e-06
4.450188889157139866e-06
3.872828637250173739e-06
3.299660395943664529e-06
2.761879165945479240e-06
2.281816511125358100e-06
1.872934212770335288e-06
1.537190127065169815e-06
1.268699221581532857e-06
1.056652881728061926e-06
8.885944727315498657e-07
7.528851210448423977e-07
6.402379537973469014e-07
5.438395052313789435e-07
4.591172081891970720e-07
7.563308349387784151e-06
7.370093306196206742e-06
7.073492550105107886e-06
6.670643664207301280e-06
6.168988898346604928e-06
5.585783707496108290e-06
4.948169929976588315e-06
4.288953266032900900e-06
3.643524804325469989e-06
3.045171175152986244e-06
2.515814868764279790e-06
2.068111197864552139e-06
1.701885735646107615e-06
1.409213971827353575e-06
1.177396460347346630e-06
9.925098276466317209e-07
8.419216138463248135e-07
7.157807871233055149e-07
6.068364276517010704e-07
5.105694087495524998e-07
6.761566733379692799e-06
6.625998277297678040e-06
6.397069665514073286e-06
6.068497872078783713e-06
5.643301349879986293e-06
5.134463653106383000e-06
4.565390842565010757e-06
3.966827401714387218e-06
3.373554553173417266e-06
2.818541849645430499e-06
2.325087925346814372e-06
1.906573177104721743e-06
1.564318041792159303e-06
1.291547858862600996e-06
1.076593501519027513e-06
9.063106193875329153e-07
7.687095641721883640e-07
6.542861818183446639e-07
5.561709745149297741e-07
4.699414814916877072e-07
1.082429279617421475e-05
1.051247674382437879e-05
1.004013925335080441e-05
9.406423219176740944e-06
8.627211253599525914e-06
7.734665397640674102e-06
6.776605095898234400e-06
5.807669589484949241e-06
4.882952437256300131e-06
4.047892827419725316e-06
3.328494164423917953e-06
2.734032637207563427e-06
2.256761038909203101e-06
1.879723045291581597e-06
1.581781478249240061e-06
1.342465135566439636e-06
1.144767560266751311e-06
9.762529130656184271e-07
8.285326992984530301e-07
6.964500203649223202e-07
1.277111395380254731e-05
1.233901425839351943e-05
1.171676004037463514e-05
1.090987392617485048e-05
9.943498842791807666e-06
8.860634017218476445e-06
7.720728645280453540e-06
6.587490527849203126e-06
5.522233907155833424e-06
4.572852149059605539e-06
3.763218384356048617e-06
3.099131373679629050e-06
2.567749847557947883e-06
2.147568641973991380e-06
1.813695895873282637e-06
1.543028410410920058e-06
1.316980780926470240e-06
1.122359127968532739e-06
9.502262409128297505e-07
7.954264915302397657e-07
1.981725317234456278e-05
1.899794393737314202e-05
1.786859459536998599e-05
1.645253015599441312e-05
1.480754453881560685e-05
1.301959795162849730e-05
1.119710260345557427e-05
9.444120440015150409e-06
7.849777788049846301e-06
6.471637362554266821e-06
5.327634979057644375e-06
4.408088257742649958e-06
3.680925754640264816e-06
3.106430987563045125e-06
2.645152386204383510e-06
2.264093004531077467e-06
1.938656745707369359e-06
1.652371101398672722e-06
1.395525640439734047e-06
1.161451036946618677e-06
2.502262617425347907e-05
2.381173834844198687e-05
2.221270462911139300e-05
2.027377929343751023e-05
1.808504639850436283e-05
1.576869853486183599e-05
1.346599417524650867e-05
1.130139693218091968e-05
9.372032152620812434e-06
7.732581311339430618e-06
6.388078674180086211e-06
5.314917567272943256e-06
4.466301256662529922e-06
3.791101726252088990e-06
3.241955361205934257e-06
2.781075515633305520e-06
2.381341614142745744e-06
2.025361136303166820e-06
1.703438246442616116e-06
1.406513606608405149e-06
3.383234432792915620e-05
3.184063012890604461e-05
2.934809910465254867e-05
2.645544519875144682e-05
2.331781957228962261e-05
2.011717059841242175e-05
1.704268193098689904e-05
1.423846431105889161e-05
1.180203819373243594e-05
9.773692997023982067e-06
8.130216282379684297e-06
6.824159398783120205e-06
5.785146001533764797e-06
4.946006010371823901e-06
4.249123290459608651e-06
3.650888849167235807e-06
3.121392939177997827e-06
2.643419226808587856e-06
2.205949705925328139e-06
1.796992400901384375e-06
8.134945457888046686e-04
7.567253078741336065e-04
6.876069288881331894e-04
6.091622308623483419e-04
5.250659598468787517e-04
4.399251457793066766e-04
3.590229032711497910e-04
2.870941486220622476e-04
2.275040477570522011e-04
1.813221397497144147e-04
1.472898970165580296e-04
1.227702940692232013e-04
1.047375325634042212e-04
9.070315747639481430e-05
7.890031747702513118e-05
6.829730856929588814e-05
5.842073330826919606e-05
4.915795153499788006e-05
4.057357605976406466e-05
3.272442417481372280e-05
1.203243060810720065e-03
1.116888852119693942e-03
1.012577080901021307e-03
8.949332828549486562e-04
7.693105781684708277e-04
6.429135864502576615e-04
5.235334587679512167e-04
4.180975651027424105e-04
3.313728284586511526e-04
2.645594706450899434e-04
2.155194164164551723e-04
1.801749165952264901e-04
1.540643544970836864e-04
1.335852918092811142e-04
1.162282656813019496e-04
1.005440865193526139e-04
8.589907560507131518e-05
7.216862320540151383e-05
5.945738917048604914e-05
4.784667230148320421e-05
1.725105675413819923e-03
1.598783088107604217e-03
1.446941956946242282e-03
1.276226309821102247e-03
1.094927088508888900e-03
9.130897936778412886e-04
7.422500561358355261e-04
5.921939065023928712e-04
4.694512012456163240e-04
3.753457539081467590e-04
3.064617499914792996e-04
2.568106538724236566e-04
2.199879124893697017e-04
1.909246509265477738e-04
1.661380367873309405e-04
1.436436221027163668e-04
1.226006307434320648e-04
1.028770891665736721e-04
8.463523717908356166e-05
6.798189824446468777e-05
1.892370986418351504e-03
1.752875631111243003e-03
1.585601574992272613e-03
1.397823922497225604e-03
1.198452553294131889e-03
9.988067285284756968e-04
8.115722740324586050e-04
6.473435080234040372e-04
5.132095589739830250e-04
4.105034508411897895e-04
3.353830555645838287e-04
2.812363362159105021e-04
2.410258133725615138e-04
2.092391274498396972e-04
1.820804516240904385e-04
1.574022313720549601e-04
1.343049063850221248e-04
1.126596552844738250e-04
9.264409557560805881e-05
7.437518783910728381e-05
3.265312841456494684e-04
2.898637791508887861e-04
2.503525629137566414e-04
2.101414186244793258e-04
1.718540149736837630e-04
1.378360367136423391e-04
1.097942981634432755e-04
8.819056351050116795e-05
7.240150381128392456e-05
6.105531243206157666e-05
5.268189488336353694e-05
4.607547326663655521e-05
4.041296486223805163e-05
3.522979911352532885e-05
3.031539399697939384e-05
2.564698275033553150e-05
2.127536356084000130e-05
1.724002239522022786e-05
1.356701827367496623e-05
1.029806257370572688e-05
8.944499566110560625e-04
8.939562058424857472e-04
9.120989109000345128e-04
9.427997750908668389e-04
9.576509376582152807e-04
9.030736908173852889e-04
7.347861160005220897e-04
4.948211215489018008e-04
3.107815686848638937e-04
2.297368175127351576e-04
1.887568877193063687e-04
1.576065192254649729e-04
1.328256672776651870e-04
1.119582574338102320e-04
9.367807123479321733e-05
7.759778085618629319e-05
6.318040937855395260e-05
5.049618410346535472e-05
3.924286253833639683e-05
2.945276781198527519e-05
1.477915703900866415e-03
1.305258477438263299e-03
1.120912093747550037e-03
9.358695309338049308e-04
7.625238104213440506e-04
6.105647836594178118e-04
4.869810191113105075e-04
3.930760022077801983e-04
3.247862273414208389e-04
2.756375415678198495e-04
2.389152234001549004e-04
2.094090387753133641e-04
1.837059072671115264e-04
1.599235254050278005e-04
1.372723897354023671e-04
1.157892526214388625e-04
9.571773960308829201e-05
7.719940948133721551e-05
6.039065291406649064e-05
4.548721781283338923e-05
1.804088539092965279e-03
1.592439136223262669e-03
1.366963005639260011e-03
1.140959647053469165e-03
9.289847298339791622e-04
7.436030067289454331e-04
5.932773887157771417e-04
4.788986262425179745e-04
3.960751853352370848e-04
3.364118024244845532e-04
2.917903406247227601e-04
2.558992438439329714e-04
2.244763488549729685e-04
1.953497604201550285e-04
1.676283346975764726e-04
1.413531009772693386e-04
1.167659612505985122e-04
9.411452525664132341e-05
7.355484167702403746e-05
5.534632507288264234e-05
8.744637268036953184e-05
7.453596471587286415e-05
6.183645644133117867e-05
5.018798758570207233e-05
4.026865915460143343e-05
3.241690670317406514e-05
2.657977015005055554e-05
2.237010706229264641e-05
1.930987054211133280e-05
1.695778542474785740e-05
1.498981135111435561e-05
1.321080895028232737e-05
1.152286949528832601e-05
9.893901989354797282e-06
8.342348703862084624e-06
6.884529502377683924e-06
5.530946664165266855e-06
4.298432258280816114e-06
3.209657252103937183e-06
2.227866218580207347e-06
2.579224703391425262e-04
2.198930093842714668e-04
1.824744654300387630e-04
1.481162213526691614e-04
1.188237413159434563e-04
9.561980722237735473e-05
7.836683110273291416e-05
6.592612449714127998e-05
5.688771793310842248e-05
4.994662822145397605e-05
4.415124061568588884e-05
3.891481743191449564e-05
3.394752955320917031e-05
2.915357931984297217e-05
2.458732775351799731e-05
2.029655315789858253e-05
1.631226173374229697e-05
1.268285058140083667e-05
9.476088240030776421e-06
6.584969246126634907e-06
9.440684804903930801e-04
8.029158743554467344e-04
6.648575249754828248e-04
5.389545508044690011e-04
4.324379705886609087e-04
3.486266725626095469e-04
2.865826563071154401e-04
2.418790040265147913e-04
2.092774724709610184e-04
1.840491589120146906e-04
1.627888884980321200e-04
1.434491923598901980e-04
1.250357864855157497e-04
1.072561231533874761e-04
9.033706537978390206e-05
7.444169149167200177e-05
5.968430072858209177e-05
4.626790330485141270e-05
3.444124415365481769e-05
2.371625343080964755e-05
1.397401463275733686e-03
1.187313452012759641e-03
9.823532660399000079e-04
7.959724559227744026e-04
6.387513004219898130e-04
5.153425390785679313e-04
4.241574726050464450e-04
3.584605990250243606e-04
3.104608499346625050e-04
2.732116057689330454e-04
2.416974534990655574e-04
2.129603137375994518e-04
1.855607667593499744e-04
1.591023045389236969e-04
1.339328962327463466e-04
1.102860594091301837e-04
8.833582662410418217e-05
6.839811260420035582e-05
5.083538052236609591e-05
3.488472861194521894e-05
4.130425747871689857e-05
3.415930012781822386e-05
2.775448962482384842e-05
2.241981538823576523e-05
1.828515205598362390e-05
1.524166076621442755e-05
1.304986217090782278e-05
1.142769977960383372e-05
1.014461217657274795e-05
9.035288401285523246e-06
8.002607630851186991e-06
7.005032788760920814e-06
6.033095823375907803e-06
5.100726635994523708e-06
4.215390860441344610e-06
3.385354794754124381e-06
2.625649406127396480e-06
1.955981683863991963e-06
1.349973424869470576e-06
9.865653002359549207e-07
8.243250868487850735e-05
6.824259259198988444e-05
5.546317599122838651e-05
4.478553358840186920e-05
3.648348685357395146e-05
3.036047456303096948e-05
2.595129027210810036e-05
2.269640440652783469e-05
2.013326341091574177e-05
1.792729011748115867e-05
1.588037347498945026e-05
1.390612107726969428e-05
1.198270274312017699e-05
1.013705982818504395e-05
8.384973209300256968e-06
6.741931262644558925e-06
5.236454881908453728e-06
3.907772935264988180e-06
2.709705510972285351e-06
1.957933983765345996e-06
4.218582491387353026e-04
3.493899841991112321e-04
2.840001674108529398e-04
2.292487454675974125e-04
1.866027442739403165e-04
1.551239595983667900e-04
1.324682023589436001e-04
1.157727544794205784e-04
1.026584435120909500e-04
9.140177012752560869e-05
8.097457551847788673e-05
7.092569509444927335e-05
6.113458058008493137e-05
5.173806274025702552e-05
4.281913611884297446e-05
3.445382387500627296e-05
2.678294758856704290e-05
2.000822704222964056e-05
1.391347767543988653e-05
9.979877261660863937e-06
9.200862768718604803e-04
7.611643014737029273e-04
6.183927484180227032e-04
4.994941724996984026e-04
4.072434583058623402e-04
3.393015583761850476e-04
2.903832556534713350e-04
2.542191171122857164e-04
2.256408831160829076e-04
2.009635729310793356e-04
1.780001849297482353e-04
1.558305384483213885e-04
1.342276479137131332e-04
1.135040461769206750e-04
9.382550728233722049e-05
7.537451121000526301e-05
5.848005980493840205e-05
4.358639311225920857e-05
3.011869543298158550e-05
2.194133366933245826e-05
2.935511052746130444e-05
2.397066603951136400e-05
1.947995787398379978e-05
1.599392680167555325e-05
1.342271419885347408e-05
1.156609990426624847e-05
1.019447897880381325e-05
9.107534667747199225e-06
8.165572575090734538e-06
7.283520745868733922e-06
6.423840056725344647e-06
5.578632390472088109e-06
4.757609693153322593e-06
3.968765634446104804e-06
3.218432498447827070e-06
2.522257142961168245e-06
1.901243040221061583e-06
1.355491153508903718e-06
9.127707164518782503e-07
7.422530791602773921e-07
4.550443668152900727e-05
3.716448224439477247e-05
3.019524678925754245e-05
2.478197269427348355e-05
2.078475351237290918e-05
1.790009462657743902e-05
1.577003622657022905e-05
1.408488917437232978e-05
1.262677459790979643e-05
1.126296292861354300e-05
9.934640991357458778e-06
8.628706771016929824e-06
7.360179247139054073e-06
6.141328849886578278e-06
4.982075445937180852e-06
3.906174846848511437e-06
2.945849056376198561e-06
2.102511576519353008e-06
1.413008824467166511e-06
1.150997997743734431e-06
1.407775327786471792e-04
1.150118812713021632e-04
9.339424318313280444e-05
7.651755040009725669e-05
6.402534852503760383e-05
5.500322326094331748e-05
4.836593367713398853e-05
4.314949689695372833e-05
3.866433760822536006e-05
3.449099707845050165e-05
3.043500542292767002e-05
2.645010440590741795e-05
2.257795523472953984e-05
1.886000993842728418e-05
1.532296280086124386e-05
1.203623959173307165e-05
9.096366439226668318e-06
6.520910165099639907e-06
4.347125114121430326e-06
3.565948450422515937e-06
5.204933358286099486e-04
4.250919053849536405e-04
3.453646413748237163e-04
2.832379988762340987e-04
2.374430395553891256e-04
2.043405838479468348e-04
1.799264362489555100e-04
1.606570764509971207e-04
1.440111103305789699e-04
1.284577999370181353e-04
1.133205574278786827e-04
9.843917727157369246e-05
8.398524444047501228e-05
7.009925116655099826e-05
5.688981998930912968e-05
4.462778053062252111e-05
3.367535946721312868e-05
2.406544702389680208e-05
1.612678737753674081e-05
1.317296622033329623e-05
4.627936180196609572e-01
3.766626830281342708e-01
3.020494721347259381e-01
2.398714037664254339e-01
1.908350575802396365e-01
1.531870941963819344e-01
1.251816570212677948e-01
1.043635083341727388e-01
8.828758682811747860e-02
7.498802183486918960e-02
6.323009239232925405e-02
5.248745936067405332e-02
4.264065884359474062e-02
3.378534885824245604e-02
2.601495361660219330e-02
1.941527821369386925e-02
1.398825600303656505e-02
9.660350844035076046e-03
6.313330115482899095e-03
3.839727744633235525e-03
2.753080507663370202e-01
2.206698700823858383e-01
1.773352118835420932e-01
1.439554640327450619e-01
1.190596565323620015e-01
1.002676956614754339e-01
8.546228194706073644e-02
7.292526694503320694e-02
6.165977424743598889e-02
5.125307358800351709e-02
4.168490125385462125e-02
3.306208090428060242e-02
2.549294200411057060e-02
1.904674235945310809e-02
1.373510477349753831e-02
9.488923003462126221e-03
6.197154309376032462e-03
3.755237417882327945e-03
2.054214588889418519e-03
9.826113885490737627e-04
2.216465026570721975e-01
1.804051779176730763e-01
1.490049803017637342e-01
1.252741117816963679e-01
1.068973128472531509e-01
9.177267393543876717e-02
7.843827840688034903e-02
6.617544872214882468e-02
5.478860667468878759e-02
4.433137622815779694e-02
3.495865507736786726e-02
2.677900892749653095e-02
1.985055619504595345e-02
1.416654027636059417e-02
9.634614950517596602e-03
6.156736989967511939e-03
3.621411304251808804e-03
1.910213977643643356e-03
8.660818376911981909e-04
4.962021700505083463e-04
1.803218864561808854e-01
1.505981668384623884e-01
1.278779556899474479e-01
1.098952522614364408e-01
9.471060528180100246e-02
8.116118571388607206e-02
6.860947607661870007e-02
5.692577700566389676e-02
4.617668597568713035e-02
3.651104507172566599e-02
2.807325108743348105e-02
2.089744784661803564e-02
1.496869161774190375e-02
1.021006119503496332e-02
6.537947074254124233e-03
3.859999675027475131e-03
2.049081919948584664e-03
9.382236441572673136e-04
4.929385981349072203e-04
3.744605530998123860e-05
1.932479733087363871e-01
1.649911341953866073e-01
1.425491241394486741e-01
1.234814258991281111e-01
1.063281933529140189e-01
9.036917739445987641e-02
7.540723880417979363e-02
6.162163773794238075e-02
4.909307335983213033e-02
3.809972349929834773e-02
2.863108331437458007e-02
2.075019108576344612e-02
1.433818984081894517e-02
9.333649913819635699e-03
5.630398087556718820e-03
3.083432035275014346e-03
1.470170681935370179e-03
6.468784402480713246e-04
3.889013330691969876e-04
-5.268611366517341951e-04
