# bin_1_1
1.791387746912275903e-07
1.900616853365252572e-07
2.012441190097488531e-07
2.125854752683926827e-07
2.238981794169917507e-07
2.350426016962553694e-07
2.458461154177640977e-07
2.561099740304999028e-07
2.656092640163794312e-07
2.740919857948270133e-07
2.812818994126210835e-07
2.868871643304401847e-07
2.906076374868499583e-07
2.922818315449164570e-07
2.917715312406282098e-07
2.884416846537049577e-07
2.819524179244764679e-07
2.723340611086190763e-07
2.599937200599667914e-07
2.455688161239949705e-07
2.293438729463302534e-07
2.118412779367867254e-07
1.941086316210305737e-07
1.772580810538359459e-07
1.620754670628045288e-07
1.491113941414236028e-07
1.384786767269830153e-07
1.295136546420650491e-07
1.210109478558284220e-07
1.116417877552468917e-07
1.005721659955193435e-07
8.793885270009122995e-08
7.514124356974378713e-08
6.433956305370712532e-08
5.677467652922721094e-08
5.144499379974348444e-08
4.612771796700064586e-08
3.977556831001061057e-08
3.356604101513679055e-08
2.904887744935301479e-08
2.569969711175841168e-08
2.224678451970371657e-08
1.901019318975073081e-08
1.654804432017829307e-08
1.437733046138669592e-08
1.243749699084158735e-08
1.084615053779942262e-08
9.451828906311116017e-09
8.271018563865899770e-09
7.260263337368168441e-09
6.396051763719187292e-09
5.654052473077094894e-09
5.015080834117113025e-09
4.461038025302029620e-09
3.980388372819746337e-09
3.561026799521615674e-09
3.192360703162231806e-09
2.865927627944730633e-09
2.574994864181736060e-09
2.314165128781290506e-09
2.079082297061395926e-09
1.866236363470672706e-09
1.672790314132459826e-09
1.496445776985189872e-09
1.335370000594985133e-09
1.188140478318826193e-09
1.053628148027175728e-09
9.308881760479483097e-10
8.191263317914692363e-10
7.176689588400961020e-10
6.259055773763606512e-10
5.432638897802656771e-10
4.692114127834584709e-10
4.032277237217162966e-10
3.447753964142372930e-10
2.933114296074568435e-10
2.483006996327418133e-10
2.092010734073042807e-10
1.754602622843085327e-10
1.465239762874149378e-10
1.218614110766539485e-10
1.009699804982172575e-10
8.336854123167062923e-11
6.861428964380764419e-11
5.630866290822970166e-11
4.608296860130975516e-11
3.762261476501491835e-11
3.064782280865503850e-11
2.491642926820858612e-11
2.022084039270292235e-11
1.638404274523200665e-11
1.325625669512732338e-11
1.071196524747772248e-11
8.646244722237123073e-12
6.971893047793513726e-12
5.616764528987936866e-12
4.521452472242539407e-12
3.633959094299968962e-12
2.921484913652210285e-12
2.347474855851341828e-12
