# k_h
1.042460462485905906e-05
1.129729399149590914e-05
1.224304001189061016e-05
1.326795857889390113e-05
1.437867757356612796e-05
1.558237972595548717e-05
1.688684906393985382e-05
1.830052125050501307e-05
1.983253813497686606e-05
2.149280687097679501e-05
2.329206398340032434e-05
2.524194479872318209e-05
2.735505868762310857e-05
2.964507060649124653e-05
3.212678946514132812e-05
3.481626389216677206e-05
3.773088601723624286e-05
4.088950394146032621e-05
4.431254362314518235e-05
4.802214096713780609e-05
5.204228497194918299e-05
5.639897286035136466e-05
6.112037819663618298e-05
6.623703307770771045e-05
7.178202557619015750e-05
7.779121371236300659e-05
8.430345733862637005e-05
9.136086943603102957e-05
9.900908844794390189e-05
1.072975734119570356e-04
1.162799237985855094e-04
1.260142261250625528e-04
1.365634295856974455e-04
1.479957531278969826e-04
1.603851266063056565e-04
1.738116688678948069e-04
1.883622058596480639e-04
2.041308321093173350e-04
2.212195192101906673e-04
2.397387752447915942e-04
2.598083594118266249e-04
2.815580564776879271e-04
3.051285160606898917e-04
3.306721621754642008e-04
3.583541789193122186e-04
3.883535786746762381e-04
4.208643597355301159e-04
4.560967608437481577e-04
4.942786207482168393e-04
5.356568515785999768e-04
5.804990355616814748e-04
6.290951554058406281e-04
6.817594695435914972e-04
7.388325443589070481e-04
8.006834565411984593e-04
8.677121798080036398e-04
9.403521714307042523e-04
1.019073175289642724e-03
1.104384259585286998e-03
1.196837108849507390e-03
1.297029591545556569e-03
1.405609626327494147e-03
1.523279371961129862e-03
1.650799768001637866e-03
1.788995455591186994e-03
1.938760110198139769e-03
2.101062220783219293e-03
2.276951352765017866e-03
2.467564935285830770e-03
2.674135616669249312e-03
2.897999235635391035e-03
3.140603459821485199e-03
3.403517147470923061e-03
3.688440492830337165e-03
3.997216020862346189e-03
4.331840502373960136e-03
4.694477866612573221e-03
5.087473194832052743e-03
5.513367885321570315e-03
5.974916087965488447e-03
6.475102514612382162e-03
7.017161740428065272e-03
7.604599121049616592e-03
8.241213460805987823e-03
8.931121578594870131e-03
9.678784930276761178e-03
1.048903845974638420e-02
1.136712186525390064e-02
1.231871348316682796e-02
1.334996700829042815e-02
1.446755128820696214e-02
1.567869344897375797e-02
1.699122563106246139e-02
1.841363563776868967e-02
1.995512182362231893e-02
2.162565257774705027e-02
2.343603078683309526e-02
2.539796369458782385e-02
2.752413860942733853e-02
2.982830494999114471e-02
3.232536315904626506e-02
3.503146106076459459e-02
3.796409828449004431e-02
4.114223943027742192e-02
4.458643670801503561e-02
4.831896284320529034e-02
5.236395510887172089e-02
5.674757141500856583e-02
6.149815946496185737e-02
6.664644007263373360e-02
7.222570582597388766e-02
7.827203638146205955e-02
8.482453178183683995e-02
9.192556530587399355e-02
9.962105748532940064e-02
1.079607730610403493e-01
1.169986427985255373e-01
1.267931122441805780e-01
1.374075196773819341e-01
1.489105057026208767e-01
1.613764571303900053e-01
1.748859880172866366e-01
1.895264609760900221e-01
2.053925521269935051e-01
2.225868633433822630e-01
2.412205857513863849e-01
2.614142187738947576e-01
2.832983493688943089e-01
3.070144965012703842e-01
3.327160263090397363e-01
3.605691438821663763e-01
3.907539680675319316e-01
4.234656962505373157e-01
4.589158666456865654e-01
4.973337262590463714e-01
5.389677133688471899e-01
5.840870641110275097e-01
6.329835535591066265e-01
6.859733825574901855e-01
7.433992225098546847e-01
8.056324313457459141e-01
8.730754549954524713e-01
9.461644299028785232e-01
1.025372003406168409e+00
1.111210390224773192e+00
1.204234684818454637e+00
1.305046451038370581e+00
1.414297612283609951e+00
1.532694667319781434e+00
1.661003259022276080e+00
1.800053125589037295e+00
1.950743466241086965e+00
2.114048756109375482e+00
2.291025047911277479e+00
2.482816801168091114e+00
2.690664283126286360e+00
2.915911589242284219e+00
3.160015335097231315e+00
3.424554075950049015e+00
3.711238514842607916e+00
4.021922565270090288e+00
4.358615339956054768e+00
4.723494143260437816e+00
5.118918551238937908e+00
5.547445670405985574e+00
6.011846673875628433e+00
6.515124721815341857e+00
7.060534382099507233e+00
7.651602676751045884e+00
8.292151890272991821e+00
8.986324287365388130e+00
9.738608899870802915e+00
1.055387055617241643e+01
1.143738134077043966e+01
1.239485468747744079e+01
1.343248232670471509e+01
1.455697432576804928e+01
1.577560248114282970e+01
1.709624734327537254e+01
1.852744917804724167e+01
2.007846319444741567e+01
2.175931939559476191e+01
2.358088744015230986e+01
2.555494693357502811e+01
2.769426360374576035e+01
3.001267185360815049e+01
3.252516422464216816e+01
3.524798834971984007e+01
3.819875202230910105e+01
4.139653706148194345e+01
4.486202270906179024e+01
4.861761935688655001e+01
5.268761346896784659e+01
5.709832463571988370e+01
6.187827577588557659e+01
6.705837758681330740e+01
7.267212843587446969e+01
7.875583098566903573e+01
8.534882695387550200e+01
9.249375152587874993e+01
