# ximinus_1_1
2.775196684685175496e-06
-2.663250517097408311e-06
2.612463962252531340e-06
-2.502273448363142493e-06
2.459838473014316818e-06
-2.350094642673453026e-06
2.316834765903365933e-06
-2.206088113614772186e-06
2.183018148755671842e-06
-2.069640044103874241e-06
2.058005697876605672e-06
-1.940143710377486393e-06
1.941467956877105347e-06
-1.816993928928883569e-06
1.833131355040429090e-06
-1.699580942772682836e-06
1.732781433256428894e-06
-1.587283680877328899e-06
1.640266934022674759e-06
-1.479462288230258471e-06
1.555504817341566224e-06
-1.375449889026861975e-06
1.478486260261015570e-06
-1.274543502183878016e-06
1.409283669147827312e-06
-1.175994088978679222e-06
1.348058713056897009e-06
-1.078995742846877913e-06
1.295071331641793026e-06
-9.826740842922669605e-07
1.250689601950749610e-06
-8.860740080048663364e-07
1.215400268059629806e-06
-7.881470505727003823e-07
1.189819576210213560e-06
-6.877387731809006533e-07
1.174703928193161005e-06
-5.835767920033531900e-07
1.170959601662169892e-06
-4.742602807328917864e-07
1.179650546309724030e-06
-3.582521380292771595e-07
1.202002896408239189e-06
-2.338753403048584709e-07
1.239404447492353867e-06
-9.931545478903360239e-08
1.293396892073425822e-06
4.736823545118929463e-08
1.365658103968814542e-06
2.082200359256095358e-07
1.457971263694769564e-06
3.853501499173546854e-07
1.572177184072959807e-06
5.808781787082803270e-07
1.710105916435662304e-06
7.968538704500087009e-07
1.873483745086688896e-06
1.035151404968445339e-06
2.063812198291450519e-06
1.297334382092770699e-06
2.282216991642930036e-06
1.584490447557117713e-06
2.529267167815048225e-06
1.897037514653265618e-06
2.804768472639676533e-06
2.234508153294156106e-06
3.107540545722493597e-06
2.595325239806788004e-06
3.435195056126553513e-06
2.976590543855365328e-06
3.783941458250174287e-06
3.373918349542272576e-06
4.148458179281530230e-06
3.781357735717572447e-06
4.521878533277708872e-06
4.191458039036576107e-06
4.895950264445646276e-06
4.595539429077012310e-06
5.261431690167505537e-06
4.984229944323613867e-06
5.608780726968319755e-06
5.348315887676019357e-06
5.929169095819294457e-06
5.679917205294171235e-06
6.215805794968104773e-06
5.973936974308607314e-06
6.465476322730815423e-06
6.229641378174154632e-06
6.680097350620426776e-06
6.452108365698056139e-06
6.867961502355717879e-06
6.653158133261930278e-06
7.044231307435119551e-06
6.851284753407801484e-06
7.230184510497824732e-06
7.070105989250562398e-06
7.450784624388619573e-06
7.335013834219873731e-06
7.730428133893116636e-06
7.668111714194200345e-06
8.087255005467124903e-06
8.082185284103501362e-06
8.527173140995953878e-06
8.575276849794471231e-06
9.039560983670279459e-06
9.128142265554708545e-06
9.597096155806005753e-06
9.706988072594398929e-06
1.016176531051886062e-05
1.027284740338056876e-05
1.069732829042437534e-05
1.079640380191070463e-05
1.118527740005637814e-05
1.127338533011195348e-05
1.163758909873061104e-05
1.173242274169080017e-05
1.209756834380031575e-05
1.222728721244433358e-05
1.262285651788901064e-05
1.281143563861074099e-05
1.325396608106682895e-05
1.350472634324338222e-05
1.398480515254066322e-05
1.427408107631665121e-05
1.475933440770686536e-05
1.505003768115607398e-05
1.550842038226845276e-05
1.577962830526955654e-05
1.620943811710582011e-05
1.647933756541325692e-05
1.691764841852675847e-05
1.723228451295916899e-05
1.772344314553472229e-05
1.811056986773291552e-05
1.865719054779049898e-05
1.909006558279858294e-05
1.964456693985691142e-05
2.006946999205258409e-05
2.059382691077475528e-05
2.100429596169608307e-05
2.153065598349694201e-05
2.198578042893905397e-05
2.257663266255852005e-05
2.311174940906811937e-05
2.375679635553109699e-05
2.431756571170507503e-05
2.494698015437776058e-05
2.548750438457141705e-05
2.611080273782261725e-05
2.669400059509341108e-05
2.739100881937107148e-05
2.805924965109902198e-05
2.880322033550372326e-05
2.947699206613451712e-05
3.019770221851827399e-05
3.087592860372683639e-05
3.164855926129561876e-05
3.241953719735815299e-05
3.326448382953180991e-05
3.405812731252045520e-05
3.488531425252175958e-05
3.568948270044056868e-05
3.658444694073936272e-05
3.748771167877149247e-05
3.843659589401748899e-05
3.933907696486954695e-05
4.028925054650712517e-05
4.126227439923804469e-05
4.231274270882237848e-05
4.333842844763289914e-05
4.438459216860914520e-05
4.544353151775070267e-05
4.658850529755249973e-05
4.773071272145605029e-05
4.888641890791854553e-05
5.005728657118298773e-05
5.131333867507698455e-05
5.256845422424173800e-05
5.383847565713753330e-05
5.514691381417153942e-05
5.652795116118621347e-05
5.789264967285474611e-05
5.930097231384632406e-05
6.076883735924299817e-05
6.226203912168590639e-05
6.376225814525502669e-05
6.535067007494587722e-05
6.694617302779753997e-05
6.857637039756547207e-05
7.027579001119302023e-05
7.199409486050592716e-05
7.375267553232842100e-05
7.558593329131410663e-05
7.741825945714412031e-05
7.934248798700352140e-05
8.128161179265021459e-05
8.328455758657335971e-05
8.533905243168834890e-05
8.743132082998850878e-05
8.959667712906745779e-05
9.179283835791033329e-05
9.406716479493245318e-05
9.637700582565446859e-05
9.876352663902956183e-05
1.011931688860406012e-04
1.036976290712663849e-04
1.062519895397194617e-04
1.088806791206544343e-04
1.115645942239360796e-04
1.143235958682555176e-04
1.171419929807303512e-04
1.200369691554250211e-04
1.229946879005947989e-04
1.260307663867295887e-04
1.291322850392200743e-04
1.323138923727302672e-04
1.355630153302157782e-04
1.388936253707055647e-04
1.422931255009321169e-04
1.457749194571088562e-04
1.493261194862805430e-04
1.529595575333072654e-04
1.566618387589012516e-04
1.604451444823378500e-04
1.642953785188339642e-04
1.682239416105122775e-04
1.722158505078984062e-04
1.762815617461273179e-04
1.804050246586527153e-04
1.845955707843734508e-04
1.888359125320939597e-04
1.931340775932996489e-04
1.974713966460570438e-04
2.018544407610008942e-04
2.062630612760062826e-04
2.107022767148468672e-04
2.151504398556169343e-04
2.196110154551329774e-04
2.240609558869969902e-04
2.285023093275770909e-04
2.329108872887886302e-04
2.372876427276073626e-04
2.416077106416856266e-04
2.458714948990700123e-04
2.500541565165736698e-04
2.541563451082848963e-04
2.581541979444770753e-04
2.620496453129328484e-04
2.658209664959732595e-04
2.694725872219357748e-04
2.729862165745147967e-04
2.763700395948827772e-04
2.796104337019906226e-04
2.827204430777440674e-04
2.856920487972620633e-04
2.885437996003849736e-04
2.912735941967604675e-04
2.939053444684982261e-04
2.964422319611270153e-04
2.989123059331423994e-04
3.013222105522325223e-04
3.037016820431605270e-04
3.060578165019401569e-04
3.084185308767759437e-04
3.107875497961311252e-04
3.131870209289492018e-04
3.156135176869092522e-04
3.180801119713787197e-04
3.205737652543304392e-04
3.230971951429838034e-04
3.256279854282088590e-04
3.281604605464377667e-04
3.306666176734310877e-04
3.331378999943475534e-04
3.355476357748213029e-04
3.378921302345376824e-04
3.401538141211754161e-04
3.423406637493146853e-04
3.444490030086147687e-04
3.465002581616809631e-04
3.485026837514422840e-04
3.504851719539968206e-04
3.524582532105962544e-04
3.544460408892348294e-04
3.564483002459606213e-04
3.584728576788857911e-04
3.605012360810295048e-04
3.625236865204838651e-04
3.645095955441535456e-04
3.664448603728848110e-04
3.683049673212517071e-04
3.700908971906587369e-04
3.717999500405202887e-04
3.734553285435841786e-04
3.750714088559334173e-04
3.766767416001146475e-04
3.782773812010820362e-04
3.798805429651304051e-04
3.814650866133526604e-04
3.830138039048169287e-04
3.844943999228914427e-04
3.858966126678270545e-04
3.872126086280453742e-04
3.884638845665874286e-04
3.896682431024426599e-04
3.908528422050038345e-04
3.920173775573532042e-04
3.931541165755027744e-04
3.942300668195074720e-04
3.952256544907733430e-04
3.961265532488215469e-04
3.969519823875554063e-04
3.977226476225051953e-04
3.984633698263480902e-04
3.991654169064792735e-04
3.998085882727611565e-04
4.003593326976381361e-04
4.008144334473167096e-04
4.011876921545935747e-04
4.015116507663933675e-04
4.017901040063281948e-04
4.020065584790845381e-04
4.021261181252602161e-04
4.021457947580782703e-04
4.020843379715908529e-04
4.019709750795415529e-04
4.017957954904284503e-04
4.015323946992745835e-04
4.011614950174918173e-04
4.007071505527751458e-04
4.001904113829699277e-04
3.996058474753080088e-04
3.989205922538586763e-04
3.981351631571973700e-04
3.972716919794172736e-04
3.963414137473602987e-04
3.953191726069332367e-04
3.941985827603017756e-04
3.929932598569650030e-04
3.917122795639261059e-04
3.903420456781734400e-04
3.888848441564830903e-04
3.873396471596474307e-04
3.857053808939665080e-04
3.839934659295302631e-04
3.822065129003959891e-04
3.803130552187374762e-04
3.783359148446281011e-04
3.763064633341929241e-04
3.741774188252968238e-04
3.719446475613466963e-04
3.696667738386044634e-04
3.673054926049662658e-04
3.648489097316495776e-04
3.623264622451149606e-04
3.597270813800981966e-04
3.570713643717991553e-04
3.543252297259202595e-04
3.515052773765620976e-04
3.486405709804618548e-04
3.456993122313616810e-04
3.426947247349650702e-04
3.396178218889390793e-04
3.365028656413081168e-04
3.333221454018623622e-04
3.300814147348778149e-04
3.267871488288007242e-04
3.234536968690909374e-04
3.200680691734672598e-04
3.166292779387724953e-04
3.131514647594864950e-04
3.096383759969216867e-04
3.060835562039959093e-04
3.024875360103061197e-04
2.988637958862783921e-04
2.952122465176306278e-04
2.915294443860271152e-04
2.878186257025901239e-04
2.840892410512756302e-04
2.803419036870369091e-04
2.765725829800240584e-04
2.727873213354899302e-04
2.689938629635392009e-04
2.651930718584900176e-04
2.613801383865287662e-04
2.575651448953627078e-04
2.537516987108380789e-04
2.499433173257388486e-04
2.461321301666651333e-04
2.423310227494561897e-04
2.385397885543710122e-04
2.347627433642556351e-04
2.309915703458101290e-04
2.272401240115159537e-04
2.235068530674795822e-04
2.197950537451508321e-04
2.160977697171435126e-04
2.124278887951425230e-04
2.087828004523867406e-04
2.051647883744514718e-04
2.015698313106683280e-04
1.980100358181837697e-04
1.944824273649014960e-04
1.909883383177664426e-04
1.875256387558433754e-04
1.841043892369963241e-04
1.807210741113233945e-04
1.773757963170156525e-04
1.740683939292753633e-04
1.708077215301611999e-04
1.675891773528921896e-04
1.644114467667540124e-04
1.612771036635679989e-04
1.581940066407998724e-04
1.551568537708569533e-04
1.521617045927638765e-04
1.492128564385618273e-04
1.463163112337868572e-04
1.434666407633908584e-04
1.406593622445321504e-04
1.379014954340689666e-04
1.351982325640265783e-04
1.325433905756792424e-04
1.299323791714154862e-04
1.273727105767920136e-04
1.248668479324000554e-04
1.224071340412071385e-04
1.199908168315670204e-04
1.176266542387524627e-04
1.153149532067746213e-04
1.130474117082636899e-04
1.108235612311604283e-04
1.086518173419213175e-04
1.065301189639371695e-04
1.044502924355991918e-04
1.024140249394457441e-04
1.004284990133035330e-04
9.848903870041464327e-05
9.658649880107384974e-05
9.472637562796135330e-05
9.291715087998524136e-05
9.115174108671324519e-05
8.941894691912496951e-05
8.772691674709108837e-05
8.608229288498814693e-05
8.447764568055714143e-05
8.290066534689876049e-05
8.136352799865135188e-05
7.987131748183035724e-05
7.841555542628957012e-05
7.698385870334081957e-05
7.559017675938090833e-05
7.423681068087919588e-05
7.291444656201990647e-05
7.161398228442927253e-05
7.035089556343904281e-05
6.912346847431692458e-05
6.792151195149865250e-05
6.674028724655807021e-05
6.559463523780766395e-05
6.447881949259799596e-05
6.338393254443242138e-05
6.230906986208486977e-05
6.126694361372469349e-05
6.025043512140966815e-05
5.924965502526324536e-05
5.826696985078500321e-05
5.731561543386196289e-05
5.638553920751386057e-05
5.546610709404598672e-05
5.456422364873651500e-05
5.369010047548160221e-05
5.283484189296932263e-05
5.198526250658836378e-05
5.115331928912164778e-05
5.034551539237228719e-05
4.955346689141506081e-05
4.876432600831770203e-05
4.799292443780917022e-05
4.724199490962734333e-05
4.650298984546959044e-05
4.576600112533899358e-05
4.504644489525410934e-05
4.434349543863572667e-05
4.364860331237873991e-05
4.295583332214038215e-05
4.227986423017083883e-05
4.161635117751140336e-05
4.095820388094882256e-05
4.030337778216422476e-05
3.966361966467909616e-05
3.903395795487347043e-05
3.840731274670771566e-05
3.778468463065275709e-05
3.717648082304386036e-05
3.657615234944430223e-05
3.597634905284552887e-05
3.538162232400262524e-05
3.479908948396358417e-05
3.422390488398051122e-05
3.364702813247859721e-05
3.307708348538164147e-05
3.251745275736306839e-05
3.196504947396157207e-05
3.141041645170883747e-05
3.086404282455365794e-05
3.032622734876438790e-05
2.979458337738971339e-05
2.926111009353609411e-05
2.873650863803077637e-05
2.821867629265020758e-05
2.770519364269497434e-05
2.719019365076036346e-05
2.668271787028585261e-05
2.617886844007714359e-05
2.567682347227130124e-05
2.517339126860608799e-05
2.467570371024283845e-05
2.418011195204590252e-05
2.368551314135216811e-05
2.319081380334488571e-05
2.270172552314773292e-05
2.221568109729220615e-05
2.173184757873000225e-05
2.125100462643172503e-05
2.077691434873886941e-05
2.030819090738135367e-05
1.984327021859499701e-05
1.938467009520675622e-05
1.893349548648407340e-05
1.848988397936731436e-05
1.805131536461586803e-05
1.762101500470407935e-05
1.719815746721568245e-05
1.678356778259002276e-05
1.637474094498334297e-05
1.597454078198221657e-05
1.558136732040171432e-05
1.519621457673472212e-05
1.481706710882153354e-05
1.444583631738643185e-05
1.408087714728250025e-05
1.372330798578613300e-05
1.337174656308221963e-05
1.302706622991365925e-05
1.268802967323126865e-05
1.235559825013106408e-05
1.202885914438347994e-05
1.170795652200085721e-05
1.139234833082133900e-05
1.108285555868614089e-05
1.077868970818466945e-05
1.047924408730580337e-05
1.018502809375472419e-05
9.896709726712631228e-06
9.613589236141186921e-06
9.334490176569941463e-06
9.060475406819411888e-06
8.792272419450836339e-06
8.529278901308048338e-06
8.270078149904562642e-06
8.015940548593349869e-06
7.767433983665526155e-06
7.523919663032935968e-06
7.284325921704053131e-06
7.049932070658800750e-06
6.821040669654989862e-06
6.596688881048820956e-06
6.376522922837078395e-06
6.161856942500989613e-06
5.952539640530502646e-06
5.747352531118113755e-06
5.546559831819427349e-06
5.351279587882203955e-06
5.161226004567959008e-06
4.975284118234579656e-06
4.793600137069780385e-06
4.617176406597602697e-06
4.445955449425118151e-06
4.278763785656632473e-06
4.115720196491043033e-06
3.957639867224860045e-06
3.804332990788128761e-06
3.655101315979670854e-06
3.509997905666676532e-06
3.369587815844166006e-06
3.233131939147207060e-06
3.100866002590949849e-06
2.972611342695653745e-06
2.848616637676849870e-06
2.727996645370296522e-06
2.611470606639239035e-06
2.498621785191665589e-06
2.389593694546703180e-06
2.283683462864354967e-06
2.181402433202257303e-06
2.082300906635767322e-06
1.986748627236705337e-06
1.894067807367736394e-06
1.804406308805332083e-06
1.717555606108025478e-06
1.633995020520970666e-06
1.552950607885949318e-06
1.474370172256267093e-06
1.398324452151117871e-06
1.325117167285878639e-06
1.254272204513002297e-06
1.185563622673230567e-06
1.118980964265754663e-06
1.054713095964091210e-06
9.928739989184824726e-07
9.330781842911579057e-07
8.748532367495022530e-07
8.186353034134461372e-07
7.649451249995223546e-07
7.132840487112284313e-07
6.627544076072083009e-07
6.142193154183858431e-07
5.683542690088113179e-07
5.244459877552047975e-07
4.815835526558067054e-07
4.409343190608188867e-07
4.030739215582565503e-07
3.670530173749102623e-07
3.323437703636066149e-07
3.002090714410366400e-07
2.708700697376249589e-07
2.433853010281442697e-07
2.176293604407109563e-07
1.946874977052946405e-07
1.743395811188831654e-07
1.559273576471702445e-07
1.394517843834916333e-07
1.257075887332816278e-07
1.141746785803847635e-07
1.043470016835895143e-07
9.616940274200353013e-08
9.021952662113436657e-08
8.572224820649780938e-08
8.215223088260720001e-08
7.953885915828667453e-08
7.802315218760114045e-08
7.698031584371602870e-08
7.566666378183257983e-08
7.439935103578983474e-08
7.302032555912348627e-08
7.119661644881943446e-08
6.823260491821953416e-08
6.479078503899023871e-08
6.075769259668652469e-08
5.610578790665999159e-08
5.049028254333336172e-08
4.488338501980517144e-08
3.933100221224797133e-08
3.395266786958438826e-08
2.872311563001086930e-08
2.457162375315372363e-08
2.141893264278623129e-08
1.914995063241536216e-08
1.765328998054532654e-08
1.736161603379127786e-08
1.779281621952333541e-08
1.835456024392550738e-08
1.879752039849903442e-08
1.930473128399445073e-08
1.930038793956260644e-08
1.828110722137660802e-08
1.651521536664169699e-08
1.454145365311664697e-08
1.234731517591411774e-08
9.832440555614007592e-09
7.774474284121291719e-09
6.680449106739939747e-09
6.393419503540464832e-09
6.384463408986374311e-09
6.917974677587789142e-09
7.742754432639130551e-09
8.239660795003814941e-09
7.802472200364572535e-09
6.934088639379772252e-09
5.793351165840877251e-09
4.501088428314906172e-09
3.239306106643676092e-09
2.789496143929443852e-09
3.048409318504947239e-09
3.606612967285998504e-09
3.968821482899150099e-09
4.148708398290569375e-09
3.805950731282128108e-09
2.945963766974512124e-09
1.947094469400209272e-09
1.527890058372829280e-09
1.675262747882147258e-09
2.062257552175721083e-09
2.350338134064295398e-09
2.372530323680512894e-09
1.953462482708195817e-09
1.229096676544736840e-09
8.371073159653048334e-10
1.024179127278216297e-09
1.493124491113965220e-09
1.558118366717203220e-09
1.254252695949197401e-09
7.931761907747764774e-10
6.244054733766604494e-10
7.163318209986323934e-10
1.011534145097907660e-09
1.003362049280937238e-09
6.869670982278647606e-10
3.502239873546067591e-10
4.946316776651049961e-10
7.510290054510020868e-10
6.992478906419582772e-10
3.382002526987246294e-10
2.766263024706570863e-10
4.913412587893487016e-10
5.562835975568868809e-10
2.920120135509288615e-10
2.006371831745847922e-10
3.726086567198253058e-10
4.012826644584690122e-10
1.880194980923486876e-10
1.826282372545756939e-10
3.279360681476043693e-10
2.305781307748011191e-10
1.175975558364439275e-10
2.239619587674420688e-10
2.255843453026083160e-10
8.769379636669810006e-11
1.784194206324576862e-10
1.718575521195181090e-10
8.220851048702142889e-11
1.448420368143282162e-10
1.296593042539017773e-10
6.353934748891662882e-11
1.424261275030361762e-10
6.068324470295243350e-11
9.667055604791305255e-11
8.235743974709221212e-11
6.140852790209047066e-11
8.309268751584382836e-11
4.974844180848465796e-11
7.040270983201719297e-11
4.650643865757944982e-11
5.734391286601731312e-11
4.318170434399897566e-11
4.752101275914324015e-11
3.877224189032443998e-11
4.024254434938491204e-11
3.410194563501804741e-11
3.449290943065808701e-11
2.972372099341912337e-11
2.971724329695261835e-11
2.581535136520879904e-11
2.565637621225129491e-11
2.238711461491761563e-11
2.217227375483470118e-11
1.939867023131327458e-11
1.917272052965004692e-11
1.680018751942992763e-11
1.658616595658792114e-11
1.454380274613163358e-11
1.435356425824618787e-11
1.258621332576891875e-11
1.242512774635557581e-11
1.088896836928766726e-11
1.075851838584256427e-11
9.418195416134876952e-12
9.317571450999216690e-12
8.144192681777717389e-12
8.071301740985561329e-12
7.040998305083411207e-12
6.993101677109085508e-12
6.085972306526415332e-12
6.060083251912171794e-12
5.259405872653199083e-12
5.252531869997503176e-12
4.544164295320516848e-12
4.553448984604698998e-12
3.925365535292244558e-12
3.948166329211438655e-12
3.390093865024272053e-12
3.424018680829610930e-12
2.927146641600557026e-12
2.970065044310637263e-12
2.526811558511091039e-12
2.576850283419081058e-12
2.180671457244324481e-12
2.236200799640384199e-12
1.881433768542508878e-12
1.941049045298032718e-12
1.622781785981516620e-12
1.685282569827693284e-12
1.399245180129147213e-12
1.463614014683917118e-12
1.206087398704225283e-12
1.271469045754736724e-12
1.039207840605999723e-12
1.104889677363719456e-12
8.950569261648823149e-13
9.604508257525864137e-13
7.705624053809012384e-13
8.351882478978759715e-13
6.630654457960496387e-13
7.265362889221398906e-13
5.702652224096375875e-13
6.322740864217323351e-13
4.901708928142487327e-13
5.504790710408305215e-13
4.210599834822788203e-13
4.794867651986179398e-13
3.614423385736855435e-13
4.178560208110341150e-13
3.100288931278694644e-13
3.643389554913616246e-13
2.657046289613256583e-13
3.178549489379325401e-13
2.275051559720951707e-13
2.774681485299848101e-13
1.945964349984677072e-13
2.423680087426049910e-13
1.662572225427211044e-13
2.118524536830440449e-13
1.418638732433608039e-13
1.853133080671585235e-13
1.208771844788145760e-13
1.622236900866422911e-13
1.028310094891664030e-13
1.421271013225579609e-13
8.732240189073830634e-14
1.246279846242981636e-13
7.400308614589829716e-14
1.093835520378201134e-13
6.257207605520768935e-14
9.609671152237135457e-14
5.276928703592824805e-14
8.450994440983050216e-14
4.437000875037499092e-14
7.440000556256683605e-14
3.718012241339671587e-14
6.557333541553625968e-14
3.103196268251544529e-14
5.786208811393973249e-14
2.578073744522367104e-14
5.112069283875974253e-14
2.130143041961801721e-14
4.522287657304057912e-14
1.748612165433960819e-14
4.005908628095371604e-14
1.424166961173998598e-14
3.553425677688338872e-14
1.148770620440369901e-14
3.156587782724511833e-14
9.154902587375221581e-15
2.808232029416109206e-14
7.183469282053429474e-15
2.502138648245799902e-14
5.521859010692846612e-15
2.232905461245115431e-14
4.125644928965235789e-15
1.995839134111747219e-14
2.956550643006244162e-15
1.786860976288065961e-14
1.981611476361123482e-15
1.602425338977263785e-14
1.172449347713909761e-15
1.439448919410393869e-14
5.046458774820147392e-16
1.295249508438146742e-14
-4.279950665838925062e-17
1.167492916867493606e-14
-4.879379597810843631e-16
1.054146982352765080e-14
-8.462760174104482584e-16
9.534417092832352774e-15
-1.131125414356037203e-15
8.638347213548221557e-15
-1.353905340308050376e-15
7.839813117856625591e-15
-1.524403564522765214e-15
7.127084805289828049e-15
-1.651002011713620692e-15
6.489924210485257122e-15
-1.740871573817319751e-15
5.919389981269584984e-15
-1.800140352136878683e-15
5.407668158482615898e-15
-1.834038904449708696e-15
4.947925294126394901e-15
-1.847025630814698424e-15
4.534181014211934725e-15
-1.842894987225646152e-15
4.161197443175122860e-15
-1.824870856253548349e-15
3.824383219546543272e-15
-1.795687091358289429e-15
3.519710175868729249e-15
-1.757656980597343818e-15
3.243640990552723486e-15
-1.712733135347728066e-15
2.993066349803907132e-15
-1.662559105068115876e-15
2.765250356011263724e-15
-1.608513852208193722e-15
2.557783089585353169e-15
-1.551750053767556505e-15
2.368539370181694133e-15
-1.493227079100666562e-15
2.195642902398088428e-15
-1.433739364882018967e-15
2.037435081712108929e-15
-1.373940824285094259e-15
1.892447857367031387e-15
-1.314365830436990345e-15
1.759380103752485686e-15
-1.255447241246492352e-15
1.637077046150814062e-15
-1.197531881585042058e-15
1.524512335497184881e-15
-1.140893820820676641e-15
1.420772420585213671e-15
-1.085745761547903180e-15
1.325042920167088035e-15
-1.032248792521175769e-15
1.236596732184427845e-15
-9.805207360231096718e-16
1.154783648317100287e-15
-9.306432840322460229e-16
1.079021284514037912e-15
-8.826680929658238946e-16
1.008787149979530726e-15
-8.366219800809972923e-16
9.436117082368736421e-16
-7.925113494397116280e-16
8.830723034423445914e-16
-7.503259547513125316e-16
8.267878378020676254e-16
-7.100420934567732173e-16
7.744141043668364196e-16
-6.716253119465384287e-16
7.256396907375577803e-16
-6.350326909792001195e-16
6.801823797862627782e-16
-6.002147720971591792e-16
6.377859848908213441e-16
-5.671171769795270764e-16
5.982175648190212376e-16
-5.356819627193744288e-16
5.612649676139843521e-16
-5.058487535859718102e-16
5.267346658736679196e-16
-4.775556784457102204e-16
4.944498430815354469e-16
-4.507401471136941015e-16
4.642487017289442151e-16
-4.253394857101889107e-16
4.359829660123566333e-16
-4.012914545277213938e-16
4.095165529441940427e-16
-3.785346647942051303e-16
3.847243933934434650e-16
-3.570089112163079538e-16
3.614913831850927420e-16
-3.366554323990545637e-16
3.397114501544434220e-16
-3.174171104984762918e-16
3.192867209697857164e-16
-2.992386208833353399e-16
3.001267779612312889e-16
-2.820665387364322315e-16
2.821479938049577953e-16
-2.658494106542376784e-16
2.652729361406913242e-16
-2.505377968033164332e-16
2.494298323087515922e-16
-2.360842884151673964e-16
2.345520893750643943e-16
-2.224435066770073821e-16
2.205778614852773137e-16
-2.095720838458537648e-16
2.074496597335079809e-16
-1.974286329412427259e-16
1.951140003016284108e-16
-1.859737060420105024e-16
1.835210857943258368e-16
-1.751697449513313656e-16
1.726245169386460205e-16
-1.649810254505906522e-16
1.623810309457565137e-16
-1.553735971316449911e-16
1.527502639091103544e-16
-1.463152192211827012e-16
1.436945348475392400e-16
-1.377752950267772686e-16
1.351786489420354239e-16
-1.297248037581765320e-16
1.271697183915325377e-16
-1.221362324012473465e-16
1.196369991929772047e-16
-1.149835070902314352e-16
1.125517421569589854e-16
-1.082419242368440245e-16
1.058870569615543296e-16
-1.018880828652975755e-16
9.961778863316930142e-17
-9.589981668839189480e-17
9.372040465507292192e-17
-9.025612722279796921e-17
8.817289279894385207e-17
-8.493711796336498344e-17
8.295466852126119623e-17
-7.992392820040162561e-17
7.804649137373647832e-17
-7.519866831467534296e-17
7.343039045663730778e-17
-7.074435432223951259e-17
6.908959832449857473e-17
-6.654484268508965355e-17
6.500849306987935046e-17
-6.258476440980608718e-17
6.117254894001751213e-17
-5.884945789886882696e-17
5.756829561319097695e-17
-5.532490004302023113e-17
