# xiplus_1_1
7.117150530298506535e-03
7.111882286471859181e-03
7.116725125629871918e-03
7.111749617932580647e-03
7.116282788137192478e-03
7.111580976106347818e-03
7.115820635579126786e-03
7.111374429714377096e-03
7.115335633778042609e-03
7.111127830816693293e-03
7.114824587109242794e-03
7.110838809442938425e-03
7.114284130307338069e-03
7.110504769505981634e-03
7.113710722002326500e-03
7.110122886505453217e-03
7.113100640501167533e-03
7.109690107575395747e-03
7.112449982422639622e-03
7.109203154570604283e-03
7.111754664888694094e-03
7.108658530893145755e-03
7.111010432054486879e-03
7.108052532976446951e-03
7.110212866881761989e-03
7.107381267321463865e-03
7.109357409120276028e-03
7.106640674123640596e-03
7.108439380535847008e-03
7.105826558555998311e-03
7.107454018450750505e-03
7.104934630767448071e-03
7.106396518648028238e-03
7.103960555626400233e-03
7.105262088567695054e-03
7.102900013056925865e-03
7.104046011557900615e-03
7.101748769570175555e-03
7.102743722547310949e-03
7.100502761146858070e-03
7.101350895024589362e-03
7.099158186991517266e-03
7.099863538409480722e-03
7.097711612773100094e-03
7.098278103866762813e-03
7.096160080767215626e-03
7.096591595246261319e-03
7.094501222758952362e-03
7.094801680086279365e-03
7.092733369623747779e-03
7.092906793469679234e-03
7.090855649209306180e-03
7.090906225084127670e-03
7.088868061482242813e-03
7.088800177039879420e-03
7.086771517109259448e-03
7.086589777204984307e-03
7.084567822862785670e-03
7.084277030200356040e-03
7.082259594949167660e-03
7.081864686349800993e-03
7.079850080098402249e-03
7.079356008442493423e-03
7.077342864891152975e-03
7.076754418108466456e-03
7.074741457338378815e-03
7.074063009078419666e-03
7.072048732444073324e-03
7.071283924890718955e-03
7.069266246676218779e-03
7.068417614972247187e-03
7.066393446056007908e-03
7.065462006395225279e-03
7.063426819498850109e-03
7.062411658907546790e-03
7.060359082377463784e-03
7.059257006519090161e-03
7.057178512235935848e-03
7.055983825748411535e-03
7.053868593383084452e-03
7.052573100950109732e-03
7.050408149935592783e-03
7.049001469038045434e-03
7.046772143854477567e-03
7.045242403545815858e-03
7.042933268179396578e-03
7.041268223190262111e-03
7.038864358421386899e-03
7.037052867260515376e-03
7.034541465136396471e-03
7.032575164041300619e-03
7.029947182501401076e-03
7.027822046337742212e-03
7.025073544778907483e-03
7.022790893309433478e-03
7.019923560724486769e-03
7.017489999982770219e-03
7.014510378369824897e-03
7.011936238082628996e-03
7.008853314882938085e-03
7.006149430243613016e-03
7.002970687046070064e-03
7.000143911948049531e-03
6.996870565098648083e-03
6.993919126957580217e-03
6.990542035727733035e-03
6.987452517192772883e-03
6.983950740855690217e-03
6.980698688270163543e-03
6.977042469615980791e-03
6.973597890843305155e-03
6.969756494339103201e-03
6.966093534177157827e-03
6.962045851274137158e-03
6.958153083537451170e-03
6.953896082893471810e-03
6.949781520293872583e-03
6.945330359497460006e-03
6.941015698841263536e-03
6.936391910206359153e-03
6.931895553622221401e-03
6.927106989346570529e-03
6.922424152851071148e-03
6.917449244823590214e-03
6.912544455381496034e-03
6.907336155640084185e-03
6.902159936989946294e-03
6.896673607366290808e-03
6.891196784571529746e-03
6.885423221202238708e-03
6.879659474630740734e-03
6.873628627761761527e-03
6.867614766773933593e-03
6.861354313937630296e-03
6.855096550197004035e-03
6.848581770025202742e-03
6.842027561224782450e-03
6.835189505954276934e-03
6.828275417126681256e-03
6.821076202026228781e-03
6.813803713496957050e-03
6.806279520382468168e-03
6.798699753307066093e-03
6.790884651833455771e-03
6.782989290971351733e-03
6.774825065925112536e-03
6.766527706785489989e-03
6.757939051315371357e-03
6.749214250832138821e-03
6.740234764770113886e-03
6.731146656195399584e-03
6.721815716104371889e-03
6.712336885177074171e-03
6.702563736012644852e-03
6.692596432037161563e-03
6.682343302939937335e-03
6.671931888761702990e-03
6.661272571732633659e-03
6.650434712936533800e-03
6.639291755783335511e-03
6.627912576672269525e-03
6.616236480084752500e-03
6.604370194886719642e-03
6.592236344198685628e-03
6.579864467322674854e-03
6.567156106050065639e-03
6.554191120750411416e-03
6.540944917080907667e-03
6.527469309719683213e-03
6.513660331755107870e-03
6.499548442357143928e-03
6.485120575326985305e-03
6.470446949010008955e-03
6.455439307723480694e-03
6.440100568571791029e-03
6.424425119629920654e-03
6.408480192920953770e-03
6.392179277648105465e-03
6.375524582023514054e-03
6.358534098197305209e-03
6.341240860852748185e-03
6.323550761647732561e-03
6.305510831195613487e-03
6.287137447842565049e-03
6.268391834985935322e-03
6.249245265860294343e-03
6.229775354732005818e-03
6.209900053627801821e-03
6.189634548381620777e-03
6.169013220365124686e-03
6.147981138831078857e-03
6.126550782792019277e-03
6.104756860452742288e-03
6.082517022105378250e-03
6.059918901043649490e-03
6.036885862545228465e-03
6.013457448466618706e-03
5.989624188763307752e-03
5.965364154508385162e-03
5.940714054669609702e-03
5.915626788410162026e-03
5.890149444893169953e-03
5.864237394778770880e-03
5.837930998480908053e-03
5.811196662005285035e-03
5.784065720093813263e-03
5.756514673551720376e-03
5.728568587027608669e-03
5.700211105692056836e-03
5.671464017099068014e-03
5.642315766124283982e-03
5.612786934257616399e-03
5.582869329366510480e-03
5.552583576013842351e-03
5.521924039735439868e-03
5.490912102982912699e-03
5.459544238193123414e-03
5.427842973243933791e-03
5.395806609757623253e-03
5.363458996365672894e-03
5.330800050239424721e-03
5.297854959769696288e-03
5.264625041137311647e-03
5.231136708328552876e-03
5.197392413053320177e-03
5.163419554066897219e-03
5.129221377706489129e-03
5.094825899596217705e-03
5.060236722009899858e-03
5.025481981872800125e-03
4.990565090770838520e-03
4.955513688585177524e-03
4.920330344086810796e-03
4.885041474857394414e-03
4.849648068007401600e-03
4.814174519018324036e-03
4.778619447345130132e-03
4.743004406050316084e-03
4.707324878218751771e-03
4.671598813180837667e-03
4.635817897755651479e-03
4.599995881144400452e-03
4.564120219858834766e-03
4.528200159492856876e-03
4.492218852582018085e-03
4.456181168521529228e-03
4.420066377451218990e-03
4.383875656321966144e-03
4.347585416608347811e-03
4.311194461736433774e-03
4.274678009637309685e-03
4.238034432233259499e-03
4.201239984731388287e-03
4.164295021921123920e-03
4.127179397188211925e-03
4.089898007773973970e-03
4.052436775698700124e-03
4.014807336016820716e-03
3.977003474034792110e-03
3.939044755208388933e-03
3.900933289530180738e-03
3.862696132174540942e-03
3.824342300006250851e-03
3.785903869185864527e-03
3.747393295455764359e-03
3.708843303826474258e-03
3.670264754439243188e-03
3.631685632088613169e-03
3.593109902327295060e-03
3.554556089451610564e-03
3.516017683558803064e-03
3.477501825936039643e-03
3.438991729041755100e-03
3.400485747019788875e-03
3.361961865246863856e-03
3.323416885310457800e-03
3.284832378183064408e-03
3.246213017417082063e-03
3.207552756133683243e-03
3.168870908018467554e-03
3.130177203507607513e-03
3.091504572389922913e-03
3.052872611298541178e-03
3.014317412241760558e-03
2.975854734881856756e-03
2.937509092566116704e-03
2.899279495123605575e-03
2.861170823910820331e-03
2.823164639484694333e-03
2.785254053503662900e-03
2.747418863244291323e-03
2.709660971762398434e-03
2.671978961594074966e-03
2.634398243860096214e-03
2.596939885235568807e-03
2.559642816244443557e-03
2.522528261751068313e-03
2.485619917188312822e-03
2.448913329383218662e-03
2.412404056358408329e-03
2.376068732920673648e-03
2.339901047420351633e-03
2.303895803269210511e-03
2.268077535513209151e-03
2.232471680279008667e-03
2.197117147557138116e-03
2.162029360307302864e-03
2.127215527545397132e-03
2.092654656148495128e-03
2.058333361528624610e-03
2.024240517634475715e-03
1.990398134335674522e-03
1.956834304408480805e-03
1.923585572137947487e-03
1.890657705478848098e-03
1.858041926133184195e-03
1.825711245884714543e-03
1.793664399470233954e-03
1.761918463188356281e-03
1.730513516407915274e-03
1.699465546519981227e-03
1.668768792684143963e-03
1.638394226151402774e-03
1.608339887324535108e-03
1.578627365728903741e-03
1.549293397171282389e-03
1.520338389193853995e-03
1.491741951223975659e-03
1.463485946522658041e-03
1.435595241353817804e-03
1.408097011365467242e-03
1.380993405531935571e-03
1.354255107507278209e-03
1.327881687430492678e-03
1.301896955201356249e-03
1.276317204397091820e-03
1.251120865847481917e-03
1.226300670713352092e-03
1.201870241352915800e-03
1.177840768725001066e-03
1.154200000924547305e-03
1.130949515154567892e-03
1.108087958536053269e-03
1.085612706945075518e-03
1.063534286857894954e-03
1.041856089913912762e-03
1.020543741150412801e-03
9.996142792522235733e-04
9.791004357711174336e-04
9.589541491540028769e-04
9.391622356686533252e-04
9.197812225000676816e-04
9.007732330003793021e-04
8.821182674247570214e-04
8.638410468275332368e-04
8.459261558883139675e-04
8.283903317707598741e-04
8.111948007051283938e-04
7.943461460999394659e-04
7.778708766709692760e-04
7.617315771946709399e-04
7.459342618114314389e-04
7.304617972950120872e-04
7.153426918710157701e-04
7.005442063000522296e-04
6.860627010359493213e-04
6.718970376509268315e-04
6.580547497746503912e-04
6.445165703459910644e-04
6.312717839486322279e-04
6.183265045348132222e-04
6.056773135093886920e-04
5.933100814032485045e-04
5.812157714963886359e-04
5.693996063660807742e-04
5.578540648575254805e-04
5.465671936072490208e-04
5.355330417740912768e-04
5.247526449369315166e-04
5.142190067281218616e-04
5.039192141461211081e-04
4.938502508108212185e-04
4.840115686352973890e-04
4.743966026196945181e-04
4.649916217229314863e-04
4.557982384500501127e-04
4.468123000594163233e-04
4.380303585872413405e-04
4.294361823691157935e-04
4.210346924892842120e-04
4.128186064845160543e-04
4.047854403920648375e-04
3.969190591458695433e-04
3.892257678706617370e-04
3.816976608493317068e-04
3.743314811732314043e-04
3.671130473925669963e-04
3.600482288240593296e-04
3.531286139710835799e-04
3.463501128381518972e-04
3.397020848111511520e-04
3.331904235124434578e-04
3.268071906017645995e-04
3.205479938114355089e-04
3.144050270664580930e-04
3.083830924713796390e-04
3.024745074547466306e-04
2.966742688526147849e-04
2.909773506991309116e-04
2.853883132337644191e-04
2.798992002577040941e-04
2.745041262859255235e-04
2.692015796471296111e-04
2.639961679604449344e-04
2.588801673256864704e-04
2.538456889483941496e-04
2.488935142084750928e-04
2.440270782986176843e-04
2.392389494809727562e-04
2.345211304781448763e-04
2.298777434329092768e-04
2.253124146385803339e-04
2.208176953600711966e-04
2.163862734182288652e-04
2.120235930239887064e-04
2.077313155506865805e-04
2.035007060214332516e-04
1.993266324119633145e-04
1.952164451393677042e-04
1.911703214124564111e-04
1.871791170039233598e-04
1.832405325836847416e-04
1.793623331478716432e-04
1.755428632796052929e-04
1.717732961933825752e-04
1.680540675159566933e-04
1.643923649535257816e-04
1.607842429684470356e-04
1.572197191677600933e-04
1.537032135842989714e-04
1.502439392998521637e-04
1.468362350270065251e-04
1.434681374931100803e-04
1.401469915156033550e-04
1.368805128337198301e-04
1.336627996035872766e-04
1.304806780388856552e-04
1.273457036940791166e-04
1.242646025835171433e-04
1.212305648185444231e-04
1.182304468338077862e-04
1.152778064786684210e-04
1.123768498617644412e-04
1.095195742320639778e-04
1.066961231577674956e-04
1.039220691467080386e-04
1.011979272493138306e-04
9.851436984554034148e-05
9.586598955542851598e-05
9.326818538158832396e-05
9.071743981919880751e-05
8.820518015913590064e-05
8.573007221837768859e-05
8.330567168430605114e-05
8.092705485367774514e-05
7.858426282437370645e-05
7.627911411902594846e-05
7.402594877332858894e-05
7.181699741110176801e-05
6.964098168803624454e-05
6.750431653174318169e-05
6.541839044262633953e-05
6.337650572410621246e-05
6.136452022146939478e-05
5.939382304987015238e-05
5.747230477015843203e-05
5.559338952736933196e-05
5.374313455932436636e-05
5.193585354404032075e-05
5.017584296311454684e-05
4.845576927998159042e-05
4.676457136770103103e-05
4.511731500426114175e-05
4.351475120360408591e-05
4.194886776988215459e-05
4.041254720513496262e-05
3.892032004337199214e-05
3.746925921746354417e-05
3.605214404713036363e-05
3.466594270901535017e-05
3.332235596854523935e-05
3.201764143332456834e-05
3.074418368843966477e-05
2.950203758295253084e-05
2.830170756797739009e-05
2.713779063445101046e-05
2.600191443041844451e-05
2.489775506038771399e-05
2.383247861345984690e-05
2.280221202044567058e-05
2.179665866604375076e-05
2.082359237698649381e-05
1.988658822541655583e-05
1.898327813386016893e-05
1.810301547049615351e-05
1.725550583131781087e-05
1.644138349265524825e-05
1.565858826929567379e-05
1.489801344430370153e-05
1.416966143020643898e-05
1.347180656997801974e-05
1.280187228042691860e-05
1.215286191581217347e-05
1.153299334438144005e-05
1.093835281049476198e-05
1.036621958205151320e-05
9.812061362728407532e-06
9.281894051611611719e-06
8.771625675060450278e-06
8.278799840018321844e-06
7.800934686742512435e-06
7.342536167415894039e-06
6.900515359796054017e-06
6.472675961008152084e-06
6.058725896450292064e-06
5.661481331228520239e-06
5.279255863399314295e-06
4.909391404011715850e-06
4.553764499281008682e-06
4.212908534929384639e-06
3.886864941877841853e-06
3.572417931266204478e-06
3.272448360113351098e-06
2.985869002239465182e-06
2.713449692553907438e-06
2.452286227199085693e-06
2.205037050753126636e-06
1.969989624298540401e-06
1.748041626588272267e-06
1.536950321467970200e-06
1.338442283623722170e-06
1.150753308369740986e-06
9.748213458331039125e-07
8.091246475171162125e-07
6.543207138944223141e-07
5.089966164151289664e-07
3.738602612962240789e-07
2.478584484519447313e-07
1.308467826733711127e-07
2.204323811513058830e-08
-7.800355739748479133e-08
-1.702275685118460772e-07
-2.556259286198428478e-07
-3.340044289214504778e-07
-4.049307484123188838e-07
-4.692413670644447224e-07
-5.285333769927059376e-07
-5.821203779684990784e-07
-6.294753541903160516e-07
-6.713151779425474858e-07
-7.094465875988843194e-07
-7.429748884341881208e-07
-7.714913129739217415e-07
-7.957678158245359636e-07
-8.172226844804122095e-07
-8.348875728107131941e-07
-8.485553990686978747e-07
-8.593503474512272263e-07
-8.679465431244327858e-07
-8.732232168227380301e-07
-8.753513294769363701e-07
-8.757235548364226260e-07
-8.743609596414792139e-07
-8.702423769382239110e-07
-8.636327272508407644e-07
-8.557648913915194221e-07
-8.467245255780914144e-07
-8.355768581478720534e-07
-8.223205744629752241e-07
-8.081758259167479118e-07
-7.932082013611811808e-07
-7.766201955450230269e-07
-7.585552210349836383e-07
-7.397133634672220710e-07
-7.201454608950627282e-07
-6.992368335205708913e-07
-6.777229882908314584e-07
-6.553692215255361440e-07
-6.323554522081758685e-07
-6.083664491477366515e-07
-5.843034864370048419e-07
-5.594464066809272280e-07
-5.341566096242292364e-07
-5.082431037983787759e-07
-4.824042260690052420e-07
-4.561291342670525251e-07
-4.298319292709820800e-07
-4.031119928602340492e-07
-3.766083435768080031e-07
-3.502011578945464803e-07
-3.240964625505313149e-07
-2.977864388071140491e-07
-2.719973612356989973e-07
-2.468538081094577927e-07
-2.223055880137309797e-07
-1.980444296050368957e-07
-1.745125285641298762e-07
-1.520034106218469284e-07
-1.305783300356291694e-07
-1.100994749439866786e-07
-9.043581060746310056e-08
-7.198454784770235829e-08
-5.530847416412933619e-08
-4.008016662242339310e-08
-2.575401690332478361e-08
-1.278646304157993566e-08
-2.188653541866322469e-09
6.769997210271609065e-09
1.484188999198985873e-08
2.139382470529451996e-08
2.541224628861055704e-08
2.797631043002396445e-08
2.981914674524387707e-08
3.010291544959813777e-08
2.824801455635049691e-08
2.554737004393031086e-08
2.246981911698050484e-08
1.823370883706521830e-08
1.276533409293928170e-08
7.325356832184015069e-09
2.012245629106438689e-09
-3.615600111724950832e-09
-9.385878208762009592e-09
-1.422576735751979365e-08
-1.829374590675394455e-08
-2.185412943728570534e-08
-2.473831626637747993e-08
-2.607951326365870782e-08
-2.631734203436541360e-08
-2.581427825115288357e-08
-2.436686659682824831e-08
-2.165986831691803003e-08
-1.812540005316077406e-08
-1.451141215338935757e-08
-1.049704110921817304e-08
-6.246513102381804460e-09
-2.110632053150130432e-09
1.037265185823865513e-09
3.699316767527956559e-09
5.639587397206550233e-09
6.697772776550738425e-09
6.318874585870471287e-09
5.329041560689618776e-09
3.734384296407125921e-09
1.618442387503940877e-09
-1.081558493218207623e-09
-3.379978892324823747e-09
-5.185302358513544900e-09
-6.473750587206022787e-09
-7.223890785684368751e-09
-6.830572015438327039e-09
-5.568349106480157145e-09
-3.947958538820553969e-09
-2.205807998499979965e-09
-1.548780748936185692e-10
1.620147494606023120e-09
2.456524138922748159e-09
2.445143741890610014e-09
2.011768835340629102e-09
1.101743044203952792e-09
-4.819052958849380573e-10
-1.977825067143940294e-09
-2.763230467790679999e-09
-2.818376691288641392e-09
-2.584064568806365303e-09
-1.714610736190410512e-09
-3.638821679156884261e-10
8.674865706995533569e-10
1.245240053364015699e-09
1.132234324841126792e-09
6.182262140978873057e-10
-2.298271397449790536e-10
-1.265520994497128964e-09
-1.641130021062903083e-09
-1.301959110871088482e-09
-5.574790628728995684e-10
1.135327284575618115e-10
6.890413466885425257e-10
7.732152552563394469e-10
2.544494360227463246e-10
-5.634985555501293317e-10
-9.350678938074919567e-10
-7.483170860717232204e-10
-2.577110380697629387e-10
2.240012971429560364e-10
4.892838213264196268e-10
3.044750944306599957e-10
-2.900590205689927353e-10
-6.553190664343997752e-10
-4.605379019079655949e-10
1.007838731640380383e-10
3.255632113882403066e-10
1.729737284029072218e-10
-2.078227154298123096e-10
-3.525415940748672715e-10
-2.410041898031458485e-10
1.228016986449097778e-10
2.251611328382474961e-10
-4.782005233354012255e-12
-3.211075408970030750e-10
-1.749787249506827490e-10
1.352048066259011299e-10
1.679468310924467507e-10
-1.481252025336506019e-10
-2.112357164569630251e-10
2.542392334380965746e-11
1.495480942651711387e-10
-7.216892777603435731e-11
-1.623846383285123645e-10
2.587506935893697642e-11
9.856621335169174130e-11
-8.804556313495540876e-11
-9.406558638131153709e-11
7.425399818118252300e-11
8.178142705438172993e-12
-9.771811430044190830e-11
1.596439184858900704e-11
4.508059073546066040e-11
-8.414870915614941690e-11
1.171434467856039601e-11
2.560542663373942969e-11
-5.652732316773248900e-11
1.135663415545890638e-11
1.261524037282073662e-11
-5.033161147521815867e-11
3.724541550033093088e-11
-3.432737319576054588e-11
3.829866243515500930e-12
3.214630178769003634e-13
-1.812581775238078486e-11
1.103992392701553736e-11
-1.814414207608656864e-11
7.436544836994820546e-12
-1.188463941956738531e-11
2.712728429378071691e-12
-7.291449444185275401e-12
2.669514095412265427e-13
-4.918269667701091176e-12
-6.076963014709238372e-13
-3.714932270133336892e-12
-8.258213908350845937e-13
-2.998665754597065701e-12
-8.231148875783753708e-13
-2.491417665432108656e-12
-7.529588283928964411e-13
-2.095072325428593867e-12
-6.638271546825562358e-13
-1.772110082240035083e-12
-5.718110785082846991e-13
-1.504025078929458278e-12
-4.831985756972736606e-13
-1.279143799346272571e-12
-4.008019277051713271e-13
-1.089083136691708664e-12
-3.258431663059348003e-13
-9.274937497981374999e-13
-2.586751264503354684e-13
-7.894420154895000699e-13
-1.991499810775609675e-13
-6.710262563909438004e-13
-1.468396630137824725e-13
-5.691147662459969691e-13
-1.011733834247167439e-13
-4.811610544765639905e-13
-6.152291614103434943e-14
-4.050712824750412011e-13
-2.725419808149798902e-14
-3.391075840378437521e-13
2.242673167058129460e-15
-2.818162942461990992e-13
2.753713730552402344e-14
-2.319736770282207310e-13
4.915043565233974211e-14
-1.885441392124633806e-13
6.755314067995540343e-14
-1.506475145579027280e-13
8.316583858723922068e-14
-1.175330614296598982e-13
9.636161951696695387e-14
-8.855852280949462047e-14
1.074695237922682535e-13
-6.317307156097895089e-14
1.167784102796180504e-13
-4.090328630205869302e-14
1.245409172575117883e-13
-2.134152568914021290e-14
1.309773185582932750e-13
-4.136225324002012676e-15
1.362791617493269774e-13
1.101624670931548852e-14
1.406126301940409128e-13
2.437845888786927164e-14
1.441216045622487430e-13
3.617773269119932710e-14
1.469304211569010561e-13
4.661108451295194755e-14
1.491463372352275656e-13
5.584943646149244953e-14
1.508617207287643644e-13
6.404121309051089651e-14
1.521559858941265443e-13
7.131541987827324375e-14
1.530972975374702204e-13
7.778428299807245596e-14
1.537440667933386026e-13
8.354551634931362381e-14
1.541462604209415017e-13
8.868427124956233354e-14
1.543465443501522680e-13
9.327481512895409569e-14
1.543812805211436438e-13
9.738197853666691541e-14
1.542813944046966898e-13
1.010624035904026016e-13
1.540731288820713326e-13
1.043656221209297834e-13
1.537786984823858654e-13
1.073349874126439131e-13
1.534168565050215845e-13
1.100084801324108823e-13
1.530033860419355308e-13
1.124194057950784816e-13
1.525515247162042355e-13
1.145969988988385503e-13
1.520723316831491444e-13
1.165669464301760592e-13
1.515750044352511263e-13
1.183518418611716935e-13
1.510671520783302420e-13
1.199715790413672272e-13
1.505550307483972787e-13
1.214436942094813589e-13
1.500437463040531496e-13
1.227836630496475086e-13
1.495374286311134584e-13
1.240051589161852965e-13
1.490393813990225250e-13
1.251202773932371854e-13
1.485522105827606581e-13
1.261397317187089917e-13
1.480779346674197114e-13
1.270730229374339901e-13
1.476180790020496296e-13
1.279285881326612798e-13
1.471737565107961939e-13
1.287139296805038367e-13
1.467457366313837617e-13
1.294357279826874071e-13
1.463345041090190528e-13
1.300999398689124279e-13
1.459403090694183418e-13
1.307118845798198532e-13
1.455632095840470014e-13
1.312763188910311061e-13
1.452031077866324345e-13
1.317975028600766038e-13
1.448597804588965595e-13
1.322792573675988764e-13
1.445329048587448668e-13
1.327250145349183327e-13
1.442220804903100404e-13
1.331378619278522658e-13
1.439268473792097458e-13
1.335205813618279908e-13
1.436467013762533614e-13
1.338756829691884633e-13
1.433811069275048691e-13
1.342054351679869941e-13
1.431295076550018989e-13
1.345118910216565603e-13
1.428913351124115715e-13
1.347969114670881247e-13
1.426660159548979542e-13
1.350621857959818945e-13
1.424529777882250725e-13
1.353092497274399262e-13
1.422516538834677427e-13
1.355395013899624492e-13
1.420614869424501798e-13
1.357542154530137190e-13
1.418819320541404481e-13
1.359545556452357749e-13
1.417124589833400420e-13
1.361415858566449078e-13
1.415525538879126546e-13
1.363162799989117829e-13
1.414017205667091436e-13
1.364795307656743636e-13
1.412594813114588272e-13
1.366321574349715959e-13
1.411253774411975789e-13
1.367749128252902807e-13
1.409989695611215406e-13
1.369084894982448329e-13
1.408798376093473130e-13
1.370335253103553870e-13
1.407675807254991394e-13
1.371506083753532138e-13
1.406618169792699200e-13
1.372602815163641717e-13
1.405621829838265853e-13
1.373630462594303779e-13
1.404683334263577585e-13
1.374593664225873873e-13
1.403799405285091793e-13
1.375496713514667345e-13
1.402966934625502213e-13
1.376343588283474458e-13
1.402182977286276312e-13
1.377137977035072585e-13
1.401444745135288718e-13
1.377883302735059738e-13
1.400749600343226373e-13
1.378582744301782972e-13
1.400095048790230261e-13
1.379239256144765514e-13
1.399478733488276001e-13
1.379855585845725680e-13
1.398898428079330005e-13
1.380434290266475879e-13
1.398352030447202339e-13
1.380977750184549682e-13
1.397837556475275988e-13
1.381488183660469043e-13
1.397353133981505669e-13
1.381967658189497034e-13
1.396896996831050444e-13
1.382418101848870488e-13
1.396467479267499059e-13
1.382841313447631512e-13
1.396063010446981980e-13
1.383238971860255529e-13
1.395682109188724643e-13
1.383612644537951037e-13
1.395323378934478460e-13
1.383963795345957610e-13
1.394985502947556759e-13
1.384293791744462407e-13
1.394667239704483562e-13
1.384603911383224398e-13
1.394367418499381106e-13
1.384895348163857078e-13
1.394084935260143915e-13
1.385169217823122916e-13
1.393818748556397213e-13
1.385426563053974246e-13
1.393567875795773471e-13
1.385668358230264128e-13
1.393331389599578694e-13
1.385895513747115346e-13
1.393108414359491819e-13
1.386108880020523952e-13
1.392898122942133246e-13
1.386309251154048371e-13
1.392699733568944008e-13
1.386497368322609444e-13
1.392512506816616522e-13
1.386673922866865365e-13
1.392335742772251381e-13
1.386839559142226129e-13
1.392168778307762654e-13
1.386994877114243522e-13
1.392010984465704924e-13
1.387140434741588517e-13
1.391861763961320369e-13
1.387276750132976719e-13
1.391720548773865963e-13
1.387404303511068007e-13
1.391586797833088911e-13
1.387523538990244736e-13
1.391459994781519827e-13
1.387634866157544267e-13
1.391339645802870685e-13
1.387738661494204756e-13
1.391225277520061796e-13
1.387835269622971619e-13
1.391116434939715099e-13
1.387925004394237077e-13
1.391012679436259620e-13
1.388008149817004063e-13
1.390913586776561668e-13
1.388084960834710606e-13
1.390818745168695688e-13
1.388155663953627335e-13
1.390727753320141305e-13
1.388220457720292008e-13
1.390640218516077265e-13
1.388279513059978292e-13
1.390555754687244492e-13
1.388332973460755571e-13
1.390473980474778394e-13
1.388380955028238669e-13
1.390394517280205043e-13
1.388423546386603852e-13
1.390316987290773393e-13
1.388460808447898136e-13
1.390241011475892210e-13
1.388492774036324398e-13
1.390166207553074576e-13
1.388519447376706608e-13
1.390092187909059682e-13
1.388540803453162065e-13
1.390018557484606639e-13
1.388556787225819572e-13
1.389944911610915583e-13
1.388567312731834555e-13
1.389870833808708024e-13
1.388572262061812382e-13
1.389795893542889654e-13
1.388571484227758628e-13
1.389719643949352856e-13
1.388564793937094313e-13
1.389641619536232496e-13
1.388551970285436393e-13
