# bin_1_1
1.176294920823496933e-06
1.160973803646596501e-06
1.141037529439801994e-06
1.116462002108491410e-06
1.087347669074187772e-06
1.053867520310779674e-06
1.016279815174592822e-06
9.749535066419441331e-07
9.303108051920664469e-07
8.829132819631918161e-07
8.333551159578759504e-07
7.823190607159353401e-07
7.304918615657347343e-07
6.786031989222234354e-07
6.273542930538811667e-07
5.774102706508009900e-07
5.293321131783362004e-07
4.835636410439205074e-07
4.403958457132016508e-07
4.000057081650461050e-07
3.624205236641085359e-07
3.275555480093252503e-07
2.952428254059733816e-07
2.652824343547568193e-07
2.374972209749477896e-07
2.117644314109879212e-07
1.880438952692561857e-07
1.663694621626550030e-07
1.468047583331132483e-07
1.293824336430124052e-07
1.140471211284451789e-07
1.006299312144162622e-07
8.887954309800831194e-08
7.852146274783678696e-08
6.935006712124108045e-08
6.125274575290946899e-08
5.416593935257905299e-08
4.800225666167990131e-08
4.262933326901813491e-08
3.791490685657719094e-08
3.377016056852060174e-08
3.013196361146141099e-08
2.693033286109717518e-08
2.409815700688482826e-08
2.158520291370830963e-08
1.934799298905600347e-08
1.734809592473496682e-08
1.555404137535504516e-08
1.393754819273295730e-08
1.247960584595400734e-08
1.116019518788394943e-08
9.964108153066381345e-09
8.878462057732597895e-09
7.892752321068768699e-09
6.998068143092058614e-09
6.186875835842128384e-09
5.452605429293991797e-09
4.789421551875242714e-09
4.192027306475413043e-09
3.655605731287539460e-09
3.175701995658263299e-09
2.748115023584082566e-09
2.368711719545574674e-09
2.033706582441042316e-09
1.739122618126320289e-09
1.481364312925873184e-09
1.256652184236125290e-09
1.062099049996363704e-09
8.943581227880773966e-10
7.504250136918766090e-10
6.274931201036670443e-10
5.228868514515194468e-10
4.343734297800163286e-10
3.597658327988373335e-10
2.971448275518843021e-10
2.447780297128415301e-10
2.011483606887471369e-10
1.649271992598641771e-10
1.349311037044110765e-10
1.101780756116875855e-10
8.979868718017047186e-11
7.306040571353444796e-11
5.934190581984746888e-11
4.811943275408931745e-11
3.895577818935729997e-11
3.148370647227679110e-11
2.539914864314653287e-11
2.044894786439719124e-11
1.642614673601742817e-11
1.315968075838483376e-11
1.050812822976343645e-11
8.357643348686562228e-12
6.614314700903966038e-12
5.202324487464686654e-12
4.059702552453686305e-12
3.135992787031582970e-12
2.391558146496277094e-12
1.793701212561176240e-12
1.316400577795268516e-12
9.386718179894816606e-13
