# alpha
3.829567331335808622e-01
3.855457227790204944e-01
3.881726711435148358e-01
3.908375782270640530e-01
3.935404440296679240e-01
3.962812685513266708e-01
3.990600517920401269e-01
4.018767937518084032e-01
4.047314944306313889e-01
4.076241538285091948e-01
4.105547719454417099e-01
4.135233487814291009e-01
4.165298843364712011e-01
4.195743786105680662e-01
4.226568316037196960e-01
4.257772433159261460e-01
4.289356137471873609e-01
4.321319428975033405e-01
4.353662307668740850e-01
4.386384773552995942e-01
4.419486826627798681e-01
4.452968466893149624e-01
4.486829694349047659e-01
4.521070508995494452e-01
4.555690910832488338e-01
4.590690899860029872e-01
4.626070476078118499e-01
4.661829639486755883e-01
4.697968390085940915e-01
4.734486727875673595e-01
4.771384652855953368e-01
4.808662165026781343e-01
4.846319264388157522e-01
4.884355950940080793e-01
4.922772224682552267e-01
4.961568085615570833e-01
5.000743533739137048e-01
5.040298569053252020e-01
5.080233191557913530e-01
5.120547401253123798e-01
5.161241198138881714e-01
5.202314582215186167e-01
5.243767553482039379e-01
5.285600111939440238e-01
5.327812257587388745e-01
5.370403990425884899e-01
5.413375310454928702e-01
5.456726217674520152e-01
5.500456712084659250e-01
5.544566793685345996e-01
5.589056462476582610e-01
5.633925718458364651e-01
5.679174561630694340e-01
5.724802991993571677e-01
5.770811009546997772e-01
5.817198614290971515e-01
5.863965806225492905e-01
5.911112585350561943e-01
5.958638951666178629e-01
6.006544905172342963e-01
6.054830445869054945e-01
6.103495573756314574e-01
6.152540288834121851e-01
6.201964591102477886e-01
6.251768480561380459e-01
6.301951957210830679e-01
6.352515021050830768e-01
6.403457672081376284e-01
6.454779910302470558e-01
6.506481735714111370e-01
6.558563148316300939e-01
6.611024148109038157e-01
6.663864735092323022e-01
6.717084909266155535e-01
6.770684670630536806e-01
6.824664019185464614e-01
6.879022954930940070e-01
6.933761477866964285e-01
6.988879587993535036e-01
7.044377285310653436e-01
7.100254569818319483e-01
7.156511441516534289e-01
7.213147900405296742e-01
7.270163946484606843e-01
7.327559579754463481e-01
7.385334800214869988e-01
7.443489607865823032e-01
7.502024002707323724e-01
7.560937984739370954e-01
7.620231553961966942e-01
7.679904710375112797e-01
7.739957453978804081e-01
7.800389784773043012e-01
7.861201702757830700e-01
7.922393207933164927e-01
7.983964300299047911e-01
8.045914979855479654e-01
8.108245246602456824e-01
8.170955100539982752e-01
8.234044541668057438e-01
8.297513569986676440e-01
8.361362185495846422e-01
8.425590388195562941e-01
8.490198178085827108e-01
8.555185555166640032e-01
8.620552519437998384e-01
8.686299070899906605e-01
8.752425209552363583e-01
8.818930935395364878e-01
8.885816248428917152e-01
8.953081148653014854e-01
9.020725636067661313e-01
9.088749710672856530e-01
9.157153372468597174e-01
9.225936621454886577e-01
9.295099457631724738e-01
9.364641880999109436e-01
9.434563891557041782e-01
9.504865489305522885e-01
9.575546674244548306e-01
9.646607446374126926e-01
9.718047805694248753e-01
9.789867752204919338e-01
9.862067285906139791e-01
9.934646406797904561e-01
1.000760511488022031e+00
1.008094341015308260e+00
1.015466129261649364e+00
1.022875876227045122e+00
1.030323581911495534e+00
1.037809246315001044e+00
1.045332869437561207e+00
1.052894451279176025e+00
1.060493991839845496e+00
1.068131491119570065e+00
1.075806949118349287e+00
1.083520365836183164e+00
1.091271741273071916e+00
1.099061075429015322e+00
1.106888368304013603e+00
1.114753619898066539e+00
1.122656830211174350e+00
1.130597999243337037e+00
1.138577126994554378e+00
1.146594213464826595e+00
1.154649258654153465e+00
1.162742262562534989e+00
1.170873225189971611e+00
1.179042146536462887e+00
1.187249026602008817e+00
1.195493865386609622e+00
1.203776662890265303e+00
1.212097419112975416e+00
1.220456134054740627e+00
1.228852807715560491e+00
1.237287440095435009e+00
1.245760031194364403e+00
1.254270581012348451e+00
1.262819089549387597e+00
1.271405556805481396e+00
1.280029982780629849e+00
1.288692367474833178e+00
1.297392710888090939e+00
1.306131013020404019e+00
1.314907273871771531e+00
1.323721493442193919e+00
1.332573671731671183e+00
1.341463808740202879e+00
1.350391904467789672e+00
1.359357958914431119e+00
1.368361972080127220e+00
1.377403943964878419e+00
1.386483874568684049e+00
1.395601763891544778e+00
1.404757611933459938e+00
1.413951418694430195e+00
1.423183184174454885e+00
1.432452908373534672e+00
1.441760591291668892e+00
1.451106232928858208e+00
1.460489833285102179e+00
1.469911392360401248e+00
1.479370910154754526e+00
1.488868386668162458e+00
1.498403821900625710e+00
1.507977215852143615e+00
1.517588568522716175e+00
1.527237879912343388e+00
1.536925150021025699e+00
1.546650378848762442e+00
1.556413566395554504e+00
1.566214712661400554e+00
1.576053817646302146e+00
1.585930881350257948e+00
1.595845903773268848e+00
1.605798884915334401e+00
1.615789824776454831e+00
1.625818723356629469e+00
1.635885580655859872e+00
1.645990396674144485e+00
1.656133171411483751e+00
1.666313904867877893e+00
1.676532597043326689e+00
1.686789247937830361e+00
1.697083857551389130e+00
1.707416425884002331e+00
1.717786952935670186e+00
1.728195438706393361e+00
1.738641883196170745e+00
1.749126286405003228e+00
1.759648648332890142e+00
1.770208968979832154e+00
1.780807248345829041e+00
1.791443486430880583e+00
1.802117683234986778e+00
1.812829838758147849e+00
1.823579953000363352e+00
1.834368025961634174e+00
1.845194057641959429e+00
1.856058048041339781e+00
1.866959997159774343e+00
1.877899904997263780e+00
1.888877771553808316e+00
1.899893596829407505e+00
1.910947380824061570e+00
1.922039123537770067e+00
1.933168824970533883e+00
1.944336485122351910e+00
1.955542103993225256e+00
1.966785681583152812e+00
1.978067217892135687e+00
1.989386712920172995e+00
2.000744166667265400e+00
2.012139579133411793e+00
2.023572950318613728e+00
2.035044280222869872e+00
2.046553568846182003e+00
2.058100816188547455e+00
2.069686022249968005e+00
2.081309187030443653e+00
2.092970310529974398e+00
2.104669392748559353e+00
2.116406433686198962e+00
2.128181433342893669e+00
2.139994391718643030e+00
2.151845308813447488e+00
2.163734184627306156e+00
2.175661019160220366e+00
2.187625812412188342e+00
2.199628564383211859e+00
2.211669275073290031e+00
2.223747944482423300e+00
2.235864572610610779e+00
2.248019159457853355e+00
2.260211705024150142e+00
2.272442209309502026e+00
2.284710672313909008e+00
2.297017094037370200e+00
2.309361474479886489e+00
2.321743813641456988e+00
2.334164111522083473e+00
2.346622368121763724e+00
2.359118583440499073e+00
2.371652757478289075e+00
2.384224890235134175e+00
2.396834981711033485e+00
2.409483031905988337e+00
2.422169040819997399e+00
2.434893008453061558e+00
2.447654934805179927e+00
2.460454819876353838e+00
2.473292663666581959e+00
2.486168466175865177e+00
2.499082227404202605e+00
2.512033947351596019e+00
2.525023626018042755e+00
2.538051263403544588e+00
2.551116859508101964e+00
2.564220414331713549e+00
2.577361927874380232e+00
2.590541400136101124e+00
2.603758831116877559e+00
2.617014220816708203e+00
2.630307569235593945e+00
2.643638876373533897e+00
2.657008142230529391e+00
2.670415366806579094e+00
2.683860550101683895e+00
2.697343692115842906e+00
2.710864792849057459e+00
2.724423852301326221e+00
2.738020870472650081e+00
2.751655847363028595e+00
2.765328782972462207e+00
2.779039677300950029e+00
2.792788530348492948e+00
2.806575342115090521e+00
2.820400112600742304e+00
2.834262841805450073e+00
2.848163529729212051e+00
2.862102176372028683e+00
2.876078781733900414e+00
2.890093345814826797e+00
2.904145868614807391e+00
2.918236350133843526e+00
2.932364790371933871e+00
2.946531189329079758e+00
2.960735547005279411e+00
2.974977863400534606e+00
2.989258138514844010e+00
3.003576372348208512e+00
3.017932564900627668e+00
3.032326716172101477e+00
3.046758826162630385e+00
3.061228894872213502e+00
3.075736922300852161e+00
3.090282908448545030e+00
3.104866853315293440e+00
3.119488756901095616e+00
3.134148619205952890e+00
3.148846440229865262e+00
3.163582219972832732e+00
3.178355958434853967e+00
3.193167655615930300e+00
3.208017311516061731e+00
3.222904926135247816e+00
3.237830499473488111e+00
3.252794031530783947e+00
3.267795522307134437e+00
3.282834971802540025e+00
3.297912380016999379e+00
3.313027746950513830e+00
3.328181072603083379e+00
3.343372356974708026e+00
3.358601600065386883e+00
3.373868801875120393e+00
3.389173962403909002e+00
3.404517081651752708e+00
3.419898159618650180e+00
3.435317196304603193e+00
3.450774191709610861e+00
3.466269145833673626e+00
3.481802058676790601e+00
3.497372930238961786e+00
3.512981760520188956e+00
3.528628549520471225e+00
3.544313297239806815e+00
3.560036003678197947e+00
3.575796668835643732e+00
3.591595292712144172e+00
3.607431875307699709e+00
3.623306416622309456e+00
3.639218916655974745e+00
3.655169375408693355e+00
3.671157792880468840e+00
3.687184169071297646e+00
3.703248503981181550e+00
3.719350797610120551e+00
3.735491049958114651e+00
3.751669261025162960e+00
3.767885430811265923e+00
3.784139559316423096e+00
3.800431646540637143e+00
3.816761692483904067e+00
3.833129697146225645e+00
3.849535660527601877e+00
3.865979582628033207e+00
3.882461463447521410e+00
3.898981302986062047e+00
3.915539101243657782e+00
3.932134858220308615e+00
3.948768573916014546e+00
3.965440248330775130e+00
3.982149881464589924e+00
3.998897473317459372e+00
4.015683023889385694e+00
4.032506533180363562e+00
4.049368001190398303e+00
4.066267427919487254e+00
4.083204813367631303e+00
4.100180157534830450e+00
4.117193460421082918e+00
4.134244722026391372e+00
4.151333942350754924e+00
4.168461121394171798e+00
4.185626259156643769e+00
4.202829355638170838e+00
4.220070410838753006e+00
4.237349424758390271e+00
4.254666397397080857e+00
4.272021328754827429e+00
4.289414218831628212e+00
4.306845067627484980e+00
4.324313875142395069e+00
4.341820641376360257e+00
4.359365366329379654e+00
4.376948050001455925e+00
4.394568692392585518e+00
4.412227293502770209e+00
4.429923853332008221e+00
4.447658371880303108e+00
4.465430849147652204e+00
4.483241285134054621e+00
4.501089679839513025e+00
4.518976033264025638e+00
4.536900345407595125e+00
4.554862616270217046e+00
4.572862845851894065e+00
4.590901034152626181e+00
4.608977181172414284e+00
4.627091286911255708e+00
4.645243351369151341e+00
4.663433374546102073e+00
4.681661356442109678e+00
4.699927297057170605e+00
4.718231196391284854e+00
4.736573054444455089e+00
4.754952871216682198e+00
4.773370646707961740e+00
4.791826380918295492e+00
4.810320073847684341e+00
4.828851725496129177e+00
4.847421335863628222e+00
4.866028904950182365e+00
4.884674432755790718e+00
4.903357919280454169e+00
4.922079364524172718e+00
4.940838768486944588e+00
4.959636131168772444e+00
4.978471452569654510e+00
4.997344732689592561e+00
5.016255971528584823e+00
5.035205169086630406e+00
5.054192325363731975e+00
5.073217440359889530e+00
5.092280514075099518e+00
5.111381546509365492e+00
5.130520537662685676e+00
5.149697487535062734e+00
5.168912396126492226e+00
5.188165263436976815e+00
5.207456089466516502e+00
5.226784874215110399e+00
5.246151617682760282e+00
5.265556319869464375e+00
5.284998980775222677e+00
5.304479600400036077e+00
5.323998178743905463e+00
5.343554715806828170e+00
5.363149211588805088e+00
5.382781666089837103e+00
5.402452079309925992e+00
5.422160451249068203e+00
5.441906781907264623e+00
5.461691071284516141e+00
5.481513319380823646e+00
5.501373526196184471e+00
5.521271691730600395e+00
5.541207815984070528e+00
5.561181898956595759e+00
5.581193940648177865e+00
5.601243941058812403e+00
5.621331900188502040e+00
5.641457818037246774e+00
5.661621694605047495e+00
5.681823529891900648e+00
5.702063323897809788e+00
5.722341076622773137e+00
5.742656788066792473e+00
5.763010458229865129e+00
5.783402087111992884e+00
5.803831674713174849e+00
5.824299221033415463e+00
5.844804726072707624e+00
5.865348189831053993e+00
5.885929612308454573e+00
5.906548993504911138e+00
5.927206333420423690e+00
5.947901632054989562e+00
5.968634889408611421e+00
5.989406105481287490e+00
6.010215280273018656e+00
6.031062413783803144e+00
6.051947506013642730e+00
6.072870556962536526e+00
6.093831566630488084e+00
6.114830535017492963e+00
6.135867462123551164e+00
6.156942347948664462e+00
6.178055192492834635e+00
6.199205995756058130e+00
6.220394757738336722e+00
6.241621478439668635e+00
6.262886157860058312e+00
6.284188795999500421e+00
6.305529392857996740e+00
6.326907948435548157e+00
6.348324462732154672e+00
6.369778935747818949e+00
6.391271367482534771e+00
