# bin_3_4
4.456724033220519558e-05
4.763712998301066078e-05
4.899015651373446473e-05
5.222378953991858343e-05
5.382683585333660723e-05
5.724352995224026117e-05
5.911291659958423680e-05
6.273307017409134783e-05
6.488637841305893285e-05
6.873147747096200900e-05
7.118753689176728560e-05
7.528014106737171646e-05
7.805899440149813285e-05
8.242269679499270854e-05
8.554553614322890197e-05
9.020489088834549550e-05
9.369395874601728152e-05
9.867436920466573884e-05
1.025528167200912591e-04
1.078803763515717913e-04
1.121720703516484395e-04
1.178733473992297728e-04
1.226026168933264907e-04
1.287043731922296076e-04
1.338956853054709044e-04
1.404245189832553197e-04
1.461020738801861263e-04
1.530839754437892568e-04
1.592712097608036162e-04
1.667310213063777097e-04
1.734500102303937767e-04
1.814107785924286070e-04
1.886815282389284339e-04
1.971637449118193307e-04
2.050033694033050256e-04
2.140240936401742239e-04
2.224458756710367014e-04
2.320177425029737353e-04
2.410300826728264446e-04
2.511602053520700932e-04
2.607654747151937915e-04
2.714542618042877962e-04
2.816475844289670761e-04
2.928875058741319481e-04
3.036555143321424200e-04
3.154298690922066129e-04
3.267494960833970024e-04
3.390312562794723077e-04
3.508686502465909493e-04
3.636194835957712594e-04
3.759291648707573986e-04
3.890987675529630221e-04
4.018231733308929784e-04
4.153490780193105458e-04
4.284186771742164580e-04
4.422267328502365409e-04
4.555609215441434401e-04
4.695666683719778634e-04
4.830756790010033914e-04
4.971868559736980020e-04
5.107749169273945525e-04
5.248953326309287095e-04
5.384652935237786492e-04
5.525002486295867935e-04
5.659598211567357009e-04
5.798231798710360698e-04
5.930928219985337263e-04
6.067156720430865119e-04
6.197379464447154386e-04
6.330785477376188507e-04
6.458285008306379046e-04
6.588828922047436365e-04
6.713786237544398447e-04
6.841908383064338123e-04
6.965029769830711516e-04
7.091733367903496317e-04
7.214316473690282009e-04
7.341211300120934445e-04
7.465160387193906693e-04
7.594443427585889422e-04
7.722209182172347797e-04
7.856557716770733819e-04
7.990978380160685627e-04
8.133335166272863750e-04
8.277363454942645226e-04
8.430605474065420470e-04
8.586922206677033865e-04
8.753425956000798714e-04
8.923968058294033667e-04
9.105116197934933538e-04
9.290583042653813035e-04
9.486296735651341024e-04
9.685739608048427214e-04
9.894160275798825118e-04
1.010479404917292512e-03
1.032226293819263644e-03
1.053964878815573814e-03
1.076112171776028676e-03
1.097983195443908312e-03
1.119979670759455904e-03
1.141456667710070072e-03
1.162838652828707565e-03
1.183557878832996405e-03
1.204097719107501303e-03
1.223995922403120539e-03
1.243814159243528507e-03
1.263199168248657850e-03
1.282778005256740399e-03
1.302272048942308474e-03
1.322320435110874506e-03
1.342646391128426596e-03
1.363816696968095116e-03
1.385465996528089869e-03
1.408005932710957231e-03
1.430917875553997442e-03
1.454427501906405433e-03
1.477874936842072133e-03
1.501364099142702335e-03
1.524207673058708239e-03
1.546543925146781715e-03
1.567834344279298150e-03
1.588420921050264162e-03
1.608039238455421767e-03
1.627283684468292359e-03
1.646107929594608924e-03
1.665192002542844425e-03
1.684445409083880829e-03
1.704324009212921341e-03
1.724404393842565676e-03
1.744734776090626615e-03
1.764551287917796862e-03
1.783701685214788722e-03
1.801479846336785087e-03
1.818033013888776996e-03
1.833163893247387148e-03
1.847554872614966563e-03
1.861407883803991182e-03
1.875463920631609532e-03
1.889601732100876751e-03
1.903912899555288774e-03
1.917573045041502970e-03
1.930211023289813690e-03
1.941066678348066709e-03
1.950376597561965597e-03
1.958308994035469573e-03
1.965855035464345729e-03
1.973326568785112832e-03
1.981061348728183590e-03
1.988257925414349970e-03
1.994349046263142917e-03
1.998519503315138082e-03
2.001192811134222885e-03
2.002946537601874282e-03
2.004933426377928599e-03
2.007133052782637990e-03
2.009126263243311665e-03
2.009679638631531231e-03
2.008709855218816787e-03
2.006739816612374081e-03
2.005214729931566100e-03
2.004309217479506751e-03
2.003430990564762215e-03
2.001251333114265236e-03
1.998103087420764843e-03
1.995097971029534921e-03
1.993442533827008423e-03
1.992206847983971942e-03
1.990299132215231446e-03
1.987647813684308238e-03
1.986105403917698062e-03
1.986029741838148469e-03
1.986248480252189499e-03
1.985635717744732489e-03
1.985843485649753642e-03
1.987806750124957323e-03
1.990365288187571479e-03
1.992120926198176316e-03
1.994909768425044520e-03
1.999328471178639377e-03
2.003636454549505286e-03
2.007304109493508997e-03
2.012597991893951173e-03
2.018254538637114220e-03
2.022843480288497638e-03
2.028040065389692410e-03
2.033996613173690363e-03
2.038251357613021265e-03
2.043013284232068211e-03
2.047852293223813899e-03
2.051063478632953255e-03
2.054689823214795544e-03
2.057855510657082953e-03
2.059513817208068372e-03
2.062254633229005166e-03
2.063140268699837319e-03
2.064760580024992132e-03
2.065809281954605111e-03
2.066671633823922560e-03
2.068164016032918856e-03
2.069124592176920657e-03
2.071214794323554022e-03
2.072924351270460496e-03
2.075761656159373116e-03
2.078438132810025291e-03
2.081989474674892076e-03
2.085429415068365284e-03
2.089369179782067047e-03
2.093064552688443138e-03
2.096861689026785925e-03
2.100221253154880945e-03
2.103386344101472634e-03
2.106022745622152491e-03
2.108386518453055514e-03
2.110340102388661397e-03
2.112188383952789354e-03
2.113927813238001933e-03
2.115857958339221849e-03
2.117990131346653322e-03
2.120514708291319685e-03
2.123341225797557245e-03
2.126486089453848323e-03
2.129733456241929192e-03
2.132981508696472472e-03
2.135999748400002531e-03
2.138730718291704472e-03
2.141091568858545686e-03
2.143197332905538537e-03
2.145152893846182397e-03
2.147182107276092607e-03
2.149408891386716831e-03
2.151942505764443351e-03
2.154714768245653139e-03
2.157607763151547786e-03
2.160400274801185100e-03
2.162946014782547374e-03
2.165161143635210145e-03
2.167137088477701264e-03
2.169037623042923638e-03
2.171074317380862744e-03
2.173342812573602571e-03
2.175808661732135229e-03
2.178281734631276178e-03
2.180560879066890684e-03
2.182531887621081378e-03
2.184272261893069420e-03
2.185980683164553268e-03
2.187851737805775881e-03
2.189909970997721330e-03
2.191994447494761793e-03
2.193878346231632574e-03
2.195470833920883883e-03
2.196900115946392139e-03
2.198395887624405090e-03
2.200060733036024018e-03
2.201752814698784526e-03
2.203236144051851520e-03
2.204436879437768424e-03
2.205539293353518410e-03
2.206747738035012667e-03
2.208027134161774999e-03
2.209125896631016547e-03
2.209931763779765176e-03
2.210616811620615216e-03
2.211386593851751275e-03
2.212129444075581607e-03
2.212605333902079030e-03
2.212832140913464137e-03
2.213066755840207341e-03
2.213304205917473750e-03
2.213297003319618372e-03
2.213023275816141354e-03
2.212742946405273341e-03
2.212407985840483034e-03
2.211776959313878268e-03
2.210938717291099313e-03
2.210097275267676117e-03
2.209025795220050711e-03
2.207647191912917931e-03
2.206191112228258078e-03
2.204558137681827002e-03
2.202567072886939866e-03
2.200476593107198592e-03
2.198170855341112766e-03
2.195526858481185173e-03
2.192763617064418143e-03
2.189720280814741720e-03
2.186360218371579973e-03
2.182862793533118378e-03
2.178948651445004707e-03
2.174849552780748659e-03
2.170401980183572083e-03
2.165646689552342980e-03
2.160623761740852224e-03
2.155221923714599301e-03
2.149571325982570658e-03
2.143518328103816324e-03
2.137185729971708293e-03
2.130440782988762306e-03
2.123375027888168166e-03
2.115897087676361660e-03
2.108074775016634348e-03
2.099848046535528982e-03
2.091260331673476611e-03
2.082261952317111201e-03
2.072875595838158391e-03
2.063063061447286024e-03
2.052846927804284887e-03
2.042207685309238054e-03
2.031167443868918572e-03
2.019706209514396736e-03
2.007832146471303161e-03
1.995525501141513433e-03
1.982801415553027500e-03
1.969657341753416457e-03
1.956111329551979416e-03
1.942153182217663115e-03
1.927788798890232988e-03
1.913014253532834908e-03
1.897851412993082319e-03
1.882305713823193179e-03
1.866387010199530407e-03
1.850090168002597275e-03
1.833433526982007275e-03
1.816430859073810307e-03
1.799098063971775636e-03
1.781432712178607864e-03
1.763451329288061959e-03
1.745170964716044560e-03
1.726607647919749331e-03
1.707760358683008866e-03
1.688647394326841513e-03
1.669285436259738357e-03
1.649683767049175791e-03
1.629844947672764131e-03
1.609791823001127924e-03
1.589532390396327299e-03
1.569071821269464552e-03
1.548424276834403125e-03
1.527604373327723884e-03
1.506611505693989869e-03
1.485464070324515884e-03
1.464170339360683750e-03
1.442737103994136145e-03
1.421180738049783367e-03
1.399511432931487302e-03
1.377739495583705587e-03
1.355884393836449472e-03
1.333953300585313719e-03
1.311967754352354057e-03
1.289939516675909234e-03
1.267888263800928802e-03
1.245830960048657180e-03
1.223785293814792612e-03
1.201769763307173212e-03
1.179800952325885197e-03
1.157897111685929565e-03
1.136074777794165601e-03
1.114351030853758103e-03
1.092741264656217669e-03
1.071260350298393902e-03
1.049922752801810914e-03
1.028742846063007655e-03
1.007735282324632043e-03
9.869138700496686654e-04
9.662927643441007047e-04
9.458859464283997766e-04
9.257085264865103340e-04
9.057747263530120576e-04
8.860986636488954807e-04
8.666934201114246837e-04
8.475725051733683018e-04
8.287477853429916054e-04
8.102302339436163233e-04
7.920294945264919973e-04
7.741553980305411475e-04
7.566161087672469395e-04
7.394193465846906916e-04
7.225723161662247042e-04
7.060821367129963043e-04
6.899542278055394075e-04
6.741939944637294780e-04
6.588057050204954804e-04
6.437923739359382221e-04
6.291559539944517436e-04
6.148979323316404845e-04
6.010180791846608198e-04
5.875161854564275084e-04
5.743909812370229847e-04
5.616405372787716807e-04
5.492625478190592270e-04
5.372537320136298476e-04
5.256102149719769911e-04
5.143273942714094360e-04
5.033995976172807177e-04
4.928207636429873199e-04
4.825837621700779971e-04
4.726815298025607869e-04
4.631064134895959911e-04
4.538510517454744575e-04
4.449074890003318458e-04
4.362675151958869311e-04
4.279219824846054428e-04
4.198614911993989152e-04
4.120765160705183402e-04
4.045581277049437453e-04
3.972975724777353160e-04
3.902859232067888294e-04
3.835134423019125830e-04
3.769700379738847966e-04
3.706459101954981405e-04
3.645321347195598746e-04
3.586201776350146945e-04
3.529012082904675303e-04
3.473658785140583535e-04
3.420049711563131643e-04
3.368100256564524899e-04
3.317732609867371550e-04
3.268869139831559511e-04
3.221427384779794846e-04
3.175324492477606640e-04
3.130486247555730288e-04
3.086849164311076372e-04
3.044346453872515817e-04
3.002900813743152584e-04
2.962441078246609073e-04
2.922919683425581269e-04
2.884287418182658559e-04
2.846471767569524591e-04
2.809409897846480448e-04
2.773067973185982475e-04
2.737396324441103770e-04
2.702336397202270268e-04
2.667846994713381084e-04
2.633881082092380446e-04
2.600414626044341153e-04
2.567423744788552222e-04
2.534830859312142237e-04
2.502625591423221344e-04
2.470794896834665024e-04
2.439274272812006394e-04
2.408069004203999819e-04
2.377127507692934985e-04
2.346448831470254520e-04
2.316050678553022309e-04
2.285836941023591427e-04
2.255839297690358626e-04
2.226034935736722318e-04
2.196375298064844755e-04
2.166913763137181181e-04
2.137578263525238365e-04
2.108386985502983923e-04
2.079369443945330712e-04
2.050428976218271883e-04
2.021622016086687041e-04
1.992924502113214589e-04
1.964310093159044696e-04
1.935830389692469033e-04
1.907410703509419727e-04
1.879090944839146085e-04
1.850905939647767547e-04
1.822767564558072965e-04
1.794750918600075684e-04
1.766825325524006701e-04
1.738986278964405378e-04
1.711299874914669144e-04
1.683685629491053120e-04
1.656203617033899533e-04
1.628892791610235264e-04
1.601669258213264202e-04
1.574617065425586062e-04
1.547700183367548140e-04
1.520927276852129697e-04
1.494357611786052080e-04
1.467893936174097778e-04
1.441605857850324622e-04
1.415519480267218096e-04
1.389542487978568535e-04
1.363759825154856043e-04
1.338120891676302011e-04
1.312639927778069913e-04
1.287374726513614335e-04
1.262212101249123258e-04
1.237238293336375794e-04
1.212473872786893692e-04
1.187831741562493356e-04
1.163413778593845181e-04
1.139152777017433379e-04
1.115070396022819723e-04
1.091230519938222982e-04
1.067512765145845534e-04
1.044009079801501899e-04
1.020723303932056543e-04
9.975775373414129084e-05
9.746762928139006529e-05
9.519415095349111836e-05
9.293967594604357597e-05
9.071127450102264009e-05
8.849772485428986177e-05
8.630883341436720966e-05
8.414375774701569801e-05
8.199733204774331291e-05
7.987899392336309727e-05
7.778141247781590682e-05
7.570725809875452554e-05
7.366246160280926728e-05
7.163777409947330230e-05
6.964219772825840332e-05
6.767363210892515346e-05
6.572917341163582038e-05
6.381581799909369747e-05
6.192737628493638830e-05
6.006623804131053706e-05
5.823563917952757126e-05
5.642836700447013818e-05
5.465024093036477035e-05
5.289678788500612130e-05
5.116426551295125201e-05
4.945349892857922613e-05
4.775565282477179947e-05
4.606701003953209009e-05
4.438360494581246996e-05
4.269763791237072133e-05
4.101268582872848412e-05
3.933202557263329403e-05
3.766912412057865070e-05
3.604808403880003912e-05
3.449569436352206442e-05
3.304356645760047316e-05
3.171950998289773478e-05
3.054186556090323631e-05
2.951970177869144647e-05
2.864636670362474089e-05
2.790472845377106132e-05
2.726870901070044181e-05
2.670640157855407582e-05
2.618276366010339578e-05
2.566375222487611259e-05
2.512109760799288125e-05
2.453244371838758230e-05
2.388439525769080494e-05
2.317209019233494523e-05
2.239742808742678008e-05
2.157104476744581387e-05
2.070392363865944022e-05
1.980932472774139336e-05
1.890248900061520742e-05
1.799383355011706793e-05
1.709508416896474785e-05
1.621454337873858473e-05
1.535667984798332237e-05
1.452841973532448203e-05
1.373060606181123326e-05
1.296488762285646672e-05
1.223366192660759412e-05
1.153490976477091321e-05
1.087032375587359909e-05
1.023889411226477250e-05
9.637926364308020994e-06
9.068767837015817074e-06
8.528420664180384929e-06
8.016543974438333501e-06
7.533011438623516949e-06
7.074814956912508646e-06
6.642625957710994979e-06
6.235055278062401346e-06
5.849491614158664447e-06
5.487398463583321315e-06
5.145872865123302875e-06
4.824408349858928287e-06
4.522072087042158888e-06
4.237308401548019676e-06
3.970393204506300016e-06
3.719935520113211722e-06
3.484513703682249144e-06
3.264812770332413434e-06
3.057478424626118317e-06
2.862400252652470296e-06
2.679986122708559174e-06
2.509092798744728905e-06
2.348794677245992691e-06
2.198297916543849622e-06
2.057175722191226365e-06
1.924745781596455106e-06
1.800357401457187202e-06
1.684848015785422261e-06
1.577036906216313942e-06
1.474735774917735851e-06
1.380178446324180356e-06
1.292204930746471482e-06
1.209549217342206757e-06
1.131407467989369172e-06
1.059917762821910227e-06
9.912195067342324704e-07
9.277566007058613992e-07
8.692649247689265678e-07
8.143797878524374795e-07
7.610480928792201623e-07
7.133652711931943842e-07
6.685894266287297025e-07
6.245894965357442442e-07
5.845746836082724052e-07
5.460475590223065948e-07
5.099943346287073210e-07
4.752852232403372861e-07
4.451720862091922615e-07
4.136444734217576791e-07
3.858085969862483981e-07
3.601954512326622409e-07
3.352816719249370508e-07
3.138269789656276130e-07
2.928603739411995783e-07
2.740019096962274477e-07
2.551215965042601970e-07
2.410705037815570347e-07
2.239371543407058259e-07
2.102656862921034783e-07
1.979812380880156378e-07
1.834944755347797481e-07
1.733178650948899550e-07
1.615715141623644863e-07
1.512553639419439486e-07
1.404134485225373369e-07
1.324398738300548097e-07
1.235775586384717118e-07
1.142488569405565416e-07
1.083707517392494421e-07
9.984151582352525761e-08
9.409252554869152371e-08
8.803722952663763257e-08
8.158575448967703373e-08
7.700797347519951745e-08
7.157603116199400407e-08
6.737612043267465256e-08
6.243108520419354666e-08
5.943371675587314735e-08
5.497125314833526278e-08
5.144051804972631563e-08
4.921778438150702926e-08
4.451652432369067750e-08
4.275896126714966861e-08
3.967989194584291756e-08
3.666208896388117137e-08
3.531807801132363677e-08
3.211719776135367430e-08
3.055864627228354733e-08
2.873461192045838272e-08
2.650918538902699146e-08
2.519906636734486240e-08
2.336955508094325649e-08
2.204155802600811802e-08
2.060505486137457383e-08
1.938143669101277716e-08
1.819786566853518813e-08
1.684923751361250980e-08
1.606788099928873433e-08
1.486409946036092792e-08
1.400305636377597212e-08
1.321091673150785867e-08
1.217880351429429604e-08
1.172402716182112317e-08
1.084419785896754648e-08
1.010545356881737126e-08
9.634887651955438098e-09
8.959363794300991453e-09
8.462999081614965375e-09
7.884738128365661046e-09
7.442930521295975197e-09
7.008794638905626959e-09
6.579566196800186512e-09
6.161279931473580846e-09
5.734772430121457729e-09
5.530531040301732749e-09
5.114591222255164705e-09
4.752706775735831775e-09
4.615674296504639311e-09
4.182676765093292157e-09
4.057911408943055471e-09
3.780414941185429910e-09
3.447014112118567931e-09
3.441526654526046079e-09
3.100506025242982705e-09
2.925826744444376883e-09
2.852348155322060838e-09
2.540494577470709487e-09
2.525412339639354992e-09
2.323431608123480857e-09
2.119402753485148484e-09
2.144892399947216740e-09
1.899261994949108757e-09
1.823864913797958941e-09
1.769173182165022523e-09
1.567920756245603776e-09
1.575431479966874915e-09
1.447645936404326081e-09
1.314847514422368671e-09
1.343745759778707235e-09
1.178822145204667035e-09
1.147720606284339297e-09
1.101269667330684690e-09
9.834867533071008458e-10
9.909066481150667398e-10
9.033293668437785402e-10
8.346941606375168474e-10
8.393224864886873492e-10
7.431247037363838878e-10
7.286092906929933788e-10
6.885592413339825665e-10
6.267292162778707798e-10
6.246464519789771044e-10
5.715390920041629325e-10
5.326064594870265620e-10
5.290352351756741743e-10
4.741688624824577499e-10
4.632417016728934509e-10
4.377943397822092827e-10
4.003209457047028127e-10
3.980843309488933528e-10
3.642651413668634736e-10
3.425223770916188792e-10
3.366907159007694257e-10
3.043331313855463005e-10
2.974223694648538001e-10
2.799268127954900094e-10
2.584651198172967544e-10
2.550096353541797222e-10
2.341858207972331963e-10
2.219169767015154441e-10
2.156258049185423403e-10
1.971739260431675130e-10
1.918208004060431745e-10
1.806439683487500727e-10
1.678284581989871163e-10
1.644643809971386100e-10
1.516972034042746738e-10
1.445126840734903692e-10
1.390479160281229901e-10
1.285766417951951182e-10
1.244064902149415281e-10
1.172665997163308954e-10
1.096013803476617464e-10
1.066358799092864039e-10
9.884606478003831239e-11
9.445498832374988840e-11
9.020661891313314756e-11
8.418620503640045337e-11
8.102173881395397205e-11
7.645928198596672507e-11
7.181320041224118216e-11
6.937732704406821382e-11
6.466407002810053704e-11
6.178915371067621340e-11
5.877093278476683881e-11
5.515315474622449427e-11
5.287556751882250091e-11
4.989993869938033548e-11
4.705443190390054206e-11
4.515207236742972587e-11
4.228311456812589704e-11
4.032824919513649656e-11
3.825889186708203960e-11
3.600731019981403147e-11
3.438625067775415440e-11
3.243601372717728656e-11
3.063831402033187289e-11
2.921958643413613863e-11
2.743416518798746956e-11
2.608056056627883449e-11
2.467383716107697327e-11
2.322912254324303233e-11
2.207548402596063726e-11
2.078269781632342533e-11
1.961351504961304001e-11
1.857579787015292240e-11
1.743741902253014418e-11
1.648360529542245478e-11
1.552559397179623958e-11
1.457166271614628573e-11
1.374622243681749699e-11
1.287905916709031378e-11
1.209424309796409096e-11
1.134543350162486914e-11
1.060055585329741197e-11
9.922021566513157070e-12
9.266127599131516546e-12
8.623398227436183800e-12
8.034438673151459222e-12
7.449375381820300915e-12
6.914248128996839053e-12
6.384677466467119406e-12
5.894000095700947461e-12
5.417798032868032398e-12
4.976438753566907242e-12
4.548787681822678102e-12
4.143676668696613191e-12
3.761557569474512058e-12
3.409801129509521031e-12
3.059617521832289254e-12
2.754096056302993776e-12
2.446201344582297162e-12
2.176709997823122677e-12
1.920172698152797680e-12
1.676369276196352209e-12
1.461478085493112467e-12
1.266602571868193779e-12
1.077695338928552304e-12
9.281137656877207511e-13
7.741572699654158375e-13
6.561927734791069117e-13
5.491700184425378976e-13
4.519743545004741619e-13
3.806978864787397894e-13
3.224200228667858345e-13
2.708633549999578201e-13
2.477746506028956905e-13
2.181208143131971673e-13
2.151866797077916146e-13
2.154816709753182866e-13
2.192654082086002461e-13
2.369512412851356423e-13
2.567201188812022942e-13
2.752045447596837736e-13
3.055422614235217437e-13
3.211175680573192973e-13
3.478326823554552233e-13
3.652253852325304882e-13
3.758406706393051813e-13
3.854331645993743604e-13
3.864746280158866922e-13
3.779323868819003450e-13
3.693996379032215326e-13
3.431168596298204604e-13
3.208076225955007825e-13
2.877253623813520135e-13
2.502486328514822367e-13
2.127666039656470555e-13
1.733764863092148738e-13
1.334812961615940762e-13
1.015930155684710462e-13
6.645960665456557489e-14
4.532232382553248755e-14
2.656329133305751594e-14
1.617446721935515908e-14
1.422103535496614415e-14
1.847561554042687261e-14
2.690644493059316674e-14
4.262804449967579625e-14
5.407258994155641717e-14
7.071366751446332450e-14
8.061258306141445475e-14
8.732187759438749143e-14
8.836067924599570817e-14
8.343333612147417564e-14
7.201324306210387991e-14
5.925608380279068338e-14
4.032327795201033030e-14
2.616143470030989566e-14
1.160364686828201132e-14
3.306662224315738863e-15
5.056611824186191993e-17
2.866677222070621016e-15
9.087116973747416466e-15
1.959175723002467160e-14
2.674501922690155495e-14
3.421285397366277807e-14
3.461640194845221806e-14
3.152395288166816558e-14
2.342526376258998660e-14
1.406947256087586177e-14
4.657017656803954218e-15
1.325672842751395016e-16
-1.791680252003571322e-15
3.017545232500010616e-15
8.468168683306277715e-15
1.495164596345306727e-14
1.749239232645623468e-14
1.636102873081431761e-14
1.069791125092573152e-14
4.865325955239664281e-15
-7.891487639801186541e-16
-9.197027817345458083e-16
1.433275644373699943e-15
6.695116782038361757e-15
9.724996232797087723e-15
9.793792892132125769e-15
5.704500411602016585e-15
1.568915119653588253e-15
-1.476726678452388264e-15
3.954031040219485647e-16
3.466303555946361019e-15
6.521761970162402928e-15
5.533951031636431733e-15
2.464892618165413666e-15
-7.638916761134241840e-16
-2.162533971328525909e-16
2.035135660897720717e-15
4.557002539485152327e-15
3.206704148434568904e-15
7.267174839260731258e-16
-8.687988204317267630e-16
9.657193637793828580e-16
2.789321761149636393e-15
2.674956072942258203e-15
6.992223553331523492e-17
-3.434679607538417529e-16
1.020073939715999728e-15
2.423235706165585663e-15
8.359830144766589050e-16
-3.585782982333991635e-16
3.847720196402947802e-16
1.859016556457418759e-15
6.192328909352200227e-16
-2.479166898333099414e-16
4.879357246363899261e-16
1.406627214299870219e-15
3.497482430149872176e-17
-3.511221213192777023e-17
8.812154960626885001e-16
6.170571027763918557e-16
-3.293373244177102425e-16
7.222424461454506185e-16
4.626581247956990776e-16
-1.074427624579693402e-16
4.357700414839801099e-16
4.552502218133696614e-16
-1.932912071487422143e-16
5.866942428997011275e-16
4.625937177453653708e-17
1.236651126415601411e-16
3.596262331419751291e-16
-2.170190591934108039e-17
2.663839226404121485e-16
1.333312232477701178e-16
5.844794939522798868e-17
2.658378289975275355e-16
-4.892025146211224773e-17
2.905320135648374757e-16
-6.437602792291902846e-17
2.588961854107892810e-16
-4.694070987720393922e-17
2.180124335532715720e-16
-2.804540876036674337e-17
1.848009232572667517e-16
-1.534294714061741035e-17
1.607932284424866177e-16
-7.911208255054986159e-18
1.436309627896769505e-16
-3.552697364813190212e-18
1.310674358822322285e-16
-6.699931513067537618e-19
1.216304621516583828e-16
1.662238758452775619e-18
1.144418086284688153e-16
3.940864368805991881e-18
1.089799552513339623e-16
6.427972732565340275e-18
1.049255531980134506e-16
9.263727370334183358e-18
1.020753510518867152e-16
1.252645882977043292e-17
1.002960311697167357e-16
1.626406042681671864e-17
9.949920420529956159e-17
2.051056279110399360e-17
9.962744216955972115e-17
2.529510309559930481e-17
1.006461706540432136e-16
3.064693230331677424e-17
1.025387855444906137e-16
3.659831960672771216e-17
1.053036252232260839e-16
4.318632343465956604e-17
1.089520635650829535e-16
5.045394875696195301e-17
1.135073165428550309e-16
5.845097444177715233e-17
1.190037317623999464e-16
6.723462063500398022e-17
1.254864202026390371e-16
7.687014504764543927e-17
1.330111477420518924e-16
8.743142769990376249e-17
1.416444299176918912e-16
9.900158539981757585e-17
1.514638009581142232e-16
1.116736292432179858e-16
1.625582310768848892e-16
1.255511906055502612e-16
1.750286803223232877e-16
1.407493203478696570e-16
1.889887796573338487e-16
1.573953716503027321e-16
2.045656329899393082e-16
1.756299730148970674e-16
2.219007375862617250e-16
1.956080959891748612e-16
2.411510211164059101e-16
2.175002220336330192e-16
2.624899955460481898e-16
2.414936125101246312e-16
2.861090240777565768e-16
2.677936827542889051e-16
3.122187061563351519e-16
2.966254843364075189e-16
3.410503739263426293e-16
3.282352923004861755e-16
3.728577015287851478e-16
3.628922983379542797e-16
4.079184214547698201e-16
4.008904049227582094e-16
4.465361443550645565e-16
4.425501141033057452e-16
4.890422700692845098e-16
4.882204988279031523e-16
5.357979790138002324e-16
5.382812468185927125e-16
5.871962858175015206e-16
5.931447493138521797e-16
6.436641312674133516e-16
6.532582152791300643e-16
7.056644800711431194e-16
7.191057698015264778e-16
7.736983858598992344e-16
7.912104944954618231e-16
8.483069714493961567e-16
