# bin_4_4
3.624820724691653698e-05
3.852981731055403692e-05
3.982570667108442788e-05
4.225959205672540601e-05
4.373941716929977168e-05
4.633985840234905766e-05
4.801820237585317677e-05
5.080044502385486568e-05
5.269282627067127821e-05
5.567308109241629746e-05
5.779594864781539712e-05
6.099137510868530990e-05
6.336208509409765584e-05
6.679075398118038999e-05
6.942752257117983485e-05
7.310835268104999205e-05
7.603018021456884245e-05
7.998284339352635763e-05
8.320940351736190823e-05
8.745419154661261652e-05
9.100567855151014669e-05
9.556332469821336413e-05
9.946025150212094114e-05
1.043516988499427632e-04
1.086146375132406033e-04
1.138607457631025553e-04
1.185100020747047357e-04
1.241311842724237169e-04
1.291863979229005148e-04
1.352021787887665717e-04
1.406818411214491604e-04
1.471103295081228738e-04
1.530312121168789176e-04
1.598884817871194341e-04
1.662649714113322117e-04
1.735643471836529413e-04
1.804076859232550396e-04
1.881589366151988204e-04
1.954763717731361852e-04
2.036848176246105232e-04
2.114786728825138922e-04
2.201442238625063571e-04
2.284109135532396383e-04
2.375270663892351376e-04
2.462560876710285129e-04
2.558089242383939895e-04
2.649818784554205096e-04
2.749491263274444629e-04
2.845388408188162977e-04
2.948890785193529680e-04
3.048589234191167530e-04
3.155510375547947925e-04
3.258545578871455931e-04
3.368375857856027917e-04
3.474185956735279727e-04
3.586321130037561510e-04
3.694254231199247253e-04
3.808006576054199198e-04
3.917336245018092724e-04
4.031954885323178620e-04
4.141905784716715957e-04
4.256608074703413644e-04
4.366393488930371872e-04
4.480408984083028025e-04
4.589281448279447701e-04
4.701909252224023778e-04
4.809224510333647376e-04
4.919903507451276956e-04
5.025196427787379959e-04
5.133585969399906022e-04
5.236654737958859693e-04
5.342720666263613529e-04
5.443712524890704325e-04
5.547810022319784500e-04
5.647298131405725959e-04
5.750238990539076290e-04
5.849276023821798958e-04
5.952364053221296646e-04
6.052494569674358744e-04
6.157509888072458049e-04
6.260721505657991732e-04
6.369833802736819383e-04
6.478428327380081429e-04
6.594022598280862516e-04
6.710394508599618968e-04
6.834802340653619093e-04
6.961125373095771807e-04
7.096272313389674060e-04
7.234116593466337992e-04
7.381121946587581575e-04
7.531053545869115977e-04
7.689851012647892217e-04
7.851098933557844025e-04
8.020178449967036056e-04
8.190481858282176774e-04
8.366873007342475301e-04
8.542629436463747457e-04
8.722237862035245792e-04
8.899042492128976696e-04
9.077394037271758944e-04
9.250974065665719089e-04
9.424304576862796781e-04
9.591706892852745487e-04
9.758166527789101461e-04
9.918875252561715639e-04
1.007943841351605216e-03
1.023594747382574081e-03
1.039452202935677114e-03
1.055187539006956004e-03
1.071420827504208180e-03
1.087826606611694323e-03
1.104964506570699180e-03
1.122438975953248463e-03
1.140682001130635800e-03
1.159175516002945152e-03
1.178198811429735562e-03
1.197121105035457321e-03
1.216121039014190879e-03
1.234547461647431121e-03
1.252604964800131107e-03
1.269765017359515040e-03
1.286395530575114732e-03
1.302192244110299442e-03
1.317725855237935001e-03
1.332870958585964834e-03
1.348265761711116674e-03
1.363750994997639998e-03
1.379781067361437455e-03
1.395928627300428021e-03
1.412315456438561784e-03
1.428240003148364490e-03
1.443659492350753614e-03
1.457921178488124497e-03
1.471223275420401131e-03
1.483327736811101928e-03
1.494864937181776456e-03
1.505922616916976738e-03
1.517176778707062012e-03
1.528454948407570414e-03
1.539904462049498848e-03
1.550784422166363429e-03
1.560864955429189238e-03
1.569459169606600077e-03
1.576828324055301427e-03
1.583040476784061852e-03
1.588967165977922969e-03
1.594794833886558618e-03
1.600863219182263597e-03
1.606457554483995331e-03
1.611181728014034632e-03
1.614311642967774943e-03
1.616253147980232455e-03
1.617413716205096802e-03
1.618789038671189116e-03
1.620303295672270976e-03
1.621675467607683850e-03
1.621847544674521243e-03
1.620809299581522098e-03
1.618929090164653809e-03
1.617434978658458368e-03
1.616414475564791151e-03
1.615441332014115649e-03
1.613385227566176573e-03
1.610568786605629313e-03
1.607842838686536838e-03
1.606237178926976693e-03
1.604948039786859059e-03
1.603139359411729931e-03
1.600705077399187330e-03
1.599195888838103466e-03
1.598855430050614848e-03
1.598779209266536433e-03
1.598008617914160531e-03
1.597928652130917821e-03
1.599253640907685129e-03
1.601085857129966100e-03
1.602248264481754550e-03
1.604272126392291284e-03
1.607599680005611202e-03
1.610859443385416132e-03
1.613581196970775844e-03
1.617642472007090612e-03
1.621978824929744354e-03
1.625467732282247658e-03
1.629429765104184816e-03
1.634024910757220705e-03
1.637219176651289604e-03
1.640839743874900969e-03
1.644501918652599990e-03
1.646857122890925135e-03
1.649528083316193069e-03
1.651837894562213768e-03
1.652904413420670706e-03
1.654861190109998366e-03
1.655293548657442567e-03
1.656334208129807634e-03
1.656893054441901936e-03
1.657313620723876698e-03
1.658228649366166830e-03
1.658725656929913679e-03
1.660123644585368699e-03
1.661226227949956459e-03
1.663228825012116234e-03
1.665113485876333274e-03
1.667692626167154068e-03
1.670192139202413299e-03
1.673080624074035037e-03
1.675779157226004205e-03
1.678542079510802771e-03
1.680955886429532243e-03
1.683192449092685370e-03
1.685004279601658161e-03
1.686575165727916470e-03
1.687816965303770697e-03
1.688954438339611026e-03
1.690007782004984737e-03
1.691198375226140183e-03
1.692557576397096634e-03
1.694218493233178848e-03
1.696128513565728010e-03
1.698279555201972742e-03
1.700515864065251740e-03
1.702733677330046545e-03
1.704764582871254840e-03
1.706541858899448963e-03
1.708016986974144908e-03
1.709264839763308423e-03
1.710389511601575867e-03
1.711555408639345906e-03
1.712881490040948657e-03
1.714439230192120467e-03
1.716190095717323207e-03
1.718020706509590856e-03
1.719766985061671732e-03
1.721293001961897917e-03
1.722546250249050578e-03
1.723585420829532380e-03
1.724559507949013871e-03
1.725625696479399489e-03
1.726876609540916024e-03
1.728268888496243627e-03
1.729661092230174411e-03
1.730874059681831610e-03
1.731827610483542860e-03
1.732570341308512602e-03
1.733276746152947762e-03
1.734091165817944332e-03
1.735045120361163691e-03
1.735992879396579215e-03
1.736760110586588234e-03
1.737258708129294340e-03
1.737603794534905424e-03
1.737969499884823871e-03
1.738449801673978487e-03
1.738916239980625505e-03
1.739186445086718987e-03
1.739188486669306869e-03
1.739083354765441842e-03
1.739027186625037450e-03
1.739001908094690591e-03
1.738792032741930333e-03
1.738316155621437995e-03
1.737704808588034057e-03
1.737135104835687551e-03
1.736505348692845164e-03
1.735627457465624846e-03
1.734504788544142086e-03
1.733353679858314154e-03
1.732158413591122640e-03
1.730722887269476934e-03
1.729018141474621649e-03
1.727262778963474478e-03
1.725407866149755200e-03
1.723263699537801652e-03
1.720894798960292179e-03
1.718476021634192732e-03
1.715815086407811770e-03
1.712857173693057905e-03
1.709782432753512681e-03
1.706516300595368628e-03
1.702902062195875031e-03
1.699155515333440353e-03
1.695172155711939434e-03
1.690855483835335083e-03
1.686375701463140985e-03
1.681607741304673356e-03
1.676516978662110626e-03
1.671259578762745871e-03
1.665605254757184439e-03
1.659752633806032846e-03
1.653563641511026630e-03
1.647076867717328034e-03
1.640317605922367913e-03
1.633199691336683322e-03
1.625825053369312889e-03
1.618077807799535046e-03
1.610059047936738402e-03
1.601672334356632824e-03
1.592992498206201009e-03
1.583952822940260874e-03
1.574604303485628619e-03
1.564903361951796744e-03
1.554883996452776588e-03
1.544518476884779211e-03
1.533832078744802943e-03
1.522808643492205545e-03
1.511467890343249493e-03
1.499800322280669300e-03
1.487822873268331101e-03
1.475531973123107464e-03
1.462942528445482747e-03
1.450053583193718987e-03
1.436878914813598945e-03
1.423421361947845628e-03
1.409694225308247501e-03
1.395702371665116619e-03
1.381460039590003087e-03
1.366975295781014789e-03
1.352261888618191835e-03
1.337328985464163438e-03
1.322190180871205380e-03
1.306853975496833449e-03
1.291331757825301373e-03
1.275632202134863386e-03
1.259765484462614920e-03
1.243740560411578811e-03
1.227568419614894109e-03
1.211258387166510003e-03
1.194820752665391467e-03
1.178264059423315708e-03
1.161596052132634780e-03
1.144824237395256463e-03
1.127955923200334252e-03
1.111000229466795183e-03
1.093966817355414723e-03
1.076866740267038531e-03
1.059710084094089280e-03
1.042507280382687362e-03
1.025268089698530257e-03
1.008004793417739556e-03
9.907306813885983186e-04
9.734616109613163787e-04
9.562118029231987367e-04
9.389956931532785671e-04
9.218258687714285266e-04
9.047176894413515346e-04
8.876861665692070474e-04
8.707473099255599912e-04
8.539128901536592988e-04
8.371947961301256722e-04
8.206038429086974203e-04
8.041538308835810642e-04
7.878553409534687574e-04
7.717183087072046694e-04
7.557507266768105419e-04
7.399649210348112089e-04
7.243715164325707735e-04
7.089807662328306620e-04
6.938007543592600128e-04
6.788441176990517387e-04
6.641209972891654522e-04
6.496403789804996998e-04
6.354094351439646716e-04
6.214387788202356067e-04
6.077338558426057186e-04
5.943000597540021735e-04
5.811426935152469529e-04
5.682674625647679686e-04
5.556754376422384702e-04
5.433720247850410724e-04
5.313594132801284552e-04
5.196395809190992995e-04
5.082146383404784543e-04
4.970864335378580561e-04
4.862535877491727036e-04
4.757180513685522355e-04
4.654763463948749557e-04
4.555284173608432257e-04
4.458705690494387127e-04
4.365004896832213113e-04
4.274144112835581385e-04
4.186087056139840726e-04
4.100790171553463591e-04
4.018209232668692055e-04
3.938290312392778744e-04
3.860981215164131721e-04
3.786217327415736266e-04
3.713940742776401793e-04
3.644081096839688690e-04
3.576578228843919688e-04
3.511357763616949077e-04
3.448355351916630013e-04
3.387491651067137339e-04
3.328700394519564887e-04
3.271903332842975563e-04
3.217036288777150462e-04
3.164019880692171653e-04
3.112785368747953904e-04
3.063250122028113309e-04
3.015348067898683689e-04
2.969003613728327605e-04
2.924154907966483022e-04
2.880725281611381454e-04
2.838651792812718015e-04
2.797862578671417777e-04
2.758300722211701455e-04
2.719894088166063687e-04
2.682581735132102073e-04
2.646296679125836968e-04
2.610993616682669377e-04
2.576616372304770019e-04
2.543113812693953532e-04
2.510421446641604654e-04
2.478496723384065927e-04
2.447292183918866682e-04
2.416763024833260877e-04
2.386848045169595014e-04
2.357513541132404936e-04
2.328726349295591946e-04
2.300450296649731254e-04
2.272634390543376006e-04
2.245254377294832713e-04
2.218272199208620005e-04
2.191654152904116309e-04
2.165369387575899755e-04
2.139393763918200140e-04
2.113705564248039687e-04
2.088290306222457084e-04
2.063087813301821033e-04
2.038109127254981697e-04
2.013342313609063790e-04
1.988732659263714366e-04
1.964299879249740857e-04
1.940006227926353063e-04
1.915847217760649284e-04
1.891850379753005559e-04
1.867930119443842146e-04
1.844130088875814237e-04
1.820437679313647976e-04
1.796813677028846637e-04
1.773292148242265186e-04
1.749829202774745725e-04
1.726444642233124422e-04
1.703166728139125753e-04
1.679912326160901115e-04
1.656732725509043962e-04
1.633613154644560409e-04
1.610531238455245790e-04
1.587531568682247387e-04
1.564564253975341142e-04
1.541653286528821699e-04
1.518836842962577966e-04
1.496033752909268046e-04
1.473312007764069503e-04
1.450658642321798195e-04
1.428060053839978413e-04
1.405569856451535898e-04
1.383131770410314816e-04
1.360787933407488963e-04
1.338577443362971365e-04
1.316421568797948105e-04
1.294399212902718193e-04
1.272480822715672973e-04
1.250660877647823241e-04
1.228993515346520451e-04
1.207402042367633244e-04
1.185929023898945982e-04
1.164608634398556583e-04
1.143355344357682187e-04
1.122239705542057016e-04
1.101222898180220257e-04
1.080307657038202758e-04
1.059543175569074960e-04
1.038846596773160925e-04
1.018278430138993824e-04
9.978659908615523282e-05
9.775341216717046760e-05
9.573653774831330555e-05
9.373135138171204454e-05
9.173902797946185690e-05
8.976474735460729393e-05
8.779972116727551869e-05
8.585035794704838478e-05
8.391805624921050844e-05
8.199581696787624672e-05
8.009236463530311717e-05
7.820209366406965861e-05
7.632671271082476559e-05
7.447190172234531016e-05
7.262990194222518315e-05
7.080765450724510164e-05
6.900587704851582447e-05
6.721974659425712846e-05
6.545696333741353391e-05
6.371230644149745125e-05
6.198742170043008352e-05
6.028668514447535942e-05
5.860381881675716278e-05
5.694497772755847725e-05
5.530939085761441015e-05
5.369446230207554566e-05
5.210572081718132381e-05
5.053900122366775165e-05
4.899537787517813662e-05
4.747723901942566395e-05
4.597974120734249997e-05
4.450600487830955215e-05
4.305313522047415697e-05
4.161774523286365115e-05
4.019958341088072137e-05
3.879195376873019468e-05
3.739050184257719137e-05
3.599078619290394350e-05
3.458675997384896519e-05
3.317958690784882694e-05
3.177290064575638605e-05
3.037913327428229789e-05
2.902043831459992705e-05
2.772426231890058040e-05
2.652225762754295053e-05
2.544384045159326919e-05
2.451100753017239792e-05
2.373369819532612017e-05
2.310604190379448599e-05
2.260741840213531119e-05
2.220374115498494316e-05
2.185336623546048552e-05
2.151137893526800199e-05
2.113796066659638333e-05
2.070598448724830410e-05
2.019952435062023302e-05
1.961666540433472372e-05
1.896463270497307624e-05
1.825543773513047519e-05
1.750664973477316703e-05
1.673325662095948517e-05
1.594899810870424481e-05
1.516742450112952709e-05
1.439572287276159701e-05
1.364186116222424195e-05
1.291112267566349544e-05
1.220577856225904982e-05
1.152967720127056573e-05
1.088200897074829801e-05
1.026292345167682514e-05
9.674262644851104928e-06
9.113692499669636809e-06
8.581745103610522883e-06
8.076900868063889883e-06
7.596902576737190647e-06
7.142819610801395891e-06
6.712562187777040135e-06
6.305319992717382803e-06
5.921287631802906006e-06
5.557734603800288176e-06
5.214972446559241899e-06
4.891740191016637314e-06
4.586272821450289506e-06
4.299856023291084927e-06
4.030402279710999344e-06
3.776804899312168567e-06
3.538468055395080240e-06
3.314310206099970365e-06
3.104185253379358996e-06
2.906975595560637936e-06
2.721947665254420049e-06
2.549283444753837691e-06
2.386534193168132003e-06
2.233264255549653977e-06
2.090638410668581887e-06
1.956725761503423445e-06
1.830837473000636327e-06
1.712562185825770583e-06
1.601950034894747252e-06
1.497689918557112131e-06
1.400069248162943928e-06
1.310052765574877059e-06
1.226186807798771665e-06
1.145908526979071959e-06
1.072133201420533141e-06
1.003901291484711806e-06
9.393188035223642345e-07
8.780569876127093737e-07
8.228362308212032177e-07
7.693032164902791930e-07
7.192368401454934188e-07
6.741706141499620597e-07
6.313814028334310639e-07
5.892842121631973343e-07
5.519391403957038903e-07
5.180929163987936917e-07
4.829004519649341212e-07
4.522518224480438825e-07
4.219988720878811817e-07
3.938143291446970874e-07
3.655725314777691258e-07
3.428428731169167095e-07
3.174664305885272434e-07
2.953614373534098766e-07
2.759628105635833968e-07
2.566304489746226579e-07
2.401456714931410561e-07
2.240105947282163696e-07
2.103980209167524894e-07
1.951102368149730287e-07
1.853961031916884837e-07
1.718940155582652198e-07
1.613443958233178732e-07
1.520067248117994444e-07
1.406173661142953688e-07
1.328663322292815287e-07
1.234111593245046618e-07
1.157423468196383031e-07
1.066700531662077649e-07
1.009973104806507259e-07
9.396588416852281502e-08
8.643851781260169871e-08
8.242035912687362225e-08
7.564282823061444344e-08
7.128356549255034892e-08
6.664895293805673701e-08
6.189080314201986511e-08
5.818504889422728378e-08
5.407404309702790417e-08
5.106172040492672853e-08
4.695241235759403162e-08
4.500923969445232615e-08
4.147784561285519371e-08
3.872246034577119918e-08
3.731314101529119458e-08
3.342649273519244638e-08
3.221101555330830939e-08
2.983155524373195625e-08
2.741413811545338740e-08
2.640099396144488736e-08
2.398435098117898179e-08
2.280695444375014412e-08
2.142787480673922722e-08
1.983000888104445555e-08
1.881649534624119149e-08
1.746459533343849461e-08
1.648205207011401081e-08
1.532148571956369465e-08
1.441998669405320185e-08
1.349823345901778768e-08
1.241793493513564615e-08
1.191975965254076351e-08
1.097650692091408514e-08
1.035040285872338080e-08
9.772956575152207719e-09
9.007621616937469808e-09
8.655241302007338617e-09
7.991807157281598403e-09
7.412336977769111109e-09
7.073928523336548204e-09
6.579589717160099963e-09
6.204296114456185338e-09
5.760311816396469321e-09
5.467501239005809690e-09
5.121154810224234152e-09
4.806421185989131657e-09
4.494410591108263135e-09
4.163011385040611618e-09
4.041462754738103647e-09
3.714607256273463300e-09
3.433629056359972495e-09
3.366617363499371791e-09
3.022577422976116232e-09
2.932116853234924531e-09
2.741981133432363147e-09
2.474776442837570580e-09
2.495602895415083075e-09
2.230599599524509708e-09
2.092150817683584496e-09
2.067790733810164814e-09
1.814053842829532896e-09
1.812389777227929828e-09
1.669014640920037840e-09
1.506453302605845496e-09
1.541670764735548402e-09
1.354366991799726823e-09
1.292111537652379771e-09
1.269870576561491442e-09
1.109976245752121261e-09
1.118379264478415218e-09
1.033169707704553339e-09
9.233020260473271129e-10
9.584351059897954928e-10
8.318500245675164589e-10
8.081540295242982612e-10
7.805954331505402716e-10
6.919235630957440834e-10
6.968987903836234443e-10
6.371410437180759526e-10
5.828190236243036799e-10
5.923030053311355555e-10
5.194874690344073921e-10
5.091420413618678346e-10
4.833886114111006771e-10
4.369722600769478854e-10
4.353735682071571573e-10
3.999110446298110535e-10
3.685667253532661856e-10
3.699558315526553020e-10
3.289869068480601798e-10
3.206674990813967178e-10
3.049388888650872113e-10
2.762491432661000535e-10
2.759471695285829146e-10
2.520773241542349629e-10
2.356686551401112945e-10
2.330585295393692624e-10
2.096002771238732212e-10
2.045097512046588219e-10
1.930199790770391726e-10
1.772291784355029366e-10
1.752928249369251958e-10
1.608997210762465575e-10
1.515132338153841389e-10
1.481919310766748259e-10
1.347054964747675799e-10
1.310992339932769107e-10
1.235390353425576569e-10
1.143456815727352736e-10
1.123047575060944979e-10
1.034638719886236136e-10
9.807639727478254283e-11
9.496736742112582609e-11
8.722978762134355946e-11
8.456612642187575904e-11
7.971699163174802444e-11
7.423057112714942020e-11
7.243500217067063227e-11
6.702883187861133356e-11
6.382599442146522265e-11
6.127304375687105305e-11
5.685760026790999237e-11
5.484384176494289911e-11
5.175371114024628109e-11
4.845621456981131876e-11
4.697321309784907566e-11
4.367217221643053706e-11
4.170343477535467800e-11
3.976059931235864748e-11
3.721790293882596734e-11
3.571909806424531195e-11
3.374550739591720227e-11
3.173947344602592367e-11
3.056917609827443357e-11
2.856790001009246365e-11
2.727204487360691654e-11
2.591483058855172429e-11
2.437550547339979166e-11
2.330882318952727050e-11
2.202921047803846488e-11
2.078362892505258267e-11
1.990445307951097114e-11
1.867230182965897379e-11
1.779961440706296531e-11
1.687078822530391863e-11
1.591185605478704623e-11
1.515711060678406865e-11
1.432078089720745805e-11
1.352790673381789718e-11
1.288425033258561815e-11
1.211256070459940435e-11
1.151072386146548610e-11
1.088063664814173679e-11
1.026442130662225121e-11
9.729365783765248196e-12
9.177486601842308092e-12
8.656840560310490500e-12
8.193751856417540787e-12
7.696960893324116148e-12
7.275741859076117812e-12
6.845931350702126558e-12
6.439182219649491770e-12
6.057443713195130001e-12
5.688595588243517526e-12
5.335999198228785200e-12
5.006066810556385338e-12
4.677891164197953641e-12
4.380268938084120443e-12
4.085113798001526713e-12
3.811373504395548662e-12
3.539557214841275676e-12
3.291523827667599194e-12
3.049226357846412175e-12
2.818430666816589637e-12
2.600052494272499901e-12
2.392711750181409039e-12
2.193097879497445210e-12
2.011554425707799605e-12
1.824501084390575947e-12
1.663313671399987199e-12
1.502681802487994537e-12
1.351811488519543850e-12
1.214110331577161194e-12
1.081382764932217924e-12
9.583800829241106148e-13
8.504279362496659798e-13
7.369983465670103706e-13
6.476263264514315026e-13
5.571462546673846403e-13
4.773597457674244992e-13
4.082841287708233465e-13
3.433785162699248127e-13
2.879178694991437459e-13
2.446200230647767126e-13
1.975049674670435083e-13
1.700780217317086924e-13
1.407969495202182529e-13
1.211108080008690161e-13
1.081684622785849607e-13
9.771736645196362463e-14
9.363192488041482237e-14
9.676594502454530474e-14
9.528902664176236771e-14
1.061073198089848716e-13
1.120343996601663014e-13
1.227081703059752173e-13
1.337629181496898982e-13
1.428467041184731804e-13
1.523778866585163373e-13
1.623802604315703163e-13
1.646790368609046388e-13
1.712217633295803240e-13
1.694914772186416964e-13
1.677580607162753571e-13
1.620836465244559994e-13
1.523105993158915707e-13
1.406545976687587489e-13
1.278935937490205784e-13
1.095208511976771594e-13
9.477606761539158725e-14
7.568374772912232405e-14
5.970632991237523341e-14
4.409962063770094534e-14
3.007349542383523042e-14
1.929944188772767191e-14
1.246462478874358451e-14
6.450685602715653577e-15
6.981259917834749755e-15
7.513087114568415480e-15
1.251567280099073158e-14
1.822274987344870006e-14
2.444958976879784127e-14
3.063778786107775440e-14
3.613777217579806445e-14
3.798107226407376497e-14
3.952604620389595219e-14
3.630007384150116434e-14
3.227277719935398238e-14
2.567436624466541392e-14
1.825765512516759610e-14
1.109932394247150275e-14
5.568135262051898072e-15
1.035789687112233323e-15
4.475672331633759123e-16
8.672456575085692324e-16
4.403651670858439395e-15
8.273520014804451226e-15
1.216586884145083593e-14
1.474387142898477155e-14
1.561931749033162018e-14
1.357487525597090582e-14
1.066327093317201921e-14
5.895095517488208406e-15
2.362201683051342873e-15
-2.316212995629659974e-16
-5.030457975747212274e-16
1.058019518489812050e-15
4.006681740761453057e-15
6.337260730493624802e-15
7.971862714721314015e-15
6.974464363273589089e-15
4.958102496019860863e-15
1.919575635371996749e-15
-1.247671095477278566e-16
-6.185363750168856176e-16
8.423754658620409887e-16
2.752861600415336880e-15
4.487537904214249502e-15
4.132029300304904542e-15
2.701286822027631214e-15
5.162809023192816448e-16
-4.785787864664177771e-16
9.649882231882540867e-18
1.691312798674661766e-15
2.722156262936520840e-15
2.593495263974564938e-15
9.422901240124316897e-16
-1.944355202470327323e-16
-2.307961639145861384e-16
1.030971189418406036e-15
1.883556479702640485e-15
1.539410256053011231e-15
2.019839908031797925e-16
-2.661760038478796405e-16
3.150923899799524529e-16
1.339928167374179641e-15
1.076575158377644949e-15
1.331772311289305411e-16
-2.479848148990255668e-16
5.457732081187497622e-16
9.788754538891182563e-16
4.584914850735493580e-16
-2.421586471117130694e-16
2.536339429051978337e-16
7.419412817260436830e-16
3.515686110550944746e-16
-1.819928805853750474e-16
2.886121581716904839e-16
5.529584937256957784e-16
8.412022322580812434e-17
-7.819282635528395594e-17
4.529907588635262076e-16
2.141199553450564371e-16
-8.516901288186919046e-17
2.648761027307170036e-16
2.603770298669765993e-16
-9.704402604365852568e-17
2.449837506360310406e-16
1.550439553182522295e-16
-3.581552831310584860e-17
2.167225245810714851e-16
6.678756930865024334e-17
1.597234980944072864e-17
2.022031427372981741e-16
-4.483436298340708161e-17
1.584890347051120730e-16
2.671308671261748709e-17
6.439797013076655533e-17
8.818401626684240397e-17
1.487753575932719578e-17
1.019700575175122909e-16
6.104819912306131408e-18
9.079328331580062127e-17
1.203987719547311696e-17
7.543545193702748421e-17
1.881349822860390648e-17
6.337380603505802125e-17
2.304617189797459276e-17
5.529754465343601071e-17
2.514188464863764564e-17
5.018000204165647659e-17
2.606825042890972769e-17
4.704389720909970514e-17
2.652925255667831748e-17
4.525379597222209124e-17
2.693350319783441672e-17
4.443656001269288059e-17
2.750174804280579932e-17
4.437679174948661953e-17
2.835235190869302852e-17
4.494876282751953852e-17
2.955113811568465504e-17
4.607855124542733410e-17
3.113796451722923202e-17
4.772378790614229856e-17
3.314064869214029547e-17
4.986274678031641799e-17
3.558236892386656642e-17
5.248831050498719412e-17
3.848572038212817096e-17
5.560453300546637572e-17
4.187503498856654208e-17
5.922463257316336866e-17
4.577778836277971031e-17
6.336981804096409283e-17
5.022552035971738426e-17
6.806862019310631281e-17
5.525449958450621065e-17
7.335655445492473881e-17
6.090626002241589735e-17
7.927601070579652116e-17
6.722808368891985325e-17
8.587631242159986059e-17
7.427347169775203929e-17
9.321390768270485871e-17
8.210263158964650327e-17
1.013526718676174179e-16
9.078299800954624549e-17
1.103643075733945178e-16
1.003897985646008520e-16
1.203288345641678222e-16
1.110066732900452550e-16
1.313351639657905472e-16
1.227263551619475626e-16
1.434817575759983128e-16
1.356514151779870987e-16
1.568773676574041556e-16
1.498950786436284215e-16
1.716418603990377945e-16
1.655821151631920838e-16
1.879071230370861417e-16
1.828498065089826541e-16
2.058180558994329398e-16
2.018489943852618969e-16
2.255336500224227520e-16
2.227452114571225255e-16
2.472281524028213230e-16
2.457198963377643217e-16
2.710923166818215329e-16
2.709716924644425229e-16
2.973347412570062444e-16
2.987178309290016967e-16
3.261832900357049848e-16
3.291955930659666389e-16
3.578865921331181043e-16
3.626638484712091186e-16
3.927156143550076519e-16
3.994046596445985302e-16
4.309652956518132725e-16
4.397249421242806098e-16
4.729562293773228860e-16
4.839581629251927882e-16
5.190363746481076007e-16
5.324660563072189140e-16
5.695827715233149339e-16
5.856403271541380635e-16
6.250032271492217671e-16
6.439043068165763543e-16
6.857379316866119830e-16
