# bin_5_1
1.437995428702041418e-06
1.493305499062696850e-06
1.576793078402085450e-06
1.640856219129512330e-06
1.728862177364423002e-06
1.802049036413112014e-06
1.895327986382091657e-06
1.978058853184556079e-06
2.077390570476141041e-06
2.170134668892813976e-06
2.276324597832326222e-06
2.379598770579994414e-06
2.493477750123819596e-06
2.607844361696671180e-06
2.730267391299249026e-06
2.856331252229334961e-06
2.988175090161912138e-06
3.126579174697538730e-06
3.268738531908651469e-06
3.420158232846103316e-06
3.573540295059362948e-06
3.738675931726398436e-06
3.904192916486419640e-06
4.083760185825462053e-06
4.262319618468225047e-06
4.457037660524201250e-06
4.649530038252803789e-06
4.860106780538307107e-06
5.067390293858077634e-06
5.294504746352569781e-06
5.517386745924201447e-06
5.761667952069820964e-06
6.000882897288504198e-06
6.262885312187100977e-06
6.519069025416540051e-06
6.799244204427328015e-06
7.072904393415328867e-06
7.371569044949972661e-06
7.663052263150612307e-06
7.980352967466222211e-06
8.289808472731798400e-06
8.625683706199079246e-06
8.953025071255178496e-06
9.307165629193205839e-06
9.652031469775744743e-06
1.002384095549922266e-05
1.038555678716075095e-05
1.077411455200643253e-05
1.115165856985868161e-05
1.155568833755889489e-05
1.194766482595908160e-05
1.236551320261575383e-05
1.277013829145965346e-05
1.319976839823982568e-05
1.361487392181692900e-05
1.405388040168498684e-05
1.447694256923884295e-05
1.492259506586799898e-05
1.535079533901356500e-05
1.580011800635351685e-05
1.623044373487117942e-05
1.668033810055899677e-05
1.710972974321587890e-05
1.755714692277519329e-05
1.798269662790267660e-05
1.842486197999917342e-05
1.884406440777484359e-05
1.927875270885154757e-05
1.968980271850136372e-05
2.011565432135754632e-05
2.051777709876420670e-05
2.093463502060487284e-05
2.132842225289627991e-05
2.173765682248499383e-05
2.212536807138659078e-05
2.253014050722407002e-05
2.291591336166182573e-05
2.332131444294265396e-05
2.371121306575007853e-05
2.412420144363389704e-05
2.452602520784095036e-05
2.495508726134898562e-05
2.537786559596783210e-05
2.583233217876228268e-05
2.628545623298247753e-05
2.677444917777414303e-05
2.726644322325288860e-05
2.779749287712595521e-05
2.833451343825462337e-05
2.891198972151348641e-05
2.949625580734791653e-05
3.011988097350869298e-05
3.074836862814400528e-05
3.141220514247457132e-05
3.207604857963341480e-05
3.276843398981545461e-05
3.345350656227985445e-05
3.415837217368760732e-05
3.484740039124576631e-05
3.554718826534781378e-05
3.622341460684881442e-05
3.690334960746642591e-05
3.755518830995350908e-05
3.820799901974522030e-05
3.883341693316728416e-05
3.946290260087234196e-05
4.007166372560787065e-05
4.069312235537848562e-05
4.130498550929987501e-05
4.194092364953711877e-05
4.257884552893245755e-05
4.324996900331362285e-05
4.392954416457538506e-05
4.464368967010051486e-05
4.536295337767151057e-05
4.610736183014087924e-05
4.684315502995796556e-05
4.758629806048637537e-05
4.830235225863828045e-05
4.900817553847407871e-05
4.967426393476528451e-05
5.032374579031620091e-05
5.093604364460877550e-05
5.154209695273281124e-05
5.212848051974504007e-05
5.272863643503805338e-05
5.332795823444146755e-05
5.395253439377854467e-05
5.457740011717088441e-05
5.521545212704459695e-05
5.583113124896592723e-05
5.643072779169898396e-05
5.698075350852901646e-05
5.749678754970835614e-05
5.796175852119958913e-05
5.840802661216491228e-05
5.883145384293516332e-05
5.926602763439000682e-05
5.969757313413605820e-05
6.013919124314008634e-05
6.055458924455788802e-05
6.094191843346413289e-05
6.126716871905234143e-05
6.154758170500755307e-05
6.177890795162267637e-05
6.200215044572374352e-05
6.221786633116163862e-05
6.244605015742114937e-05
6.265209619288027642e-05
6.282699260983919684e-05
6.293593266938141617e-05
6.300118312908633308e-05
6.303245956717949347e-05
6.307499352587228993e-05
6.311971732672939125e-05
6.316165815145273054e-05
6.315340610743847276e-05
6.310044925111007010e-05
6.301145122028431868e-05
6.294028935194777427e-05
6.288477385916876525e-05
6.283378009643989166e-05
6.273753134862448868e-05
6.261410955410039083e-05
6.249155099773706927e-05
6.241551063067847895e-05
6.234930926296500459e-05
6.226531073616421762e-05
6.215432905689787446e-05
6.208214452002919670e-05
6.205341775034132860e-05
6.203753748211662334e-05
6.199216903725150718e-05
6.197630653175492568e-05
6.201332573892780566e-05
6.207259239286197592e-05
6.210346476960305071e-05
6.217038603601371177e-05
6.228631432539102561e-05
6.240176391132382018e-05
6.249404441448904249e-05
6.264090030879963561e-05
6.279646689544555029e-05
6.292075478009647002e-05
6.306151454244649022e-05
6.322891046912917858e-05
6.333931300857020559e-05
6.346812781204609914e-05
6.359650375565625423e-05
6.367524722904546611e-05
6.376432614340069233e-05
6.384077755048692669e-05
6.386650238183346861e-05
6.392861513486812052e-05
6.392906342690874875e-05
6.395483470417049265e-05
6.395991719379644626e-05
6.396106242532298750e-05
6.397990171138767809e-05
6.398384424108439030e-05
6.402151519517049031e-05
6.404908100687150847e-05
6.411040136816760515e-05
6.416851857028344776e-05
6.425234983654025086e-05
6.433437936050989507e-05
6.443011965888855613e-05
6.451960124850573204e-05
6.461002227474413524e-05
6.468781299317036975e-05
6.475704023886264698e-05
6.481057841618633754e-05
6.485307534454312888e-05
6.488359860749876994e-05
6.490851270375985499e-05
6.493107027041632249e-05
6.495759072184824942e-05
6.499167677263047865e-05
6.503624207204442194e-05
6.509148512136293905e-05
6.515481933793526006e-05
6.522228708036442442e-05
6.528759852185479925e-05
6.534622105236173909e-05
6.539340492148753702e-05
6.542928428955722714e-05
6.545477782310829085e-05
6.547598044145129840e-05
6.549741688115187264e-05
6.552569935667654037e-05
6.556174389863287006e-05
6.560587082874573572e-05
6.565175384442966798e-05
6.569468860309710806e-05
6.572752099604819954e-05
6.574989621123399238e-05
6.576241215949576720e-05
6.577261699717879169e-05
6.578505589583598205e-05
6.580498734066938258e-05
6.582908236444184164e-05
6.585329051658338640e-05
6.586896892027081232e-05
6.587443517208419928e-05
6.587010071688076287e-05
6.586429583348904482e-05
6.586126442540608957e-05
6.586363360092803367e-05
6.586423123008094537e-05
6.585750220895305652e-05
6.583860314234351240e-05
6.581337543340802347e-05
6.578738636870300790e-05
6.576559414399433005e-05
6.574164811916518138e-05
6.570953890217844681e-05
6.566519211102996728e-05
6.561612443568078405e-05
6.556731158306360800e-05
6.551914569621601777e-05
6.546195112982847728e-05
6.539357867376743491e-05
6.531807106587096180e-05
6.524346187959556326e-05
6.516465625745971246e-05
6.507522297827486482e-05
6.497426295853868362e-05
6.487129757294025673e-05
6.476470698258798343e-05
6.464767311567904621e-05
6.451808455331071795e-05
6.438547943371809574e-05
6.424698909628804905e-05
6.409598756408635021e-05
6.393413615370862962e-05
6.376920309210913499e-05
6.359274391476020701e-05
6.340343017315271687e-05
6.320757194479306013e-05
6.300302818307664714e-05
6.278281972130507200e-05
6.255625806319735978e-05
6.231846735430577688e-05
6.206641098283649277e-05
6.180612442822860941e-05
6.153343522969166428e-05
6.124631759134497623e-05
6.095169144038068608e-05
6.063982691536865790e-05
6.031932130531345384e-05
5.998415652880851728e-05
5.963663351275289335e-05
5.927725986231700996e-05
5.890341140782106080e-05
5.851867109128685489e-05
5.811925823113216677e-05
5.770881003847538014e-05
5.728436651804862036e-05
5.684859648081013340e-05
5.639970780532446953e-05
5.593944872374480108e-05
5.546694118610939609e-05
5.498330842662337806e-05
5.448827346901657383e-05
5.398257588485006007e-05
5.346630951015369837e-05
5.293997750563192184e-05
5.240389700615059079e-05
5.185841795480806206e-05
5.130399256682084854e-05
5.074086939568025627e-05
5.016958930431276612e-05
4.959034074920818514e-05
4.900373614653243581e-05
4.840994150058664381e-05
4.780963891483845754e-05
4.720300082165813243e-05
4.659077439644760126e-05
4.597314575034805142e-05
4.535090196996505049e-05
4.472421815283173055e-05
4.409386954019618027e-05
4.345997027374508221e-05
4.282322268127906922e-05
4.218363670906931069e-05
4.154181328641186322e-05
4.089766928070953254e-05
4.025175105494673493e-05
3.960397513950182755e-05
3.895495384989356081e-05
3.830473961145322277e-05
3.765412800351650044e-05
3.700338032172362929e-05
3.635347271022400088e-05
3.570478966253861459e-05
3.505832564282555292e-05
3.441438861204752970e-05
3.377380649438072876e-05
3.313670399900452791e-05
3.250375587739662774e-05
3.187504480289348027e-05
3.125131411004402184e-05
3.063281755470964840e-05
3.002046444752803130e-05
2.941458904305519409e-05
2.881599345645936787e-05
2.822474342369579926e-05
2.764128399447537195e-05
2.706542620158935340e-05
2.649758520847350827e-05
2.593782892357315593e-05
2.538696119416087934e-05
2.484535115189540329e-05
2.431377068021838583e-05
2.379222030097407283e-05
2.328096007456719038e-05
2.277970579160254380e-05
2.228884002508039675e-05
2.180849777004479601e-05
2.133933494827590586e-05
2.088129213163706599e-05
2.043442623779804200e-05
1.999822072094092825e-05
1.957286330720453413e-05
1.915845466551062599e-05
1.875556762426661624e-05
1.836395456840576881e-05
1.798341733490864278e-05
1.761343439174976617e-05
1.725433096981651617e-05
1.690613931066051490e-05
1.656886400362395057e-05
1.624174772477900749e-05
1.592472130378552148e-05
1.561780346982372385e-05
1.532119717053938429e-05
1.503414158220367759e-05
1.475633422421016255e-05
1.448768956367222541e-05
1.422837457588823411e-05
1.397759157361368007e-05
1.373511393607031702e-05
1.350093035200077734e-05
1.327495360530090010e-05
1.305632018732456725e-05
1.284511801030122774e-05
1.264117544338695192e-05
1.244399824387817271e-05
1.225318097382756915e-05
1.206895272527266193e-05
1.189054692305449977e-05
1.171788767363414364e-05
1.155083612244287792e-05
1.138893647381352431e-05
1.123195179135174687e-05
1.107987643460101420e-05
1.093205814275436236e-05
1.078873042432298888e-05
1.064924593617632877e-05
1.051362256731078807e-05
1.038152203520463642e-05
1.025281053081130106e-05
1.012733020300128070e-05
1.000480056849380735e-05
9.885047588542735146e-06
9.767874451988937934e-06
9.653164819097069692e-06
9.540727320674549915e-06
9.430349729845795880e-06
9.321939194298642787e-06
9.215346374621338025e-06
9.110441034731446444e-06
9.007019639330770703e-06
8.905070136513291553e-06
8.804407633627555686e-06
8.704932135121276984e-06
8.606464746982960042e-06
8.508982417176642193e-06
8.412383872981011606e-06
8.316666916840206902e-06
8.221560255304151440e-06
8.127135562105234224e-06
8.033310576367482761e-06
7.939948161102342435e-06
7.847068807082091722e-06
7.754607531496527905e-06
7.662450772865619022e-06
7.570808160758049129e-06
7.479295539059185291e-06
7.388113659842435396e-06
7.297213239494023970e-06
7.206472658785572319e-06
7.115998667523143287e-06
7.025671058484032072e-06
6.935510238065603549e-06
6.845693117325126683e-06
6.755850490088913637e-06
6.666236727003667382e-06
6.576782073623083315e-06
6.487409997070735381e-06
6.398238722426935589e-06
6.309140006563562296e-06
6.220171282605674274e-06
6.131526400112767744e-06
6.042818734762253806e-06
5.954375116480931812e-06
5.866105709692638219e-06
5.777972764421090019e-06
5.690142418128595993e-06
5.602447304390961184e-06
5.515005995578179151e-06
5.428031525430104974e-06
5.341161326069888156e-06
5.254730433719352498e-06
5.168625692561118217e-06
5.082823668664726628e-06
4.997515975155343344e-06
4.912465052789470116e-06
4.827775006496331593e-06
4.743624710122729834e-06
4.659621076131258809e-06
4.576089558217925200e-06
4.492858437961029718e-06
4.409911643932855918e-06
4.327426692356041098e-06
4.245136048581777511e-06
4.163200951533390165e-06
4.081790234739822689e-06
4.000561503341048582e-06
3.919882523135409829e-06
3.839582715006281308e-06
3.759708013844516339e-06
3.680452492059319192e-06
3.601535581671181237e-06
3.523140523737059615e-06
3.445381320668518718e-06
3.367951246834866324e-06
3.291190339489717324e-06
3.214890793599505649e-06
3.139123295996673231e-06
3.064077952073666119e-06
2.989526828715735896e-06
2.915684795730542514e-06
2.842648458199871319e-06
2.770207891244532166e-06
2.698671892098688436e-06
2.627846683062710614e-06
2.557794443787916565e-06
2.488646652424319903e-06
2.420216427171192252e-06
2.352678473223974239e-06
2.286066143931967608e-06
2.220247575107251984e-06
2.155475063488468879e-06
2.091589749329448799e-06
2.028646747167631423e-06
1.966719857497649732e-06
1.905682442829512990e-06
1.845626440044083347e-06
1.786519772630032959e-06
1.728252839203921444e-06
1.670886802120747030e-06
1.614223242425080274e-06
1.558149682046266181e-06
1.502468219368228547e-06
1.446875554476587656e-06
1.391100464400534245e-06
1.334856005005623971e-06
1.278009632801230999e-06
1.220832007404139942e-06
1.164009198023301143e-06
1.108847372955815247e-06
1.057083217657250778e-06
1.010690443468057356e-06
9.712980563675390948e-07
9.398148598859993148e-07
9.160737448973595676e-07
8.988286114628854000e-07
8.860357217065832917e-07
8.752688673362926683e-07
8.641752936812297136e-07
8.510126939801023228e-07
8.345727892119739063e-07
8.144482102301488663e-07
7.907671666200728210e-07
7.640231211915528223e-07
7.349566764118047846e-07
7.042728440888688300e-07
6.726105618435079229e-07
6.406774793095580413e-07
6.088702191315251310e-07
5.775991882499937307e-07
5.471006264833069046e-07
5.175265327394511030e-07
4.890819810942441371e-07
4.618236526588237632e-07
4.357389836222339231e-07
4.109259522080478299e-07
3.872806107936531429e-07
3.648270666696458942e-07
3.434617670292867304e-07
3.231257374148777467e-07
3.038719434290702449e-07
2.856603989314199209e-07
2.684106099180524693e-07
2.521361130947782900e-07
2.367045639831658101e-07
2.221304608160991640e-07
2.083500952057982318e-07
1.953575160620777867e-07
1.831960062788173754e-07
1.717640310560220795e-07
1.609432289341310362e-07
1.507963728993739671e-07
1.412341058087962551e-07
1.322757186617856990e-07
1.238339019155072831e-07
1.159448728588323503e-07
1.085714676020311288e-07
1.016227977054469177e-07
9.511969414504844560e-08
8.910842646763974637e-08
8.339293849964658835e-08
7.798494158775918385e-08
7.293960983769464833e-08
6.823129323511789812e-08
6.376090888293303065e-08
5.960606107000280708e-08
5.576526850999492719e-08
5.214790976809719808e-08
4.871141463453507682e-08
4.558706833916573487e-08
4.268532426933517446e-08
3.989834488865256770e-08
3.730804492387193125e-08
3.494384601587014394e-08
3.268923108313940053e-08
3.053051838045683487e-08
2.864254607702959775e-08
2.673708876917639989e-08
2.497826707978756827e-08
2.337387041300583334e-08
2.200099907231056011e-08
2.048168977899882864e-08
1.924920838362557872e-08
1.793545647824244970e-08
1.675039534737767589e-08
1.557112195719661949e-08
1.457541527019061915e-08
1.350416696572594997e-08
1.251464038681507960e-08
1.171729317172695752e-08
1.082131576020067913e-08
1.016343059195442582e-08
9.434727682254906917e-09
8.856901550485562017e-09
8.227170682998397334e-09
7.800115769607040944e-09
7.248470187406725202e-09
6.775433362969147558e-09
6.433488589678295404e-09
5.911930024068077521e-09
5.614929230496737932e-09
5.211993070426794318e-09
4.865913705773140142e-09
4.506783490082229258e-09
4.242596972892730587e-09
3.960930810335811320e-09
3.620291488011051181e-09
3.468226519213705202e-09
3.176951310735646583e-09
2.983428152230680017e-09
2.805407106489078918e-09
2.578455993352892168e-09
2.444968843637429434e-09
2.253721218570976841e-09
2.128586991588877079e-09
1.958923945485334359e-09
1.867493272756619942e-09
1.733674376338257276e-09
1.608818482628751123e-09
1.562855735494690240e-09
1.394486353392612507e-09
1.343975158592279521e-09
1.247463356376255768e-09
1.134087253590893104e-09
1.094946708829189385e-09
9.898096589611269657e-10
9.388390656406965777e-10
8.885097349727782345e-10
8.170628231350174359e-10
7.808020956199876457e-10
7.242527207599485870e-10
6.803162300985535465e-10
6.344183036182135685e-10
5.910500764007202119e-10
5.553445242332713620e-10
5.086990129207426337e-10
4.894663677520581313e-10
4.504397445969050637e-10
4.241328685603808872e-10
4.014131926810719729e-10
3.690308129537206811e-10
3.531656231419618680e-10
3.267639185776670780e-10
3.011900664794065814e-10
2.893937843603049681e-10
2.671344718840451326e-10
2.524012770322178667e-10
2.344760840204527537e-10
2.214936763208169905e-10
2.082826492625293173e-10
1.941978708413785575e-10
1.817484467015354839e-10
1.688610396404947478e-10
1.629654712834602266e-10
1.499591167826724522e-10
1.380403271383399964e-10
1.355071234427595696e-10
1.220861922893915033e-10
1.172201749358216810e-10
1.101956966927121821e-10
9.916696551682946909e-11
9.984831765019277130e-11
8.948260997193138865e-11
8.298666425311052318e-11
8.297904220768767794e-11
7.219756678493764636e-11
7.204978969508435393e-11
6.653702562584530908e-11
5.970079146297799947e-11
6.124389322215568222e-11
5.381242479988725481e-11
5.074583153429958706e-11
5.059090469484400747e-11
4.369094782371424477e-11
4.403829622609925045e-11
4.093020298202755798e-11
3.607047053940959995e-11
3.787377505883640271e-11
3.270769238202938661e-11
3.144970987899444227e-11
3.085207902498103562e-11
2.694525782498451277e-11
2.723864540859993291e-11
2.496811862202412167e-11
2.257632113241628116e-11
2.321333585733020776e-11
2.017827611900019821e-11
1.971533253911865838e-11
1.887975565041576472e-11
1.687452266873522465e-11
1.688536729135546220e-11
1.549241457533863518e-11
1.419397200130984564e-11
1.432324042395458679e-11
1.270452863711832341e-11
1.228202873368236801e-11
1.182275604598689988e-11
1.055633923813462746e-11
1.062268915047775432e-11
9.673733514165827276e-12
8.997770475282596291e-12
8.952348047385447280e-12
8.011014658653334368e-12
7.786297765401458352e-12
7.400417358926096468e-12
6.726291069711069589e-12
6.690966873527504537e-12
6.123564088098034769e-12
5.739219552946072008e-12
5.642957911746577025e-12
5.107537929110687260e-12
4.957636616575265565e-12
4.692841643927957291e-12
4.307501799790189961e-12
4.255838766962594836e-12
3.904832635572086694e-12
3.691302041757231029e-12
3.586743739122728694e-12
3.284084912703886173e-12
3.176456657339464586e-12
3.005455218251324258e-12
2.777119766474721235e-12
2.728111103051764128e-12
2.510343126933062699e-12
2.389195306604909631e-12
2.298442659702180294e-12
2.127020520120733650e-12
2.047839688715935414e-12
1.940271139428055844e-12
1.801724535512686174e-12
1.760505657872866419e-12
1.625578790719943446e-12
1.555098043010110559e-12
1.482756624992011634e-12
1.386674282552682273e-12
1.327778235468127776e-12
1.260166024749090027e-12
1.175566253803030786e-12
1.142320299440742395e-12
1.058837929423818637e-12
1.015988231377730323e-12
9.622120647103796491e-13
9.077130789600389660e-13
8.642509379378031247e-13
8.222506186535683393e-13
7.691356520209784419e-13
7.440975821445168173e-13
6.919923838404277901e-13
6.647775246299750163e-13
6.268072614864101842e-13
5.947936657348898424e-13
5.636320676434305277e-13
5.371411355717771885e-13
5.032360466353576626e-13
4.849031515341735427e-13
4.519898621393351135e-13
4.341175565086866759e-13
4.078538915104242434e-13
3.884955024615588302e-13
3.662359680079039384e-13
3.494902385483238899e-13
3.272008963539605497e-13
3.142075511925230554e-13
2.928865100224996881e-13
2.809647215471888845e-13
2.628003067379150653e-13
2.508227081791731850e-13
2.348432797740463585e-13
2.242161876023933359e-13
2.091139702433279294e-13
2.000800658616171288e-13
1.858806821794920865e-13
1.778082436531589280e-13
1.651477896487012958e-13
1.575485326914740266e-13
1.460027205739856444e-13
1.391948110079292098e-13
1.286689445392362689e-13
1.224636670552945982e-13
1.127600690652272581e-13
1.072539014526903504e-13
9.834503438680843102e-14
9.345830191745660175e-14
8.510870844136716727e-14
8.075280670187478731e-14
7.331056104578490519e-14
6.916322699946940434e-14
6.246157740812787338e-14
5.879860886500835853e-14
5.258460251814850531e-14
4.954125483343467440e-14
4.365108028190685673e-14
4.103167226089183092e-14
3.590092386614769214e-14
3.340324700529227606e-14
2.893893638038909765e-14
2.680769483373481609e-14
2.274566017366014862e-14
2.118619057023541061e-14
1.738738539216712826e-14
1.622503317130135890e-14
1.306260139665327678e-14
1.204968503162580414e-14
9.482168972233278043e-15
8.769413200752655403e-15
6.575982319612941051e-15
6.354699734760060606e-15
4.399158426037139655e-15
4.519756117530040033e-15
3.050863915070239114e-15
3.300771811389760179e-15
2.283040525125080623e-15
2.711460589725884224e-15
1.947815038639467247e-15
2.672658225826498100e-15
2.003094935384158176e-15
2.880313096385126837e-15
2.430926340569724131e-15
3.262644891143085886e-15
2.976751114316762738e-15
3.734550426289617022e-15
3.443849598080973391e-15
4.195293543775207195e-15
3.755496571938912241e-15
4.395460475712468946e-15
3.887875159285630109e-15
4.295623466152220831e-15
3.722438608005825946e-15
3.907330958201951069e-15
3.213752665907395265e-15
3.303126313568497864e-15
2.469025319728469603e-15
2.487169492385054127e-15
1.658915808525839958e-15
1.624204015402395297e-15
9.028270939445461649e-16
8.941642692456605740e-16
3.102283039518881661e-16
4.573363842530987172e-16
7.197018449083899373e-18
3.150540195133571583e-16
4.198691010370066642e-17
4.405125201123550655e-16
3.106284197123488418e-16
7.220866058343746148e-16
6.197467978347141233e-16
9.985813968808564958e-16
8.051672973462530011e-16
1.073770980773911117e-15
7.713123305611950355e-16
8.907622982323444282e-16
5.199475263824551199e-16
5.440022962917198410e-16
1.720989287184621019e-16
2.300071328739451527e-16
-6.661616612468411872e-17
1.000863653539652572e-16
-6.526352277096476615e-17
1.907931399435842590e-16
1.197739217687156911e-16
3.742545177218839840e-16
2.816901372533185829e-16
4.534789351837113271e-16
2.577875912542562831e-16
3.287460777874416199e-16
7.557343161244591397e-17
1.229837151243823862e-16
-6.914228535800846915e-17
4.947045142782125802e-17
-3.404735590827585409e-17
1.553210798237371711e-16
9.768843623580769105e-17
2.481566425746348071e-16
1.165160825852445642e-16
1.716993520044826949e-16
-3.053015818310888031e-18
4.518877358793642137e-17
-6.171312267804352818e-17
6.579316085520512121e-17
2.294351231606982201e-17
1.515971362988989839e-16
5.906760239711026905e-17
1.056567316138777558e-16
-2.624244308016542617e-17
2.602455191992232710e-17
-3.620914612291914921e-17
7.645323652680623694e-17
3.185205019117558697e-17
9.623259667295763630e-17
-9.300276121885033288e-18
2.652356524292105960e-17
-3.583315186982939340e-17
5.438803208416826652e-17
1.734364687593977826e-17
6.495970991774012633e-17
-2.176673526532173261e-17
1.944595360226456889e-17
-1.739695953844726368e-17
5.687358161064114513e-17
2.625455650159347607e-18
2.608942845463107319e-17
-2.809952365225945839e-17
3.471848763778299549e-17
3.045111489621616362e-18
3.129262458228953592e-17
-2.533144285787482848e-17
2.508795679980577789e-17
-2.339179582923842840e-19
2.630900966020846853e-17
-2.154053654663938437e-17
2.369390121940440852e-17
-2.631897622728426140e-18
1.770763077849891568e-17
-1.695842555123520896e-17
2.570514816667872740e-17
-8.918327959042104485e-18
1.173493164847617007e-17
-6.799398754938115614e-18
1.927925800721741865e-17
-1.475404175362116687e-17
1.811082457377945678e-17
-7.847234942874849384e-18
1.054586012181839828e-17
-5.609552633885303995e-18
1.233696421365587851e-17
-9.787489881054481881e-18
1.496850972248729378e-17
-1.060767208400021028e-17
1.329141329046544606e-17
-8.251724640993268432e-18
1.042979668163064504e-17
-6.175832716590044019e-18
8.687145875723239392e-18
-5.290987714354405579e-18
7.968688528638364153e-18
-5.043302719021422016e-18
7.640283477587462182e-18
-4.926099010651718432e-18
7.363446859772851835e-18
-4.755858536966957727e-18
7.054532712335035949e-18
-4.513982724072393421e-18
6.721886251437141832e-18
-4.223620044656103002e-18
6.387652917534415506e-18
-3.906793770302042070e-18
6.067686615177350008e-18
-3.577292817755945218e-18
5.770775648107660979e-18
-3.242596287295724939e-18
5.501250380097463854e-18
-2.906405277315126530e-18
5.261056819747845291e-18
-2.570288795148968453e-18
5.050965072679119212e-18
-2.234596227173275038e-18
4.871213470078053933e-18
-1.898942115491226656e-18
4.721846004752139366e-18
-1.562464054371139358e-18
4.602891875579315395e-18
-1.223962005938282257e-18
4.514464341941654782e-18
-8.819745076424795714e-19
4.456818017764784470e-18
-5.348198506529105250e-19
4.430384565545984029e-18
-1.806168983716289556e-19
4.435797158707077361e-18
1.827067536882229876e-19
4.473909444206501034e-18
5.574149057024421403e-19
4.545811988787723153e-18
9.459688563067061294e-19
4.652848167033048373e-18
1.351038007268360531e-18
4.796630528977171488e-18
1.775514175514302993e-18
4.979058288614121851e-18
2.222529197100908128e-18
5.202336486303952137e-18
2.695475466859076348e-18
5.468997142556305903e-18
3.198029365473976438e-18
5.781922607218128368e-18
3.734177478999135206e-18
6.144371364165102679e-18
4.308245643490338202e-18
6.560006465334440109e-18
4.924930860518729399e-18
7.032926724819591676e-18
5.589336124466147890e-18
7.567700882424025780e-18
6.307008314488200185e-18
8.169404767024756392e-18
7.083979113626153201e-18
8.843661677520501544e-18
7.926809185405100627e-18
9.596686006366766787e-18
8.842635491438338372e-18
1.043533013103971667e-17
9.839221923754697669e-18
1.136713470400926878e-17
1.092501312588381616e-17
1.240038214555788270e-17
1.210919149044451299e-17
1.354415334756288015e-17
1.340173712844757936e-17
1.480838733003671134e-17
1.481349058610811346e-17
1.620394352500325460e-17
1.635621790027853041e-17
1.774266625330874483e-17
1.804267746075816176e-17
1.943745072641900675e-17
1.988668792527553937e-17
2.130230973992753790e-17
2.190319621969797273e-17
2.335243991678423829e-17
2.410834434256083579e-17
2.560428606813059385e-17
2.651953336178097482e-17
