# bin_5_4
2.490151345441991938e-05
2.596718393867261630e-05
2.731630511357141256e-05
2.852209377637924241e-05
2.996097314988562023e-05
3.131419315166815421e-05
3.285507569557807747e-05
3.436384412494359209e-05
3.601946740572279087e-05
3.769269657554472682e-05
3.947629609178432333e-05
4.132367404767073066e-05
4.324897525433664885e-05
4.528093253453995139e-05
4.736212640430420399e-05
4.958978561897529923e-05
5.184148412453776802e-05
5.427658843036040011e-05
5.671375581455885865e-05
5.936857184385746147e-05
6.200642705326410529e-05
6.489361736979909901e-05
6.774750254236137632e-05
7.087996225297900886e-05
7.396517176021480291e-05
7.735582360486676821e-05
8.068738791156019545e-05
8.434892999265731887e-05
8.794134857215847297e-05
9.188594906049217385e-05
9.575286696123081994e-05
9.999180064801344936e-05
1.041456241214147328e-04
1.086888468716727506e-04
1.131402949941668614e-04
1.179959540721095893e-04
1.227535457151050443e-04
1.279274269293036062e-04
1.329969060075651666e-04
1.384918229040247608e-04
1.438755298999964548e-04
1.496906661280267736e-04
1.553868706800239075e-04
1.615170944794454180e-04
1.675193127483351572e-04
1.739544925298417625e-04
1.802508242260949720e-04
1.869751866054198688e-04
1.935477201698578259e-04
2.005393065911233782e-04
2.073636568468084846e-04
2.145939516965710339e-04
2.216390118247686322e-04
2.290728329215936535e-04
2.363008406419967388e-04
2.438966005852591888e-04
2.512636349591318733e-04
2.589740965264638282e-04
2.664311337155164943e-04
2.742047904590611679e-04
2.816994494778241563e-04
2.894826586256341516e-04
2.969617555512081238e-04
3.047017272645332589e-04
3.121147207581168189e-04
3.197634173899991717e-04
3.270667608366838999e-04
3.345856728343475726e-04
3.417479797894895513e-04
3.491136127868881976e-04
3.561213854210399602e-04
3.633311105021644338e-04
3.701945730329699383e-04
3.772722610956387099e-04
3.840305893489971700e-04
3.910311857102698792e-04
3.977561537607712371e-04
4.047680852113574586e-04
4.115649076798906189e-04
4.187090126426835771e-04
4.257130238247930311e-04
4.331366504095746496e-04
4.405045381627514323e-04
4.483696881677589458e-04
4.562644254750230057e-04
4.647294734870512046e-04
4.732989983556338751e-04
4.824947021792506496e-04
4.918458727863226840e-04
5.018481479134210372e-04
5.120195021937299111e-04
5.228236140662793300e-04
5.337627161336211705e-04
5.452657172733526561e-04
5.568187654223308173e-04
5.688183659666834046e-04
5.807402746872506469e-04
5.929577264450091494e-04
6.049488118569947264e-04
6.170795284812197017e-04
6.288490704218511942e-04
6.406367620860795552e-04
6.519837976261731944e-04
6.633023950821352469e-04
6.741917410907219757e-04
6.851072946488542641e-04
6.957084983779912883e-04
7.064866075491223240e-04
7.171426709383066887e-04
7.281740362857693633e-04
7.392834676953827233e-04
7.509275517504649528e-04
7.627611161042973298e-04
7.751540716628053680e-04
7.876778375279380349e-04
8.005984261159046272e-04
8.134106869687854390e-04
8.263119754675929147e-04
8.387835493443697530e-04
8.510400788563803661e-04
8.626466434244321226e-04
8.739285421379922123e-04
8.846039538718370680e-04
8.951355342182562482e-04
9.053637828615410674e-04
9.157965813458552153e-04
9.262521493332417574e-04
9.371125424519464618e-04
9.480144641363929007e-04
9.591128169522570657e-04
9.698587098118335338e-04
9.802941505040604301e-04
9.899044574797747666e-04
9.988945572683110945e-04
1.007032947901146834e-03
1.014817466077728818e-03
1.022239363743296207e-03
1.029826395978563486e-03
1.037393984303550511e-03
1.045109090072615828e-03
1.052401685797000469e-03
1.059180937077357611e-03
1.064914821862830751e-03
1.069845385098318943e-03
1.073955470658816526e-03
1.077901032367994819e-03
1.081746774333534758e-03
1.085785628095802934e-03
1.089470587094324696e-03
1.092592740123939869e-03
1.094600101031515662e-03
1.095828024664415989e-03
1.096495669606639732e-03
1.097338354082916636e-03
1.098247854204630969e-03
1.099089697960038648e-03
1.099088897572718642e-03
1.098293897486969694e-03
1.096901395423660131e-03
1.095800901083260163e-03
1.094999427913544588e-03
1.094259812505624617e-03
1.092761968425412381e-03
1.090776851044639173e-03
1.088833399094581806e-03
1.087682306600730019e-03
1.086728235324293168e-03
1.085451265708137648e-03
1.083731930575387902e-03
1.082672580784765134e-03
1.082392835447315224e-03
1.082323497693133069e-03
1.081767494540508126e-03
1.081711697135692664e-03
1.082598175291606037e-03
1.083859545221930705e-03
1.084652308567755083e-03
1.086060033770202800e-03
1.088341780925324888e-03
1.090605092847353854e-03
1.092489322640654952e-03
1.095310836813887878e-03
1.098305761033498531e-03
1.100748318307301658e-03
1.103498093198934746e-03
1.106700509967243088e-03
1.108934216893026547e-03
1.111477609429936675e-03
1.114032390060429095e-03
1.115715525023133021e-03
1.117595425185019227e-03
1.119244969511473198e-03
1.120029739497368972e-03
1.121433501134425645e-03
1.121780418586056181e-03
1.122552711047615070e-03
1.122976611141445315e-03
1.123316160790516823e-03
1.123970456624565377e-03
1.124347935779287325e-03
1.125315219263633504e-03
1.126086306201287733e-03
1.127444281887523539e-03
1.128723150199934834e-03
1.130445932219257621e-03
1.132111198174255316e-03
1.134008669108448270e-03
1.135768624296623619e-03
1.137535902702343279e-03
1.139052642395576610e-03
1.140408841333816290e-03
1.141459336099482497e-03
1.142303831782242370e-03
1.142905616111646559e-03
1.143393980807521715e-03
1.143805971706070334e-03
1.144270107817976952e-03
1.144830828776582411e-03
1.145557784265405828e-03
1.146437825621284164e-03
1.147445557370209207e-03
1.148497275835207165e-03
1.149503777796863010e-03
1.150372896071745216e-03
1.151042519767261907e-03
1.151502792827473805e-03
1.151790133785436914e-03
1.151999175268055616e-03
1.152228796874459147e-03
1.152583300700260474e-03
1.153098437625178253e-03
1.153769500448682730e-03
1.154505448619231722e-03
1.155213785310749575e-03
1.155787141521796152e-03
1.156206973268396332e-03
1.156497613329931584e-03
1.156775392681870388e-03
1.157129839547948319e-03
1.157635046911477698e-03
1.158240656285737394e-03
1.158856980033179168e-03
1.159338715442487146e-03
1.159635782383703186e-03
1.159758426319206382e-03
1.159830456960731556e-03
1.159929227738757621e-03
1.160082265548276724e-03
1.160172100697967439e-03
1.160089363483962329e-03
1.159762189086198684e-03
1.159285327538254681e-03
1.158773407294028676e-03
1.158312055727596900e-03
1.157813699605427567e-03
1.157177114789541056e-03
1.156354538306255102e-03
1.155477448889954311e-03
1.154649622416862621e-03
1.153871438125227394e-03
1.152982313613413112e-03
1.151927689088060340e-03
1.150773715349339126e-03
1.149633772329097543e-03
1.148410050133703061e-03
1.146965159534252569e-03
1.145279382692382256e-03
1.143503462460647175e-03
1.141620603208805913e-03
1.139516095126997131e-03
1.137180618172694028e-03
1.134794467391486358e-03
1.132337814079390024e-03
1.129703566415897172e-03
1.126933067233509009e-03
1.124145115306694753e-03
1.121180494668564190e-03
1.117981131023687872e-03
1.114636458369950732e-03
1.111083835178873882e-03
1.107206964469895343e-03
1.103176124800158905e-03
1.098943823724347207e-03
1.094484933631629858e-03
1.089936355670807159e-03
1.085224444129807234e-03
1.080301931684870620e-03
1.075246024889769903e-03
1.069856512804134114e-03
1.064255446410877293e-03
1.058353712310674362e-03
1.052221312227027755e-03
1.045918393071206291e-03
1.039421206707991660e-03
1.032789307763012010e-03
1.025908712372794289e-03
1.018797872303636763e-03
1.011376226135642575e-03
1.003718407287368993e-03
9.958415719353173792e-04
9.878244957148866676e-04
9.796401221227307027e-04
9.712593257851645035e-04
9.626160286537963637e-04
9.537241786879136190e-04
9.446343928144466289e-04
9.354197173764062677e-04
9.260794354357647102e-04
9.165620547786004898e-04
9.068181219542114768e-04
8.968823208455113964e-04
8.868337809871051306e-04
8.767079702608473676e-04
8.664513888893307474e-04
8.560118440364845307e-04
8.454280777315509700e-04
8.347849510746342856e-04
8.240864278182871141e-04
8.132598798201862026e-04
8.022973499647891287e-04
7.912840831171551485e-04
7.802496127935120091e-04
7.691202005049629833e-04
7.578845301710572394e-04
7.466304920703209849e-04
7.353647123735798999e-04
7.240100531361128890e-04
7.126038007210656455e-04
7.012194659675344104e-04
6.897978960772902998e-04
6.783205314107062893e-04
6.668771991776153377e-04
6.554373954636831014e-04
6.439652643330079883e-04
6.325481930018657124e-04
6.211591563805690100e-04
6.097767861677246947e-04
5.984801487242011157e-04
5.872240567864413403e-04
5.760286813863255313e-04
5.649387931301243660e-04
5.539046409242649694e-04
5.429927431118256086e-04
5.321708885362046778e-04
5.214622498032541343e-04
5.108791444135569581e-04
5.004065499767914368e-04
4.900805018810118442e-04
4.798738807604428953e-04
4.698250335788095415e-04
4.599102525155235799e-04
4.501616948954126167e-04
4.405631821692096114e-04
4.311399723449230365e-04
4.218816572576582734e-04
4.128072851359201986e-04
4.039091323036993393e-04
3.952013121458205569e-04
3.866772805532906528e-04
3.783475626129742357e-04
3.702058850183319728e-04
3.622603050295098879e-04
3.545052917375427826e-04
3.469479722157668873e-04
3.395834289737184358e-04
3.324174559962735087e-04
3.254449642924353808e-04
3.186703874996954814e-04
3.120878193941571893e-04
3.056996976186424748e-04
2.994994173765883690e-04
2.934886702103228469e-04
2.876607732433808040e-04
2.820167431435913739e-04
2.765500763278470105e-04
2.712611562068683669e-04
2.661426884425133112e-04
2.611940497268622425e-04
2.564076929161468238e-04
2.517823137589096237e-04
2.473105356856080024e-04
2.429910863315374778e-04
2.388164354911226405e-04
2.347848482661549164e-04
2.308885682514039963e-04
2.271252865990821721e-04
2.234874811944794414e-04
2.199728478288700715e-04
2.165741676358792485e-04
2.132891960927528181e-04
2.101107848568967650e-04
2.070366274263886366e-04
2.040595832228794479e-04
2.011772346869446844e-04
1.983827218333982694e-04
1.956740514168545900e-04
1.930450628974922876e-04
1.904937733827066109e-04
1.880136212572252740e-04
1.856022076787070115e-04
1.832538065924655367e-04
1.809673024759268236e-04
1.787374743132264649e-04
1.765621693308831177e-04
1.744357048466692772e-04
1.723570929812485856e-04
1.703220128232767151e-04
1.683286732975654114e-04
1.663718536217934324e-04
1.644511057857030883e-04
1.625629118628318720e-04
1.607057576311054765e-04
1.588753632801609438e-04
1.570717892557121648e-04
1.552913137858534217e-04
1.535326196499784432e-04
1.517923360490459168e-04
1.500701970376671658e-04
1.483640450358676179e-04
1.466738741597186746e-04
1.449949890972455826e-04
1.433287767310187984e-04
1.416735126698952078e-04
1.400267687407247405e-04
1.383887995256047700e-04
1.367586919333799308e-04
1.351342857520204861e-04
1.335190493501579325e-04
1.319063906128129220e-04
1.302998237562282761e-04
1.286984275530812165e-04
1.270998933378858541e-04
1.255063234903059950e-04
1.239154790797529688e-04
1.223276562690845228e-04
1.207459958515884720e-04
1.191641209219480591e-04
1.175862092148742072e-04
1.160112338696774330e-04
1.144378112846945235e-04
1.128679324425479536e-04
1.112993701440446255e-04
1.097331988424542763e-04
1.081726500638068955e-04
1.066111419148785841e-04
1.050541671689250522e-04
1.035002817037389711e-04
1.019487070317578819e-04
1.004024247348629271e-04
9.885846685903844247e-05
9.731893490084592678e-05
9.578755107051607916e-05
9.425796393400688990e-05
9.273603777864936417e-05
9.121985044476437008e-05
8.970898114057641957e-05
8.820687595332312976e-05
8.670931244186182445e-05
8.521821466282073182e-05
8.373666944086983002e-05
8.225786227221445449e-05
8.078744386973194219e-05
7.932245716004640167e-05
7.786252607861888066e-05
7.641080710062469127e-05
7.496249664865212712e-05
7.352049902430114400e-05
7.208766989782838775e-05
7.065801993153637481e-05
6.923793382389031327e-05
6.782450170355110587e-05
6.641847046574314540e-05
6.502333815728856539e-05
6.363409024588617051e-05
6.225407289400915146e-05
6.088523268782479572e-05
5.952219712991418910e-05
5.817087174183121432e-05
5.682762241877629906e-05
5.549357417456752287e-05
5.417213813326971758e-05
5.285914489241812843e-05
5.155847581806844831e-05
5.027179795847988477e-05
4.899547640562485732e-05
4.773496363893191578e-05
4.648692045009181228e-05
4.525238800534811296e-05
4.403377522092016198e-05
4.282762735252634102e-05
4.163709986946062340e-05
4.046269991700412181e-05
3.930211380588662768e-05
3.815980573743192589e-05
3.703303179696695830e-05
3.592274363165268755e-05
3.483039196147681542e-05
3.375361398207172756e-05
3.269418345223275025e-05
3.165150016321752988e-05
3.062373648839188719e-05
2.961208783714053253e-05
2.861326339790195479e-05
2.762548936433989737e-05
2.664566785135061411e-05
2.566860183968175117e-05
2.468977200018415046e-05
2.370380646411576368e-05
2.270754207497857781e-05
2.170404186883918677e-05
2.070296503676108328e-05
1.972457281531505069e-05
1.879745981674114361e-05
1.795582476834359060e-05
1.723030409238950983e-05
1.664087921666606201e-05
1.618994171194432908e-05
1.586051174057610336e-05
1.561990519239580191e-05
1.542620313229384392e-05
1.523665874566906954e-05
1.501770474619166352e-05
1.474488280347466333e-05
1.440795168096410730e-05
1.400694749936457582e-05
1.354915295418463882e-05
1.304715239810663690e-05
1.251345646282351631e-05
1.195981346702340529e-05
1.139906479297192205e-05
1.083867194044563033e-05
1.028624149322761590e-05
9.746427671089320980e-06
9.222167654750065634e-06
8.717313493976474917e-06
8.232989211930452698e-06
7.769249208919457516e-06
7.327962331571176147e-06
6.907381419568410533e-06
6.507818237493549747e-06
6.127534595874689013e-06
5.765503690639144535e-06
5.422690746564446530e-06
5.098222885720697623e-06
4.790787129620755025e-06
4.500722952282184148e-06
4.225768396510968786e-06
3.965999690722226194e-06
3.720333015574175465e-06
3.488663144308884410e-06
3.271720980891682838e-06
3.067597109016942420e-06
2.874467634242325410e-06
2.693486307273899232e-06
2.522933854405643871e-06
2.363006537824624657e-06
2.212342508741838246e-06
2.071436822487822935e-06
1.939541130301977554e-06
1.815328199364854911e-06
1.699281138846398472e-06
1.592099902148155417e-06
1.490050374569384982e-06
1.393530155282922443e-06
1.303564888706764719e-06
1.219411201510584473e-06
1.139498088950125862e-06
1.065332561986901430e-06
9.966617708958901723e-07
9.317938317901463019e-07
8.705242253724766662e-07
8.147618337116683506e-07
7.628199440258229172e-07
7.129140785140573264e-07
6.667780559592839019e-07
6.243331572287957718e-07
5.841335606510456434e-07
5.456811105622675674e-07
5.119863366305703067e-07
4.777337754850683587e-07
4.464188754521954659e-07
4.176968406407070636e-07
3.929824957266976899e-07
3.660018843329012331e-07
3.440187462875647574e-07
3.206777009568724790e-07
2.995036018425266144e-07
2.788115610206723597e-07
2.607232481943240730e-07
2.417935870665977919e-07
2.240105554941800454e-07
2.097944128173347725e-07
1.935621143657602480e-07
1.818598206592091061e-07
1.687038498057419518e-07
1.582049441569553787e-07
1.471392853725333551e-07
1.392952593398761167e-07
1.295314133876433971e-07
1.210111805127590331e-07
1.150213937238490426e-07
1.056377059609007490e-07
1.003943900686892145e-07
9.326883673032123062e-08
8.697770443683711027e-08
8.072199754588168761e-08
7.586775956840225409e-08
7.088974946388211748e-08
6.477653082640780155e-08
6.203344042591366121e-08
5.683690736857012277e-08
5.335006303367690651e-08
5.021553208594630318e-08
4.608214681929143589e-08
4.377470979217807098e-08
4.031883875124859536e-08
3.804685090414069106e-08
3.506576541814083097e-08
3.335132862947826943e-08
3.099821546585710600e-08
2.874853440916629809e-08
2.792810618305365777e-08
2.494762286715898087e-08
2.404753696896491397e-08
2.234273763286128444e-08
2.030888074837471346e-08
1.960942540881028784e-08
1.771557861968459831e-08
1.677694693390497184e-08
1.588912344058892928e-08
1.457970732555972528e-08
1.395830473510311445e-08
1.294976816770092382e-08
1.217140747740304144e-08
1.136735006283757516e-08
1.058057036849328037e-08
9.939763089504875250e-09
9.103830529713243021e-09
8.745030612674645053e-09
8.052270523154017950e-09
7.580127783692064828e-09
7.180937290336072671e-09
6.602363793859132220e-09
6.320777166903006599e-09
5.847958356922058740e-09
5.387750742035622955e-09
5.176262782942849761e-09
4.775795847013858457e-09
4.512469077024054240e-09
4.196752860791911214e-09
3.958349607816366645e-09
3.729527035055149134e-09
3.472387971219978591e-09
3.250492128086663609e-09
3.021810313261960138e-09
2.913566242046942903e-09
2.681841012885780109e-09
2.471343978315383626e-09
2.421677501999435216e-09
2.185339006233468813e-09
2.096048255519990752e-09
1.971286428333213429e-09
1.774096897471949053e-09
1.784888544852428556e-09
1.601302697295061985e-09
1.484425409935383997e-09
1.483407646332179032e-09
1.292155135315803240e-09
1.288339843840987356e-09
1.190254604573200487e-09
1.067854940075928844e-09
1.095574871228103013e-09
9.623158985011071415e-10
9.082961522600305930e-10
9.040376563302265831e-10
7.822022869512645663e-10
7.873559631373185845e-10
7.321078169495466799e-10
6.451558215205436314e-10
6.775090126692216793e-10
5.850247614780838870e-10
5.624479820122773687e-10
5.520088969968904909e-10
4.818786424223119166e-10
4.872104865035973276e-10
4.466464746657146698e-10
4.037306921768711417e-10
4.152651378708547489e-10
3.609064246499553581e-10
3.526346824450075077e-10
3.377487303156686917e-10
3.017590575741242643e-10
3.021029218158973475e-10
2.770361423123079498e-10
2.539236507759773709e-10
2.561780137576656958e-10
2.272448742099166399e-10
2.197016831502464727e-10
2.114406696153175183e-10
1.888630498619403738e-10
1.899470527092976350e-10
1.731117581381587084e-10
1.608470726238765836e-10
1.602264991552302394e-10
1.432015994929519330e-10
1.393502198907147973e-10
1.323022762297246967e-10
1.203708153955955662e-10
1.196267355864331983e-10
1.095892751462727077e-10
1.025943948211960849e-10
1.009957343694885319e-10
9.130142602613407994e-11
8.872734836027860065e-11
8.389691594964625186e-11
7.708572544657039442e-11
7.608781611276473636e-11
6.988353477786248227e-11
6.598410976024647719e-11
6.419615808892899922e-11
5.870312633619377882e-11
5.685292114366306374e-11
5.372571990079894595e-11
4.970317241777916434e-11
4.876975169273982167e-11
4.493031714765307283e-11
4.270488567516649810e-11
4.114220233494837547e-11
3.801607717551252532e-11
3.665663904009661511e-11
3.468015780480223972e-11
3.224975578407350942e-11
3.146751980004520279e-11
2.909858280050880109e-11
2.779235479679259825e-11
2.654461137804207293e-11
2.478058945573920529e-11
2.377073192815824094e-11
2.252064449480351955e-11
2.104517249626560216e-11
2.041519008093702303e-11
1.895644538229119222e-11
1.815578599713741774e-11
1.722813141759223697e-11
1.621967811725895377e-11
1.547476735524777274e-11
1.469248203853765444e-11
1.377162473972949343e-11
1.329595104991206754e-11
1.239115183364726091e-11
1.187747865015061838e-11
1.122494619904788924e-11
1.062607596776733830e-11
1.009408330768719706e-11
9.595800791926688569e-12
9.012515926373953987e-12
8.662422550148614647e-12
8.095234781379969303e-12
7.754438874603344260e-12
7.305457789862636835e-12
6.938879480643215278e-12
6.560533401668975483e-12
6.242007536943201797e-12
5.861527033847274895e-12
5.611685494759281028e-12
5.247247890983744936e-12
5.017471771952380907e-12
4.708716990301814651e-12
4.478651406737268662e-12
4.208176183243624390e-12
4.003232119210630457e-12
3.747327905047109097e-12
3.572026437016752888e-12
3.331328513214138438e-12
3.174018988026792539e-12
2.960200452030955500e-12
2.811991754983008931e-12
2.617459610710450700e-12
2.484120499578396793e-12
2.306982170139240318e-12
2.185223102734450719e-12
2.022046731739035987e-12
1.913422399875863042e-12
1.763918653549086726e-12
1.666920896992687185e-12
1.526919083054351926e-12
1.439993106759525670e-12
1.315605246706572888e-12
1.232995884989779416e-12
1.121272737643281064e-12
1.047811999955451496e-12
9.443548431149145950e-13
8.824230576953326616e-13
7.843593343524282500e-13
7.304666858640031768e-13
6.455303659435439883e-13
5.942453071636592900e-13
5.207773055183930677e-13
4.764326331677419387e-13
4.098045045371901715e-13
3.760595935742798907e-13
3.138159464612273369e-13
2.875135043171683088e-13
2.362807467536932926e-13
2.129754905511332249e-13
1.720609736170777176e-13
1.544587732838068776e-13
1.199573198129824391e-13
1.114155326415456023e-13
8.087469315197762000e-14
7.871005533513822435e-14
5.662326290377597944e-14
5.705252639909699411e-14
4.277516744619189005e-14
4.662001167887969022e-14
3.665180697145165082e-14
4.604011670539118880e-14
3.754840491877214590e-14
4.985837220620403568e-14
4.508464883752970225e-14
5.679792039873041090e-14
5.476282595086474539e-14
6.533118143589541121e-14
6.301826093918629315e-14
7.366173995839880893e-14
6.851713377520929471e-14
7.731863818188009652e-14
7.080021895474899819e-14
7.561810658170455234e-14
6.776514786807741570e-14
6.873992911549312336e-14
5.860075342572217385e-14
5.800124474358837571e-14
4.520943914812583591e-14
4.347414568947188582e-14
3.065630179082054518e-14
2.809657762681014698e-14
1.707627357982061327e-14
1.509354205330472129e-14
6.421643319639430762e-15
7.334401961679377448e-15
9.480267015948589724e-16
4.841203942772595952e-15
1.520379294689041676e-15
7.133375617285256641e-15
6.279313356043902059e-15
1.221451116400471978e-14
1.176551197262132187e-14
1.720177255728240080e-14
1.504177729349119400e-14
1.858594157183033375e-14
1.439806925221027093e-14
1.534957208296020713e-14
9.865892809001964097e-15
9.182003749609025373e-15
3.610120832134077232e-15
3.598348301767417710e-15
-6.915602827520872948e-16
1.305346092315641741e-15
-6.973495119535885624e-16
2.956945137813968755e-15
2.584159673047068951e-15
6.265914818187715930e-15
5.453825600413366781e-15
7.708722524640104199e-15
5.001338762613779734e-15
5.501836629012210556e-15
1.718581998583465396e-15
1.844174766150347420e-15
-8.920705795360736748e-16
5.506974527177135994e-16
-2.851184609447682858e-16
2.464209329223321063e-15
2.051688951991516636e-15
4.143727942920589042e-15
2.370056839274548402e-15
2.793992582582055533e-15
2.140025324643885893e-16
5.478979736685271938e-16
-8.515356068604296705e-16
9.322386130194974383e-16
6.474053251030547732e-16
2.481865770454428263e-15
1.279148381667181580e-15
1.674107097787884169e-15
-2.603510473341585006e-16
2.628728158524645471e-16
-4.513722005884646706e-16
1.177247635212544156e-15
7.540527212166342395e-16
1.542662141149098492e-15
6.686446206221338478e-18
3.067095644715191411e-16
-4.785138370538624352e-16
8.154024555857308477e-16
4.626866926876464761e-16
1.014162885197366066e-15
-2.462572467088127781e-16
2.091452894322484411e-16
-1.769125039776818156e-16
8.871579972916432661e-16
1.729357072544847823e-16
3.445555073328197082e-16
-3.844380821764310403e-16
5.064544008427354432e-16
1.653166501671384537e-16
4.522734327476233634e-16
-3.491455714865481487e-16
3.479624121332397286e-16
9.329460312202333726e-17
3.760741422816593339e-16
-2.939072825744540959e-16
3.351898986023368230e-16
3.858686746741572941e-17
2.336498829991714413e-16
-2.230529107670081903e-16
3.819036370827789014e-16
-8.429827745569272615e-17
1.369058246621458404e-16
-5.115141818542764535e-17
2.764415862475051009e-16
-1.979042429875931472e-16
2.598529853504188940e-16
-7.856171733411698531e-17
1.285871740188647270e-16
-4.248329375622074818e-17
1.644260372173891165e-16
-1.209233963143942527e-16
2.150648679306213934e-16
-1.390799296896953720e-16
1.884156848363446677e-16
-1.002151713115992502e-16
1.403725050667068115e-16
-6.616262424427923504e-17
1.121498011824398018e-16
-5.322915173886583258e-17
1.020636512329411385e-16
-5.151865817676919239e-17
9.878176031353691168e-17
-5.197883597370701073e-17
9.625960823978011891e-17
-5.133716050354042916e-17
9.301034747421363411e-17
-4.927046805050152246e-17
8.919199229538380340e-17
-4.620180420396796015e-17
8.520884848079945926e-17
-4.253360139226120627e-17
8.135215947420228982e-17
-3.852055054105158664e-17
7.778628782434519582e-17
-3.430405708874054414e-17
7.459538178126457670e-17
-2.995755595405565145e-17
7.182048892303336063e-17
-2.551598178197571846e-17
6.948119179502178513e-17
-2.099211674744658831e-17
6.758714834652208973e-17
-1.638528890220531046e-17
6.614414459137970882e-17
-1.168600952250672245e-17
6.515732203943658569e-17
-6.878491536075238147e-18
6.463295882497852897e-17
-1.942034930389183473e-18
6.457950715452180168e-17
3.148211761763462980e-18
6.500824235400080738e-17
8.420857130567291796e-18
6.593370915679116718e-17
1.390809715674076765e-17
6.737406762826456083e-17
1.964569575594647696e-17
6.935139430260505461e-17
2.567307087284100203e-17
7.189196980747509261e-17
3.203346179281786273e-17
7.502657357173304893e-17
3.877416286862482361e-17
7.879079811583114231e-17
4.594681510794313483e-17
8.322539143415387389e-17
5.360775061493655875e-17
8.837663165728790765e-17
6.181838778559664438e-17
9.429674149515253493e-17
7.064567605719495105e-17
1.010443430319496092e-16
8.016259043862174489e-17
1.086849586130799568e-16
9.044867649682030350e-17
1.172915593135698424e-16
1.015906470194020457e-16
1.269451637349464928e-16
1.136830310291694601e-16
1.377354895274990101e-16
1.268288782676722117e-16
1.497616595870366299e-16
1.411405176401590788e-16
1.631329646304659570e-16
1.567403738220628289e-16
1.779696825314571782e-16
1.737618389500194066e-16
1.944039552761225089e-16
1.923502021956523576e-16
2.125807225350261274e-16
2.126636333588971598e-16
2.326587099781131069e-16
2.348742193333514357e-16
2.548114683375005156e-16
2.591690478245885071e-16
2.792284587810766673e-16
2.857513326543454339e-16
3.061161753708868800e-16
3.148415698780097780e-16
3.356992939919521109e-16
3.466787133565037852e-16
3.682218333434592122e-16
3.815213510691538724e-16
4.039483074666359619e-16
4.196488618429280051e-16
4.431648461543952864e-16
4.613625228081685186e-16
