# bin_1_2
3.143284470126721881e-05
2.791060230902294090e-05
2.863950162199972062e-05
2.535852354110274353e-05
2.610651203227882066e-05
2.304919064371713743e-05
2.381085495767156090e-05
2.096104354434219890e-05
2.173173243430652634e-05
1.907463078211267014e-05
1.985038396027926928e-05
1.737243533258019104e-05
1.814992100302451200e-05
1.583871972508677932e-05
1.661518016472852987e-05
1.445938911114407606e-05
1.523259384898280490e-05
1.322187125666299927e-05
1.399007741379765539e-05
1.211501248704476244e-05
1.287693190663651627e-05
1.112898879181875240e-05
1.188376170078647774e-05
1.025523144718651064e-05
1.100240638940169276e-05
9.486366546789293160e-06
1.022588635994719117e-05
8.816167970311325304e-06
9.548361619824890376e-06
8.239523225996695541e-06
8.965103312012236329e-06
7.752411739702863713e-06
8.472477365780815020e-06
7.351894914597447750e-06
8.067939622050028544e-06
7.036117150134501229e-06
7.750041472762724375e-06
6.804316816202405540e-06
7.518444756399128725e-06
6.656845625411574328e-06
7.373944200090849434e-06
6.595194431737297921e-06
7.318495004884627217e-06
6.622022692014012491e-06
7.355242454015787376e-06
6.741187975846088546e-06
7.488549391542562381e-06
6.957770840186917939e-06
7.724016304472780685e-06
7.278089212150371296e-06
8.068487514296655651e-06
7.709695079149958395e-06
8.530035642495378725e-06
8.261345118342884418e-06
9.117915413022843936e-06
8.942935792647620840e-06
9.842476999440847926e-06
9.765393018220035025e-06
1.071502906857518862e-05
1.074050688184169642e-05
1.174764274028909024e-05
1.188070381775806505e-05
1.295289059757019101e-05
1.319875275364350594e-05
1.434352033755824252e-05
1.470740873107623679e-05
1.593207144627202068e-05
1.641900829339695115e-05
1.773045620385130830e-05
1.834504609434064640e-05
1.974954373629756078e-05
2.049578183021789909e-05
2.199880760287247064e-05
2.287995009638041745e-05
2.448612203843726019e-05
2.550467079535223271e-05
2.721781632538612710e-05
2.837567991577597890e-05
3.019911498127607035e-05
3.149801258787354236e-05
3.343509478908561207e-05
3.487726184482020474e-05
3.693226609746177162e-05
3.852149435514943984e-05
4.070082154438536381e-05
4.244381464807455741e-05
4.475747748062719244e-05
4.666542179061141814e-05
4.912865611447876852e-05
5.121879779352385333e-05
5.385352964193905858e-05
5.615042733287469611e-05
5.898620861094135430e-05
6.152222869098624444e-05
6.459618045983915927e-05
6.741077215463499740e-05
7.076610670650961520e-05
7.390350696402036527e-05
7.758641039029799669e-05
8.109175088461699000e-05
8.514684976319226756e-05
8.906119701936827449e-05
9.352649103511522313e-05
9.788207282868392929e-05
1.027849437870048167e-04
1.076024689767887633e-04
1.129588523220827559e-04
1.182490072170385570e-04
1.240675597115994456e-04
1.298379639160045750e-04
1.361296265337724244e-04
1.423964368596952659e-04
1.491871060348787194e-04
1.559873716137983636e-04
1.633282441415148309e-04
1.707263907789209189e-04
1.786948518983983076e-04
1.867766692853384833e-04
1.954628862186806679e-04
2.043153756296901108e-04
2.137974318356879763e-04
2.234826533837413164e-04
2.338036613971913663e-04
2.443441399560249768e-04
2.555104670541216943e-04
2.669030318079133207e-04
2.789136074826648027e-04
2.911702006714120966e-04
3.040609294099775131e-04
3.172457648484722790e-04
3.311078475270618502e-04
3.453278368682272592e-04
3.602673807210745108e-04
3.756069388143310254e-04
3.916705480141327664e-04
4.081304535084654653e-04
4.252804671742545163e-04
4.428044474825951790e-04
4.609952697997599666e-04
4.795737030266245568e-04
4.988434981173390506e-04
5.185498109798139955e-04
5.389739674815475579e-04
5.598414303821073893e-04
5.813792222280499047e-04
6.032903628264331018e-04
6.257824561613754572e-04
6.485917781187431697e-04
6.719533295906307026e-04
6.956397739532287202e-04
7.198644669306509007e-04
7.443587186362202786e-04
7.692619780112958973e-04
7.942799423627679547e-04
8.195613187312777081e-04
8.448748721062133244e-04
8.703960361822391228e-04
8.958735759594520535e-04
9.213918639502788593e-04
9.466390243250858783e-04
9.717005004292419198e-04
9.963462015831398878e-04
1.020702015229709488e-03
1.044495116637457173e-03
1.067738919497067613e-03
1.090131720847033149e-03
1.111761840008839786e-03
1.132421951984001604e-03
1.152154162549212657e-03
1.170641650519064006e-03
1.187913804062513696e-03
1.203792333261323021e-03
1.218367767208064370e-03
1.231366298503446585e-03
1.242813422886974951e-03
1.252581464670342141e-03
1.260808456241178065e-03
1.267279690650764288e-03
1.272087587916964982e-03
1.275208745432597707e-03
1.276814403031779638e-03
1.276769173073877359e-03
1.275321310855572886e-03
1.272536085512417786e-03
1.268583801118243568e-03
1.263520565363694843e-03
1.257723366080372050e-03
1.251205161615896256e-03
1.244291957217664524e-03
1.237183057566623549e-03
1.230112285489480149e-03
1.223253859751300852e-03
1.216950840862395834e-03
1.211215025610422932e-03
1.206423888445838687e-03
1.202536516569725940e-03
1.199793207458816182e-03
1.198164570152439193e-03
1.197711059333139922e-03
1.198373011849076381e-03
1.200074921174371350e-03
1.202679782333792051e-03
1.206029327538997832e-03
1.209909539807635555e-03
1.214127688402767040e-03
1.218434503241813465e-03
1.222654451117307674e-03
1.226563722014253248e-03
1.230056913319091784e-03
1.232992200090814172e-03
1.235373464162234586e-03
1.237171511945437449e-03
1.238506234275271170e-03
1.239450042880864238e-03
1.240202642257404956e-03
1.240883814615759964e-03
1.241701672090446450e-03
1.242745150999524911e-03
1.244153037572450372e-03
1.245918319998008282e-03
1.248066722095332462e-03
1.250481573371791571e-03
1.253094888697017404e-03
1.255731688247985461e-03
1.258305784947517068e-03
1.260671049963157844e-03
1.262805509481940668e-03
1.264653041945436622e-03
1.266282474437975753e-03
1.267713541739352552e-03
1.269054498052849108e-03
1.270325908997428210e-03
1.271598235800088525e-03
1.272837269862688589e-03
1.274061072692546370e-03
1.275214358998069545e-03
1.276335753467652823e-03
1.277435284845004730e-03
1.278636156484725880e-03
1.280020788261468888e-03
1.281728659204116848e-03
1.283779550291251669e-03
1.286167140514677537e-03
1.288720539821172064e-03
1.291255894874229022e-03
1.293512016879853769e-03
1.295347798885094007e-03
1.296685486529590382e-03
1.297652359230404154e-03
1.298434031377284888e-03
1.299313359733860829e-03
1.300466157789263982e-03
1.302003646605078870e-03
1.303845288576489835e-03
1.305864470339300823e-03
1.307853519539587880e-03
1.309699015253685574e-03
1.311318827276602593e-03
1.312764661528300139e-03
1.314091814835847321e-03
1.315418005188677018e-03
1.316790362827330871e-03
1.318258104013427315e-03
1.319764656873634659e-03
1.321251956826143339e-03
1.322621565807667599e-03
1.323916139940985517e-03
1.325262736044713471e-03
1.326831959974542020e-03
1.328522566735144657e-03
1.330036087758746603e-03
1.331146407550693996e-03
1.332088768993227538e-03
1.333183380436240391e-03
1.334431365793831061e-03
1.335669921860140790e-03
1.337169641997731266e-03
1.338939441384209275e-03
1.340065930873689855e-03
1.340115481772978078e-03
1.340674031298331580e-03
1.342694120482496988e-03
1.344363848349626120e-03
1.344689437431094209e-03
1.345416418827264423e-03
1.346396651332875793e-03
1.346546991195241667e-03
1.347961560923092864e-03
1.350103675925366309e-03
1.349195803174243992e-03
1.348514139023997051e-03
1.351329228912849902e-03
1.352248780076456460e-03
1.350713602172839284e-03
1.351629372957220904e-03
1.352898471028551397e-03
1.352453764032083032e-03
1.352682457083205720e-03
1.353038886012213884e-03
1.352550913204911753e-03
1.352921834067718739e-03
1.353001443389045908e-03
1.352135545820098723e-03
1.352047257684697032e-03
1.351960734460934486e-03
1.351048836648335990e-03
1.350475569296441438e-03
1.349863438616933980e-03
1.348899389095758409e-03
1.348040940873342346e-03
1.346717749172339929e-03
1.345761315000119744e-03
1.344306878209214524e-03
1.342639396536702201e-03
1.341329619489337261e-03
1.339264621993348052e-03
1.337450015301963916e-03
1.335411847656504123e-03
1.333020406646596035e-03
1.330761000964366574e-03
1.328075384608395654e-03
1.325343154262354503e-03
1.322405841587306593e-03
1.319260825219363380e-03
1.315954256526303059e-03
1.312439784181903971e-03
1.308727939276500742e-03
1.304814768093613946e-03
1.300699367962314043e-03
1.296341662306037170e-03
1.291797996621670518e-03
1.287022844634785152e-03
1.282023492738867043e-03
1.276810347625942539e-03
1.271350074165895731e-03
1.265674478390572868e-03
1.259765353184910935e-03
1.253593085172668075e-03
1.247215673283462922e-03
1.240586508457171885e-03
1.233721763315904748e-03
1.226629222840748372e-03
1.219276165146334365e-03
1.211709703166155777e-03
1.203902452617753574e-03
1.195838132554530569e-03
1.187571326844335563e-03
1.179060925230874992e-03
1.170330303788730958e-03
1.161384136904234808e-03
1.152194851130818000e-03
1.142817173195635316e-03
1.133223141083017707e-03
1.123401377891522978e-03
1.113406818036824638e-03
1.103199995246328296e-03
1.092811106937422415e-03
1.082240518445215516e-03
1.071463614238283213e-03
1.060540375203361660e-03
1.049439076753590563e-03
1.038154537214675422e-03
1.026738290284682272e-03
1.015149138528462702e-03
1.003423198700497494e-03
9.915565062106276601e-04
9.795247716219664721e-04
9.673918095850325390e-04
9.551232048300308626e-04
9.427199886819170004e-04
9.302290053041060861e-04
9.176091872472712935e-04
9.049026295871796625e-04
8.921030873490242742e-04
8.791883902037520536e-04
8.662266679595105080e-04
8.531825894714477462e-04
8.400659410321212328e-04
8.269174512084352365e-04
8.137009774265849737e-04
8.004630466818773949e-04
7.871947842222660769e-04
7.738766910590815428e-04
7.605786502741347047e-04
7.472645954697533467e-04
7.339513097965188896e-04
7.206713794036099683e-04
7.073924349174195081e-04
6.941645343032780977e-04
6.809750451385168440e-04
6.678075131982681408e-04
6.547312874524948345e-04
6.417098173285407494e-04
6.287651492536715844e-04
6.159222580913572892e-04
6.031507888249172753e-04
5.905052692280419449e-04
5.779679886017606528e-04
5.655248666689706135e-04
5.532424081256648958e-04
5.410823516043900471e-04
5.290693934181425317e-04
5.172198358313081059e-04
5.055044230864514428e-04
4.939812745860357656e-04
4.826250369310491287e-04
4.714225874425879959e-04
4.604354414044566925e-04
4.496225539744850446e-04
4.390105261027277750e-04
4.286053271181208737e-04
4.183766608927046919e-04
4.083852457457410722e-04
3.985975297777226054e-04
3.890013595097607042e-04
3.796515380137578406e-04
3.705030412264464102e-04
3.615839072082617034e-04
3.528904382081121758e-04
3.443897071888987076e-04
3.361429947096035258e-04
3.281077704583282750e-04
3.202741967163041654e-04
3.126890713596991293e-04
3.053015472558533823e-04
2.981422708055166213e-04
2.912000191572551317e-04
2.844379772456395684e-04
2.779182096673733521e-04
2.715916761189336899e-04
2.654514373885049077e-04
2.595354521940909025e-04
2.537897603133155945e-04
2.482476486400991486e-04
2.428910902698023101e-04
2.376820018085629214e-04
2.326826524176125891e-04
2.278392448956069656e-04
2.231508412314513092e-04
2.186447286600661118e-04
2.142693524948751716e-04
2.100600592913606172e-04
2.059940076108855342e-04
2.020341809445916099e-04
1.982423958034005022e-04
1.945629197000563312e-04
1.910011893582736864e-04
1.875754265590183511e-04
1.842371983597401101e-04
1.810261935314176553e-04
1.779157809067534934e-04
1.748723899745283257e-04
1.719564086038079254e-04
1.691119183466070666e-04
1.663506570763269472e-04
1.636839956577963880e-04
1.610664631489252369e-04
1.585432250559512275e-04
1.560842628504200238e-04
1.536610963339641667e-04
1.513312546742622477e-04
1.490400156056777162e-04
1.468050758571864056e-04
1.446315445104703955e-04
1.424789636732846172e-04
1.403968160075948440e-04
1.383513667544888296e-04
1.363204131534198106e-04
1.343565821684436327e-04
1.324087504300945942e-04
1.304997675860504241e-04
1.286283643595487062e-04
1.267590762446311570e-04
1.249438995724153371e-04
1.231470132831425084e-04
1.213529318819647280e-04
1.196076733768422642e-04
1.178638520185784720e-04
1.161481029151380272e-04
1.144551690564718662e-04
1.127541863694227816e-04
1.110965026507962247e-04
1.094448426563099413e-04
1.077918189052325907e-04
1.061761446430554891e-04
1.045529762720833280e-04
1.029524682401795123e-04
1.013678138108530370e-04
9.977082110980572027e-05
9.821075616257868865e-05
9.665150436131968333e-05
9.509188515188484120e-05
9.356246906011729536e-05
9.202405947329584768e-05
9.050726701251654116e-05
8.900360356709329239e-05
8.748927726761940218e-05
8.600846254788921234e-05
8.452700766758358090e-05
8.305039551341800944e-05
8.159864739167459787e-05
8.014080310899620479e-05
7.870419422789546942e-05
7.727996166046255519e-05
7.584946518095889612e-05
7.444954167022406043e-05
7.305007354662338152e-05
7.165993434464749555e-05
7.029128422143446873e-05
6.892032682547861088e-05
6.757097281535216413e-05
6.623385931671992781e-05
6.489557687615922228e-05
6.358473597377442988e-05
6.227658191206149015e-05
6.098093154821037135e-05
5.970405987560100129e-05
5.842843856101644507e-05
5.717378189148846797e-05
5.593071019036999458e-05
5.469105132665814923e-05
5.347545775739081576e-05
5.226469152842749089e-05
5.106809096305319048e-05
4.988805550833631792e-05
4.871259362793675489e-05
4.755704661895794686e-05
4.641283996339556602e-05
4.527578337009690213e-05
4.415973096941064671e-05
4.305099560508281528e-05
4.195748232836362833e-05
4.087943489594437688e-05
3.980899286232553348e-05
3.875756642949005156e-05
3.771804038106945354e-05
3.668864624879146480e-05
3.567781321191571182e-05
3.467615841706767662e-05
3.368919526505226465e-05
3.271552113614271067e-05
3.174958208472849141e-05
3.079848442833355292e-05
2.985547826461671007e-05
2.891922596595645529e-05
2.799404085124215490e-05
2.707366514009830309e-05
2.616322497168128186e-05
2.526386728868288938e-05
2.437609833351595323e-05
2.351117103266058770e-05
2.267055897838793463e-05
2.186035111619871485e-05
2.108860813741746714e-05
2.035420083841707622e-05
1.966134828293792099e-05
1.900749753226225883e-05
1.838721008711096530e-05
1.780161484088824237e-05
1.724255131870993188e-05
1.670649302834883502e-05
1.619181611732875090e-05
1.569221511149821604e-05
1.520795511740036330e-05
1.473517823976987112e-05
1.426938774704984433e-05
1.381325406894210667e-05
1.336117478103800041e-05
1.291243180582147235e-05
1.246760200123540890e-05
1.202336591169526122e-05
1.158348428213019964e-05
1.114715777070122437e-05
1.071363680104714267e-05
1.028917718390184405e-05
9.871227099661913660e-06
9.461812660593993244e-06
9.062411844901417567e-06
8.670044851322512202e-06
8.288434086260527327e-06
7.914966454315094664e-06
7.547469000512787332e-06
7.190598347697928321e-06
6.840608093719437405e-06
6.499518438309617178e-06
6.168437683032976366e-06
5.845117192193012395e-06
5.534687159845238331e-06
5.234988253825699062e-06
4.944915748352072453e-06
4.669426066139976463e-06
4.404702794106532306e-06
4.152821826825954160e-06
3.913693107214923588e-06
3.684310887997411182e-06
3.469065490621220236e-06
3.264538826536045924e-06
3.069459124075136861e-06
2.887455056531146311e-06
2.713716188304802072e-06
2.550394098295102201e-06
2.396906892872060960e-06
2.249958562622515307e-06
2.113734939824429011e-06
1.984711556714526311e-06
1.862018403421808720e-06
1.748525932785017550e-06
1.640134245635216268e-06
1.539310693946444714e-06
1.444891244251310363e-06
1.353933266623675484e-06
1.270938824395412760e-06
1.192156721358399353e-06
1.117337685150972921e-06
1.048685808716974839e-06
9.829207187869233867e-07
9.219544803110182881e-07
8.652343021752627776e-07
8.102951807092776317e-07
7.607966703235578778e-07
7.133006846929618440e-07
6.686497607947514515e-07
6.278681350213731636e-07
5.881343494627491467e-07
5.519630292861146039e-07
5.178076767739904800e-07
4.845873551476405566e-07
4.549602990520387048e-07
4.265092033534745181e-07
3.992031174477700500e-07
3.749187027492136928e-07
3.506463836486854009e-07
3.288797858728842656e-07
3.088652710270077881e-07
2.885658042800010559e-07
2.710699478465157519e-07
2.539128885633588299e-07
2.381167801962314976e-07
2.233764710920510301e-07
2.090099391013415172e-07
1.963691636847624370e-07
1.841461205839574296e-07
1.723609169663877547e-07
1.619749242683339316e-07
1.516573125231819829e-07
1.422921469931820383e-07
1.337253492486541285e-07
1.250060822537046658e-07
1.174542380999376096e-07
1.104219697534921883e-07
1.029003176537365348e-07
9.713643710219199796e-08
9.086336844688692916e-08
8.496995935153091143e-08
8.033189567086394840e-08
7.476843309199026022e-08
7.050134315982593605e-08
6.626827248039550587e-08
6.183219679107714707e-08
5.852367431808356668e-08
5.468889961063593660e-08
5.144327461827621582e-08
4.843375960459656153e-08
4.529590555407982312e-08
4.270715137248462289e-08
4.007222710470504405e-08
3.763198648945696742e-08
3.537013856792012225e-08
3.321146182258793716e-08
3.126497300485368776e-08
2.937608824491843128e-08
2.758420547245266052e-08
2.597207007108417792e-08
2.442581008526719579e-08
2.299397636861564231e-08
2.157818590830361727e-08
2.028564042867398927e-08
1.911621505022634356e-08
1.799235698724553791e-08
1.689277665256035915e-08
1.594766804414584676e-08
1.503218223776297910e-08
1.411442166070265446e-08
1.335049457366884356e-08
1.250089759558403279e-08
1.178424331092956189e-08
1.116691525675610713e-08
1.041290135804132332e-08
9.909950668733808554e-09
9.323133913297371555e-09
8.713595164079658221e-09
8.333754425099687110e-09
7.758255484178434802e-09
7.334676963933097661e-09
6.969044089396440612e-09
6.491398530802101331e-09
6.215280466666716377e-09
5.820736230846495549e-09
5.461241740377993777e-09
5.217179625701080500e-09
4.881176215648142834e-09
4.618365933255809270e-09
4.359343221626512779e-09
4.111595945408970687e-09
3.909145777389562855e-09
3.670121964734633950e-09
3.466229623959964947e-09
3.272626576537917607e-09
3.115578180608901574e-09
2.928327289490752133e-09
2.747667296639424339e-09
2.636932819190839167e-09
2.467195946686036814e-09
2.343044570738026772e-09
2.218483678101356447e-09
2.067757555777263435e-09
2.007671302972489203e-09
1.867316745280947755e-09
1.751550201712836770e-09
1.703844195397928215e-09
1.567406668289479954e-09
1.510766456763121178e-09
1.429008576757521785e-09
1.321202726199302688e-09
1.300637611513335897e-09
1.198306332125045357e-09
1.130970799084333314e-09
1.103275426321041072e-09
1.006985702601217427e-09
9.809051950365364391e-10
9.248337913071532267e-10
8.550182945779918538e-10
8.450611161362051352e-10
7.751965176681494997e-10
7.381138758678783563e-10
7.150833861526970279e-10
6.558274484560975917e-10
6.391813175817661681e-10
6.023546362668749422e-10
5.590953344598392360e-10
5.509206099952611072e-10
5.057535651588838129e-10
4.851367541948380682e-10
4.654576734537007161e-10
4.313261139863699933e-10
4.184202696396770768e-10
3.946285050765220857e-10
3.688368828988552304e-10
3.604150817709271918e-10
3.329524394131324525e-10
3.202104676859110530e-10
3.051755570097214019e-10
2.855417668298778695e-10
2.754526373246477689e-10
2.601788183361597930e-10
2.448709763343897252e-10
2.370902368064207180e-10
2.208863292375997660e-10
2.122320246814719517e-10
2.016966157695717509e-10
1.901184925195673620e-10
1.824237553040383813e-10
1.727436552228361621e-10
1.634628892404453038e-10
1.570944829203887582e-10
1.475288592685063429e-10
1.415025253576400225e-10
1.343354202444106397e-10
1.274280551973583291e-10
1.216516355706523705e-10
1.155963954399101723e-10
1.098334021021806481e-10
1.049718396202060474e-10
9.932653812844384238e-11
9.503163410385599632e-11
9.031294659214793397e-11
8.608717376305046281e-11
8.187467137258768619e-11
7.811648687599526579e-11
7.441342047670424012e-11
7.091829715454125389e-11
6.753652638565512908e-11
6.448951986416385963e-11
6.141430861926088467e-11
5.877811078311862453e-11
5.577618057990630857e-11
5.344515552329827731e-11
5.098922315858828885e-11
4.857536502086064362e-11
4.649547103887042278e-11
4.435144833209830406e-11
4.234252564835917258e-11
4.065761638230091228e-11
3.854805031027097331e-11
3.707679424715794839e-11
3.539627051178138248e-11
3.376459843941580891e-11
3.241436582119106285e-11
3.090948805533152790e-11
2.956762606333445424e-11
2.843697349855342443e-11
2.695125407016046898e-11
2.597623837218458846e-11
2.477547823757257052e-11
2.365897974052865242e-11
2.271069701570488992e-11
2.163027472432940207e-11
2.068509384855630979e-11
1.986902654715439876e-11
1.879582117155762452e-11
1.809202702884275993e-11
1.719533464686952796e-11
1.639333469451692049e-11
1.567980599104946848e-11
1.487493493659468185e-11
1.417656305244008392e-11
1.355492180661183275e-11
1.276874456973520522e-11
1.223889766356183106e-11
1.156828808338586968e-11
1.099130613341592390e-11
1.046152121175935743e-11
9.882861343517853786e-12
9.390567911392145503e-12
8.950070837301450530e-12
8.417343733025751283e-12
8.062193271978022732e-12
7.615776080730268494e-12
7.254660056703708505e-12
6.919642231803781732e-12
6.563953293449034493e-12
6.272272229040986069e-12
6.013009343509051605e-12
5.700473329062402476e-12
5.500761852327558549e-12
5.234519271450308468e-12
5.027490508645135095e-12
4.822553840998723250e-12
4.600282709388544994e-12
4.409836085237908494e-12
4.228197621752159678e-12
4.006805817757925878e-12
3.848700187432359866e-12
3.638384061752561956e-12
3.467177875794755536e-12
3.291412303242943944e-12
3.109551269487782844e-12
2.951139211364388692e-12
2.805092586146538642e-12
2.644916222497961051e-12
2.534318090385187151e-12
2.398911636319330599e-12
2.300287817686113495e-12
2.201748871559052790e-12
2.105417002645996101e-12
2.021481206331651446e-12
1.941650395415378254e-12
1.847394237929740816e-12
1.774876341215747124e-12
1.677730469565691798e-12
1.598452109157268963e-12
1.512416220382181001e-12
1.429751223180795918e-12
1.355939387018802245e-12
1.291772536523515214e-12
1.226477361611591192e-12
1.182027967776551400e-12
1.126912242332281874e-12
1.086476546081965384e-12
1.038216713797050819e-12
9.897327356237528560e-13
9.391966336222380287e-13
8.909639220075999343e-13
8.389302925792701439e-13
8.009328091875285890e-13
7.585463482300310424e-13
7.307871749540636516e-13
6.999623330936765443e-13
6.719715976674210799e-13
6.403143557671045553e-13
6.090931822704536057e-13
5.730394372386622498e-13
5.459553081165439016e-13
5.163031810460242988e-13
4.979627925708623448e-13
4.767710853386474574e-13
4.575697017918388717e-13
4.338193230153747756e-13
4.114334296323641062e-13
3.873807144776448237e-13
3.718798785023837435e-13
3.546068426796108553e-13
3.427932151367668770e-13
3.249631962721214854e-13
3.082014847544765155e-13
2.905772424480275952e-13
2.787640771345391621e-13
2.666457412405349566e-13
2.570857469973014976e-13
2.416042714123535947e-13
2.299091385773262939e-13
2.180180484741391163e-13
2.107669840443558764e-13
2.006319649269300916e-13
1.906098341931926918e-13
1.793541204836880608e-13
1.733898398618586514e-13
1.651158785860543133e-13
1.577479667747933665e-13
1.480604181702580343e-13
1.427882587306203154e-13
1.363155845838117283e-13
1.298044889403976641e-13
1.220969843782615733e-13
1.183817106093274511e-13
1.120194742165975691e-13
1.066917033293069687e-13
1.011868184235854146e-13
9.783638642363053359e-14
9.178405993442749835e-14
8.815220478615931792e-14
8.397231282430673034e-14
8.012197357150815053e-14
7.568463432609920526e-14
7.330327977827664841e-14
6.859958216654926714e-14
6.631742498918776340e-14
6.269820320330228109e-14
5.992413871861773716e-14
5.704288282282882759e-14
5.449778110192518036e-14
5.163149428772848840e-14
4.968172133952157674e-14
4.673589934455300985e-14
4.522201295488903255e-14
4.238877089134890339e-14
4.109032589998237962e-14
3.849537989967802049e-14
3.730804918474175634e-14
3.497199522558023675e-14
3.387116197531250092e-14
3.176887075381358368e-14
3.075511445742885511e-14
2.885454142997328860e-14
2.792990818692045093e-14
2.620406405119570814e-14
2.536704241650719141e-14
2.379484120798721164e-14
2.304108085634287232e-14
2.160576847080785225e-14
2.092947340555742001e-14
1.961722056326971919e-14
1.901209984530022692e-14
1.781110328453430193e-14
1.727088852977140187e-14
1.617083667636036904e-14
1.568953522453875758e-14
1.468128438426432587e-14
1.425329105226657560e-14
1.332865711755284663e-14
1.294879356806692049e-14
1.210040792200008200e-14
1.176392557535500106e-14
1.098512830463629705e-14
1.068769320041287258e-14
9.972449356914278944e-15
9.710118468218158437e-15
9.052949537245621739e-15
8.822143526778343704e-15
8.218069598897734828e-15
8.015544662539470292e-15
7.460034576251043287e-15
7.282854784542449166e-15
6.771782498430456415e-15
6.617293367869395632e-15
6.146899381907731384e-15
6.012703039580950290e-15
5.579560032802214864e-15
5.463492119652044075e-15
5.064474179867430417e-15
4.964582520636305700e-15
4.596837488918297779e-15
4.511362489453789900e-15
4.172287032196286917e-15
4.099643726165820271e-15
3.786860818238183315e-15
3.725622464503499951e-15
3.436961021574886600e-15
3.385844147570998520e-15
3.119320572399893814e-15
3.077171358747404863e-15
2.830972811262901441e-15
2.796754707278328387e-15
2.569223924824776292e-15
2.542006396878343213e-15
2.331627908512475723e-15
2.310576227078338913e-15
2.115963831333929745e-15
2.100329803869086628e-15
1.920215187797391045e-15
1.909328757590388898e-15
1.742551149005189477e-15
1.735812782272151126e-15
1.581309539088663840e-15
1.578183330016314167e-15
1.434981380029014350e-15
1.434988809147542598e-15
1.302196860775133061e-15
1.304911147954883948e-15
1.181712603480923836e-15
1.186753600887294327e-15
1.072400105534000272e-15
1.079429682947341254e-15
9.732352552917417466e-16
9.819531309134645814e-16
8.832888199155661633e-16
8.934287987948958727e-16
8.017178228195181867e-16
8.130444035515373774e-16
7.277577276198527531e-16
7.400630461551299932e-16
6.607153587151337909e-16
6.738164382509690782e-16
5.999624947168234243e-16
