# bin_2_1
4.949428885710506544e-06
4.979169837499302491e-06
5.416793723029018243e-06
5.481014290192816542e-06
5.929366583927976204e-06
6.029218114653090434e-06
6.490986147068721501e-06
6.627793856092929722e-06
7.105754089646755833e-06
7.281015607472335017e-06
7.778036029823499030e-06
7.993418035088239529e-06
8.512458121244914752e-06
8.769790510032947006e-06
9.313898177167662912e-06
9.615165121694985314e-06
1.018746999843693950e-05
1.053479717746807438e-05
1.113849941987182885e-05
1.153413658529347687e-05
1.217249038043259176e-05
1.261878835167464987e-05
1.329507915693223363e-05
1.379446023681810167e-05
1.451197473091632252e-05
1.506689549163128641e-05
1.582888317772167508e-05
1.644178853138475018e-05
1.725141391616929879e-05
1.792468141722115471e-05
1.878496577169137049e-05
1.952083920663985850e-05
2.043459106006884361e-05
2.123510259374971116e-05
2.220483640652954607e-05
2.307171693042697820e-05
2.409955984300030129e-05
2.503413772064849539e-05
2.612172495822715331e-05
2.712481417701450033e-05
2.827317463533993993e-05
2.934495448400566993e-05
3.055438931640837476e-05
3.169427918133362141e-05
3.296423786999078576e-05
3.417077263617017158e-05
3.549973315354173543e-05
3.677044702277963456e-05
3.815580923980190810e-05
3.948713856831646531e-05
4.092514305413000287e-05
4.231236196617093492e-05
4.379804962070187160e-05
4.523525554400536602e-05
4.676248690733526240e-05
4.824265648555775869e-05
4.980421267180629901e-05
5.131935128365877212e-05
5.290714073992795172e-05
5.444855034890492152e-05
5.605394614223636234e-05
5.761263544184435606e-05
5.922696541180587538e-05
6.079422188667122170e-05
6.240942729476340635e-05
6.397756132688478200e-05
6.558702691138934354e-05
6.715028168058329678e-05
6.874981957779953607e-05
7.030541562480186683e-05
7.189435604971384120e-05
7.344360500084932638e-05
7.502590747103125629e-05
7.657528590833035417e-05
7.816053755963632782e-05
7.972256216219572079e-05
8.132667881842275091e-05
8.292037419011957604e-05
8.456577420202201817e-05
8.621648683097112768e-05
8.793148179603425699e-05
8.966978492257830758e-05
9.148694581179650162e-05
9.334642384691791426e-05
9.529976101302235758e-05
9.731358466248812302e-05
9.943455102987615746e-05
1.016309776794487122e-04
1.039435822388973040e-04
1.063408467287495625e-04
1.088565423039993170e-04
1.114580137030454418e-04
1.141714470079569643e-04
1.169623360082557202e-04
1.198494041253716325e-04
1.227965618365325603e-04
1.258163203185158553e-04
1.288725545490202113e-04
1.319741300483069288e-04
1.350877388036739895e-04
1.382222965184135477e-04
1.413510227419719704e-04
1.444869715929746523e-04
1.476134173963417984e-04
1.507507093518765321e-04
1.538939718767606271e-04
1.570714128015530595e-04
1.602884554399812140e-04
1.635777838271992011e-04
1.669493805900314719e-04
1.704330153495020779e-04
1.740342628359759598e-04
1.777707398815181407e-04
1.816348225339365133e-04
1.856253947058683575e-04
1.897182425258013506e-04
1.938948899099697813e-04
1.981210152003556185e-04
2.023727103682644351e-04
2.066215737109586086e-04
2.108566618619335477e-04
2.150728972143862452e-04
2.192853861713959119e-04
2.235172374121452085e-04
2.278038406202803081e-04
2.321789693776677484e-04
2.366710859832596946e-04
2.412922405240372850e-04
2.460339837304685519e-04
2.508673679061984487e-04
2.557462371373815635e-04
2.606219431952406574e-04
2.654519549705848048e-04
2.702196218025532224e-04
2.749328415806306263e-04
2.796311984188555849e-04
2.843615647693814455e-04
2.891700106722819579e-04
2.940672587818759891e-04
2.990320691833576300e-04
3.039994557418245966e-04
3.089000151521945222e-04
3.136726697594686714e-04
3.183108166739869339e-04
3.228469719377850345e-04
3.273523845859783988e-04
3.318715995927747574e-04
3.364073046485102961e-04
3.408855073019086785e-04
3.452141090506039879e-04
3.493148663810546634e-04
3.531978236505571816e-04
3.569267660016061977e-04
3.605868445280003003e-04
3.641773932229859989e-04
3.676199303345512774e-04
3.707859387121833377e-04
3.736319561684616560e-04
3.762107450426009961e-04
3.786384707389027623e-04
3.809314864468037252e-04
3.829961284011539437e-04
3.846935365769936369e-04
3.860291834572527800e-04
3.871200800156422987e-04
3.880669489920478754e-04
3.887787199248245586e-04
3.891234909320446449e-04
3.891050845958591220e-04
3.889052249531248034e-04
3.885797678621533179e-04
3.880055463166809902e-04
3.870931501009178353e-04
3.860232421808490921e-04
3.849302133717179340e-04
3.837134474570300774e-04
3.822746551965934244e-04
3.808345998026194980e-04
3.795105316954672800e-04
3.781596355225731883e-04
3.767875118815804266e-04
3.756716067402934801e-04
3.747418255448469967e-04
3.738898889950813503e-04
3.733450151642960044e-04
3.731543781722603242e-04
3.731038545746703686e-04
3.734374332985721076e-04
3.741307505890955677e-04
3.749973048544629232e-04
3.762423729224747952e-04
3.777372819087107905e-04
3.793370074991704371e-04
3.812452130907561403e-04
3.830950119815130757e-04
3.850698999589083219e-04
3.869583384651714892e-04
3.887096466352798216e-04
3.903369751232383658e-04
3.916445458444412810e-04
3.927596053789158994e-04
3.934875968240990752e-04
3.939858051052968460e-04
3.941353305656162685e-04
3.940989455552059177e-04
3.938418103385594093e-04
3.935271370174325714e-04
3.931770026810912770e-04
3.929404143806896894e-04
3.928527905219382325e-04
3.930209584489233101e-04
3.934485757881394079e-04
3.941728445268674174e-04
3.951372280696525139e-04
3.963033382543932216e-04
3.975603260323329487e-04
3.988245450244072132e-04
3.999755636911424880e-04
4.009452523381733507e-04
4.016666142666246121e-04
4.021453173271146374e-04
4.024058840940437356e-04
4.025379256050859705e-04
4.026314051902613088e-04
4.028005159159927942e-04
4.031160698892896892e-04
4.036260742258711374e-04
4.043068724574942719e-04
4.051037178273867519e-04
4.059146679227028810e-04
4.066527421111920735e-04
4.072452317433829824e-04
4.076857699536050208e-04
4.080092934863926079e-04
4.083020902977448486e-04
4.086413406146433220e-04
4.090839305999569844e-04
4.096191276125106832e-04
4.101964467575118858e-04
4.107342759363928229e-04
4.111865966662313051e-04
4.115540687412386775e-04
4.119035969004426236e-04
4.123088622858631113e-04
4.128144753552830310e-04
4.133828963283466755e-04
4.139309923992488946e-04
4.143769248733841955e-04
4.147253916680800328e-04
4.150613309403319308e-04
4.154996616177062600e-04
4.160686042145017431e-04
4.166839522588824192e-04
4.172034243390304901e-04
4.175762126587398621e-04
4.178918602046985289e-04
4.183046609612296892e-04
4.188479285435189534e-04
4.193930191696526827e-04
4.197853902690290009e-04
4.200544925635149324e-04
4.203737398712009622e-04
4.208264301926513710e-04
4.212579615736131286e-04
4.215101748297241514e-04
4.216824982445370918e-04
4.220044966885869273e-04
4.224243117826688215e-04
4.226701509175300364e-04
4.227485252018510563e-04
4.230028957678178447e-04
4.234458107523162438e-04
4.236682816642855197e-04
4.236660146877836556e-04
4.239454260183727133e-04
4.244110373049296797e-04
4.244696641640743960e-04
4.243897706508286392e-04
4.247738268537316225e-04
4.250411995883810585e-04
4.247820540199124173e-04
4.248461898971608668e-04
4.251724298346032144e-04
4.249187466372155819e-04
4.247677768560841755e-04
4.250004717893926857e-04
4.247748573447156163e-04
4.245891301582968027e-04
4.246779311420467544e-04
4.244107429268783390e-04
4.242374880623439549e-04
4.240929868822974989e-04
4.237608713173293446e-04
4.234728522354000218e-04
4.231152488468939953e-04
4.227027192510719017e-04
4.222648000212246631e-04
4.218104326294210048e-04
4.212941692067282274e-04
4.207703191587705907e-04
4.201760441665844761e-04
4.195289694250868757e-04
4.188167835049232362e-04
4.180343014408754239e-04
4.171984499488348903e-04
4.163121093243619085e-04
4.153800355610946749e-04
4.144007406715907813e-04
4.133552518812551812e-04
4.122373600403664209e-04
4.110342801109180847e-04
4.097579111214279929e-04
4.084148586394533852e-04
4.070178208669263217e-04
4.055581902632389565e-04
4.040246545017554792e-04
4.024008252106392111e-04
4.006903698880313240e-04
3.989044867633024095e-04
3.970582352459689100e-04
3.951457778665715690e-04
3.931526578006880172e-04
3.910659627388149494e-04
3.888967772345259372e-04
3.866612798240933705e-04
3.843644267061577073e-04
3.819876637914597600e-04
3.795204133845290258e-04
3.769727942930522244e-04
3.743648110497364541e-04
3.716900838996483919e-04
3.689302688987200290e-04
3.660850771062536084e-04
3.631774181595422125e-04
3.602079309853513400e-04
3.571579088404241791e-04
3.540277112330997354e-04
3.508416747008054359e-04
3.475957905176888202e-04
3.442740442521524972e-04
3.408902647150999893e-04
3.374620702394254029e-04
3.339716456198611933e-04
3.304217010385694393e-04
3.268327781739886707e-04
3.231936992350853540e-04
3.194988802080071582e-04
3.157693873855806229e-04
3.119913256181062241e-04
3.081645822100038262e-04
3.043039469813222059e-04
3.003960367245274194e-04
2.964499659990966389e-04
2.924726455920959511e-04
2.884552357271070663e-04
2.844153044753858152e-04
2.803436672306897082e-04
2.762499214463370965e-04
2.721331489235114670e-04
2.679928756849171484e-04
2.638338468561987117e-04
2.596525666216413443e-04
2.554566206520852696e-04
2.512450783852123132e-04
2.470267224296718192e-04
2.428030940180018929e-04
2.385811463144749654e-04
2.343614884268654009e-04
2.301473573443862226e-04
2.259382064332712381e-04
2.217367043050322566e-04
2.175450121677561469e-04
2.133686153518875490e-04
2.092121239519887982e-04
2.050802874179920570e-04
2.009748579187301475e-04
1.968969096835674942e-04
1.928470672702851864e-04
1.888285392154095889e-04
1.848460315396170130e-04
1.809047874536995381e-04
1.770073716241098703e-04
1.731540402188965345e-04
1.693444613316922047e-04
1.655812642059990511e-04
1.618697309309737107e-04
1.582149599070498971e-04
1.546181834694220305e-04
1.510780737248909036e-04
1.475948576827435085e-04
1.441728092898351260e-04
1.408165141868547034e-04
1.375266721846891873e-04
1.343013659133908693e-04
1.311417504569846243e-04
1.280521293305525606e-04
1.250341365871313580e-04
1.220849944275067894e-04
1.192043289799503295e-04
1.163964100201181877e-04
1.136628186435626175e-04
1.109996751443536982e-04
1.084062096437631023e-04
1.058859984591458135e-04
1.034382813568358411e-04
1.010595558952312640e-04
9.875157651620970745e-05
9.651467909084957106e-05
9.434464157232124663e-05
9.224219315768119036e-05
9.020863873734693704e-05
8.823894931694074904e-05
8.633297772830374141e-05
8.449132946722674958e-05
8.270978057905687363e-05
8.098856996884985890e-05
7.932588132762541215e-05
7.771873941764776024e-05
7.616835173014475870e-05
7.466987042231041326e-05
7.322327677132347049e-05
7.182669309524180299e-05
7.047766411424585169e-05
6.917521867495271244e-05
6.791662263011825820e-05
6.670148703259818094e-05
6.552637330667061919e-05
6.439122415049978413e-05
6.329307854481090593e-05
6.223088717157495165e-05
6.120266675857733351e-05
6.020719096691555430e-05
5.924220646989461389e-05
5.830690512888591162e-05
5.739914604071417331e-05
5.651821898367091480e-05
5.566204355671511609e-05
5.482947343091590299e-05
5.401907218587855724e-05
5.322972942076606510e-05
5.246007832703923380e-05
5.170893121652680226e-05
5.097543683637241929e-05
5.025854099135727441e-05
4.955680019683888945e-05
4.886943091877212365e-05
4.819547127566102166e-05
4.753398560824262451e-05
4.688435048662342107e-05
4.624547872774527303e-05
4.561690793986207916e-05
4.499827618893481899e-05
4.438789435451926285e-05
4.378596768997998126e-05
4.319169449373238661e-05
4.260430284150159864e-05
4.202402197451427245e-05
4.144943311948254229e-05
4.088062298299611087e-05
4.031788933180102571e-05
3.975935837655894837e-05
3.920568833126472305e-05
3.865624643019693115e-05
3.811070516692613940e-05
3.756948414283039161e-05
3.703108241879729664e-05
3.649619301451832650e-05
3.596506087554781288e-05
3.543601244052502772e-05
3.491018149070374834e-05
3.438681939760167625e-05
3.386593701656066471e-05
3.334832140100159721e-05
3.283231353387393276e-05
3.231894907634814875e-05
3.180876410201580212e-05
3.130017746504311024e-05
3.079457591461613047e-05
3.029118835253207971e-05
2.979038131383198511e-05
2.929315584801703309e-05
2.879769339221574116e-05
2.830535587273446321e-05
2.781657023778725288e-05
2.732985236343687328e-05
2.684686975979520181e-05
2.636655988513746346e-05
2.588941288544487768e-05
2.541647572620883504e-05
2.494564476031995592e-05
2.447853187349719842e-05
2.401535682663728848e-05
2.355472724325422234e-05
2.309839541370232836e-05
2.264502025101185328e-05
2.219519626766543652e-05
2.174999648745404331e-05
2.130717963356686242e-05
2.086856922949501247e-05
2.043403231740815020e-05
2.000240458997066306e-05
1.957546460911147618e-05
1.915160396353322145e-05
1.873147829647781994e-05
1.831623350657876349e-05
1.790362872715180748e-05
1.749552916593317308e-05
1.709157286209761546e-05
1.669090677925677874e-05
1.629518097352297739e-05
1.590273196558914448e-05
1.551433702997312081e-05
1.513096697969790541e-05
1.475060244774046005e-05
1.437512729207751889e-05
1.400398568099266906e-05
1.363666372816936419e-05
1.327469176923965806e-05
1.291643103851997219e-05
1.256274987148753710e-05
1.221439050107728207e-05
1.186968812582495001e-05
1.153027759812350228e-05
1.119539616032174297e-05
1.086469762570630233e-05
1.053920758799414767e-05
1.021732902695579752e-05
9.899569167777256610e-06
9.585881835879226398e-06
9.274621848502381756e-06
8.966579203364452753e-06
8.660632113443184212e-06
8.356545134748415428e-06
8.055435446628861855e-06
7.757255472663574590e-06
7.464178573898739786e-06
7.178337498104245005e-06
6.901485329788587195e-06
6.636761599018062834e-06
6.385559855840298257e-06
6.149108217266083304e-06
5.928381139159584548e-06
5.722741387631761813e-06
5.531832796410194427e-06
5.354494094168645219e-06
5.189307263087127717e-06
5.035216833579249468e-06
4.890548986909813807e-06
4.753693607511648671e-06
4.623019803552420893e-06
4.496596226760501688e-06
4.372459726146135078e-06
4.248492277123810703e-06
4.123041647659371254e-06
3.994575495060178716e-06
3.862271641104569815e-06
3.725705643374192897e-06
3.584958138836802441e-06
3.441002094884154524e-06
3.294686723072380866e-06
3.147159328728769754e-06
2.999941950261733804e-06
2.853930394098882877e-06
2.710500973824602841e-06
2.570405922399201205e-06
2.434163027454227508e-06
2.302728168977622239e-06
2.176139154214929692e-06
2.054681323518647704e-06
1.938681056180185996e-06
1.827812228291954670e-06
1.722389110829198358e-06
1.622138590499662313e-06
1.526781860803791691e-06
1.436613476807325426e-06
1.351057120515689287e-06
1.270030772779387777e-06
1.193521457952827469e-06
1.121045605536306205e-06
1.052769984220435948e-06
9.883396904425411595e-07
9.274897601926846747e-07
8.703705181539937172e-07
8.164291245682965441e-07
7.657018264398489502e-07
7.181138323720115170e-07
6.731693705111255444e-07
6.310183859491989510e-07
5.914387049207718947e-07
5.541965772208350388e-07
5.193101138516619780e-07
4.865115402725800279e-07
4.557749358705561828e-07
4.269534758772463486e-07
3.998383641816862977e-07
3.745786055973268719e-07
3.508247025973349640e-07
3.284979237662248855e-07
3.076333530338028045e-07
2.880648976492210840e-07
2.697319685147652280e-07
2.526333247696906803e-07
2.366010334308716870e-07
2.215471448931944808e-07
2.075093505954683520e-07
1.943865923853448093e-07
1.821621534162992891e-07
1.705824454713525118e-07
1.598331414062542412e-07
1.496112803801836300e-07
1.401981128391528989e-07
1.313000213877456779e-07
1.229285560222320267e-07
1.150319726841454790e-07
1.076746149105976272e-07
1.007452861136578968e-07
9.417692786234903347e-08
8.818882657329654261e-08
8.240114471740942149e-08
7.705769871494328490e-08
7.209925372114998827e-08
6.743192522272028293e-08
6.298191123016754089e-08
5.891933415010216626e-08
5.513313449033301774e-08
5.151254019595468490e-08
4.831543114599909329e-08
4.513762499395475878e-08
4.219548191693558476e-08
3.963826361683277338e-08
3.702113374677415432e-08
3.476003473542662797e-08
3.256092564660016509e-08
3.044993608344008154e-08
2.856017600303292604e-08
2.678940148762955345e-08
2.510111606956177164e-08
2.336090872784742796e-08
2.204804017110191214e-08
2.058364633530684685e-08
1.921447923261658496e-08
1.807858093115761698e-08
1.683342787404100939e-08
1.584819139018696995e-08
1.482349459079284810e-08
1.388303245180709406e-08
1.298970510406036110e-08
1.220520923340632890e-08
1.143328653882105609e-08
1.064064846765396034e-08
1.012633045020259748e-08
9.336554360978717172e-09
8.810262634929425349e-09
8.344045258991736654e-09
7.659715585107909199e-09
7.332372541121675652e-09
6.804837689682428916e-09
6.361952882871085534e-09
6.065022526466298599e-09
5.570723258471226315e-09
5.288197772053819762e-09
4.950976734067401249e-09
4.614570036242137390e-09
4.366087132256467648e-09
4.071160264822405225e-09
3.846981155668798027e-09
3.588291886794518133e-09
3.397106949720740028e-09
3.178785961159853769e-09
2.967479687344152014e-09
2.821082665832943708e-09
2.627566659708157720e-09
2.487426064887904318e-09
2.343944731038727765e-09
2.179775532516535544e-09
2.091026552494088205e-09
1.946892131437988004e-09
1.830387728402792968e-09
1.732810986051119373e-09
1.632320936984954227e-09
1.543215585467797986e-09
1.443656734772993092e-09
1.367237304680700441e-09
1.281903865284216612e-09
1.215468624325776371e-09
1.137340287611790577e-09
1.057063335602608248e-09
1.021121549712032128e-09
9.432525871627340857e-10
8.858614405906948281e-10
8.480627243423009461e-10
7.747762741148836966e-10
7.551255307038232701e-10
6.999026774746282178e-10
6.468648310892596444e-10
6.408011693898780328e-10
5.816999619041169287e-10
5.572716526171446456e-10
5.345350732763870883e-10
4.847095876052651922e-10
4.810612277241286503e-10
4.411716194397964456e-10
4.072571358533659502e-10
4.054121727019339769e-10
3.617126113751812333e-10
3.502090456010319756e-10
3.336185260353889800e-10
3.022748070279961051e-10
3.040510383893174580e-10
2.791712953451726550e-10
2.613441944327028605e-10
2.616161948659240824e-10
2.343527258108852707e-10
2.285525352484657705e-10
2.149737528417817491e-10
1.940181473727252728e-10
1.926627070300986748e-10
1.743210025039774906e-10
1.640864110390987612e-10
1.624252979377757147e-10
1.477924344141491545e-10
1.457667583960801404e-10
1.379930481508193322e-10
1.267232616366689411e-10
1.252187437458931728e-10
1.135841189301763435e-10
1.075568558290265842e-10
1.050988008325870485e-10
9.644685126694356403e-11
9.441127534674278379e-11
8.872281789306412266e-11
8.104009439516182220e-11
7.919477174449324219e-11
7.237291372693584716e-11
6.988781029794173859e-11
6.870644420002987888e-11
6.398007730619899269e-11
6.174418961984448925e-11
5.711087682986686746e-11
5.233958051427930600e-11
5.146372582526815887e-11
4.805136898143312344e-11
4.640252389077352637e-11
4.404688512987499212e-11
4.065629347894420256e-11
3.956094843757349839e-11
3.792563280727872837e-11
3.540499327822599434e-11
3.356044607515307829e-11
3.059100457220749341e-11
2.993765531914571162e-11
2.928092695114877451e-11
2.728887797455585529e-11
2.560815682995869008e-11
2.415096135948880478e-11
2.299265558651420081e-11
2.195219993862038026e-11
2.028130298555790728e-11
1.995889392550278549e-11
1.910889378604451022e-11
1.727176315390100367e-11
1.639843788560876274e-11
1.600845250505702031e-11
1.505047891549154279e-11
1.423302898584944006e-11
1.348264435793826299e-11
1.255858944080375794e-11
1.185625703889615457e-11
1.163641633832014565e-11
1.077970352593789661e-11
9.946283318279764382e-12
9.613934462924361993e-12
9.037226938747665542e-12
8.658690866936055552e-12
7.923513741372175999e-12
7.488595983417969422e-12
7.253731938247926712e-12
6.667674235897225305e-12
6.255944206304928249e-12
5.844711242872723417e-12
5.672001925844859543e-12
5.060288557731347811e-12
4.852038141011932341e-12
4.559320505446109786e-12
4.193509198905818081e-12
3.872095387965445194e-12
3.706211509317855047e-12
3.320151827734080712e-12
3.123239620460508846e-12
2.895386718366746955e-12
2.616417951305975108e-12
2.438814056865725606e-12
2.224943413824545130e-12
1.999203484262896727e-12
1.863068488450596922e-12
1.633667242805534092e-12
1.516227380678783921e-12
1.324828059827890989e-12
1.204417066039620297e-12
1.054462201586828259e-12
9.391847695109310075e-13
8.152111534396530387e-13
7.145953981419951018e-13
6.138883347653931712e-13
5.292106666892005780e-13
4.477083522440252596e-13
3.811995070976089536e-13
3.160494377504221952e-13
2.700611012493014625e-13
2.173726905711729280e-13
1.880788971008260240e-13
1.534656939134650704e-13
1.352897169952688200e-13
1.167420831726718326e-13
1.094637141379409074e-13
1.016092794931087154e-13
1.072899635772564552e-13
1.043494513667231421e-13
1.177023523736305750e-13
1.224767059594548708e-13
1.366868960662836017e-13
1.462133153185239391e-13
1.590469235026108676e-13
1.672950097897269232e-13
1.800679064165974895e-13
1.814173632289498003e-13
1.898195200361078207e-13
1.866036606709064140e-13
1.862594928806586384e-13
1.782413251494166555e-13
1.692221170169171422e-13
1.547645096799871231e-13
1.418856632917547091e-13
1.205871281608250664e-13
1.051860515643993466e-13
8.310484928053850011e-14
6.649763339964359653e-14
4.807116170318471315e-14
3.374214886311734287e-14
2.074842505112460750e-14
1.409447069636001702e-14
6.687316173590889976e-15
7.984672999205261182e-15
7.868417754984164978e-15
1.416497763370008710e-14
1.968613348274547382e-14
2.739196360648812263e-14
3.349142715118393004e-14
4.024427859188387114e-14
4.170584562267529855e-14
4.396042003140691579e-14
3.985829136183709771e-14
3.595357736877747272e-14
2.808424580192444621e-14
2.044936720833320251e-14
1.198935811917872636e-14
6.361969999125226143e-15
9.007883945039406788e-16
6.723060480350706402e-16
7.295368660812952817e-16
5.056420035623866925e-15
8.923800610254960103e-15
1.364838322082928976e-14
1.610517503605985872e-14
1.744670068725832966e-14
1.483870547886956795e-14
1.194560261290435572e-14
6.351522037648136582e-15
2.757446324215257876e-15
-4.272872617158667747e-16
-4.150388980869258617e-16
1.012660523704504297e-15
4.562722375627686054e-15
6.871606225309299285e-15
8.940309379988222733e-15
7.586149962649183880e-15
5.601775829937504905e-15
1.994668899511065124e-15
-2.617673136002333418e-17
-8.063401146925736896e-16
1.036021627743777863e-15
2.934880015575570343e-15
5.062843411769883025e-15
4.468086828348031561e-15
3.082609226732097505e-15
4.694299741874069266e-16
-4.393691633041904262e-16
-8.592940587210220476e-17
1.956732388712501014e-15
2.922445521690502105e-15
2.949920011733620858e-15
9.575354893696648338e-16
-1.386551263068520308e-16
-3.380215273353044199e-16
1.215001016879922823e-15
2.005720603064243087e-15
1.773854292911504003e-15
1.488740485229512888e-16
-2.283608178317600664e-16
2.776201619043245072e-16
1.546496007930372053e-15
1.122668807091979817e-15
2.085967060256646517e-16
-3.406466151104041322e-16
6.622920022799633177e-16
1.020101827849360281e-15
5.626845178522554632e-16
-3.287329417007273455e-16
3.335840001188579770e-16
7.622355045769369115e-16
4.398626167804184219e-16
-2.584291351994017994e-16
3.677565657286610180e-16
5.570063655744461609e-16
1.389828135011971689e-16
-1.397336995831302550e-16
5.450710206077144934e-16
1.851605847795783874e-16
-5.250609482867451910e-17
2.426429535733066402e-16
3.277860944966050884e-16
-1.565422363565212363e-16
3.085774952394161139e-16
1.236176157978104440e-16
-4.213134402398807399e-18
1.928072331378689606e-16
1.073723905152251938e-16
-2.854851624375528969e-17
2.552226694479366952e-16
-9.510459748624918581e-17
2.047876869575045640e-16
-1.530420072062893493e-17
9.858934167459459387e-17
5.319594502755780511e-17
4.170508324256992034e-17
6.877301579309086935e-17
2.988587600525785188e-17
5.657667566280320691e-17
3.429541173961984942e-17
3.960433998660628213e-17
3.957010795975774407e-17
2.612492035410586896e-17
4.195663259859481665e-17
1.689256418027542253e-17
4.188849440613894189e-17
1.076094612625737292e-17
4.042194082641272535e-17
6.637038605856401206e-18
3.832020779801661143e-17
3.804686082357571699e-18
3.601827657232902814e-17
1.836412762765319093e-18
3.374172690959883331e-17
4.775516495703843449e-19
3.160120037853131643e-17
-4.292555230628168634e-19
2.964738677461778947e-17
-9.861371500837066752e-19
2.790024503430787511e-17
-1.262594677322154273e-18
2.636420286827905091e-17
-1.307786056473743683e-18
2.503611416921986059e-17
-1.157431728371628388e-18
2.390949313520119355e-17
-8.378730607883319213e-19
2.297680350338804043e-17
-3.685691968087910240e-19
2.223071130183559805e-17
2.362958403187744328e-19
2.166477045221903262e-17
9.667382997311246274e-19
2.127379557395210441e-17
1.816231699594866867e-18
2.105405999808622711e-17
2.781180475327906577e-18
2.100339691592500450e-17
3.860541707465890740e-18
2.112124952564968392e-17
5.055552307378932021e-18
2.140869606352270505e-17
6.369533967815278803e-18
2.186846647201958343e-17
7.807758091321907862e-18
2.250495925105841435e-17
9.377358012669082614e-18
2.332426531559730372e-17
1.108728066801727537e-17
2.433420160232803174e-17
1.294827056442085484e-17
2.554435700667377445e-17
1.497288299696993490e-17
2.696615214913438464e-17
1.717552179810137820e-17
2.861291319861315054e-17
1.957250053608821723e-17
3.049996062695402428e-17
2.218212428748715489e-17
3.264471296952230183e-17
2.502479139239424784e-17
3.506680575706392931e-17
2.812311318056881217e-17
3.778822542235996111e-17
3.150205153256146598e-17
4.083345778045817938e-17
3.518907272596391747e-17
4.422965135625704405e-17
3.921431685791480683e-17
4.800679413303714465e-17
4.361078171143782878e-17
5.219790339025642496e-17
4.841451969169339995e-17
5.683922723195982468e-17
5.366484645704354784e-17
6.197045627756616835e-17
5.940455878040593508e-17
6.763494312537732097e-17
6.568015949370142659e-17
7.387992698278163930e-17
7.254208569650481574e-17
8.075675953231115004e-17
8.004493633270589178e-17
8.832112748946507573e-17
8.824769367857528905e-17
