# bin_4_3
1.642483252632679833e-05
1.742130173511790742e-05
1.804243524891677023e-05
1.911096852413879336e-05
1.981232219627579273e-05
2.095916478235299203e-05
2.174755020775566886e-05
2.297939795718985720e-05
2.386203668757570984e-05
2.518603529206793929e-05
2.617055752174744915e-05
2.759429427619645934e-05
2.868872894924868395e-05
3.022021508112668131e-05
3.143296932534319065e-05
3.308061065571199971e-05
3.442043610240183652e-05
3.619298940873781595e-05
3.766893265685863662e-05
3.957544481230253062e-05
4.119677892935693134e-05
4.324650555651190213e-05
4.502263920485135218e-05
4.722493927931310131e-05
4.916529980516885101e-05
5.152950243828071259e-05
5.364338908588749962e-05
5.617862862935492699e-05
5.847503204181853759e-05
6.119004773186677380e-05
6.367743213124644271e-05
6.658032889645988802e-05
6.926637387860149679e-05
7.236434167748457787e-05
7.525564157164088975e-05
7.855463192540628327e-05
8.165635228393183570e-05
8.516071264568046836e-05
8.847620580325705672e-05
9.218827524481343794e-05
9.571866025840287701e-05
9.963833389090279754e-05
1.033820506997969207e-04
1.075063254369912358e-04
1.114586790085878975e-04
1.157811999561998131e-04
1.199339176218672498e-04
1.244445526258309773e-04
1.287853868654934377e-04
1.334698665638729513e-04
1.379822860295081650e-04
1.428219579249680063e-04
1.474849811550505969e-04
1.524567381808526040e-04
1.572449764539725705e-04
1.623214322181994835e-04
1.672054190078966801e-04
1.723554116791082419e-04
1.773023040786745436e-04
1.824918161874045119e-04
1.874665554947922653e-04
1.926601342112136913e-04
1.976271444859732315e-04
2.027898916165178536e-04
2.077153713328657413e-04
2.128155387294026286e-04
2.176703557037158255e-04
2.226825238958504011e-04
2.274456514068654077e-04
2.323543813780739155e-04
2.370167089362872472e-04
2.418204354968085494e-04
2.463886495258970971e-04
2.511034310140348720e-04
2.556034938192584599e-04
2.602660566752698829e-04
2.647456322910370606e-04
2.694149734575628690e-04
2.739439877203552831e-04
2.787006637140568028e-04
2.833690944751891230e-04
2.883112954587787246e-04
2.932233399292033917e-04
2.984590023126246433e-04
3.037230512822608735e-04
3.093576955785935431e-04
3.150721482117126051e-04
3.211929186803440749e-04
3.274288537938728374e-04
3.340864050539783543e-04
3.408694569718430617e-04
3.480607838974341317e-04
3.553560701142259256e-04
3.630128233054540445e-04
3.707180302412616132e-04
3.787057652060454600e-04
3.866578560777784849e-04
3.947912594449975716e-04
4.027908823625538830e-04
4.108674518992983448e-04
4.187212299705899798e-04
4.265705995992154155e-04
4.341448857044617271e-04
4.416833330031362482e-04
4.489547902281262599e-04
4.562264204123073490e-04
4.633079370517150181e-04
4.704896263735841729e-04
4.776095066908277371e-04
4.849613693627647195e-04
4.923848577351199168e-04
5.001462275786409690e-04
5.080535848651804385e-04
5.163152224463571707e-04
5.246839916461706324e-04
5.332988740513557903e-04
5.418619102889907051e-04
5.504663187988361774e-04
5.588051340205727434e-04
5.669831029412327568e-04
5.747489783968243128e-04
5.822812039209463494e-04
5.894302636613082264e-04
5.964661553526228333e-04
6.033205436206157167e-04
6.102937498007041973e-04
6.173023449464400299e-04
6.245632271072858481e-04
6.318718685688995244e-04
6.392943810429764636e-04
6.465023709077532665e-04
6.534872312644078108e-04
6.599428979620453831e-04
6.659695961830733747e-04
6.714491968078932938e-04
6.766772817722366056e-04
6.816834148210987885e-04
6.867835882722342572e-04
6.918898313642598804e-04
6.970786188153862582e-04
7.020049476318213164e-04
7.065743261469211714e-04
7.104664317117368724e-04
7.138088232360363270e-04
7.166231075099042990e-04
7.193128218446144442e-04
7.219533875782386048e-04
7.247074125774130961e-04
7.272426573429428961e-04
7.293884482728639007e-04
7.308085513464361712e-04
7.316950344369669299e-04
7.322240423430281331e-04
7.328543817850381682e-04
7.335436789034110484e-04
7.341726719992421176e-04
7.342546620982934487e-04
7.337927295148754126e-04
7.329459711436763641e-04
7.322777067743619457e-04
7.318201324747464469e-04
7.313876071791396583e-04
7.304613396842755653e-04
7.291944246438615898e-04
7.279649537897076939e-04
7.272458872995111621e-04
7.266666407680070659e-04
7.258554804788548047e-04
7.247578064435365426e-04
7.240819486364637701e-04
7.239317772838303224e-04
7.239042050858449399e-04
7.235591534305656995e-04
7.235295844476616984e-04
7.241327882781254440e-04
7.249683776461590158e-04
7.254977880860810635e-04
7.264198309126422516e-04
7.279290144575095061e-04
7.294101846299095573e-04
7.306450454066437585e-04
7.324887950640239466e-04
7.344543617284357779e-04
7.360389419863715577e-04
7.378350993899612667e-04
7.399203397858524801e-04
7.413690962234309933e-04
7.430132945919509270e-04
7.446740018741439260e-04
7.457456226350962824e-04
7.469579387893115043e-04
7.480092008199583191e-04
7.484956165625431630e-04
7.493873084283170791e-04
7.495869905019556315e-04
7.500642607287447399e-04
7.503214718539931351e-04
7.505182868313967819e-04
7.509369674316955252e-04
7.511685653529145230e-04
7.518060842305200652e-04
7.523119577495363365e-04
7.532233944663241018e-04
7.540834726703614117e-04
7.552561899108510904e-04
7.563948766953030190e-04
7.577080487035354030e-04
7.589372626441647732e-04
7.601941791423766663e-04
7.612951029185939435e-04
7.623144729591707896e-04
7.631436050890117546e-04
7.638624242990310490e-04
7.644342365098612084e-04
7.649575999452682979e-04
7.654447335753817531e-04
7.659927618882393001e-04
7.666188516633018913e-04
7.673802853589015626e-04
7.682561386497988205e-04
7.692399078011448151e-04
7.702639057660308443e-04
7.712784303930597576e-04
7.722099727205608295e-04
7.730256785977056896e-04
7.737061923690914493e-04
7.742828115867092390e-04
7.748051430687636970e-04
7.753450832275829039e-04
7.759588858106715448e-04
7.766764932669163691e-04
7.774828305633385041e-04
7.783242955399780668e-04
7.791289410604166840e-04
7.798330492340935401e-04
7.804150809607190466e-04
7.808994547485532045e-04
7.813557302751678816e-04
7.818529708110706199e-04
7.824351688397009541e-04
7.830807368665081494e-04
7.837277087985839667e-04
7.842931354314943955e-04
7.847427101492822094e-04
7.850966092131140845e-04
7.854356990374496876e-04
7.858235572355566894e-04
7.862763196487175749e-04
7.867264062768149950e-04
7.870967681187010642e-04
7.873459595490152818e-04
7.875278212735561034e-04
7.877195876407227420e-04
7.879654359203847047e-04
7.882056992516348320e-04
7.883593966303831376e-04
7.883924060485871790e-04
7.883789513561318459e-04
7.883880721015328616e-04
7.884128728814629103e-04
7.883542930228500242e-04
7.881767600951909139e-04
7.879378875963670122e-04
7.877191351706552521e-04
7.874732448677568362e-04
7.871165515298991474e-04
7.866494919584795381e-04
7.861713900821343508e-04
7.856740840300337854e-04
7.850701578525837773e-04
7.843453414144187490e-04
7.835996132573145624e-04
7.828095424142346003e-04
7.818902371279998903e-04
7.808696339565739846e-04
7.798278367143450258e-04
7.786768054756079346e-04
7.773928829003838928e-04
7.760567284481286517e-04
7.746358211265601647e-04
7.730584936321146464e-04
7.714235547178126219e-04
7.696829592265355983e-04
7.677941075741712791e-04
7.658331127809071695e-04
7.637441550572977422e-04
7.615103867658563940e-04
7.592029315428672036e-04
7.567164131141309539e-04
7.541414093726794745e-04
7.514147824894477478e-04
7.485550836108722725e-04
7.455731256587412505e-04
7.424305026221078661e-04
7.391720275589629954e-04
7.357454109883027407e-04
7.321953424225257105e-04
7.284790306386431822e-04
7.246300098197494847e-04
7.206191139287788797e-04
7.164688044805684773e-04
7.121598480064752308e-04
7.077065900639309881e-04
7.030965978484384577e-04
6.983401668180930699e-04
6.934304033361915736e-04
6.883757392329477179e-04
6.831723954041700290e-04
6.778267076340793425e-04
6.723366585756491423e-04
6.667081992259114983e-04
6.609421212766269536e-04
6.550447461964427689e-04
6.490178231132406493e-04
6.428664601528346397e-04
6.365931417563805818e-04
6.302037821759541841e-04
6.237025861719649837e-04
6.170949430328599153e-04
6.103844092975584676e-04
6.035761106299559163e-04
5.966751830193084373e-04
5.896870772381895658e-04
5.826159857196345831e-04
5.754662888130662995e-04
5.682431496815437038e-04
5.609512523739136136e-04
5.535944171090314767e-04
5.461761262672256215e-04
5.387011230724607965e-04
5.311728584433659823e-04
5.235947939776807499e-04
5.159705955163163080e-04
5.083050880383204687e-04
5.006013323307752444e-04
4.928641136428039103e-04
4.850978885414928589e-04
4.773073458493647743e-04
4.694968430475191835e-04
4.616726613563441406e-04
4.538393845780575400e-04
4.460040171124201583e-04
4.381726296979737961e-04
4.303521455123488089e-04
4.225491559089154803e-04
4.147705342681467741e-04
4.070222657469344885e-04
3.993114112925002872e-04
3.916434402318279924e-04
3.840253927585273309e-04
3.764620404071079320e-04
3.689595296406888124e-04
3.615217025177544833e-04
3.541540750114973097e-04
3.468605211233413070e-04
3.396467031707149403e-04
3.325165334647353708e-04
3.254753042864203709e-04
3.185267605030068887e-04
3.116764420941939783e-04
3.049285636352568399e-04
2.982884932136406790e-04
2.917595393634436611e-04
2.853460666802480356e-04
2.790509343532469335e-04
2.728780344078657154e-04
2.668290766667827342e-04
2.609065840425462985e-04
2.551117877635875205e-04
2.494472224120214431e-04
2.439135226654152956e-04
2.385123103258062806e-04
2.332441407194214855e-04
2.281106069602041662e-04
2.231112430504510343e-04
2.182466692277206140e-04
2.135162424279110995e-04
2.089197760975918829e-04
2.044555109855048110e-04
2.001231024622184733e-04
1.959204462544004380e-04
1.918463436857956086e-04
1.878986814537677999e-04
1.840758981275854203e-04
1.803751678081345824e-04
1.767948463246595252e-04
1.733315516040650074e-04
1.699832320901310378e-04
1.667464189351046302e-04
1.636186124448396660e-04
1.605963080430539201e-04
1.576767217506832121e-04
1.548562217890240048e-04
1.521319594368685326e-04
1.495002828517074983e-04
1.469583773399001417e-04
1.445024787228375146e-04
1.421295935764860664e-04
1.398358274779667814e-04
1.376182972928641777e-04
1.354734126683110578e-04
1.333984924671019685e-04
1.313898994155499435e-04
1.294448305684602703e-04
1.275598125558410152e-04
1.257323711548205905e-04
1.239591267840693917e-04
1.222373794699145588e-04
1.205638510848671503e-04
1.189365375446188171e-04
1.173527767125225567e-04
1.158103295097729599e-04
1.143060759154246488e-04
1.128381121053660934e-04
1.114041181507121340e-04
1.100021434896387447e-04
1.086292810057869511e-04
1.072840029369971876e-04
1.059646438282532064e-04
1.046696861076505761e-04
1.033966362695487237e-04
1.021443375495362043e-04
1.009109849908788669e-04
9.969516230699932942e-05
9.849522713533043943e-05
9.731013196736394537e-05
9.613885848573117284e-05
9.498065991975954646e-05
9.383274997225518892e-05
9.269567204890952986e-05
9.156865991174474400e-05
9.044940711653895438e-05
8.933858789389101645e-05
8.823457356429147580e-05
8.713700582489163787e-05
8.604719710819524212e-05
8.496118926869048458e-05
8.388097815129972050e-05
8.280586801076675633e-05
8.173412579372442291e-05
8.066721458499348356e-05
7.960319255746194935e-05
7.854289836976224252e-05
7.748762429892985218e-05
7.643356722343013659e-05
7.538304439293672088e-05
7.433531326464382495e-05
7.328942164260480562e-05
7.224730099073090289e-05
7.120672148156025462e-05
7.016868680304895857e-05
6.913494597914848175e-05
6.810176644177254703e-05
6.707222161628012070e-05
6.604567874932128311e-05
6.502158836028807450e-05
6.400226063524267839e-05
6.298522260771854822e-05
6.197233470438761422e-05
6.096538743382326730e-05
5.996081644485127594e-05
5.896226915270324690e-05
5.796837286715282128e-05
5.697896693430083221e-05
5.599649294375728926e-05
5.501755217043890095e-05
5.404401690078056576e-05
5.307751601725456772e-05
5.211415375052818775e-05
5.115712430205943421e-05
5.020462535090197768e-05
4.925680291394244253e-05
4.831579222962651261e-05
4.737786472112700268e-05
4.644570997354696679e-05
4.552058154354537284e-05
4.459902535714410296e-05
4.368480826068761759e-05
4.277582413580302074e-05
4.187268877531840499e-05
4.097771765074897124e-05
4.008695459096545989e-05
3.920328565011244764e-05
3.832737691036672154e-05
3.745596265419745145e-05
3.659300702893360799e-05
3.573586000311877031e-05
3.488531675904815878e-05
3.404392450817602766e-05
3.320812625290361697e-05
3.238107670582811824e-05
3.156319134278973262e-05
3.075223606273840758e-05
2.995178046073288081e-05
2.915939374369255419e-05
2.837587211547158415e-05
2.760317628565765470e-05
2.683838782213380204e-05
2.608433655803589908e-05
2.534069764378075212e-05
2.460623480507508347e-05
2.388360442069194445e-05
2.317084623855412170e-05
2.246853171444252787e-05
2.177781412457893101e-05
2.109647856346827518e-05
2.042608475785423236e-05
1.976547223571592927e-05
1.911323171873294130e-05
1.846961197923446178e-05
1.783176440595663271e-05
1.719802412052604871e-05
1.656644590926812139e-05
1.593393097267736138e-05
1.530018091538771152e-05
1.466526922281521708e-05
1.403259419498884153e-05
1.340986134550518654e-05
1.280738877563317833e-05
1.223870949816523132e-05
1.171805058151188813e-05
1.125818480420288513e-05
1.086798641572289976e-05
1.054968991393328644e-05
1.029820536931602061e-05
1.010084418333026640e-05
9.939249874850658174e-06
9.791680401490472887e-06
9.637214769596898537e-06
9.460134406620591331e-06
9.250067172491113610e-06
9.003765416394193038e-06
8.723030874623308821e-06
8.412737103925368629e-06
8.080761552619208259e-06
7.734295346404889012e-06
7.380128400990293718e-06
7.025042600038283375e-06
6.672802688643143957e-06
6.327429262701553587e-06
5.991620875474967761e-06
5.666752709578439624e-06
5.354822028504791648e-06
5.055687663087428593e-06
4.769490659547677028e-06
4.497218584251569187e-06
4.237853855275090587e-06
3.991624153585518177e-06
3.757719395241441432e-06
3.535173271595914543e-06
3.324557365764949244e-06
3.124972116840100204e-06
2.935980206829186296e-06
2.757697907449757986e-06
2.588862130260282167e-06
2.429595450216977875e-06
2.279289815349080847e-06
2.137276853780983492e-06
2.004112048481527730e-06
1.878751368713952105e-06
1.760648497228138776e-06
1.649746312709653443e-06
1.545386277165617749e-06
1.447502282395381776e-06
1.355592959295305932e-06
1.269375568032340319e-06
1.188813469259482402e-06
1.112893991814470546e-06
1.041600607948407427e-06
9.753969420303698738e-07
9.129531451405961989e-07
8.542297779925376749e-07
7.991780467601021603e-07
7.475946427101708362e-07
6.988556928425912014e-07
6.533970455949429608e-07
6.114019117741511943e-07
5.720555885153657999e-07
5.346284453236209954e-07
5.003389788632192612e-07
4.684459940446267938e-07
4.382022999132002706e-07
4.097715101891477188e-07
3.838727424151028452e-07
3.589635353242636855e-07
3.356339673075857069e-07
3.147088573184810265e-07
2.944345867158593963e-07
2.749810957227717775e-07
2.574847153210406849e-07
2.417819816403721262e-07
2.253846451482586770e-07
2.113346592648529221e-07
1.971847550844441157e-07
1.841202621507947687e-07
1.711896207648320634e-07
1.603507851687594483e-07
1.486046926176199174e-07
1.381459486653386841e-07
1.291467172600077389e-07
1.198001276989472208e-07
1.122845823867545903e-07
1.045451641181430968e-07
9.809924861861892932e-08
9.110178316896855207e-08
8.644888212424495413e-08
8.022395634477330318e-08
7.523574267297355618e-08
7.106723471145309386e-08
6.560753187446885426e-08
6.212776990668085653e-08
5.773080051284412326e-08
5.405799699935162516e-08
4.995973058060825486e-08
4.718135926885537391e-08
4.396825772748832163e-08
4.039715983012141375e-08
3.854185841194188390e-08
3.535780259377756161e-08
3.331118912141905319e-08
3.119990056802142205e-08
2.887133437516568713e-08
2.724615301399088033e-08
2.525308505151860370e-08
2.383642326000959935e-08
2.195141961347612271e-08
2.098409055038480715e-08
1.938288487939703889e-08
1.808105528285590194e-08
1.744135066029833633e-08
1.563908847241206614e-08
1.507499473882849749e-08
1.397361398464951071e-08
1.282060277668919692e-08
1.235442458138795050e-08
1.120047095680177030e-08
1.064128715889250642e-08
1.001331203279164996e-08
9.242997411152918829e-09
8.798697303547100385e-09
8.167039534821907241e-09
7.708727488685306328e-09
7.179087651595668569e-09
6.739871811682607592e-09
6.311455262020663702e-09
5.804291281666368513e-09
5.564864097798673264e-09
5.127802826837250120e-09
4.835356556593676150e-09
4.570506979223046164e-09
4.211525992606319094e-09
4.047614330719603189e-09
3.737851259376860546e-09
3.462898373354391590e-09
3.308353734289872317e-09
3.071713224837011224e-09
2.900029141761203863e-09
2.694783519907806625e-09
2.551945072978953894e-09
2.397331706212292412e-09
2.245498279970998159e-09
2.099951661767414815e-09
1.948445044849728559e-09
1.886868293318105317e-09
1.736201967863527462e-09
1.606626161377309817e-09
1.571943758299116950e-09
1.414458610024218923e-09
1.369500645417979694e-09
1.281806037112044559e-09
1.157359655635670347e-09
1.165093552240664207e-09
1.043677857511522913e-09
9.775954437573283140e-10
9.662264331570877343e-10
8.482587921748727029e-10
8.470900852895795792e-10
7.798692484247924996e-10
7.046454943666613397e-10
7.202448101084887796e-10
6.331136815945366830e-10
6.042927413894067896e-10
5.929385953390193212e-10
5.193565578401656938e-10
5.224413169952299195e-10
4.829598853680618300e-10
4.315426515154299937e-10
4.480277467003013758e-10
3.888905580845188978e-10
3.775568522986628706e-10
3.651105455007181104e-10
3.232404110983452847e-10
3.257971484376034987e-10
2.978099481121674223e-10
2.723930486408955361e-10
2.768479624758410551e-10
2.428570743894998402e-10
2.379289577840945434e-10
2.260274990183267852e-10
2.041233955792055299e-10
2.036505108594011452e-10
1.867570491941445687e-10
1.724239308725746217e-10
1.727828516961413688e-10
1.539069991435682018e-10
1.497687740551863046e-10
1.426370029245019006e-10
1.290308491965176779e-10
1.290509235277143015e-10
1.177836375970188013e-10
1.101729014542811884e-10
1.089325159127780539e-10
9.797546234640091774e-11
9.557874091170485249e-11
9.023767261865359230e-11
8.281609489594029689e-11
8.196085693455789430e-11
7.519184451909368346e-11
7.082529933950310868e-11
6.926465574321824605e-11
6.296737158970371923e-11
6.127224293028989142e-11
5.775703403262136976e-11
5.342948019964471983e-11
5.250958142247298394e-11
4.834978767393708663e-11
4.584955507954492889e-11
4.438451644560232089e-11
4.077672922385080220e-11
3.952264837338625231e-11
3.726994109404244414e-11
3.468536195349040316e-11
3.386882468383970050e-11
3.132231002000485627e-11
2.983936306778819872e-11
2.863582085554540948e-11
2.658042843050635510e-11
2.563086179482991067e-11
2.419649242234598597e-11
2.264205473955639639e-11
2.196387420990816142e-11
2.040693111773825129e-11
1.949746153724302722e-11
1.858177422007176243e-11
1.739890086072833200e-11
1.669294775523387525e-11
1.577712493521194507e-11
1.483086123208933284e-11
1.429374663509883507e-11
1.334883547553771598e-11
1.275127781742522412e-11
1.211019574153803342e-11
1.139634342266524137e-11
1.089240015400911017e-11
1.030001600192075264e-11
9.711270888278819815e-12
9.307249980902879935e-12
8.724734975021016130e-12
8.322602550211808277e-12
7.883522101808154131e-12
7.439596255674892163e-12
7.082818011027848699e-12
6.696051357860497331e-12
6.320865339082758040e-12
6.024801971945067169e-12
5.659453177256269111e-12
5.382366574580982389e-12
5.084092035222842015e-12
4.799421270833740146e-12
4.546191466481173915e-12
4.291409912290178587e-12
4.044670499738950459e-12
3.831702515420419876e-12
3.596106053580471732e-12
3.402376307399942183e-12
3.198584746484012467e-12
3.011082151300508221e-12
2.830198152067217186e-12
2.660231598852586167e-12
2.492895835689147381e-12
2.341241499620873687e-12
2.185336129920999893e-12
2.048593446299355731e-12
1.908423404497918581e-12
1.782510173665843444e-12
1.653531605433774524e-12
1.539488163576530620e-12
1.424313515812910481e-12
1.318360067691923196e-12
1.214398709175639897e-12
1.119287393481652067e-12
1.024284076006194819e-12
9.410166434869075364e-13
8.520730824425005931e-13
7.782058495361115190e-13
7.016533236170019230e-13
6.325898577248623772e-13
5.667994219742332368e-13
5.061329880459391973e-13
4.473306052649863391e-13
3.981106752185559135e-13
3.439066522725790013e-13
3.032828264459349461e-13
2.598578764225050849e-13
2.236777472797641760e-13
1.903018513725518012e-13
1.610169809514908468e-13
1.340822852223042913e-13
1.148098074044255179e-13
9.185976746558547619e-14
7.994021418808848176e-14
6.537335425426478123e-14
5.703295418506706738e-14
5.014429524468746633e-14
4.607281666044831330e-14
4.337947304405051110e-14
4.559759812972790410e-14
4.418227985653266974e-14
4.994196714916067150e-14
5.202836955494039474e-14
5.768495296785021812e-14
6.220299367421840055e-14
6.707937495518478231e-14
7.092564014213705543e-14
7.618838204939283046e-14
7.669591610593825852e-14
8.030397078927898966e-14
7.896095726657658189e-14
7.867052887164656908e-14
7.551288570808139979e-14
7.143510362249014125e-14
6.551229351083796155e-14
6.000584991948148866e-14
5.097466443527844253e-14
4.451207333869096433e-14
3.517081544294637800e-14
2.810750310004977822e-14
2.041910494713069981e-14
1.424466628360547957e-14
8.838734007533478884e-15
6.001813823483259207e-15
2.844397163028677569e-15
3.428093848554064655e-15
3.351075056162613851e-15
6.005571937092714594e-15
8.366371848861067837e-15
1.157478907097991262e-14
1.417880384947165416e-14
1.702913150566129461e-14
1.762012599518986477e-14
1.860461518703383709e-14
1.684227589025646140e-14
1.520672731259090299e-14
1.188278018942463498e-14
8.648472379805577598e-15
5.077099612049323050e-15
2.710013494514831013e-15
3.798793846654062586e-16
3.100290785261963146e-16
3.073158529882072192e-16
2.153304167041554020e-15
3.775008994889973591e-15
5.776012022931995798e-15
6.804992598050873492e-15
7.384870035460709388e-15
6.263815007005390326e-15
5.063211417910016600e-15
2.678917599965759287e-15
1.178359640799984581e-15
-1.803732645375914943e-16
-1.653414013023747038e-16
4.267638398903122491e-16
1.938450784011259126e-15
2.898534414398780094e-15
3.787961987595651122e-15
3.200194226712482593e-15
2.375569510528381553e-15
8.409320135853819576e-16
-3.771021933593851787e-18
-3.420913251431383294e-16
4.450285395536277132e-16
1.236990545731838401e-15
2.145814178385914553e-15
1.884638577775672623e-15
1.307987201454278185e-15
1.973105025242070880e-16
-1.810863295239177305e-16
-3.687075096526643926e-17
8.306318805098904091e-16
1.233524457376319785e-15
1.249932920622423724e-15
4.038907002390149578e-16
-5.548966053252320044e-17
-1.422628477063509242e-16
5.151838497703849928e-16
8.481121822260535468e-16
7.508425371231551558e-16
6.403292812075842311e-17
-9.503034479811421176e-17
1.187271933630482159e-16
6.539451473825005411e-16
4.763781820105483858e-16
8.820887721681221012e-17
-1.411524118595047460e-16
2.795011050825151998e-16
4.338379758050310598e-16
2.372261751157700312e-16
-1.354864786421470866e-16
1.400823937359044985e-16
3.258504190152478561e-16
1.845558981189306859e-16
-1.047670377622436590e-16
1.538984730778320095e-16
2.399571941845194967e-16
5.715461855521766604e-17
-5.394984252232122389e-17
2.284876883655326272e-16
8.373112155533613422e-17
-2.408941352977004769e-17
1.084381481512323428e-16
1.364644152653223427e-16
-5.981123614284725213e-17
1.283597656621442277e-16
5.888979004607978854e-17
-3.750503843061824206e-18
8.853406015624816546e-17
4.340344627618266539e-17
-4.538891870717062769e-18
1.059413077000935707e-16
-3.224464921469405529e-17
8.479184504610149364e-17
1.871726824948832843e-18
4.013559545585927488e-17
3.123598799445907386e-17
1.635150005229392953e-17
3.827110578713479314e-17
1.165011913079244253e-17
3.360026979511048276e-17
1.385720231974026808e-17
2.693954170455949474e-17
1.648762048685606894e-17
2.178587699639290367e-17
1.795957580321430895e-17
1.846314815925119323e-17
1.845989689905825048e-17
1.649304872311094002e-17
1.843895936059802517e-17
1.542023326391713661e-17
1.822399040122895732e-17
1.494902767628467035e-17
1.800422490442563427e-17
1.490624826749402751e-17
1.788114862149662316e-17
1.519233190581071533e-17
1.790844933150716756e-17
1.574952086184240298e-17
1.811530578972530580e-17
1.654416519018918917e-17
1.851880251000717201e-17
1.755725857203756762e-17
1.913043172938942093e-17
1.877933873396566164e-17
1.995954495496088369e-17
2.020766760574377257e-17
2.101524111560590368e-17
2.184462423596851970e-17
2.230744365738362851e-17
2.369676602788327763e-17
2.384754981565891499e-17
2.577427835651985748e-17
2.564885269769565339e-17
2.809066077440568451e-17
2.772684347357419102e-17
3.066256520871830571e-17
3.009945337871607431e-17
3.350974239912694297e-17
3.278727013365772356e-17
3.665506465658680463e-17
3.581374841551890827e-17
4.012461018218998485e-17
3.920542744188279040e-17
4.394779897818068531e-17
4.299216376860138512e-17
4.815757301529157512e-17
4.720738430610767721e-17
5.279061740487879156e-17
5.188836398057297620e-17
5.788762103021626367e-17
5.707653072557599719e-17
6.349357415974689680e-17
6.281780057849324005e-17
6.965810438829879268e-17
6.916294460759543929e-17
7.643584966693030243e-17
7.616798935600665051e-17
8.388686926894809385e-17
8.389465285970805596e-17
9.207709366975141358e-17
9.241081731240037927e-17
1.010788127715272543e-16
1.017910387608353090e-16
1.109712040559488053e-16
1.121170955429792877e-16
1.218408995694668936e-16
1.234785747343509886e-16
1.337825919431122013e-16
1.359734964635739633e-16
1.468996783408175175e-16
1.497089746248466782e-16
1.613049399814548179e-16
1.648019117867131888e-16
1.771212544921610820e-16
1.813797243849308726e-16
1.944823363376121792e-16
1.995810929390616944e-16
2.135334988652356196e-16
2.195567299153457922e-16
2.344324296277787443e-16
2.414701552858103495e-16
2.573499671924021659e-16
2.654984668193336901e-16
2.824708649128932638e-16
2.918330884697549813e-16
3.099945229376258218e-16
