# bin_4_2
3.215732131253035169e-06
3.436671433777507304e-06
3.534644621889955474e-06
3.767878157506244301e-06
3.883428314549114478e-06
4.130306004889849028e-06
4.264653518335541261e-06
4.526606347925094911e-06
4.681059469518436040e-06
4.959599778940045380e-06
5.135553934757885676e-06
5.432274220996499256e-06
5.631209659806407518e-06
5.947779499481884139e-06
6.171256865077352123e-06
6.509417518241789903e-06
6.759070869975285067e-06
7.120627053477303747e-06
7.398153787914182254e-06
7.784962041854117374e-06
8.092109108829296499e-06
8.506062117603488401e-06
8.844607855399031504e-06
9.287614022810655490e-06
9.659344894209320907e-06
1.013330243348444087e-05
1.053998390499087094e-05
1.104674868450952382e-05
1.149008949594597149e-05
1.203143590092042487e-05
1.251304501172806907e-05
1.309061915718331276e-05
1.361195476981497276e-05
1.422721954836158322e-05
1.478952980301478690e-05
1.544370150608880145e-05
1.604795676124972531e-05
1.674193340072810252e-05
1.738875047944172080e-05
1.812303249393435101e-05
1.881259193986207517e-05
1.958719674510583402e-05
2.031915502134241518e-05
2.113352788264719363e-05
2.190692761194283804e-05
2.275985263051230574e-05
2.357303543664160679e-05
2.446255206210420894e-05
2.531308035439287129e-05
2.623641276427207312e-05
2.712100887391264871e-05
2.807451775764039696e-05
2.898903112993833159e-05
2.996819976468704288e-05
3.090761526772907252e-05
3.190708407484636663e-05
3.286558664998416357e-05
3.387925234477484892e-05
3.485036477966150766e-05
3.587156126753625481e-05
3.684837222952028175e-05
3.787014987316443803e-05
3.884564769402186783e-05
3.986116456073078850e-05
4.082868760793355962e-05
4.183171971367843136e-05
4.278552534901433613e-05
4.377109153888895482e-05
4.470703146036673231e-05
4.567211128674513132e-05
4.658838051747199189e-05
4.753267960372996580e-05
4.843057922719786460e-05
4.935726638551247314e-05
5.024188732229391068e-05
5.115819306582702496e-05
5.203889284818635427e-05
5.295642441952687292e-05
5.384693722496329982e-05
5.478153890396918180e-05
5.569954113757064919e-05
5.667052259251278653e-05
5.763648634619485204e-05
5.866507229907805547e-05
5.970029459623397788e-05
6.080723422410538442e-05
6.193104867370021621e-05
6.313347841502101206e-05
6.435984896569056527e-05
6.566773211604391594e-05
6.700169046092014605e-05
6.841444218137694884e-05
6.984912504109775755e-05
7.135331563143733379e-05
7.286860562652940282e-05
7.443781297083418530e-05
7.600165711447992838e-05
7.759945963416472710e-05
7.917266705454013788e-05
8.075926401423929397e-05
8.230381863862608663e-05
8.384572569453749692e-05
8.533535247674563500e-05
8.681611591361407861e-05
8.824622310219823690e-05
8.967451514408650911e-05
9.106728821581669203e-05
9.247787874089018222e-05
9.387819003014192946e-05
9.532221016883878691e-05
9.678219331662848881e-05
9.830668920375885945e-05
9.986177333867456304e-05
1.014845866514927985e-04
1.031303540371303790e-04
1.048225864934111760e-04
1.065065227206934712e-04
1.081966811780269675e-04
1.098365233666977143e-04
1.114428445706905184e-04
1.129700441255997374e-04
1.144494212639599013e-04
1.158553508682793037e-04
1.172371527302410951e-04
1.185851316215530025e-04
1.199545979540946695e-04
1.213328568908694007e-04
1.227588561161128359e-04
1.241960594688399288e-04
1.256538154000663536e-04
1.270711981326279566e-04
1.284429132009725109e-04
1.297123780877785680e-04
1.308957385403493323e-04
1.319733039780627648e-04
1.329996712271308622e-04
1.339841284824367360e-04
1.349853383074826776e-04
1.359894309019653020e-04
1.370080445246909682e-04
1.379767288970395903e-04
1.388735747854879198e-04
1.396389240800967649e-04
1.402945748480561553e-04
1.408480193007789695e-04
1.413753645766911910e-04
1.418946188512197474e-04
1.424345940710256746e-04
1.429331038362543821e-04
1.433535127989722115e-04
1.436327854255617571e-04
1.438056529090212237e-04
1.439097303825386095e-04
1.440322454579453571e-04
1.441677953379276824e-04
1.442900456725658973e-04
1.443061900415554331e-04
1.442140078036866370e-04
1.440475673885626047e-04
1.439148367542613977e-04
1.438248748219534822e-04
1.437384962857674443e-04
1.435563905616627964e-04
1.433060208091644500e-04
1.430643064068324536e-04
1.429216493396106278e-04
1.428077415570727497e-04
1.426470128096205838e-04
1.424312020288272533e-04
1.422971041895616513e-04
1.422675440861409805e-04
1.422609148104555881e-04
1.421930572816484039e-04
1.421860766081858970e-04
1.423046227411750315e-04
1.424677425303012867e-04
1.425717940134016057e-04
1.427519471222716315e-04
1.430485948185908427e-04
1.433386879447558649e-04
1.435814171035294697e-04
1.439428099089939679e-04
1.443291665007911343e-04
1.446396377189724733e-04
1.449926835939959271e-04
1.454015796135205087e-04
1.456863196182467055e-04
1.460085268816005931e-04
1.463349016423451214e-04
1.465445573153929164e-04
1.467827611758667811e-04
1.469884060867095838e-04
1.470838870434454794e-04
1.472581544355839147e-04
1.472972360425049416e-04
1.473900311603894102e-04
1.474403845547996364e-04
1.474780419308506778e-04
1.475601003576904773e-04
1.476045858196354686e-04
1.477296268079105422e-04
1.478280146831918045e-04
1.480068619448659650e-04
1.481748572695116390e-04
1.484050183011176739e-04
1.486277497085255648e-04
1.488854606205893276e-04
1.491259416698877160e-04
1.493725194127950478e-04
1.495877211284366308e-04
1.497875149306065849e-04
1.499492165572135105e-04
1.500898325643235597e-04
1.502008728617980501e-04
1.503029679299111609e-04
1.503972841971570494e-04
1.505041316938038462e-04
1.506256888994980366e-04
1.507743951975207080e-04
1.509449787779669299e-04
1.511373020279402010e-04
1.513369373047531699e-04
1.515352188822470763e-04
1.517166117215559059e-04
1.518757285119043583e-04
1.520077173153684365e-04
1.521197702301045076e-04
1.522206287712308040e-04
1.523254344120779542e-04
1.524442691504147981e-04
1.525839939295624325e-04
1.527406992905190500e-04
1.529047890065753914e-04
1.530612027923872295e-04
1.531983238235750029e-04
1.533110309103623465e-04
1.534050032078234510e-04
1.534930564024088011e-04
1.535896144273883449e-04
1.537024905390663436e-04
1.538282534474724869e-04
1.539539070701547135e-04
1.540639238280597787e-04
1.541507675841924754e-04
1.542191548147818796e-04
1.542842150340267740e-04
1.543591689319899962e-04
1.544464430183512026e-04
1.545334467061530985e-04
1.546043121297320804e-04
1.546515667254976466e-04
1.546851058652626016e-04
1.547207745011577699e-04
1.547666002424315527e-04
1.548115001737032691e-04
1.548389280116786216e-04
1.548428113829848401e-04
1.548371481044400974e-04
1.548361322995081741e-04
1.548378359069260430e-04
1.548233805358411783e-04
1.547852130783683477e-04
1.547352266191736507e-04
1.546888813295934457e-04
1.546374152932242381e-04
1.545638260334419823e-04
1.544686959770681580e-04
1.543710090175800208e-04
1.542696381796271820e-04
1.541468794433128759e-04
1.540004053348647964e-04
1.538493968797182549e-04
1.536897371822022566e-04
1.535043040914387425e-04
1.532990826726764004e-04
1.530894115689175345e-04
1.528584472656405863e-04
1.526011160161200623e-04
1.523336860394800733e-04
1.520493117132466797e-04
1.517342616242604988e-04
1.514075072424513795e-04
1.510599561187439565e-04
1.506828283132874717e-04
1.502914829035496553e-04
1.498746114817298700e-04
1.494293222168988555e-04
1.489692816383050606e-04
1.484741435000826409e-04
1.479613465874398206e-04
1.474187689229481714e-04
1.468496635679164650e-04
1.462564531721913317e-04
1.456312769824064275e-04
1.449833291205874770e-04
1.443021060817997183e-04
1.435967742879117666e-04
1.428586375975318126e-04
1.420945450901552217e-04
1.412984055017362623e-04
1.404748873742798750e-04
1.396199677062421847e-04
1.387368463729586241e-04
1.378229149358781548e-04
1.368805062236070637e-04
1.359079647508012448e-04
1.349071442687180939e-04
1.338770554412317844e-04
1.328192961675601252e-04
1.317333605704566106e-04
1.306207078315953045e-04
1.294811901742537073e-04
1.283161863591420219e-04
1.271258197776372256e-04
1.259114227642657688e-04
1.246733337391347206e-04
1.234128633076145406e-04
1.221305252111261883e-04
1.208276158406146696e-04
1.195047758391352863e-04
1.181632621083490090e-04
1.168037720974380943e-04
1.154274762397927505e-04
1.140350650932208407e-04
1.126276001174669143e-04
1.112057523945804937e-04
1.097705045755535544e-04
1.083225373022949522e-04
1.068627896626971237e-04
1.053919526803799995e-04
1.039109081744425222e-04
1.024203271960118195e-04
1.009210351824458559e-04
9.941372549573444339e-05
9.789926452028404626e-05
9.637847350455135511e-05
9.485233354084710152e-05
9.332179028584136214e-05
9.178788427329181814e-05
9.025163098454502310e-05
8.871414640219440876e-05
8.717659658100679744e-05
8.564024854087993414e-05
8.410639009498452399e-05
8.257629978799827593e-05
8.105123215361723294e-05
7.953243631462571554e-05
7.802120467247905576e-05
7.651879871316266744e-05
7.502642814672665929e-05
7.354516060559059573e-05
7.207604316936499340e-05
7.062007220955459090e-05
6.917825478448774528e-05
6.775144627843751306e-05
6.634048757849708635e-05
6.494619994933174779e-05
6.356953490798981032e-05
6.221136584506582127e-05
6.087260350460154730e-05
5.955414897208035100e-05
5.825701620362772867e-05
5.698202911824648748e-05
5.572994334910631731e-05
5.450138246784677344e-05
5.329692934554372362e-05
5.211689487340192243e-05
5.096164414793538552e-05
4.983150404307612799e-05
4.872682231997822489e-05
4.764787918626465000e-05
4.659507551895518803e-05
4.556855733330381753e-05
4.456844532025586761e-05
4.359470341882708180e-05
4.264723810519738343e-05
4.172591706924156843e-05
4.083072190465371809e-05
3.996148362177066101e-05
3.911809824145096520e-05
3.830016520374728440e-05
3.750730097655668462e-05
3.673901221825478429e-05
3.599496138857313576e-05
3.527480471222980252e-05
3.457817988874931612e-05
3.390450036110519589e-05
3.325310599833707602e-05
3.262332588497367214e-05
3.201468990159636368e-05
3.142669930601926066e-05
3.085876435729903423e-05
3.031006862850816285e-05
2.977992454444140940e-05
2.926776760090069477e-05
2.877312434991889182e-05
2.829524151846283807e-05
2.783333869787346467e-05
2.738674936267416538e-05
2.695502237774038262e-05
2.653747333314862651e-05
2.613336190340661809e-05
2.574206983560489454e-05
2.536316568056126830e-05
2.499593939031378060e-05
2.463972551937741723e-05
2.429403461682284087e-05
2.395835952334033175e-05
2.363195278442418044e-05
2.331443578505193543e-05
2.300545236293061646e-05
2.270437282624065915e-05
2.241065130286893739e-05
2.212400671534225824e-05
2.184388498133568829e-05
2.156990001670281034e-05
2.130159161326548921e-05
2.103851365176265820e-05
2.078049268289321557e-05
2.052714328387075573e-05
2.027800637504997792e-05
2.003289149472591479e-05
1.979140367793914655e-05
1.955328241997873759e-05
1.931821053811116616e-05
1.908598404015040469e-05
1.885641406245916552e-05
1.862935466936654894e-05
1.840428444342923450e-05
1.818127098883024655e-05
1.796020681194947040e-05
1.774060009821759108e-05
1.752262917333949547e-05
1.730595112690462350e-05
1.709052759176127840e-05
1.687658290100609444e-05
1.666336666780588905e-05
1.645124571805656419e-05
1.624012799200611013e-05
1.602964701540636553e-05
1.582011012177666836e-05
1.561110591119953923e-05
1.540282867743781258e-05
1.519551910692641951e-05
1.498844840745611738e-05
1.478204898411200223e-05
1.457619747264838554e-05
1.437069324692913391e-05
1.416594022693736413e-05
1.396147326703464257e-05
1.375751589925002567e-05
1.355440237802076600e-05
1.335141780670918022e-05
1.314914301004198571e-05
1.294747598219640792e-05
1.274629296239655788e-05
1.254606620434749341e-05
1.234628753155703220e-05
1.214734677676814284e-05
1.194957449134931026e-05
1.175228080077138351e-05
1.155616732435655179e-05
1.136097412111240019e-05
1.116664666696719011e-05
1.097368316785849933e-05
1.078139241726366753e-05
1.059016511453711813e-05
1.040030078714904707e-05
1.021104526124061147e-05
1.002302159097268454e-05
9.835888247823780582e-06
9.649664295084489724e-06
9.464790442998213346e-06
9.280520350940776455e-06
9.097397509671576523e-06
8.915653040999223534e-06
8.734625511635788950e-06
8.555038149743791109e-06
8.376489357617464583e-06
8.199078912499595847e-06
8.023275095986291818e-06
7.848290422065499447e-06
7.674705559178434183e-06
7.502638786966240815e-06
7.331471008952162330e-06
7.161970897487719863e-06
6.993640220997218711e-06
6.826621400594233968e-06
6.661423248282017845e-06
6.497340765103045787e-06
6.334998442502525564e-06
6.174458062266009472e-06
6.015294337253683750e-06
5.858194356075497259e-06
5.702697975983603892e-06
5.548949677904021357e-06
5.397346821117259313e-06
5.247314660075621365e-06
5.099409152622021180e-06
4.953554116595248478e-06
4.809518721114647507e-06
4.667800671638069933e-06
4.528031963314325141e-06
4.390311354277640061e-06
4.254865574203372155e-06
4.121252045982433958e-06
3.989764536593835744e-06
3.860146779893186153e-06
3.732110920834484612e-06
3.605660528923927886e-06
3.480226011323011526e-06
3.355451855949671581e-06
3.230977829207601426e-06
3.106261417939614841e-06
2.981391535730677567e-06
2.856598852558085830e-06
2.732831886073638668e-06
2.611835658749371841e-06
2.495785143159228106e-06
2.387265870949934813e-06
2.288789701169877775e-06
2.202379807909881515e-06
2.129220871118124131e-06
2.069249600859264058e-06
2.021177459826143306e-06
1.982459625381626931e-06
1.949696047547103983e-06
1.918949787261908764e-06
1.886511429970271918e-06
1.849634683105336561e-06
1.806531329196997014e-06
1.756683521334023305e-06
1.700489581274723348e-06
1.638874491335466971e-06
1.573342557117139300e-06
1.505230415720688993e-06
1.435814512700410697e-06
1.366361404628886730e-06
1.297572664141962319e-06
1.230200061567485394e-06
1.164758153836861331e-06
1.101483741777977903e-06
1.040758784747413025e-06
9.825363916077824495e-07
9.268456247366199519e-07
8.738613125986924816e-07
8.233879661172965898e-07
7.754723522269637523e-07
7.299826698815375983e-07
6.867129544589601519e-07
6.457652870874158066e-07
6.069518820348580690e-07
5.702066212277728175e-07
5.355464391864710221e-07
5.027278408497255083e-07
4.717750563555451689e-07
4.425840846718772025e-07
4.149967541803182015e-07
3.891172666455784046e-07
3.647515963075191757e-07
3.418191132363390119e-07
3.202781871335280152e-07
3.000124636851513840e-07
2.810071664200496104e-07
2.631735948744947688e-07
2.464315066084783739e-07
2.307874683830622239e-07
2.160464951185794742e-07
2.021933789635616628e-07
1.893067972545180950e-07
1.771872125389660702e-07
1.657977184978825745e-07
1.551065135923468631e-07
1.450937789543296059e-07
1.356489170274169106e-07
1.268188422474027612e-07
1.186632275613743265e-07
1.110401943086089197e-07
1.037819392640789586e-07
9.711219624923272068e-08
9.092285979460159889e-08
8.506342661565387603e-08
7.953300068044805107e-08
7.451020837589204315e-08
6.967179575019377568e-08
6.514887259265735494e-08
6.107201217467548814e-08
5.716841770318568621e-08
5.337579853638150564e-08
4.998662276536348117e-08
4.691153448961416736e-08
4.373799801702488941e-08
4.097521944992703534e-08
3.824101317871948405e-08
3.569471855065488728e-08
3.317925782931507077e-08
3.108777415715222062e-08
2.881221464586953312e-08
2.679633217890908530e-08
2.504363789189622851e-08
2.326193557313809983e-08
2.178275633850829887e-08
2.030063267989995248e-08
1.904935029728717006e-08
1.768497625884939234e-08
1.678125422112813323e-08
1.557087531185443377e-08
1.460594226206611587e-08
1.377738558165625452e-08
1.273470052815207806e-08
1.204379221014712064e-08
1.119347903632358705e-08
1.048674997425385744e-08
9.684811448896389508e-09
9.153573095749729308e-09
8.525291517031273786e-09
7.839124665554807938e-09
7.473398019199581296e-09
6.859651211503688827e-09
6.461750968873915112e-09
6.047756909040333898e-09
5.605742579175620258e-09
5.281125370867840049e-09
4.901979730090505449e-09
4.626575278040108477e-09
4.259479584132795809e-09
4.074339691125365036e-09
3.760067670103242878e-09
3.508009864209176338e-09
3.380738853581463850e-09
3.031739702833756608e-09
2.921514149649181386e-09
2.708106880218324631e-09
2.487587204171428015e-09
2.396334584977364812e-09
2.175152857714024134e-09
2.066346601172303686e-09
1.942693041036291392e-09
1.794379431349726224e-09
1.705496756541386214e-09
1.582981380152269054e-09
1.494401407665802401e-09
1.391345539528361202e-09
1.307899266451810889e-09
1.224667641754561235e-09
1.126609196895353402e-09
1.079876353242801193e-09
9.948665269743761322e-10
9.377579929118501015e-10
8.861064408776283068e-10
8.167736350319839970e-10
7.850613169481434581e-10
7.250147485456537623e-10
6.721375859247374799e-10
6.415609915446054943e-10
5.962154144139995921e-10
5.623682144185153998e-10
5.225587662041111861e-10
4.952406015225804172e-10
4.648020449545991562e-10
4.356543218975401779e-10
4.074896313831638698e-10
3.777422914687124754e-10
3.661604167553892839e-10
3.367578239617260102e-10
3.115501193019431511e-10
3.050166613013974236e-10
2.743012439474777983e-10
2.657421667033712441e-10
2.486097917617055678e-10
2.244671618931303373e-10
2.261138352787352114e-10
2.023746362197283375e-10
1.896684870276860857e-10
1.874109192296152014e-10
1.645619572359693581e-10
1.642886343326694585e-10
1.513189108556693380e-10
1.366295689410608231e-10
1.397580346557362700e-10
1.227957923488920185e-10
1.172048171012147003e-10
1.150540775447878859e-10
1.007229392877127257e-10
1.013568999559764720e-10
9.367297728318040127e-11
8.372720861626676750e-11
8.689738571639092463e-11
7.542998493014343659e-11
7.325309590219590543e-11
7.080873378669102413e-11
6.271582791572862261e-11
6.318781783668391323e-11
5.777879407570383614e-11
5.283378033715663772e-11
5.370561047969131090e-11
4.710576874145198786e-11
4.615881518024097501e-11
4.383590173886980184e-11
3.960976730245535399e-11
3.948788178857780158e-11
3.624508777015118007e-11
3.342912043476375548e-11
3.353480325627777569e-11
2.983558985450366483e-11
2.907192847680947256e-11
2.764911225038663181e-11
2.504810436847497190e-11
2.501666561937997797e-11
2.286139972037413313e-11
2.136064804930910582e-11
2.113979548022659549e-11
1.899693119997493073e-11
1.854859361643711829e-11
1.749607536597673064e-11
1.607285094665442143e-11
1.589104603866599464e-11
1.459241417888957127e-11
1.373316791047149963e-11
1.344079686094327522e-11
1.220976607360854382e-11
1.189029393652544317e-11
1.119876500047931753e-11
1.036930533780775532e-11
1.018101643822261631e-11
9.383216057608796044e-12
8.890158860158224530e-12
8.613164836581987838e-12
7.906529723878752720e-12
7.669878901573432226e-12
7.226239738281772076e-12
6.731719006956988956e-12
6.566473806234049677e-12
6.079017000498097192e-12
5.785438598050822026e-12
5.557348159711554054e-12
5.153569187372544470e-12
4.974339286129602831e-12
4.691117461879104477e-12
4.394646153348368008e-12
4.258091739266717109e-12
3.960832468776287428e-12
3.780014993678655289e-12
3.606455931759459082e-12
3.373171053801380858e-12
3.239922969063104108e-12
3.058616606091215256e-12
2.878717059735274007e-12
2.770900280485231334e-12
2.591093003780619027e-12
2.471882132208898203e-12
2.350637746390918982e-12
2.209205698201510203e-12
2.114319634253274509e-12
1.996590934905040526e-12
1.885187530427085301e-12
1.804056549676710025e-12
1.693720190166401441e-12
1.613177992730190360e-12
1.530411879830770129e-12
1.442004253008750878e-12
1.375009546717092973e-12
1.297824669076396954e-12
1.227178170041894336e-12
1.167658276825050135e-12
1.098809664147505731e-12
1.043120585986830224e-12
9.871158407098086921e-13
9.301186770481106284e-13
8.827102049776275909e-13
8.316185176171442410e-13
7.853932310879769023e-13
7.424804539080477620e-13
6.983317730652500219e-13
6.592571138821441929e-13
6.211625034762953685e-13
5.834109056102973218e-13
5.496540915107276971e-13
5.153899360348473052e-13
4.841951964361240898e-13
4.535437899941063289e-13
4.244983899270334795e-13
3.968172244517628583e-13
3.707411246741746338e-13
3.452438226249318045e-13
3.212608014480933528e-13
2.981326849068068029e-13
2.767719056171155314e-13
2.552638685616734075e-13
2.360245370177805944e-13
2.166778428220163013e-13
1.991154963893383156e-13
1.821272894533230511e-13
1.656823776846367557e-13
1.505693113259475444e-13
1.364827587669199807e-13
1.223439171457526995e-13
1.103020187742073504e-13
9.783637363388625778e-14
8.710477230248808461e-14
7.690474505015326784e-14
6.702169662485742861e-14
5.852913214687158370e-14
5.070043198360266051e-14
4.310431618445452376e-14
3.719099956837319087e-14
3.096658239472045328e-14
2.626833826010432913e-14
2.202026227965019755e-14
1.806202780881573693e-14
1.527111964709322703e-14
1.291019621052627881e-14
1.084113803567018669e-14
9.942694871012897955e-15
8.728339477383735159e-15
8.617309008943548579e-15
8.649022537071793097e-15
8.760653222602123454e-15
9.503403941604626548e-15
1.027149203736171901e-14
1.101605806676905739e-14
1.223465982365375042e-14
1.284864053098069015e-14
1.391652799229245120e-14
1.462548383093018106e-14
1.502628822802246237e-14
1.543291013187838049e-14
1.545691219990164023e-14
1.512449153966699842e-14
1.477983800643417864e-14
1.372898746720186099e-14
1.283206422463814371e-14
1.151962543495848839e-14
1.000465564055345016e-14
8.521292022473906155e-15
6.932177007975537889e-15
5.345804427271992973e-15
4.064209300792013938e-15
2.662985545704325705e-15
1.811735705570506293e-15
1.070016600008714351e-15
6.431752931627625647e-16
5.763464859382605400e-16
7.360662059343172325e-16
1.081533455502223378e-15
1.703865501624484141e-15
2.166756332387830289e-15
2.826554020934256464e-15
3.229440229310664776e-15
3.489576570223794339e-15
3.539416285994221625e-15
3.334463994179825086e-15
2.884387729563670316e-15
2.368460702852865475e-15
1.616082115717224286e-15
1.044553869666052180e-15
4.677926497013126792e-16
1.298595510826484945e-16
5.670097890632220665e-18
1.124671837908042697e-16
3.664361774165824877e-16
7.820088255597312018e-16
1.072185526086889194e-15
1.366821266192179415e-15
1.387121547602582746e-15
1.259075873592509337e-15
9.394531072387796997e-16
5.610823022284303119e-16
1.883958485870638591e-16
3.997070339918964693e-18
-6.988091627734953271e-17
1.194636158321740898e-16
3.404458523464495535e-16
5.967626742990454838e-16
7.013154676540419068e-16
6.532371573684321607e-16
4.293201762627863609e-16
1.936724151227625425e-16
-3.035852650822982303e-17
-3.761639913433647488e-17
5.845319331995270931e-17
2.669887451420669019e-16
3.900199682074440316e-16
3.910166969365793644e-16
2.290528001028909634e-16
6.220503382670183171e-17
-5.833345137127286695e-17
1.536015087763106147e-17
1.392946506943412850e-16
2.604534972198456966e-16
2.219258986682318436e-16
9.826545135491578661e-17
-3.007851626612096039e-17
-8.859127766025543701e-18
8.176733400258859750e-17
1.821386956370080659e-16
1.285605891362984110e-16
2.899606536958528097e-17
-3.450320787947253596e-17
3.861904424592406926e-17
1.117389480146030178e-16
1.070674118795090598e-16
2.899216662163906813e-18
-1.359389974698778342e-17
4.085395262523597440e-17
9.711923064473840070e-17
3.345195652188116888e-17
-1.409142283548917028e-17
1.535949645781687564e-17
7.466964224152807642e-17
2.469351586318239924e-17
-9.546286187976312813e-18
1.941234659426695143e-17
5.667756295530094312e-17
1.272748731328622123e-18
-9.411340679080245489e-19
3.509735842682711941e-17
2.519478765423464227e-17
-1.334212643115027961e-17
2.944992917650571284e-17
1.832425902446902969e-17
-3.692579136755792682e-18
1.724385759768769918e-17
1.885700821661963593e-17
-7.919895343057990687e-18
2.415972111451267597e-17
1.662501439922110150e-18
5.684484624951797887e-18
1.420344638894882009e-17
-8.594885903684274441e-20
1.048676933959009977e-17
6.159317303857391070e-18
2.187602197492007092e-18
1.150496328271328507e-17
-2.084163725060630510e-18
1.254014235924455177e-17
-2.674375625940283637e-18
1.132431437139547074e-17
-1.943381664446694044e-18
9.741048968786645958e-18
-1.148032475522753232e-18
8.467612880501557541e-18
-5.941030049717915799e-19
7.565827677785477327e-18
-2.443526597476369092e-19
6.941970380760338731e-18
-1.047460711891114858e-20
6.506829082729046852e-18
1.718974099927842841e-19
6.202218826707784899e-18
3.403129090594392694e-19
5.993766266015540709e-18
5.152538871005290055e-19
5.861427517474241189e-18
7.078875192346896620e-19
5.793313859593019380e-18
9.245865124635985495e-19
5.782256761485641029e-18
1.169340016688727941e-18
5.823969641301708510e-18
1.445017380382889460e-18
5.916056754622037328e-18
1.754040290164376574e-18
6.057464409983860109e-18
2.098751292061754036e-18
6.248167373455368692e-18
2.481624973065520053e-18
6.488985392905578615e-18
2.905396195156189940e-18
6.781474924020804484e-18
3.373144012018629731e-18
7.127867010160450998e-18
3.888352396247823646e-18
7.531034866485682449e-18
4.454959130012108559e-18
7.994482372991707315e-18
5.077399771491970100e-18
8.522347690766723299e-18
5.760650403718544285e-18
9.119418866477573581e-18
6.510271737734355636e-18
9.791159640626695714e-18
7.332456084337558479e-18
1.054374385542557484e-17
8.234078364838529692e-18
1.138409811219190923e-17
9.222751791355433617e-18
1.231995200824037116e-17
1.030688895320664099e-17
1.335989590765896817e-17
1.149576859817512871e-17
1.451344606163488352e-17
1.279960875950120331e-17
1.579111719697057010e-17
1.422964641605483643e-17
1.720450257099356254e-17
1.579822397083189294e-17
1.876636165777430580e-17
1.751888296550800666e-17
2.049071547663723645e-17
1.940646502340254104e-17
2.239294973657211026e-17
2.147722036321302128e-17
2.448992570749602220e-17
2.374892370593104395e-17
2.680009876964529880e-17
2.624099760353369331e-17
2.934364440291902899e-17
2.897464291070151144e-17
3.214259129219956440e-17
3.197297591709466953e-17
3.522096083207802312e-17
3.526117138996229389e-17
3.860491220936108394e-17
3.886661053683269949e-17
4.232289176923239549e-17
4.281903237073081203e-17
4.640578499103351692e-17
4.715068659900125266e-17
5.088706878614663324e-17
5.189648543427568212e-17
5.580296126923070209e-17
5.709415105267632881e-17
6.119256529342341647e-17
