# bin_3_2
8.021523263837007872e-06
8.607672016931762398e-06
8.820255780816201968e-06
9.433864062788610414e-06
9.693551045104176591e-06
1.033822826510122796e-05
1.064784009442055599e-05
1.132738321347001196e-05
1.168997607850787644e-05
1.240837128276130588e-05
1.282723328464516786e-05
1.358865386229753699e-05
1.406729827380683696e-05
1.487609775698744780e-05
1.541825115287086685e-05
1.627895060863876098e-05
1.688853466376751542e-05
1.780580286896125161e-05
1.848690846939496225e-05
1.946553352831320132e-05
2.022238566120836598e-05
2.126723647239789840e-05
2.210414821469179852e-05
2.322012404213177165e-05
2.414143784348038961e-05
2.533340414389153932e-05
2.634341851217905967e-05
2.761612712458660196e-05
2.871900682950012459e-05
3.007699868264559863e-05
3.127666669040564406e-05
3.272415536445605556e-05
3.402416500395082208e-05
3.556489986384821775e-05
3.696828621076150753e-05
3.860539445312484739e-05
4.011450471241562844e-05
4.185031265064515421e-05
4.346661648904130796e-05
4.530245178612193522e-05
4.702633422119894792e-05
4.896231271814196633e-05
5.079285439500549405e-05
5.282765773071787280e-05
5.476241032516122030e-05
5.689306382673909283e-05
5.892783197590075665e-05
6.114949634407881374e-05
6.327814194518962426e-05
6.558393708351515337e-05
6.779822698428762489e-05
7.017911180904128044e-05
7.246863562933899671e-05
7.491337356972993847e-05
7.726556430287268582e-05
7.976080995225621995e-05
8.216110539041845333e-05
8.469165257735690444e-05
8.712383950085331348e-05
8.967307365019833306e-05
9.211985760878406784e-05
9.467045394005459927e-05
9.711429334026317774e-05
9.964919491712351913e-05
1.020734264948102495e-04
1.045771196613939647e-04
1.069673803396935718e-04
1.094274566471276712e-04
1.117733712800841531e-04
1.141823218296010264e-04
1.164793750182673156e-04
1.188365034777318893e-04
1.210879457617918811e-04
1.234012107963942625e-04
1.256197675363731540e-04
1.279072788485542667e-04
1.301163418028760950e-04
1.324071477146540881e-04
1.346410501019028923e-04
1.369747887351389622e-04
1.392777196575390071e-04
1.417026907757931806e-04
1.441258299725237796e-04
1.466951207885351432e-04
1.492917135819814181e-04
1.520572246381810607e-04
1.548756136285524406e-04
1.578802188402647568e-04
1.609553313978011346e-04
1.642239804380070292e-04
1.675684254682504671e-04
1.710997095229022872e-04
1.746963734148575297e-04
1.784567856628867591e-04
1.822554358257930801e-04
1.861790029829738880e-04
1.900995831166992379e-04
1.940953455215488224e-04
1.980399659475371322e-04
2.020085228788597790e-04
2.058822352308304249e-04
2.097399756617844557e-04
2.134771794827822634e-04
2.171830586663433735e-04
2.207723486463963327e-04
2.243481196448785051e-04
2.278450162144532128e-04
2.313776585897957131e-04
2.348943856866046742e-04
2.385117731354772770e-04
2.421787077892202298e-04
2.459985103667887462e-04
2.499042889207580978e-04
2.539711961566903627e-04
2.581048783024528421e-04
2.623467754795905343e-04
2.665772265684452583e-04
2.708155535205379323e-04
2.749372986531060437e-04
2.789678330695371015e-04
2.828096756284627041e-04
2.865248063199257820e-04
2.900653045711980640e-04
2.935385492026275291e-04
2.969360680881460469e-04
3.003805749353218924e-04
3.038557380591203408e-04
3.074437415873329006e-04
3.110683080665103007e-04
3.147380108591552169e-04
3.183152570710207790e-04
3.217723848695169613e-04
3.249822943070019730e-04
3.279712619036025188e-04
3.307040257711863700e-04
3.333033096022892982e-04
3.358059156790621437e-04
3.383450771684524960e-04
3.408993663324440650e-04
3.434848402139720398e-04
3.459533113466962267e-04
3.482373355371599531e-04
3.502003520908878050e-04
3.518844796610341523e-04
3.533206289281307240e-04
3.546869705774233889e-04
3.560403536856369977e-04
3.574410722200502071e-04
3.587452199960372784e-04
3.598498431406630033e-04
3.606085791198521714e-04
3.610971354494939083e-04
3.614203595073332918e-04
3.617854551461833221e-04
3.621894385207840954e-04
3.625560021795032036e-04
3.626634114349272455e-04
3.624959116490142591e-04
3.621485344724762758e-04
3.618811862103171175e-04
3.617260943248341702e-04
3.615756915099869605e-04
3.611910827721913006e-04
3.606315433322083638e-04
3.600983180455793954e-04
3.598082530173064690e-04
3.595943827708575173e-04
3.592590455999908621e-04
3.587900830109127040e-04
3.585208416918870622e-04
3.585166085878339036e-04
3.585651970761580525e-04
3.584642991539801950e-04
3.585111141890658061e-04
3.588750128298576550e-04
3.593460084273820271e-04
3.596726845523236346e-04
3.601854548583215349e-04
3.609926694784721464e-04
3.617796924110942879e-04
3.624517453934744454e-04
3.634168944509846106e-04
3.644479848800474191e-04
3.652863652736051850e-04
3.662348899846052763e-04
3.673203380562219860e-04
3.680994360105112112e-04
3.689698922598596089e-04
3.698548318679580082e-04
3.704460933358490020e-04
3.711128075151966851e-04
3.716963441900240027e-04
3.720085820494163208e-04
3.725159388262344390e-04
3.726892346971253907e-04
3.729948855922566187e-04
3.731979182713276002e-04
3.733671537475555854e-04
3.736504276947503859e-04
3.738375514264756267e-04
3.742287542166563012e-04
3.745510221856457214e-04
3.750769751389838413e-04
3.755736010437108179e-04
3.762282609482502484e-04
3.768624841868913164e-04
3.775870703017355991e-04
3.782672190126592474e-04
3.789659107453698952e-04
3.795853056927130510e-04
3.801697778644982624e-04
3.806584848061875183e-04
3.810981136175406307e-04
3.814632912237681537e-04
3.818094882582717480e-04
3.821355093382814306e-04
3.824958544384165072e-04
3.828920310821273430e-04
3.833588500586426555e-04
3.838794999916113749e-04
3.844574299831595874e-04
3.850532568603380135e-04
3.856491193299137416e-04
3.862030217799924709e-04
3.867051004625162813e-04
3.871400039833760307e-04
3.875289637543396191e-04
3.878904992240509342e-04
3.882654629623612610e-04
3.886758379678429028e-04
3.891418266093123776e-04
3.896508155754412864e-04
3.901820600376428656e-04
3.906953843804899336e-04
3.911649212086769378e-04
3.915752671839062022e-04
3.919433826845591289e-04
3.922984940456136814e-04
3.926791847353564599e-04
3.931023845990099658e-04
3.935622867165245158e-04
3.940242804339507809e-04
3.944524499573743084e-04
3.948258261187915542e-04
3.951586516195811018e-04
3.954863096117900508e-04
3.958440849814733151e-04
3.962359408705859128e-04
3.966330377553101312e-04
3.969940232286430361e-04
3.973026829700859611e-04
3.975816886936805756e-04
3.978726363930806093e-04
3.981936606464994482e-04
3.985194732872526075e-04
3.988073017807924588e-04
3.990442237077421466e-04
3.992633473116322150e-04
3.995019964958488050e-04
3.997538422300341205e-04
3.999740736582083739e-04
4.001424665859322494e-04
4.002905178496717585e-04
4.004551949750002025e-04
4.006166898248680864e-04
4.007314711070037588e-04
4.008028594489777136e-04
4.008766969984197976e-04
4.009520186163908107e-04
4.009836774476259295e-04
4.009676675379922881e-04
4.009504342654849696e-04
4.009234834609314685e-04
4.008432139018122350e-04
4.007261372619262837e-04
4.006092555397695334e-04
4.004523706345488026e-04
4.002418551162217745e-04
4.000196143733459730e-04
3.997676503592302653e-04
3.994533381247804792e-04
3.991227528355664744e-04
3.987546944310558692e-04
3.983263536599236741e-04
3.978771011678499075e-04
3.973778219682433887e-04
3.968224631034627668e-04
3.962438320043045977e-04
3.955924118919859622e-04
3.949102893605051733e-04
3.941681898474571157e-04
3.933728920686942101e-04
3.925310302331546297e-04
3.916216821958973574e-04
3.906680882340177424e-04
3.896426363920880011e-04
3.885682920428129442e-04
3.874217879554356977e-04
3.862201265617775498e-04
3.849463552867574221e-04
3.836118466133120182e-04
3.822046220867653219e-04
3.807321857517282889e-04
3.791859061426869088e-04
3.775709147480700752e-04
3.758807907010452607e-04
3.741192787251246461e-04
3.722814932124782054e-04
3.703704024935517455e-04
3.683822748105419417e-04
3.663196790169556054e-04
3.641798159699123627e-04
3.619650892121989969e-04
3.596734910096867095e-04
3.573074004026087058e-04
3.548654926741561899e-04
3.523501956572100782e-04
3.497607720739868953e-04
3.470997291252285281e-04
3.443668297659403408e-04
3.415646685562341209e-04
3.386934387779407842e-04
3.357558311231901541e-04
3.327524256636036639e-04
3.296860262343930090e-04
3.265575744661728709e-04
3.233700034594957809e-04
3.201245849500095183e-04
3.168243613409231127e-04
3.134708544777632775e-04
3.100671263268332963e-04
3.066147977649952066e-04
3.031167941023855494e-04
2.995746513536037998e-04
2.959910115071599768e-04
2.923672140426608482e-04
2.887056010996120830e-04
2.850073779704390088e-04
2.812747489169992480e-04
2.775089916261939591e-04
2.737123946722866169e-04
2.698864660655864579e-04
2.660336444487276103e-04
2.621556094769541753e-04
2.582548176472203544e-04
2.543329777765184060e-04
2.503925265374402193e-04
2.464353318761666116e-04
2.424641252426829117e-04
2.384813263729812353e-04
2.344902718435837622e-04
2.304939708750507817e-04
2.264960548829283017e-04
2.224995437105195312e-04
2.185077785059501352e-04
2.145234912550448550e-04
2.105498866135532246e-04
2.065898734447126311e-04
2.026469135701761712e-04
1.987240096817907188e-04
1.948242538105222584e-04
1.909499716483666282e-04
1.871036204920338802e-04
1.832874260368880009e-04
1.795042613353457328e-04
1.757568751984351838e-04
1.720481404118070221e-04
1.683802574425969549e-04
1.647555356652425675e-04
1.611762800396470058e-04
1.576453968643571452e-04
1.541654461055800196e-04
1.507386364172450541e-04
1.473665222052723627e-04
1.440510439409892142e-04
1.407942640146377827e-04
1.375981495560430932e-04
1.344637727011481325e-04
1.313922162855483142e-04
1.283848582144900838e-04
1.254432237546141327e-04
1.225679145326530513e-04
1.197593744514620281e-04
1.170184141378567358e-04
1.143458784994524002e-04
1.117416420378352228e-04
1.092057009276617598e-04
1.067384496045511739e-04
1.043397769743128014e-04
1.020089319425902948e-04
9.974583571380569514e-05
9.755006805376387690e-05
9.542055113556236325e-05
9.335667337251431555e-05
9.135769154968742826e-05
8.942211792647942548e-05
8.754911291998523654e-05
8.573738690392877218e-05
8.398540506964047151e-05
8.229214178774468965e-05
8.065585310301625493e-05
7.907514428205559317e-05
7.754839092569476631e-05
7.607378816142493412e-05
7.464984090046602257e-05
7.327463856234754744e-05
7.194667247128786153e-05
7.066402046249211982e-05
6.942511442384457902e-05
6.822814751363543285e-05
6.707159073192737271e-05
6.595369240851498807e-05
6.487282736405673993e-05
6.382724516723126736e-05
6.281543081468244532e-05
6.183586235342062600e-05
6.088712789967064666e-05
5.996765510927606820e-05
5.907589446606216428e-05
5.821025118332779274e-05
5.736932879597171717e-05
5.655180389926540107e-05
5.575638722879112556e-05
5.498159555837533547e-05
5.422609900944326848e-05
5.348893236002527217e-05
5.276929235988109859e-05
5.206596859642645067e-05
5.137773974645481285e-05
5.070375077628537806e-05
5.004320436181406703e-05
4.939505660332480088e-05
4.875825052821558731e-05
4.813179139040842997e-05
4.751528559901119155e-05
4.690812229343731818e-05
4.630902205114663454e-05
4.571782291052152062e-05
4.513422365073979924e-05
4.455710926841883747e-05
4.398640325865582639e-05
4.342104345343260748e-05
4.286093239638139615e-05
4.230624097948419498e-05
4.175528452924816703e-05
4.120875076267866479e-05
4.066628786222141863e-05
4.012690591813523471e-05
3.959147165871935184e-05
3.905852096018111290e-05
3.852834447554611829e-05
3.800149936701749484e-05
3.747636885991563905e-05
3.695405897054096012e-05
3.643399414115762805e-05
3.591548375469111494e-05
3.539941090687500431e-05
3.488450815066718120e-05
3.437163414580861852e-05
3.386135051769601786e-05
3.335196208730768173e-05
3.284459179736606854e-05
3.233880041447847906e-05
3.183461245461495753e-05
3.133321522881379526e-05
3.083298443543959125e-05
3.033488428439038313e-05
2.983976965131797222e-05
2.934628468200621961e-05
2.885575849157072002e-05
2.836746710822465642e-05
2.788169747893093386e-05
2.739968372416044185e-05
2.691955336655688623e-05
2.644248446295664097e-05
2.596911570176813457e-05
2.549788534120471975e-05
2.503009840560057887e-05
2.456492226857408246e-05
2.410275168469932516e-05
2.364447048122664941e-05
2.318797246900750867e-05
2.273497202972554564e-05
2.228569420108034231e-05
2.183854645767281316e-05
2.139547344758399141e-05
2.095516392645004590e-05
2.051806166665858143e-05
2.008540312702616063e-05
1.965486614162879190e-05
1.922830286651379939e-05
1.880566869180446047e-05
1.838557826275784876e-05
1.796992514236098388e-05
1.755721305079029521e-05
1.714791395410027449e-05
1.674322120373108853e-05
1.634111351206652852e-05
1.594332262107496929e-05
1.554975228921611009e-05
1.515940505020441994e-05
1.477406113121713633e-05
1.439233981165868748e-05
1.401475462438074786e-05
1.364238547571780024e-05
1.327349324918266141e-05
1.290973479995954429e-05
1.255073667281921215e-05
1.219594114056502618e-05
1.184669342067559503e-05
1.150182921459419618e-05
1.116184080255002423e-05
1.082738723817516849e-05
1.049712899933002150e-05
1.017225794347120232e-05
9.852050005924571923e-06
9.535937773460999539e-06
9.224327930331371382e-06
8.915769117967937513e-06
8.609859597414971829e-06
8.306057446891034599e-06
8.002794461080183505e-06
7.700364907654166794e-06
7.398409345487592490e-06
7.097929621198672458e-06
6.801591120138676445e-06
6.512405368146723569e-06
6.234856976145893810e-06
5.973654504534562710e-06
5.732926197197472861e-06
5.516467183466817330e-06
5.326000976454712339e-06
5.161722284753341793e-06
5.021985538563504126e-06
4.903169696278307174e-06
4.800026556955403166e-06
4.706189770650798167e-06
4.615186748311975024e-06
4.520971563180633027e-06
4.418761152078588193e-06
4.305497568786258518e-06
4.179822982252408116e-06
4.042445303683992815e-06
3.894768541542728403e-06
3.739062124810085953e-06
3.578272799508557114e-06
3.414698135003039375e-06
3.250878798490523170e-06
3.088743327575089957e-06
2.929522311746454358e-06
2.774830434605430099e-06
2.625142297457311058e-06
2.480962963610973815e-06
2.342898886108836565e-06
2.210690877809750061e-06
2.084694978441592918e-06
1.964761941511342487e-06
1.850476364806437546e-06
1.742141424176985137e-06
1.639210274342731461e-06
1.541602572122194243e-06
1.449302561910186996e-06
1.361756185647002322e-06
1.279080424033637047e-06
1.201044721844861935e-06
1.127228410779013997e-06
1.057859758746968703e-06
9.923314990693046896e-07
9.305497182705565780e-07
8.724540516275735776e-07
8.176995941631914119e-07
7.663638386696583062e-07
7.181813118622642214e-07
6.728210746045363518e-07
6.303819857053429813e-07
5.903811514775097579e-07
5.528913196637147845e-07
5.178439167421486701e-07
4.848746397386196318e-07
4.539489871158188282e-07
4.249737393335764875e-07
3.977495514893196416e-07
3.722146073216437204e-07
3.482805035205820197e-07
3.259094640734468614e-07
3.049037603817583496e-07
2.851867930669398374e-07
2.669748537085797371e-07
2.498866798186168379e-07
2.338437748670773071e-07
2.188442376327564387e-07
2.048743030024988789e-07
1.916482208112231477e-07
1.794720430055905277e-07
1.681431601458109484e-07
1.573301926882077067e-07
1.472008548391190610e-07
1.379353328596399315e-07
1.292401110176901146e-07
1.208413166652979237e-07
1.132136983899542359e-07
1.057374783214991399e-07
9.885550284952077764e-08
9.241970613432222866e-08
8.639171516359468158e-08
8.047109317942109930e-08
7.503434267515900898e-08
7.009092897475149232e-08
6.508314631861202684e-08
6.101822280005155889e-08
5.680718752947222580e-08
5.301709978590110971e-08
4.950985656803001386e-08
4.656805743779011580e-08
4.335562768427248747e-08
4.062134900324342712e-08
3.835023079009688460e-08
3.548793496306464096e-08
3.359220137661256202e-08
3.135652992329721919e-08
2.927417123168444820e-08
2.735137371834869857e-08
2.566133068708642536e-08
2.402971448219015365e-08
2.220506369241693235e-08
2.103863218064492580e-08
1.940370449921948529e-08
1.826294957691623788e-08
1.712815553144695961e-08
1.579366263114714582e-08
1.499238041587124842e-08
1.388732594311890390e-08
1.305308323314696964e-08
1.214428900854903296e-08
1.148178364656054781e-08
1.067516251636704739e-08
9.966391611555640825e-09
9.531105390456638564e-09
8.651594197346371505e-09
8.297862446982872861e-09
7.721340807213722575e-09
7.123082128971261478e-09
6.873483114453643533e-09
6.237409851921549481e-09
5.926563849087232500e-09
5.586449105924398655e-09
5.126111464030361934e-09
4.893896207224515910e-09
4.533576704102763887e-09
4.272393098717696884e-09
4.013003929571077931e-09
3.755746677053493817e-09
3.537105118956626403e-09
3.278007530921535754e-09
3.116008463507368676e-09
2.888161878413337079e-09
2.715652733533708326e-09
2.564905079052862885e-09
2.363730741136998684e-09
2.275694425386877533e-09
2.106561856826769141e-09
1.961272070530930952e-09
1.872889035637865517e-09
1.737215593030632108e-09
1.643372184736444743e-09
1.533374899421777757e-09
1.440306766314185396e-09
1.364187587108273605e-09
1.275616368170733447e-09
1.195411415952021923e-09
1.116262586912415796e-09
1.070986181776883820e-09
9.938858845080328200e-10
9.240837238375296114e-10
8.937360971306876317e-10
8.142535501804382320e-10
7.868802319769039339e-10
7.336781184557078672e-10
6.703905414366552749e-10
6.666019375056357377e-10
6.030944543315689193e-10
5.676035748324645825e-10
5.534064795015830349e-10
4.937214931762431125e-10
4.899463781491647189e-10
4.510110661627836742e-10
4.118230077158756191e-10
4.160481519034836808e-10
3.688899915557652892e-10
3.543442475158915748e-10
3.429621991833341464e-10
3.048930070479459772e-10
3.056570750567143518e-10
2.809318737139608558e-10
2.554666666861106707e-10
2.606946057972305182e-10
2.290253525087454562e-10
2.226084790436896395e-10
2.140509725918547260e-10
1.907475139983369663e-10
1.924489480636609107e-10
1.754222682078107410e-10
1.619653498297682477e-10
1.630021007633467518e-10
1.442755314112462867e-10
1.414237168621811196e-10
1.337353572386395614e-10
1.215878253755278441e-10
1.213848887971496938e-10
1.108557829448941397e-10
1.034820154335672166e-10
1.026548771447617577e-10
9.209306847577932391e-11
8.991823994307177907e-11
8.500435451132245505e-11
7.771371040002584161e-11
7.728626803189312757e-11
7.074088321584217481e-11
6.646298369138855476e-11
6.540869020722832765e-11
5.905343687067039436e-11
5.776389655731007770e-11
5.434235413168841212e-11
5.017297108104098063e-11
4.952046487756504669e-11
4.546498138440278941e-11
4.307674833901266337e-11
4.187713687542770169e-11
3.826969607243170815e-11
3.724934137410376846e-11
3.507266960560447622e-11
3.257704176372051479e-11
3.193903648773594679e-11
2.944951181169305263e-11
2.805441785394021214e-11
2.700261375932923570e-11
2.495736240740918232e-11
2.415786468283355518e-11
2.276730866755221187e-11
2.127587141114374278e-11
2.070805368999261356e-11
1.918924981769465380e-11
1.833786529347929667e-11
1.751711824815566853e-11
1.634151918528003985e-11
1.573348224552936567e-11
1.484455094072836752e-11
1.394116334992863008e-11
1.347211590639258891e-11
1.255420959643189488e-11
1.199588423074138509e-11
1.141277296086633944e-11
1.070589469796965088e-11
1.026811548107461963e-11
9.687606230726223623e-12
9.135333422216817108e-12
8.767462949437089023e-12
8.209105339640813784e-12
7.829670923365578581e-12
7.429184581546529381e-12
6.989710307561736882e-12
6.677591213089845932e-12
6.297073436881298296e-12
5.948597078425729576e-12
5.673459790794219950e-12
5.326578824139309926e-12
5.063370058021891851e-12
4.791382099137910717e-12
4.509118603956416255e-12
4.287112785696956179e-12
4.034540487896365493e-12
3.808330408325807144e-12
3.606599623857530880e-12
3.385782306636890767e-12
3.200122566362681999e-12
3.014958325373583675e-12
2.828528433574165443e-12
2.669640985786641256e-12
2.500101551387999683e-12
2.348470873545510419e-12
2.202650143457058906e-12
2.058391957737985028e-12
1.926165313435379089e-12
1.799498455601891342e-12
1.673809792339170154e-12
1.560455573043863928e-12
1.445965946126946130e-12
1.342729942614372747e-12
1.239432363575985930e-12
1.144574946180742593e-12
1.051663522122556515e-12
9.665237457856122688e-13
8.828187116476692724e-13
8.048891126991719134e-13
7.300237581119484207e-13
6.622792182859366661e-13
5.938406300826582060e-13
5.349183216449706312e-13
4.747327925229363635e-13
4.228601817498404764e-13
3.725391169351664349e-13
3.257404420701311654e-13
2.835072824195053169e-13
2.461190579964166993e-13
2.090495229470816899e-13
1.803638564788259864e-13
1.501218223698283504e-13
1.275847365581139692e-13
1.064132753378818689e-13
8.794535424097409526e-14
7.371921869942358157e-14
6.276032385627882703e-14
5.242656879480474792e-14
4.824533138325547820e-14
4.219726445694358334e-14
4.192266388838655029e-14
4.167673549856303906e-14
4.271935740735664751e-14
4.585614348249861264e-14
4.997543040860466869e-14
5.330326244709491741e-14
5.944099198507402748e-14
6.222810934353698081e-14
6.765169577573044651e-14
7.079091517765189225e-14
7.309018730470565809e-14
7.472193910113294670e-14
7.514490019353608984e-14
7.327736733820614474e-14
7.181974015658278053e-14
6.652510117080450400e-14
6.238169891383581422e-14
5.577120489178102806e-14
4.867968316620324326e-14
4.122167043664462970e-14
3.374705112516958436e-14
2.583456802761175359e-14
1.980213745579879662e-14
1.282688797702540356e-14
8.872954721211410190e-15
5.082671071902086445e-15
3.210988377171920279e-15
2.690264360992377217e-15
3.653276713929873770e-15
5.158702824915235588e-15
8.338078638038884928e-15
1.043796925786146319e-14
1.378847910261610862e-14
1.559378357162174507e-14
1.701088423911609403e-14
1.710136677399241187e-14
1.625249859636507565e-14
1.393094727435168353e-14
1.155444116516067504e-14
7.781076042256052000e-15
5.125889799407991633e-15
2.206973275427264272e-15
6.859967015958834661e-16
-3.376837320534226763e-17
5.980295233194222287e-16
1.723634159341869130e-15
3.842875547571496289e-15
5.154818000660439062e-15
6.679694109033577085e-15
6.685207773264362460e-15
6.155703587499939222e-15
4.514228688795827721e-15
2.764588968779235394e-15
8.721159360706598702e-16
5.643694258709632735e-17
-3.780524586635527279e-16
6.148759529861811719e-16
1.615756615081020223e-15
2.930551009439817326e-15
3.369579749013782134e-15
3.202640074078735791e-15
2.051917174839534783e-15
9.689553547019826672e-16
-1.769912041242011479e-16
-1.557153278078263908e-16
2.558814478833304542e-16
1.321573987861235746e-15
1.867152100257830899e-15
1.922001171797287693e-15
1.087750079667974322e-15
3.237595224899404915e-16
-3.054351282983834709e-16
9.478660200764730976e-17
6.554262494372601246e-16
1.283309864454158904e-15
1.057910631054557888e-15
4.946055328538608945e-16
-1.639558151115574749e-16
-2.694833469568652426e-17
3.804597718599361736e-16
8.989876567712533210e-16
6.087959891887091015e-16
1.544418700957830568e-16
-1.817421548758043052e-16
2.000679768943998245e-16
5.293221866066378931e-16
5.311969174238789620e-16
2.025928870400139064e-18
-5.559045377611594207e-17
1.871902843100287638e-16
4.809649962490793179e-16
1.520767849587007503e-16
-5.979822107802122804e-17
6.506769006867756436e-17
3.701976515382206454e-16
1.111623427150233551e-16
-3.946069513631670133e-17
8.619804224695951109e-17
2.812807922583924767e-16
-1.256667033199962650e-18
8.464287335633538863e-19
1.635276309859847957e-16
1.270087379544207089e-16
-7.108076116393940377e-17
1.469904674732865447e-16
8.311456142288320685e-17
-1.452375288667358851e-17
7.828135709728972654e-17
9.434111191664281358e-17
-4.349751368413398676e-17
1.194904651022774041e-16
3.359231798888118200e-18
2.923177591134401326e-17
6.452641046364544454e-17
6.728783926948267419e-19
4.672154418484971056e-17
3.046014675234219745e-17
6.627243573571977582e-18
5.588960031773788108e-17
-1.395829369348065709e-17
6.040023715316648030e-17
-1.671492541149521387e-17
5.398737309672762113e-17
-1.310208671972757418e-17
4.579190021928090819e-17
-9.222051783029425533e-18
3.909818207501171113e-17
-6.560120306049197469e-18
3.420260528929385603e-17
-4.936661715256878505e-18
3.064626891822741324e-17
-3.924471986233209310e-18
2.799198233790757317e-17
-3.212928867134747494e-18
2.595295768282736372e-17
-2.621975073723386347e-18
2.435774754079836543e-17
-2.054813822259183856e-18
2.310417457529806920e-17
-1.460300862800566160e-18
2.212931957357541757e-17
-8.110330610163662201e-19
2.139280332952540475e-17
-9.168098931500516903e-20
2.086781756553017536e-17
7.071046285420710066e-19
2.053626444142792546e-17
1.591909580188022596e-18
2.038603859039829485e-17
2.568294594249417065e-18
2.040944691014002727e-17
3.641764451100377311e-18
2.060225393706361490e-17
4.818328073698700881e-18
2.096308706132580717e-17
6.104838099134026808e-18
2.149305881171787623e-17
7.509210314439405047e-18
2.219552772612870713e-17
9.040579145310152930e-18
2.307595199344641926e-17
1.070942036923451307e-17
2.414180888251471650e-17
1.252765991036882378e-17
2.540256414441194319e-17
1.450877980683260843e-17
2.686968026312653494e-17
1.666792794869324700e-17
2.855665752051936291e-17
1.902203691862787116e-17
3.047910314174336246e-17
2.158995354087027055e-17
3.265482593529811482e-17
2.439258271404929692e-17
3.510395482293083542e-17
2.745304580798335098e-17
3.784907954546823227e-17
3.079685555449693257e-17
4.091541352644170762e-17
3.445210827837001700e-17
4.433097799924791746e-17
3.844969372610168151e-17
4.812680760841485570e-17
4.282352390248093251e-17
5.233717685088557620e-17
4.761078062432607837e-17
5.699984776356299361e-17
5.285218260472955580e-17
6.215633822967988419e-17
5.859227160661103524e-17
6.785221071594014840e-17
6.487971781367893553e-17
7.413738058226957265e-17
7.176764324985130069e-17
8.106644289946783828e-17
7.931396257244378640e-17
8.869901618433760582e-17
8.758173861581867252e-17
9.710010059420003206e-17
9.663955098505223757e-17
1.063404474933299214e-16
1.065618730534468478e-16
1.164969358399070634e-16
1.174294532020665010e-16
1.276529499819791874e-16
1.293296935528426604e-16
1.398987514528584102e-16
1.423570179780092099e-16
1.533318354675747783e-16
