# bin_1_4
4.693814916524241738e-05
4.162599932467817243e-05
4.279010887017517897e-05
3.783893931562501623e-05
3.903073454047876594e-05
3.441441946152962400e-05
3.562587004503365028e-05
3.132045856774907228e-05
3.254467959978904728e-05
2.852822642816031160e-05
2.975937268419096322e-05
2.601178573009845597e-05
2.724495893974294896e-05
2.374786276638721086e-05
2.497903094881412495e-05
2.171564501701458020e-05
2.294157322245711693e-05
1.989660406581763078e-05
2.111479586766810930e-05
1.827434240496560207e-05
1.948299161947007348e-05
1.683446300302620643e-05
1.803241523129616445e-05
1.556446066219779875e-05
1.675118427423039904e-05
1.445363429711197626e-05
1.562920055399997067e-05
1.349301939265302203e-05
1.465809145343812072e-05
1.267533997264039010e-05
1.383117041734711619e-05
1.199497927710116076e-05
1.314341583580123914e-05
1.144796828389835950e-05
1.259146725987396138e-05
1.103199089700236313e-05
1.217363763940747670e-05
1.074640426819112447e-05
1.188993969973845390e-05
1.059227203401181038e-05
1.174212394387409895e-05
1.057240751747755870e-05
1.173372477011155070e-05
1.069142284517318563e-05
1.187011004576357986e-05
1.095577863860179235e-05
1.215852804523645403e-05
1.137382734415441277e-05
1.260814394539823433e-05
1.195584149976552787e-05
1.323005621498920696e-05
1.271401633371207139e-05
1.403728135349420631e-05
1.366243420907494775e-05
1.504469364721501303e-05
1.481697692652308956e-05
1.626890549889173303e-05
1.619517118060952960e-05
1.772807365167792024e-05
1.781595303169605584e-05
1.944161834267846086e-05
1.969934020541440966e-05
2.142984667243580279e-05
2.186600701259758172e-05
2.371347967619436570e-05
2.433676720611609298e-05
2.631309558009119513e-05
2.713198608608943582e-05
2.924852103919820844e-05
3.027096573615283074e-05
3.253822802456046861e-05
3.377137653701541329e-05
3.619882643486623490e-05
3.764884305087821514e-05
4.024477915976258457e-05
4.191682960737625483e-05
4.468850256601028824e-05
4.658700397905770393e-05
4.954104246567286337e-05
5.167027542560749699e-05
5.481352054811716924e-05
5.717869081262208595e-05
6.051951112303304562e-05
6.312830962791122396e-05
6.667841224311724774e-05
6.954304512802545672e-05
7.331969977750134684e-05
7.645923904518106410e-05
8.048768902777209795e-05
8.393043255120498228e-05
8.824609082662570225e-05
9.203143921495628881e-05
9.668129314481874051e-05
1.008604985508389787e-04
1.059030365980388413e-04
1.105381342613613241e-04
1.160411558805322192e-04
1.212015567399488412e-04
1.272375399480252169e-04
1.329942426114029126e-04
1.396336014780206114e-04
1.460518132637983338e-04
1.533553572364959301e-04
1.604873889207415424e-04
1.685003804278102960e-04
1.763816527290893701e-04
1.851325673721797174e-04
1.937838288929116901e-04
2.032905465165521606e-04
2.127282114710803390e-04
2.230122304739862215e-04
2.332656264622018805e-04
2.443708950191487398e-04
2.555006176011217502e-04
2.675088890785320018e-04
2.796164028391073418e-04
2.926484979103015924e-04
3.058671167573015037e-04
3.200628874771404685e-04
3.345276860344597539e-04
3.500088992263105606e-04
3.658176680731354928e-04
3.826538087026241778e-04
3.998451890981907374e-04
4.180506639853627288e-04
4.366245789989802568e-04
4.562021570220959081e-04
4.761803547311995854e-04
4.971870556767843180e-04
5.186681782969430887e-04
5.412422783637193830e-04
5.643873189151016453e-04
5.886879091417467590e-04
6.136228202916320113e-04
6.397186732992961485e-04
6.664429639283097305e-04
6.942752593623996698e-04
7.227011337545400683e-04
7.521966274451886937e-04
7.823028792978598033e-04
8.135099021756521300e-04
8.453955768817399477e-04
8.784142226073738281e-04
9.121146589092961592e-04
9.468679596149932615e-04
9.821896094895734598e-04
1.018419276908679371e-03
1.055121860087782255e-03
1.092675236946516210e-03
1.130698235096958253e-03
1.169533885463281634e-03
1.208739108057177696e-03
1.248544282352468532e-03
1.288467802733700863e-03
1.328751262769133903e-03
1.369006576461174020e-03
1.409512708696259147e-03
1.449851570987989360e-03
1.490164425544134204e-03
1.529942955019393492e-03
1.569328293768532763e-03
1.607934360078583152e-03
1.645961374355056324e-03
1.682960758530059782e-03
1.718964980086134338e-03
1.753484439458600618e-03
1.786663815264862747e-03
1.818157039468982919e-03
1.848041926944509568e-03
1.875813707591516459e-03
1.901534602290196529e-03
1.924911778181856697e-03
1.946103317982579746e-03
1.964681363289830750e-03
1.980713506566493445e-03
1.993997942159545650e-03
2.004777377606850857e-03
2.012729974787129915e-03
2.018038926736928293e-03
2.020677117726604743e-03
2.020953499639394774e-03
2.018683668272458921e-03
2.014298597196882094e-03
2.007920255036377277e-03
1.999868515281502928e-03
1.990256130744998304e-03
1.979711617394140904e-03
1.968283113402919358e-03
1.956518716193580976e-03
1.944737436738191603e-03
1.933339036418581540e-03
1.922591760029778666e-03
1.913040044786597140e-03
1.904690396925279002e-03
1.898114796022998393e-03
1.893216721551385998e-03
1.890337310844688711e-03
1.889371736427921181e-03
1.890368414805138064e-03
1.893156425788293084e-03
1.897564294355506354e-03
1.903295469767421737e-03
1.910051213567180283e-03
1.917425629012901823e-03
1.925082078625448001e-03
1.932585499864614012e-03
1.939655575841941820e-03
1.945933494426548699e-03
1.951285277621808223e-03
1.955518316452973041e-03
1.958702435162964356e-03
1.960848521052326130e-03
1.962224293948358102e-03
1.963004860182659440e-03
1.963573849369429965e-03
1.964159033451832060e-03
1.965123545766717453e-03
1.966605761470088982e-03
1.968815320981138432e-03
1.971698493783635969e-03
1.975253985031355693e-03
1.979236696811622395e-03
1.983495739120898649e-03
1.987710533247722625e-03
1.991733146412569874e-03
1.995330863600561309e-03
1.998501636856078907e-03
2.001193537038722155e-03
2.003571898093993702e-03
2.005708987586292402e-03
2.007814969842388816e-03
2.009928027388029146e-03
2.012152322259100606e-03
2.014393465854731266e-03
2.016637345466504739e-03
2.018740238195819610e-03
2.020726729818400624e-03
2.022582579308508047e-03
2.024503758679587016e-03
2.026629224030638068e-03
2.029209839467562438e-03
2.032299597952756318e-03
2.035917436778153511e-03
2.039805170050037857e-03
2.043688926296040841e-03
2.047161382501047795e-03
2.050016441486816280e-03
2.052138648668273401e-03
2.053740170594366404e-03
2.055101374278405727e-03
2.056646402155080586e-03
2.058605568331794197e-03
2.061115172433930932e-03
2.064017081842146363e-03
2.067120986766262433e-03
2.070130809389551796e-03
2.072923960652859731e-03
2.075410827863289395e-03
2.077695698620151809e-03
2.079848265747004724e-03
2.082023533102404355e-03
2.084254228891827595e-03
2.086602811979626233e-03
2.088981183024531032e-03
2.091316890130833807e-03
2.093449895745718749e-03
2.095435081009970960e-03
2.097473009159552763e-03
2.099885713260262170e-03
2.102554475248403099e-03
2.104985153884957483e-03
2.106755916618204168e-03
2.108259112785638382e-03
2.110051863686337667e-03
2.112052451274290185e-03
2.113838802389157116e-03
2.115956301565266682e-03
2.118743445606552280e-03
2.120730587946113594e-03
2.120853804419265375e-03
2.121620673375927777e-03
2.124787417236046871e-03
2.127309088770526491e-03
2.127555800627583052e-03
2.128828606523329968e-03
2.130713550891658904e-03
2.130707360533967611e-03
2.132530666817128526e-03
2.136019922420249843e-03
2.134704283606359606e-03
2.133527021491948492e-03
2.137864651198882748e-03
2.139153142872668532e-03
2.136734145686593374e-03
2.138212335634981625e-03
2.140000764835663961e-03
2.139195300764783723e-03
2.139547724977407857e-03
2.140011259307434289e-03
2.139146983952684277e-03
2.139595297175464570e-03
2.139565878012999502e-03
2.138191091566928308e-03
2.137919672058338078e-03
2.137583207292262106e-03
2.136070006146306016e-03
2.135023495911591955e-03
2.133908118620254143e-03
2.132241014613206909e-03
2.130714785802832658e-03
2.128504618512362667e-03
2.126789187281200554e-03
2.124325972943275249e-03
2.121547259244898655e-03
2.119237637266656055e-03
2.115831705711267077e-03
2.112734385749736200e-03
2.109316380468359477e-03
2.105344216822279194e-03
2.101516320370301356e-03
2.097080525541095749e-03
2.092510420650217032e-03
2.087627146798758365e-03
2.082413440898561990e-03
2.076928920491697209e-03
2.071111361440833038e-03
2.064974293074613425e-03
2.058515101361191920e-03
2.051724768688878604e-03
2.044551983774653674e-03
2.037073684131145753e-03
2.029228381944099720e-03
2.021018361576332970e-03
2.012473089301819711e-03
2.003523575695042094e-03
1.994237569741677714e-03
1.984571243288308848e-03
1.974491548074935789e-03
1.964080622940611847e-03
1.953271663091534285e-03
1.942087947072480879e-03
1.930544055128389233e-03
1.918587844137788125e-03
1.906294665519112259e-03
1.893621988973965284e-03
1.880544420564418629e-03
1.867148319471540483e-03
1.853370129916097645e-03
1.839247024853040433e-03
1.824787095811828330e-03
1.809947519596493987e-03
1.794815633706674327e-03
1.779346849854443555e-03
1.763524442344403548e-03
1.747434684671326111e-03
1.731016025842851231e-03
1.714316208943471699e-03
1.697336231267618798e-03
1.680037162822661930e-03
1.662514288047521735e-03
1.644717073858488303e-03
1.626637809774174586e-03
1.608357501334924024e-03
1.589811436254654582e-03
1.571056168069163983e-03
1.552085994125784870e-03
1.532862140133282652e-03
1.513486227901857844e-03
1.493903400707934700e-03
1.474115626325627664e-03
1.454196917696796640e-03
1.434083112399605090e-03
1.413841168007125889e-03
1.393461728573691964e-03
1.372909493884060016e-03
1.352292865101650202e-03
1.331556432176793934e-03
1.310716438766413791e-03
1.289837217704345278e-03
1.268861800870559574e-03
1.247864253307565466e-03
1.226831204025202607e-03
1.205731595546656511e-03
1.184676112471802880e-03
1.163607880229430239e-03
1.142553858912093503e-03
1.121565435125596293e-03
1.100591470051254153e-03
1.079711279895158608e-03
1.058905036815931339e-03
1.038146552371371073e-03
1.017545671727047591e-03
9.970446274544084077e-04
9.766783747570144045e-04
9.564859888512445684e-04
9.364194591335419163e-04
9.165648566913343290e-04
8.968937115275599139e-04
8.773837523936890443e-04
8.581398736011909036e-04
8.391010715162249911e-04
8.203063842235364805e-04
8.017809660785334526e-04
7.834783080121568996e-04
7.654898485387160193e-04
7.477751066599598378e-04
7.303128898175871228e-04
7.132000329568578259e-04
6.963709808591440984e-04
6.798673011653994912e-04
6.636979205703572330e-04
6.478142665530970063e-04
6.323117898182790140e-04
6.171366857531454661e-04
6.022689401834262169e-04
5.877946589696919546e-04
5.736419224276525499e-04
5.598544287165631555e-04
5.464255886129322807e-04
5.333026811589199967e-04
5.205820561289094739e-04
5.081956614460563697e-04
4.961271748152219383e-04
4.844500262803838326e-04
4.730831533003634621e-04
4.620744771389347885e-04
4.514056407141366859e-04
4.410178854982282730e-04
4.310089346694450621e-04
4.213006194250637536e-04
4.118815001972755355e-04
4.028113181345260364e-04
3.940041765005318454e-04
3.855124994112688682e-04
3.773075039279641472e-04
3.693286349993647614e-04
3.616742608851233800e-04
3.542589555922499509e-04
3.470809892661489695e-04
3.401835422132037305e-04
3.334849289315350946e-04
3.270411596585632002e-04
3.208160539468652307e-04
3.147509530757059554e-04
3.089437200152946191e-04
3.033061179122451120e-04
2.978469017209845501e-04
2.925950777801067772e-04
2.874740528206129746e-04
2.825467941159675385e-04
2.777714026363237577e-04
2.730949365519477409e-04
2.686130734234817700e-04
2.642373721788516053e-04
2.599866581025944744e-04
2.558792614560416933e-04
2.518433700682957445e-04
2.479505745836399814e-04
2.441537997849485466e-04
2.404082930818750459e-04
2.368049607525866095e-04
2.332574826151428971e-04
2.297941668072339216e-04
2.264233474720154452e-04
2.230813890051664859e-04
2.198463926239480515e-04
2.166655272131718009e-04
2.135040335149985505e-04
2.104448011786442673e-04
2.074076250318947592e-04
2.044286342806383625e-04
2.015059571282105532e-04
1.985841010696606378e-04
1.957447949098139995e-04
1.929320128530856633e-04
1.901216154074577864e-04
1.873858399014433529e-04
1.846504282403439723e-04
1.819573670309425643e-04
1.792985793202064068e-04
1.766257790901595165e-04
1.740194895710043708e-04
1.714214519760755414e-04
1.688202440346462773e-04
1.662765871609301520e-04
1.637203102057105495e-04
1.611987751762901659e-04
1.587014829307290681e-04
1.561844587180821222e-04
1.537247672669388339e-04
1.512660672771346535e-04
1.488066783748074435e-04
1.463944248950968573e-04
1.439681153678639043e-04
1.415756425657495906e-04
1.392038660246621546e-04
1.368157403373240625e-04
1.344800747865196420e-04
1.321437021457701406e-04
1.298152932288664028e-04
1.275259649603715595e-04
1.252275579312149805e-04
1.229625409893918807e-04
1.207172423068243749e-04
1.184627987449002773e-04
1.162562582348229494e-04
1.140509303420599491e-04
1.118606731689896839e-04
1.097042894552488783e-04
1.075449286917135635e-04
1.054195118966266782e-04
1.033136487639898686e-04
1.012066385910529549e-04
9.914249973226078806e-05
9.708307213297288582e-05
9.504353054830533937e-05
9.303347794869848333e-05
9.102600655293732984e-05
8.905129496894529067e-05
8.709498714987309138e-05
8.514463716097047925e-05
8.323179775374970008e-05
8.132706197958363152e-05
7.944474551707929755e-05
7.758845568471682433e-05
7.573998845702691008e-05
7.392264041381322204e-05
7.212338855613096916e-05
7.033594097657626344e-05
6.858131914587811359e-05
6.683880562527311632e-05
6.512041000875772587e-05
6.342646129919397846e-05
6.174512219323308377e-05
6.009362644088916126e-05
5.846120792666144507e-05
5.684515490160441028e-05
5.525813058999045962e-05
5.368592098401452778e-05
5.213665213443686178e-05
5.060792666754872389e-05
4.909113462312136785e-05
4.759671372906061756e-05
4.611414969770330215e-05
4.464120124253145015e-05
4.318447459627255849e-05
4.173491180345033325e-05
4.030110208642289857e-05
3.888605916657210696e-05
3.749221609010816830e-05
3.613861471560178389e-05
3.482911139994948109e-05
3.357411784472532539e-05
3.238646673995526978e-05
3.126396923875556823e-05
3.021194252856842312e-05
2.922466760101883590e-05
2.829166439277344030e-05
2.741275671726411752e-05
2.657342899513321098e-05
2.576671565977494143e-05
2.498914350876675034e-05
2.423018409056983146e-05
2.349009343400350873e-05
2.276289898501959125e-05
2.204185828424696231e-05
2.133184334583389848e-05
2.062467315241934917e-05
1.991996095916817269e-05
1.921940497089169041e-05
1.851832826833218584e-05
1.782327296470834725e-05
1.713334328470376392e-05
1.644757599561368652e-05
1.577614184269696029e-05
1.511509443436612433e-05
1.446785023405813494e-05
1.383700093728588309e-05
1.321806754806411122e-05
1.261733417743900456e-05
1.203094587077613802e-05
1.145566451362734287e-05
1.089904599659308882e-05
1.035513337992839240e-05
9.827070528938860775e-06
9.316420257129516810e-06
8.819333579910208410e-06
8.343680802199818325e-06
7.885716631126532775e-06
7.443373620951307133e-06
7.024303701005543412e-06
6.622250066107385167e-06
6.240346292453429436e-06
5.878289438790854463e-06
5.531246362651020119e-06
5.206096672687887112e-06
4.897365565336184231e-06
4.603050360824325215e-06
4.328899681490298429e-06
4.067194874945642443e-06
3.821334124982585176e-06
3.590470397923206038e-06
3.369430336890696455e-06
3.164763912381749835e-06
2.970942037198375676e-06
2.786632276729748011e-06
2.616345590716235644e-06
2.453631492513404028e-06
2.302489414475404770e-06
2.161044177554462465e-06
2.024586080677743216e-06
1.900295019998947750e-06
1.782344573245057301e-06
1.670283080752462725e-06
1.567545826578824018e-06
1.469141488697727703e-06
1.377879476863753648e-06
1.293055128567686797e-06
1.210840263742592683e-06
1.136958112913235314e-06
1.065845455417481002e-06
9.991312833792621480e-07
9.381818010038502105e-07
8.786779579458409597e-07
8.245989546594744711e-07
7.735064014800910914e-07
7.237005286227378401e-07
6.793579921478686443e-07
6.368595888735989056e-07
5.958248280968925635e-07
5.595839861777199453e-07
5.231779215615245900e-07
4.906292707746405276e-07
4.607737489561973951e-07
4.303910968598211164e-07
4.042767186219495293e-07
3.785874818436712571e-07
3.551521048348319765e-07
3.330482255551275012e-07
3.116501252165474057e-07
2.928435554409961090e-07
2.745339758541005674e-07
2.569965653862567304e-07
2.414980310803131126e-07
2.261110445548333742e-07
2.120568776605883246e-07
1.993889661359760473e-07
1.863227557209814529e-07
1.750526350142064618e-07
1.646347971954824421e-07
1.532804675651744557e-07
1.448330022740793654e-07
1.354203292921328292e-07
1.265917007834415748e-07
1.197552697272064775e-07
1.113994198817280405e-07
1.050670444404952999e-07
9.874867298432594450e-08
9.215052121007311632e-08
8.719455469744861393e-08
8.148036481201767320e-08
7.667526201659013371e-08
7.212319299565002459e-08
6.749429746778854398e-08
6.360974393043086425e-08
5.966285516875039011e-08
5.609881619707356329e-08
5.264185164751378527e-08
4.947148383899295538e-08
4.658661367586535439e-08
4.373417092927490418e-08
4.110005916254269077e-08
3.867698113465898192e-08
3.638583512300837061e-08
3.424421014136750220e-08
3.214219106058655501e-08
3.021214092242364191e-08
2.846038258767139337e-08
2.681185666448349935e-08
2.514439192310939894e-08
2.375653884005288015e-08
2.239751428340921080e-08
2.099511750893613784e-08
1.990293514101508936e-08
1.860582945655736582e-08
1.754199884814862385e-08
1.663849674653213646e-08
1.549371358072210352e-08
1.476604866493582903e-08
1.388194609929974945e-08
1.296916356869827900e-08
1.241535267745452629e-08
1.155163434931484619e-08
1.092201112592006385e-08
1.037386809673668324e-08
9.668188169320967645e-09
9.254857283696073254e-09
8.664045477460316263e-09
8.135505048764390105e-09
7.762029339930969175e-09
7.273180547445615472e-09
6.876894046569410135e-09
6.484608825296998003e-09
6.129214849908066804e-09
5.815852621380999146e-09
5.464755673624105740e-09
5.164431380547574195e-09
4.866255088107878066e-09
4.644234850949870206e-09
4.358735589777179655e-09
4.087587138316129131e-09
3.931202664410298405e-09
3.669195025206797812e-09
3.489553994640091154e-09
3.304926676681917358e-09
3.074793728135531754e-09
2.992312291898400646e-09
2.779044632059250934e-09
2.606344456472428237e-09
2.539271124096960315e-09
2.331229085070755356e-09
2.250046553711538974e-09
2.128151396243274844e-09
1.965524230012023976e-09
1.937719840679743025e-09
1.783235121768573890e-09
1.683682313588342246e-09
1.643079859327915001e-09
1.498474618205357422e-09
1.460599824356987271e-09
1.376924475434359382e-09
1.272671557387312431e-09
1.258278298798181427e-09
1.153811067620820501e-09
1.098992678311862605e-09
1.064454032933902040e-09
9.763536821430178605e-10
9.514824455773678697e-10
8.967314973787004419e-10
8.324133214511085003e-10
8.200332137893161851e-10
7.528755035804409440e-10
7.223166384786990149e-10
6.927403555864948956e-10
6.422544940829902569e-10
6.227458168623680065e-10
5.874817121496959898e-10
5.491822272650126773e-10
5.363799859103989092e-10
4.956962568980283882e-10
4.766979075058091373e-10
4.541949467885327790e-10
4.251864027777788901e-10
4.099320327112053767e-10
3.873186584690465115e-10
3.646074250115444443e-10
3.528138943839247983e-10
3.288681758873447776e-10
3.159290224140854053e-10
3.001826453253662588e-10
2.831008400786398059e-10
2.714697667451710586e-10
2.571539865698627659e-10
2.433891705321338165e-10
2.337621503958848570e-10
2.196586472369542309e-10
2.106217675143974224e-10
1.999397367619689365e-10
1.897424927717770370e-10
1.810294446212088495e-10
1.720853224566341467e-10
1.635254839120069114e-10
1.562085118877170722e-10
1.478865824862030870e-10
1.414466695144617990e-10
1.344227180026364232e-10
1.281803007684921051e-10
1.218392239564656982e-10
1.162920481909054525e-10
1.107837412601447730e-10
1.055394588719392799e-10
1.005532342701852189e-10
9.598676622869228181e-11
9.141284021785046935e-11
8.751529409631879377e-11
8.300521177404253086e-11
7.956554364396154997e-11
7.590740759344724543e-11
7.229473633691404683e-11
6.922479421040937282e-11
6.601468080238038108e-11
6.302794160728584747e-11
6.053421800803815525e-11
5.737058351823877239e-11
5.519882547912064747e-11
5.269326651128621676e-11
5.025667156722609669e-11
4.825953997875280873e-11
4.600931820446697429e-11
4.401452018601022737e-11
4.233871711281979245e-11
4.011456004664580029e-11
3.867368502900624667e-11
3.688260433702265949e-11
3.521812123749375464e-11
3.381231289131433679e-11
3.219868910335413204e-11
3.079340887995458115e-11
2.958197668324376683e-11
2.797795573456592214e-11
2.693582988805808668e-11
2.559853572460595310e-11
2.440384523849251469e-11
2.334435726570037283e-11
2.214318179048988066e-11
2.110470057071228048e-11
2.018062351369528336e-11
1.900708601192337440e-11
1.822108758486478925e-11
1.722126533166639306e-11
1.636207328414825351e-11
1.557464965954796636e-11
1.471149419321942599e-11
1.397940554507669123e-11
1.332409092040837955e-11
1.252956021586527800e-11
1.200221083118542688e-11
1.133684953122886816e-11
1.079924295735743230e-11
1.030119010187048125e-11
9.770778722473911745e-12
9.337157239824861582e-12
8.951358726002312287e-12
8.485535005167480238e-12
8.188932264547015156e-12
7.792255874482969103e-12
7.484116648460942730e-12
7.179443678836647911e-12
6.848071674737039039e-12
6.564960889957640878e-12
6.294548645121052569e-12
5.964747245603837999e-12
5.729656636436123878e-12
5.416374300721431479e-12
5.161465256810513927e-12
4.899986316159593541e-12
4.628917360204893810e-12
4.393300194240530403e-12
4.175784765060569622e-12
3.937258956781535973e-12
3.772710864057231399e-12
3.571078472711071383e-12
3.424247188316138950e-12
3.277706476291631379e-12
3.134145033767018605e-12
3.009371277575004824e-12
2.890471369243695240e-12
2.750180101818561785e-12
2.642243191535046482e-12
2.497612939903335684e-12
2.379544103857364250e-12
2.251530120587166997e-12
2.128340752625009434e-12
2.018546902344353796e-12
1.922953431976191636e-12
1.825789807068746569e-12
1.759615432037543310e-12
1.677599661644520004e-12
1.617385103952750247e-12
1.545607609995769008e-12
1.473360755965549558e-12
1.398187569323726225e-12
1.326322098830807616e-12
1.248884943784686708e-12
1.192288690959097273e-12
1.129214017697487280e-12
1.087869156112973781e-12
1.042032479667469972e-12
1.000324770329786782e-12
9.532438150307448114e-13
9.067219519672427083e-13
8.530711225242272849e-13
8.127212379804305810e-13
7.686010660803707888e-13
7.412802756185587404e-13
7.097702191222878605e-13
6.811573860658167491e-13
6.458299836181634414e-13
6.124699588908691116e-13
5.766826914502271261e-13
5.535874968007257401e-13
5.278982590161792155e-13
5.102972795572242551e-13
4.837754988257226206e-13
4.587949536627992085e-13
4.325769212927120550e-13
4.149719002844357109e-13
3.969551939975979766e-13
3.827094578039078351e-13
3.596747767796418295e-13
3.422457620399868659e-13
3.245603831270137197e-13
3.137536403259255212e-13
2.986832579252644055e-13
2.837455770176792539e-13
2.670011603056154346e-13
2.581123609927560562e-13
2.458091150961255702e-13
2.348278039891694942e-13
2.204153875598130463e-13
2.125571372850439544e-13
2.029346994506611325e-13
1.932294924958207542e-13
1.817640556270596854e-13
1.762263979466376387e-13
1.667639106750189906e-13
1.588226625464408306e-13
1.506364127084076367e-13
1.456422292996505892e-13
1.366384313781268029e-13
1.312247126274004196e-13
1.250102335671096730e-13
1.192709709370732737e-13
1.126712054694692293e-13
1.091215976344460430e-13
1.021235014899373679e-13
9.872173098189020730e-14
9.333892689331048207e-14
8.920396419208285362e-14
8.492000188129631840e-14
8.112640407505902443e-14
7.686367747239303393e-14
7.395754926990299125e-14
6.957528419037092597e-14
6.731896154973857441e-14
6.310360543751980703e-14
6.116849744222355154e-14
5.730751372873089512e-14
5.553811508286903760e-14
5.206226926670340506e-14
5.042188916055248853e-14
4.729378411898145432e-14
4.578328762795167980e-14
4.295521418218024839e-14
4.157765113692095721e-14
3.900943142622255440e-14
3.776254772022189422e-14
3.542279960115671909e-14
3.430010865128774974e-14
3.216390349150139917e-14
3.115676312704760018e-14
2.920352872519211218e-14
2.830255847898796405e-14
2.651473954148714233e-14
2.571059214742968681e-14
2.407285402970787923e-14
2.335659289636200605e-14
2.185533914550270952e-14
2.121860501881925073e-14
1.984166708374525299e-14
1.927673680286880462e-14
1.801315941931959122e-14
1.751295032042660795e-14
1.635283250222578589e-14
1.591087990442570642e-14
1.484525027461058545e-14
1.445567222230741072e-14
1.347638700346974494e-14
1.313384369362807600e-14
1.223350063946246818e-14
1.193315248304957987e-14
1.110501668586195336e-14
1.084248310831841406e-14
1.008042207912619716e-14
9.851742150066544192e-15
9.150168418280334138e-15
8.951763847276104547e-15
8.305583840702983591e-15
8.134224565676113588e-15
7.538792833691283563e-15
7.391565237576713559e-15
6.842643313105620438e-15
6.716921014401105586e-15
6.210640334358809339e-15
6.104057430775867282e-15
5.636885848734207925e-15
5.547312473273685347e-15
5.116023963435175996e-15
5.041543994632987537e-15
4.643191210277841740e-15
4.582081977088650589e-15
4.213971373977445232e-15
4.164685196437751373e-15
3.824354458375577522e-15
3.785501876093216200e-15
3.470699419844931915e-15
3.441033967124481996e-15
3.149700324160864421e-15
3.128104715272353070e-15
2.858355612143533249e-15
2.843829216484397246e-15
2.593940193843008146e-15
2.585587685351957685e-15
2.353980110038206528e-15
2.351001187575070296e-15
2.136229529583910671e-15
2.137909610568821305e-15
1.938649868933529555e-15
1.944351668954621867e-15
1.759390840333750508e-15
1.768546759292755931e-15
1.596773254582262372e-15
1.608878495093731367e-15
1.449273419897995705e-15
1.463879771837780731e-15
1.315508991148018958e-15
1.332219222822628849e-15
1.194226142604545355e-15
1.212688941977234483e-15
1.084287942539728504e-15
1.104193362059804066e-15
9.846638268088209907e-16
1.005739184216738822e-15
8.944200738311998526e-16
