# bin_5_2
2.216017580317793073e-06
2.310707315480684128e-06
2.430721950225476865e-06
2.538231615108125152e-06
2.665898631651396685e-06
2.786846401896185652e-06
2.923286829429483402e-06
3.058364729941921469e-06
3.204741187117102735e-06
3.354714168146964431e-06
3.512231481730583040e-06
3.677935543457336643e-06
3.847840172692062617e-06
4.030179276091548772e-06
4.213757262845745856e-06
4.413698717991923109e-06
4.612271843553427090e-06
4.830839828377486622e-06
5.045759606588879586e-06
5.284026418218239360e-06
5.516665516858033264e-06
5.775740118298002787e-06
6.027480751466608053e-06
6.308494133930373825e-06
6.580712939055510281e-06
6.884799795190050396e-06
7.178848681885111814e-06
7.507124869874928269e-06
7.824307330785679708e-06
8.177842623653397831e-06
8.519385024626130147e-06
8.899170689813978483e-06
9.266188132260969203e-06
9.673098989066711693e-06
1.006655547110848654e-05
1.050130624484045397e-05
1.092196906487260509e-05
1.138506512241848844e-05
1.183345378536437561e-05
1.232513671679399825e-05
1.280146705503437237e-05
1.332165609118505630e-05
1.382578091695203164e-05
1.437401186886866553e-05
1.490536026813682454e-05
1.548072456652494722e-05
1.603824293896837183e-05
1.663933045435783480e-05
1.722142961535543318e-05
1.784628025441519636e-05
1.845079432254823526e-05
1.909686488770114197e-05
1.972102924299479502e-05
2.038518364379472288e-05
2.102564084455107990e-05
2.170417331469353707e-05
2.235701733451013912e-05
2.304571961735262211e-05
2.370658982210890883e-05
2.440087399607394569e-05
2.506511052346412080e-05
2.576019877860324827e-05
2.642306986190365726e-05
2.711426048744073843e-05
2.777126909788228180e-05
2.845428345445022507e-05
2.910155462338347257e-05
2.977296213141291011e-05
3.040770264914301730e-05
3.106540906846189912e-05
3.168641728337823546e-05
3.233018531292425709e-05
3.293837027080010008e-05
3.357032093430417565e-05
3.416916777445100687e-05
3.479418749421148746e-05
3.539008197303875422e-05
3.601603674511601915e-05
3.661834018850284981e-05
3.725598033616240185e-05
3.787673409397012222e-05
3.853916899438498516e-05
3.919231430098108837e-05
3.989395723873705976e-05
4.059399420467228601e-05
4.134893544957278142e-05
4.210902569252405586e-05
4.292889754131625266e-05
4.375854634158794066e-05
4.465010017834138568e-05
4.555273223375416725e-05
4.651554176264899505e-05
4.748648513816125749e-05
4.851138335285871099e-05
4.953694462674826371e-05
5.060592324320585864e-05
5.166428470286361187e-05
5.275253063547832589e-05
5.381701499941946151e-05
5.489741516758336962e-05
5.594214215001798749e-05
5.699188091846445295e-05
5.799895727407927600e-05
5.900680709409234805e-05
5.997309207498439286e-05
6.094492202112713629e-05
6.188549366545701834e-05
6.284493055367271577e-05
6.379030229017329133e-05
6.477210520432387245e-05
6.575772916017706259e-05
6.679387621719477071e-05
6.784383510749457109e-05
6.894643025028235556e-05
7.005768965049756795e-05
7.120703018463102395e-05
7.234382485906678747e-05
7.349122216076388423e-05
7.459754173617817849e-05
7.568731758068098674e-05
7.671648211638608156e-05
7.771926219234492179e-05
7.866536519787375233e-05
7.960109247909602178e-05
8.050718418091279698e-05
8.143382021726740098e-05
8.235990182014952426e-05
8.332426808408310761e-05
8.428980719082483370e-05
8.527500308838573400e-05
8.622636480391155007e-05
8.715219251499935259e-05
8.800217405735448267e-05
8.879897457582325369e-05
8.951761426767709199e-05
9.020669476527140649e-05
9.086118799887370765e-05
9.153223066053792851e-05
9.219927189441930833e-05
9.288121573724381845e-05
9.352333077369884208e-05
9.412145762453284770e-05
9.462436593845692577e-05
9.505740221639695628e-05
9.541527162099745687e-05
9.576004067970852139e-05
9.609381241572741367e-05
9.644623460641771210e-05
9.676508192817638706e-05
9.703523228677913496e-05
9.720412423550561754e-05
9.730496561842986298e-05
9.735392603465068220e-05
9.741970419905247424e-05
9.748943624176400005e-05
9.755431486686366943e-05
9.754223729625229120e-05
9.746057710107521206e-05
9.732380123591245964e-05
9.721403790580706846e-05
9.712896688962779294e-05
9.705035795772682869e-05
9.690237537264235416e-05
9.671191902861540565e-05
9.652329614300594841e-05
9.640601382342104373e-05
9.630441215474080203e-05
9.617483826802171942e-05
9.600406558199568296e-05
9.589273175330861854e-05
9.584896910007700897e-05
9.582458025998641848e-05
9.575509708396333949e-05
9.573072671290410699e-05
9.578845524752728252e-05
9.588009880710233513e-05
9.592831271666151936e-05
9.603176760179037391e-05
9.621131434690660905e-05
9.638970395130745791e-05
9.653271144934824936e-05
9.675959586736875213e-05
9.700032093305186202e-05
9.719234900551279046e-05
9.741019393469868082e-05
9.766879385759494997e-05
9.783974691954143096e-05
9.803876674534950245e-05
9.823746866153614877e-05
9.835916550854543832e-05
9.849717334245271239e-05
9.861533411902234289e-05
9.865549542374243215e-05
9.875151454478258556e-05
9.875263094441915344e-05
9.879252527871780563e-05
9.880078452187278815e-05
9.880264156826320361e-05
9.883212692363667210e-05
9.883829207790179982e-05
9.889683625976869105e-05
9.893946762198580706e-05
9.903450811901493630e-05
9.912430342239355577e-05
9.925408225589100444e-05
9.938079020373175422e-05
9.952893787928496303e-05
9.966714265547696949e-05
9.980705816461236978e-05
9.992720187321529510e-05
1.000343745897475513e-04
1.001170614433784381e-04
1.001829433838316081e-04
1.002300849566951425e-04
1.002688016167294939e-04
1.003036360897873743e-04
1.003448187235990891e-04
1.003974484943268898e-04
1.004664821033662310e-04
1.005517774471088134e-04
1.006497840707347078e-04
1.007539572952378742e-04
1.008550146026060938e-04
1.009455378547302937e-04
1.010186089286319516e-04
1.010740294322757236e-04
1.011136205489843962e-04
1.011464013419309722e-04
1.011797484312747881e-04
1.012234930112094832e-04
1.012794275436173076e-04
1.013476811982213697e-04
1.014188520969345125e-04
1.014853236527651871e-04
1.015364044019033201e-04
1.015712059691505423e-04
1.015909954877548186e-04
1.016070992579335151e-04
1.016268686758402772e-04
1.016581063700984337e-04
1.016959953487838169e-04
1.017339759383569398e-04
1.017590160543546088e-04
1.017682231746970577e-04
1.017625357217578273e-04
1.017545316912898474e-04
1.017510573567054807e-04
1.017558945057581648e-04
1.017582526387907847e-04
1.017492887671765027e-04
1.017217981399395264e-04
1.016845429284017377e-04
1.016463829955792706e-04
1.016147242926489078e-04
1.015800142363802630e-04
1.015327305705494127e-04
1.014668243116961658e-04
1.013936635782110258e-04
1.013211617131343532e-04
1.012496903723077618e-04
1.011645281300170909e-04
1.010621256391589504e-04
1.009489306342745818e-04
1.008371186945039973e-04
1.007190154673556363e-04
1.005844634014487220e-04
1.004322534603372216e-04
1.002768610343209910e-04
1.001159517422381471e-04
9.993877368602865918e-05
9.974222237502446294e-05
9.954080418153031268e-05
9.933023700712255877e-05
9.910007499399610344e-05
9.885302596637841779e-05
9.860087976969741182e-05
9.833074089811679928e-05
9.804036882376352562e-05
9.773965653581027588e-05
9.742513025447477792e-05
9.708617660071808362e-05
9.673703228981461310e-05
9.637035006610388573e-05
9.598133154314405504e-05
9.557949844040079790e-05
9.515833005152668999e-05
9.471492038894373103e-05
9.425990218672103459e-05
9.377848485558749176e-05
9.328390462275300277e-05
9.276709692141386205e-05
9.223156953792023484e-05
9.167830595267284976e-05
9.110317761044558202e-05
9.051186291228005706e-05
8.989839116815729898e-05
8.926845006811301344e-05
8.861726452700951812e-05
8.794894636979922299e-05
8.726045714702405367e-05
8.655442534713559029e-05
8.582919032451413190e-05
8.508640149741761999e-05
8.432535306299063053e-05
8.354715746525553423e-05
8.275178029261409923e-05
8.194009165797326263e-05
8.111255335965707886e-05
8.026995023438497927e-05
7.941309936787360974e-05
7.854273672721724458e-05
7.765987848116442276e-05
7.676515531682706834e-05
7.585961182933370389e-05
7.494368283218180628e-05
7.401830951554133858e-05
7.308369337530841382e-05
7.214065313004358951e-05
7.118924113639030042e-05
7.023027153282504357e-05
6.926383040112772031e-05
6.829089292471429663e-05
6.731171869801994034e-05
6.632748053630515498e-05
6.533854501977969084e-05
6.434609128035877028e-05
6.335033956156013908e-05
6.235222016689642135e-05
6.135166228599827601e-05
6.034938262727834605e-05
5.934527910778388378e-05
5.834028052894066731e-05
5.733472131302501271e-05
5.633005970860414751e-05
5.532707578104075180e-05
5.432739132547322280e-05
5.333160206898667453e-05
5.234085655600538811e-05
5.135524588447541760e-05
5.037564568921430627e-05
4.940230868357980835e-05
4.843660784465744898e-05
4.747933099468963473e-05
4.653198474490259060e-05
4.559490920685994430e-05
4.466874753334326362e-05
4.375313596887165241e-05
4.284866400598099121e-05
4.195565319589884617e-05
4.107552986182205713e-05
4.020886722485292260e-05
3.935643938371233698e-05
3.851787005856578639e-05
3.769362404557815178e-05
3.688404643415799967e-05
3.609053098821638351e-05
3.531340377612317879e-05
3.455289411967547186e-05
3.380830956480401967e-05
3.308018768011689210e-05
3.236896493184955749e-05
3.167534886724041179e-05
3.099858396060813770e-05
3.033855427214045635e-05
2.969539946391075414e-05
2.907008476317295950e-05
2.846202078170656554e-05
2.787075772813304856e-05
2.729614171102128219e-05
2.673898396861941359e-05
2.619843764903946438e-05
2.567389924488884182e-05
2.516539105397381018e-05
2.467345156155928242e-05
2.419680532950934071e-05
2.373530023432826274e-05
2.328916613032668568e-05
2.285789919727053860e-05
2.244034107029206057e-05
2.203716340105415443e-05
2.164749605135421310e-05
2.127069041448409253e-05
2.090684557966601920e-05
2.055543397560023619e-05
2.021556772397803671e-05
1.988763575019911230e-05
1.957037401453284961e-05
1.926396271167730583e-05
1.896766038756900040e-05
1.868114364524009106e-05
1.840402360026767041e-05
1.813582561790440771e-05
1.787620467410567314e-05
1.762471618541844757e-05
1.738096612537782238e-05
1.714459817581894023e-05
1.691521009643850689e-05
1.669250632959840870e-05
1.647602093038594357e-05
1.626547059559739340e-05
1.606042913475103152e-05
1.586073473638529267e-05
1.566597424877639992e-05
1.547591232002325882e-05
1.529009702374626678e-05
1.510841873495282782e-05
1.493053437991707231e-05
1.475625153435160615e-05
1.458512759905608054e-05
1.441710738210142318e-05
1.425191904601058424e-05
1.408941405968568801e-05
1.392922186291519568e-05
1.377133018520857709e-05
1.361543885475865758e-05
1.346142917466536866e-05
1.330901149582835826e-05
1.315814268432631235e-05
1.300865315778971833e-05
1.286054782514226013e-05
1.271341093318905253e-05
1.256735096074119209e-05
1.242223790204446828e-05
1.227785465579736225e-05
1.213422410599100514e-05
1.199126048555140192e-05
1.184879192975617491e-05
1.170711350882356292e-05
1.156564497640661515e-05
1.142470919366804966e-05
1.128421644525370896e-05
1.114396256453949359e-05
1.100414300133704949e-05
1.086455290743836970e-05
1.072521994083474181e-05
1.058642636401095754e-05
1.044760243185832534e-05
1.030912856432028430e-05
1.017090691557349731e-05
1.003281839545946013e-05
9.895040409240119935e-06
9.757373921273577782e-06
9.619917643621912499e-06
9.482951204338019625e-06
9.345900911260795706e-06
9.209248208399964112e-06
9.072870334263848381e-06
8.936697462563439359e-06
8.800992210003600320e-06
8.665492850708175854e-06
8.530383883875782702e-06
8.395992724109833946e-06
8.261761585849846073e-06
8.128205926225160900e-06
7.995154656325329225e-06
7.862569192498999770e-06
7.730750063929222639e-06
7.599327234600031926e-06
7.468467290807926577e-06
7.338442415190295406e-06
7.208651107744618086e-06
7.079590928522707492e-06
6.951001483557503962e-06
6.822852820994881587e-06
6.695422393216529263e-06
6.568291032976301127e-06
6.441712051130789799e-06
6.315940152706639695e-06
6.190449943498674196e-06
6.065803908704901456e-06
5.941743398536288208e-06
5.818335477416311291e-06
5.695885089651841382e-06
5.573953958687736091e-06
5.452831202016823785e-06
5.332689590770479304e-06
5.213058169355217974e-06
5.094457226074548794e-06
4.976568458599919196e-06
4.859495352904406610e-06
4.743535058039885402e-06
4.628327655354915550e-06
4.514210443220315592e-06
4.401329509091498092e-06
4.289363961697411345e-06
4.178790518741882521e-06
4.069313594714259813e-06
3.961026252437219564e-06
3.854136942561273298e-06
3.748349073114769361e-06
3.643937252666630165e-06
3.540948435480545820e-06
3.439180147967508686e-06
3.339021818808238707e-06
3.240230826894181477e-06
3.142890760948235972e-06
3.047122531944871295e-06
2.952724462093904321e-06
2.859845615058558886e-06
2.768434084930094282e-06
2.678325073577742165e-06
2.589616651341535223e-06
2.502010542253964039e-06
2.415339876157595351e-06
2.329314774948021189e-06
2.243471650353349602e-06
2.157403955074720517e-06
2.070658489175786454e-06
1.983004439687121615e-06
1.894799548525610944e-06
1.807015277503152881e-06
1.721562192201271786e-06
1.641038520994559631e-06
1.568453982011483475e-06
1.506380404991379382e-06
1.456357269479641134e-06
1.418327419559661009e-06
1.390566444724809172e-06
1.370067615496845773e-06
1.353139744733459147e-06
1.336119559481784417e-06
1.316213931862996578e-06
1.291433994953958257e-06
1.261023591500984626e-06
1.225084795366791457e-06
1.184313801477465927e-06
1.139828480810076319e-06
1.092714949141843768e-06
1.043977461939177383e-06
9.947229400304018921e-07
9.455838514690261452e-07
8.972087973482206466e-07
8.499832947122009486e-07
8.041530230865849967e-07
7.600463737194829194e-07
7.177559649779777427e-07
6.772736427033533477e-07
6.387556670521268729e-07
6.020463857418703494e-07
5.671797365576589862e-07
5.340004419557705923e-07
5.024164320524513994e-07
4.725108623569640799e-07
4.442152027808458482e-07
4.174100118637816113e-07
3.921187861864428408e-07
3.681404995522661929e-07
3.454915287953684797e-07
3.240758606305179236e-07
3.038816799855837092e-07
2.849742171155381405e-07
2.671927190165353691e-07
2.503658657014002102e-07
2.345908028135721903e-07
2.197248668860785265e-07
2.057923317696030222e-07
1.926658441034727005e-07
1.803932480909275235e-07
1.689153776203126330e-07
1.581015228401997290e-07
1.479890980608698794e-07
1.386429294419670614e-07
1.297531200580238173e-07
1.213440648419761854e-07
1.135015069639046219e-07
1.061750116662240863e-07
9.921894164800420710e-08
9.275697567632840224e-08
8.677858611622776272e-08
8.114115166025023486e-08
7.579990010856679202e-08
7.094090243217522984e-08
6.642122708890633761e-08
6.208104380711083753e-08
5.805615683598247333e-08
5.436976174794951104e-08
5.086445750269240338e-08
4.751133348416061607e-08
4.457410132819063970e-08
4.160257971051300110e-08
3.886998922233157352e-08
3.637194861543670219e-08
3.422695387071223068e-08
3.187050193829434600e-08
2.995254192766814742e-08
2.791425303469989145e-08
2.607041385258522554e-08
2.425122895609111907e-08
2.269007245737921616e-08
2.103204208655126864e-08
1.948927321064182855e-08
1.824940252606240746e-08
1.684753762894241226e-08
1.582517205719527408e-08
1.468651154878581804e-08
1.377966572162530795e-08
1.280743394691547360e-08
1.213357303299820584e-08
1.127914230184945374e-08
1.054056305714938695e-08
1.001250817941317238e-08
9.198994625041559746e-09
8.738753097461245797e-09
8.115115722822764132e-09
7.572455726200783364e-09
7.020404791618198037e-09
6.603795415852199343e-09
6.167752855950019339e-09
5.637127363877384490e-09
5.398989160355656816e-09
4.946387392559230302e-09
4.643888105202509441e-09
4.368665695896419273e-09
4.012540084832161070e-09
3.807874444069044466e-09
3.508866674001137924e-09
3.312566593420757629e-09
3.050880977782093793e-09
2.905189217389377676e-09
2.698466036420594097e-09
2.503467104447106758e-09
2.431711988751097529e-09
2.170984191505377865e-09
2.092337306336212800e-09
1.943081329455727363e-09
1.766444958354049053e-09
1.705579707034668520e-09
1.541518238706492269e-09
1.461053074484544866e-09
1.383160881722182177e-09
1.270613464816925334e-09
1.215121352128730337e-09
1.127185127435095863e-09
1.059062109374251051e-09
9.883639294065241928e-10
9.204696501311641882e-10
8.648449513843627624e-10
7.922301526430178427e-10
7.616133155975237397e-10
7.010660752861116714e-10
6.599875540985589161e-10
6.248881433462162588e-10
5.745232812929069015e-10
5.499298970562890395e-10
5.088336106661041895e-10
4.689255009239137661e-10
4.505275792310018430e-10
4.157780564229815980e-10
3.928297306640839262e-10
3.651252725829667242e-10
3.446597078932365106e-10
3.244043339125394215e-10
3.022759149935592254e-10
2.829259447703594666e-10
2.629401506363198739e-10
2.536336427167191232e-10
2.334331657191902450e-10
2.149847598271961524e-10
2.108647673256985937e-10
1.901260230063836422e-10
1.824588294285363211e-10
1.715521402827556263e-10
1.543977746516956405e-10
1.553949610658530185e-10
1.393330016915265261e-10
1.291911667738966712e-10
1.291426921742880497e-10
1.124293429828524120e-10
1.121454634666247392e-10
1.035859741812134717e-10
9.294017664350571574e-11
9.534620031732154286e-11
8.376485357921088378e-11
7.902269531564303615e-11
7.872374390711591834e-11
6.804473748467141558e-11
6.854359912096785557e-11
6.371606942724955242e-11
5.615455687806435762e-11
5.896073643910687085e-11
5.091836041342145838e-11
4.895530697197137594e-11
4.803645910121631513e-11
4.194364763524307522e-11
4.240343787655776698e-11
3.887224029993615981e-11
3.514147210193683786e-11
3.614006103716037207e-11
3.141168627553768970e-11
3.069173829384996190e-11
2.939292698323856574e-11
2.626725898478173256e-11
2.628881089032277429e-11
2.411597481281695299e-11
2.209699591778925024e-11
2.229832799153400436e-11
1.977655328498454503e-11
1.912223596899648469e-11
1.840252513273271252e-11
1.643679654842865494e-11
1.653339198971193794e-11
1.506395424618826518e-11
1.400265892457220325e-11
1.394141099952372758e-11
1.246692397410117842e-11
1.212516895905896614e-11
1.151742473811595665e-11
1.047408083021573061e-11
1.041366842070391783e-11
9.535678931893609530e-12
8.931750304038666483e-12
8.787552339776971942e-12
7.948661211508478302e-12
7.720193316656005751e-12
7.303653949784753047e-12
6.707530597062939875e-12
6.623692331783081508e-12
6.080653373046431911e-12
5.744617089269698139e-12
5.585533285263015049e-12
5.110803956837849205e-12
4.946598858720923282e-12
4.677323801872463750e-12
4.324629259607415536e-12
4.245776869165979072e-12
3.909264596176877509e-12
3.718058610823349750e-12
3.579459115848245840e-12
3.309946001136919120e-12
3.189193418777031418e-12
3.019413303763737867e-12
2.805849175769208634e-12
2.739684191374962606e-12
2.531607227709646148e-12
2.419874537875690310e-12
2.309289363944087898e-12
2.157719553878846551e-12
2.067946307099512446e-12
1.960904670524820941e-12
1.830863683783602558e-12
1.777555836180251883e-12
1.649111022441042876e-12
1.580904256410764745e-12
1.498688966655335098e-12
1.412376249977033563e-12
1.346139716909340370e-12
1.279397084281090175e-12
1.197989013468744681e-12
1.157790278377867171e-12
1.077865052131475509e-12
1.034320545612760747e-12
9.763730820498414152e-13
9.253886176265501595e-13
8.779846885402224746e-13
8.356764503533322383e-13
7.839049186021550304e-13
7.543957150521724247e-13
7.040972199203269867e-13
6.753532358773947515e-13
6.353743140421200389e-13
6.043533035807430275e-13
5.705648602261870483e-13
5.436690470901927730e-13
5.097646335786229697e-13
4.887776989982919002e-13
4.563244261587247885e-13
4.370442101045122414e-13
4.094697236987108167e-13
3.901331229004985876e-13
3.659243726184766587e-13
3.487322669154711901e-13
3.258408915328662270e-13
3.111794570961191126e-13
2.896536031168441048e-13
2.765246054150599754e-13
2.573667023725351004e-13
2.450024762928105769e-13
2.275510134463893382e-13
2.164490929418448783e-13
2.005476204838195640e-13
1.904176342482910743e-13
1.757632971760171643e-13
1.667491473614406982e-13
1.533090183021387175e-13
1.452840430563688936e-13
1.326936953714793819e-13
1.255206836853124871e-13
1.143159624167678825e-13
1.074921712844511493e-13
9.741400462218307476e-14
9.136457055943796401e-14
8.202567985962595070e-14
7.696102248080120492e-14
6.810999283919973619e-14
6.372590008629924047e-14
5.603722886580155194e-14
5.186042231182147419e-14
4.518855777962498066e-14
4.159850262115656684e-14
3.553793192787387239e-14
3.285524673229253132e-14
2.719112752813087553e-14
2.514112119726471707e-14
2.045054741614448950e-14
1.864644766900734667e-14
1.486824214102975536e-14
1.354691926811704639e-14
1.033967134419457932e-14
9.794735592075792303e-15
6.944034968551671143e-15
6.942373491594382753e-15
4.839155746677345777e-15
5.051789169906479105e-15
3.639335488975433483e-15
4.138608343435500204e-15
3.111336111032120855e-15
4.083381306392539339e-15
3.194012592234679586e-15
4.411095681694008012e-15
3.854419616637981410e-15
5.010688239822952493e-15
4.700968432728167200e-15
5.749295398084281073e-15
5.423355047508142956e-15
6.470578816092943647e-15
5.905590638061011120e-15
6.785270064781869605e-15
6.107790376692641220e-15
6.633865942510171767e-15
5.846927527002168602e-15
6.032056493119915185e-15
5.052372590299022481e-15
5.094481108199751277e-15
3.889745455561477053e-15
3.827339559662061125e-15
2.625857570129965306e-15
2.486326362271699885e-15
1.446508498200574733e-15
1.352144557226885000e-15
5.215888391366695140e-16
6.745239507932931617e-16
4.744842895083204144e-17
4.553435066674431811e-16
9.938923312821453556e-17
6.527717043296896476e-16
5.155787321377888154e-16
1.093058963412773052e-15
9.949367161477408986e-16
1.525302480189394363e-15
1.281841200992823377e-15
1.644061205443345465e-15
1.227477327131260447e-15
1.360775127285151450e-15
8.345911612369649679e-16
8.224742756391434385e-16
2.915961768209154432e-16
3.350885840068456131e-16
-8.141674529506002971e-17
1.341828679713995072e-16
-8.062263405576200432e-17
2.766668652220769070e-16
2.062006102082317098e-16
5.634734335356828968e-16
4.571040476610730053e-16
6.879348507695732884e-16
4.187996230984489044e-16
4.948169251329621935e-16
1.341036319760984283e-16
1.754942185448900486e-16
-9.215661022167458259e-17
6.199382543583358218e-17
-3.843577145215414174e-17
2.276651431637897171e-16
1.657861842353254218e-16
3.730232837873416631e-16
1.942863097294293588e-16
2.547835466063905177e-16
7.381874626982117265e-18
5.857658773573147626e-17
-8.465637284043361776e-17
9.134948917466183466e-17
4.645845563374299011e-17
2.255821528983947905e-16
1.020587455943489129e-16
1.546814402409287385e-16
-3.134864175233481465e-17
3.129431703461066914e-17
-4.742863837358025222e-17
1.103472975918022229e-16
5.799580325653108990e-17
1.416543450933872777e-16
-6.568779989905714858e-18
3.361879651862483761e-17
-4.834514202743323701e-17
7.745403023902269278e-17
3.399557923206701233e-17
9.434151124869608163e-17
-2.730730486665042118e-17
2.389179100711312259e-17
-2.089726802399118677e-17
8.253879980283213026e-17
9.903235742838303625e-18
3.497359916480929698e-17
-3.827640076699843023e-17
4.874447123684354452e-17
9.880994883342464496e-18
4.372878110740856714e-17
-3.460301683306314043e-17
3.436849237808850965e-17
4.177722264053722698e-18
3.655073613187024918e-17
-2.926491132041128086e-17
3.274436440306190237e-17
-8.567828634222678487e-20
2.367426008649195913e-17
-2.263075021828680843e-17
3.635897454933027326e-17
-1.034198716778465588e-17
1.483120814071908600e-17
-7.257697284458109651e-18
2.678351133633668796e-17
-1.984298054789051234e-17
2.515978664236325815e-17
-9.280579643848973783e-18
1.356659325837596844e-17
-5.975748114420745396e-18
1.652772158343418158e-17
-1.264801664211537792e-17
2.078694792370263317e-17
-1.408313418495729597e-17
1.832894585882534788e-17
-1.056443611866105358e-17
1.401780804824979153e-17
-7.472949054708541162e-18
1.144005268747690538e-17
-6.227392511058416535e-18
1.044863612888111274e-17
-5.965981732607742232e-18
1.005681387023648217e-17
-5.900396884348895740e-18
9.738083482331528107e-18
-5.745378020052152630e-18
9.362639711823413931e-18
-5.472382137277228620e-18
8.943861348243251743e-18
-5.117833635471638354e-18
8.516587550898820677e-18
-4.716383727366071117e-18
8.105840837561187910e-18
-4.289844425950249988e-18
7.725623221963118976e-18
-3.850185965803259967e-18
7.382976892552733929e-18
-3.403479344996523543e-18
7.081213334275480954e-18
-2.952459923270961188e-18
6.821795525760710517e-18
-2.497948903202172404e-18
6.605341615494207324e-18
-2.039609157498739967e-18
6.432151043000241322e-18
-1.576347637545211351e-18
6.302484777516406981e-18
-1.106533302003722688e-18
6.216719957925976968e-18
-6.281166385464543999e-19
6.175439681142345856e-18
-1.386946666424040841e-19
6.179489180500088128e-18
3.644558267648725323e-19
6.230014408588232566e-18
8.843646538697640368e-19
6.328492007478716393e-18
1.424367742815985730e-18
6.476755372513851034e-18
1.988115695104767601e-18
6.677019716156799404e-18
2.579589644607905850e-18
6.931907840634037987e-18
3.203122675510515176e-18
7.244477612234380690e-18
3.863426544257129750e-18
7.618252048040348067e-18
4.565622827556634045e-18
8.057252340756062149e-18
5.315278695102195580e-18
8.566034304323177083e-18
6.118446935805667207e-18
9.149728628047793398e-18
6.981710436235832871e-18
9.814085087695867667e-18
7.912231053723676026e-18
1.056552107845604143e-17
8.917803118749204710e-18
1.141117463000679699e-17
1.000691154192501588e-17
1.235896213745602555e-17
1.118879479175027466e-17
1.341764096691499354e-17
1.247351273827638396e-17
1.459687707498584528e-17
1.387201953221511063e-17
1.590731769878086716e-17
1.539624150041637559e-17
1.736066920564840371e-17
1.705916005980317581e-17
1.896977994332536939e-17
1.887489947254023631e-17
2.074872802881849692e-17
2.085881931194337563e-17
2.271291363258950135e-17
2.302761105853450981e-17
2.487915536757906771e-17
2.539939843044925456e-17
2.726579003988806800e-17
2.799384043565070769e-17
2.989277472413598548e-17
3.083223612122888299e-17
3.278178992923221668e-17
3.393762940245673953e-17
3.595634202937494736e-17
3.733491211818773277e-17
3.944186280382086314e-17
4.105092270625831778e-17
