# bin_1_3
4.328141717398907345e-05
3.840173761110068473e-05
3.945129380807971844e-05
3.490432165560954694e-05
3.597962193452482454e-05
3.174121538702999543e-05
3.283485619097280652e-05
2.888288188102289432e-05
2.998851303451446977e-05
2.630268948063224204e-05
2.741491670303754051e-05
2.397667335381310560e-05
2.509097270265580283e-05
2.188332363559880280e-05
2.299596708172336280e-05
2.000339833550915085e-05
2.111138984427823255e-05
1.831975957610054644e-05
1.942078106000407842e-05
1.681723187003741714e-05
1.790959858493962505e-05
1.548248135403327433e-05
1.656510630343487742e-05
1.430391509315202799e-05
1.537628212646268097e-05
1.327159963259571706e-05
1.433374495713147731e-05
1.237719815318900717e-05
1.342969998936451999e-05
1.161392556165500355e-05
1.265790164524194258e-05
1.097652077976644279e-05
1.201363338341885538e-05
1.046123546523703889e-05
1.149370350270633904e-05
1.006583802012526908e-05
1.109645557572988477e-05
9.789631505471585256e-06
1.082179195047728370e-05
9.633483373419852105e-06
1.067120780412698076e-05
9.599864340951329818e-06
1.064783265802710889e-05
9.692892590117198437e-06
1.075647495940311120e-05
9.918378412588674156e-06
1.100366410828729835e-05
1.028386286803509798e-05
1.139768275295310461e-05
1.079864241709861016e-05
1.194858039552521588e-05
1.147376973426811034e-05
1.266815763530639538e-05
1.232201916097599793e-05
1.356990878787852657e-05
1.335780390670194194e-05
1.466890946171706228e-05
1.459703136141965391e-05
1.598163560682583362e-05
1.605688353667103808e-05
1.752570201103922733e-05
1.775551222424598849e-05
1.931951223400019352e-05
1.971164410973595400e-05
2.138181942759315965e-05
2.194410070595909372e-05
2.373120963639611974e-05
2.447125278255439306e-05
2.638553684150394835e-05
2.731044976258885070e-05
2.936136299535727206e-05
3.047749158921208591e-05
3.267348614486037409e-05
3.398624281277496891e-05
3.633467361947627448e-05
3.784852301463267524e-05
4.035575062812067762e-05
4.207443817902248236e-05
4.474621973315888874e-05
4.667333418018703410e-05
4.951559108205580119e-05
5.165554190360158778e-05
5.467557098438169107e-05
5.703502556271149881e-05
6.024316795836553062e-05
6.283292242992451464e-05
6.624461348304012313e-05
6.908175944287451144e-05
7.271975105715133283e-05
7.582985089494694519e-05
7.972623563914815639e-05
8.314505206001950770e-05
8.734255705693818011e-05
9.111674171624166158e-05
9.566865870295321837e-05
9.985476399108808142e-05
1.048229261514252252e-04
1.094842588464490601e-04
1.149347641552203369e-04
1.201360425495539034e-04
1.261330303527553366e-04
1.319335738177946976e-04
1.385322655239872589e-04
1.449794374237438148e-04
1.522206530231157281e-04
1.593461762698807874e-04
1.672551917216961331e-04
1.750771977695727091e-04
1.836694613035687687e-04
1.922020339890542339e-04
2.014962883491284659e-04
2.107653865737922562e-04
2.208010541348088206e-04
2.308614584079747578e-04
2.417128214147628066e-04
2.526570053357367796e-04
2.644343836206988155e-04
2.763842050502798311e-04
2.892154830914176193e-04
3.022944364586578332e-04
3.162908324026455597e-04
3.305880409847580543e-04
3.458125757781984233e-04
3.613626436633829019e-04
3.778275937990800692e-04
3.946294972016598543e-04
4.123365233218180266e-04
4.304095263548014111e-04
4.494105263242589377e-04
4.688450536198072310e-04
4.892671415997454278e-04
5.102114193900077459e-04
5.322012153033305526e-04
5.547714675475506072e-04
5.783926166434157469e-04
6.025887971521183334e-04
6.277876593338209237e-04
6.535296634953314003e-04
6.802398474231816658e-04
7.075096332583584490e-04
7.357776073916624240e-04
7.646688271143416756e-04
7.945896074559848782e-04
8.251379593584906363e-04
8.566440584862087615e-04
8.886749687306250102e-04
9.215325795109846358e-04
9.548294109556837916e-04
9.889033196703175214e-04
1.023416484442165719e-03
1.058675314062096015e-03
1.094284773821264500e-03
1.130448018366025540e-03
1.166734390820216684e-03
1.203358079247524200e-03
1.239974656576760866e-03
1.276833443439504955e-03
1.313562224534630795e-03
1.350283823165118399e-03
1.386542599695495025e-03
1.422461741538545059e-03
1.457698161502802127e-03
1.492429920131422205e-03
1.526255870917114484e-03
1.559199433727338812e-03
1.590821040610824241e-03
1.621247607284857740e-03
1.650171230672468946e-03
1.677656797813134593e-03
1.703248891768110616e-03
1.726997381179097048e-03
1.748641078762485680e-03
1.768317368570334995e-03
1.785638801489216124e-03
1.800657992982058770e-03
1.813194174242526184e-03
1.823460041475357275e-03
1.831161928675503455e-03
1.836455932715578892e-03
1.839318178951481180e-03
1.840019155875665486e-03
1.838387790112908397e-03
1.834805765214955753e-03
1.829383103347448402e-03
1.822398100364386320e-03
1.813951367616377939e-03
1.804606048048837527e-03
1.794403278083057636e-03
1.783833203440815919e-03
1.773188422159927436e-03
1.762824820059848878e-03
1.752991109120021580e-03
1.744180757430159514e-03
1.736405260697272473e-03
1.730188745838111015e-03
1.725452870758761685e-03
1.722514505546916472e-03
1.721292959587206054e-03
1.721840256428274320e-03
1.724018938460041353e-03
1.727681632194879354e-03
1.732576768975135082e-03
1.738440047041546824e-03
1.744917327803302857e-03
1.751706039832736945e-03
1.758419595852657577e-03
1.764800440439553281e-03
1.770523718561109678e-03
1.775457747622267730e-03
1.779421432597483223e-03
1.782462480327662259e-03
1.784580103762989974e-03
1.785999705688535305e-03
1.786869775826176046e-03
1.787524012768575664e-03
1.788163967663028864e-03
1.789112183120787668e-03
1.790497480338702242e-03
1.792511869622051557e-03
1.795117429985283427e-03
1.798320440747376917e-03
1.801911853988161444e-03
1.805761420235184669e-03
1.809587223761694157e-03
1.813254700931414077e-03
1.816552958033144710e-03
1.819471309802381470e-03
1.821956066433850184e-03
1.824145017213090218e-03
1.826097820704993598e-03
1.827997953652526781e-03
1.829882317832117519e-03
1.831848031237021286e-03
1.833820721158542066e-03
1.835796501363161273e-03
1.837658123987372062e-03
1.839434096363725410e-03
1.841117902777033438e-03
1.842884777341031316e-03
1.844858414019288906e-03
1.847257229160603623e-03
1.850124272873281779e-03
1.853467208532453593e-03
1.857047565386023063e-03
1.860609949545765198e-03
1.863782942928924637e-03
1.866374968430347270e-03
1.868282517211856649e-03
1.869698828011387252e-03
1.870887315744253774e-03
1.872242506160055799e-03
1.873988903314993812e-03
1.876259929401325778e-03
1.878918660274502212e-03
1.881785748464716822e-03
1.884580732460096981e-03
1.887173055249676164e-03
1.889468021645496860e-03
1.891551178158078347e-03
1.893489954965265004e-03
1.895434068768070109e-03
1.897429309428343798e-03
1.899542823956090797e-03
1.901701822069625479e-03
1.903838199618676985e-03
1.905805482159104308e-03
1.907648240769079656e-03
1.909540641520997934e-03
1.911755798689903502e-03
1.914174692626373613e-03
1.916356706307059416e-03
1.917944967654295002e-03
1.919304119031512226e-03
1.920934774770102250e-03
1.922771697323201988e-03
1.924453761809447137e-03
1.926441082708057291e-03
1.928969054049687682e-03
1.930710694108348034e-03
1.930796473848164730e-03
1.931523744039931973e-03
1.934434305833556897e-03
1.936773827602831892e-03
1.937057541584483698e-03
1.938175337880760577e-03
1.939799998723322006e-03
1.939837540939885144e-03
1.941601057211793510e-03
1.944779395943561136e-03
1.943555430399878520e-03
1.942479826061036191e-03
1.946440046252188513e-03
1.947661444096361084e-03
1.945478429308457108e-03
1.946818822752249475e-03
1.948467790730014620e-03
1.947740651222329639e-03
1.948085927140063081e-03
1.948550197211022534e-03
1.947766184435035250e-03
1.948178133681656085e-03
1.948193365366367993e-03
1.946966497466816716e-03
1.946738950825645806e-03
1.946451161373128486e-03
1.945097977453469525e-03
1.944190745808297652e-03
1.943191159043816240e-03
1.941692485459630031e-03
1.940354431186564138e-03
1.938364092381912596e-03
1.936829375330149277e-03
1.934631111156982297e-03
1.932133384280268354e-03
1.930066030110402049e-03
1.927002406850153752e-03
1.924228036183493968e-03
1.921148626395537779e-03
1.917580126125198936e-03
1.914139953460533431e-03
1.910139319765018001e-03
1.906035036126104212e-03
1.901627890644786139e-03
1.896937122094145356e-03
1.891991696215999334e-03
1.886746799931273474e-03
1.881214862874989319e-03
1.875385574569109768e-03
1.869262419010286544e-03
1.862785374777615891e-03
1.856037407056501188e-03
1.848951353618733190e-03
1.841538470877360093e-03
1.833817654632900794e-03
1.825732844131337362e-03
1.817340141636050949e-03
1.808603660521504236e-03
1.799489767501424430e-03
1.790076222319075946e-03
1.780299199368102483e-03
1.770182102416526350e-03
1.759736433768927270e-03
1.748916009679335340e-03
1.737788054582477086e-03
1.726315137462798707e-03
1.714472597913759173e-03
1.702340033437914433e-03
1.689858448257820431e-03
1.677062176536486164e-03
1.663957964272440738e-03
1.650507301945164243e-03
1.636789214572484819e-03
1.622763644418401827e-03
1.608414685345761980e-03
1.593821276097110275e-03
1.578926646831589186e-03
1.563774721617042359e-03
1.548365983945266958e-03
1.532665571001445891e-03
1.516759856724806234e-03
1.500603102745277657e-03
1.484187740543323371e-03
1.467587732783508150e-03
1.450743978687469172e-03
1.433708460330772533e-03
1.416475821265065224e-03
1.399010855642686488e-03
1.381405627856662106e-03
1.363610392961252856e-03
1.345626927324081830e-03
1.327522863894218348e-03
1.309239357794503896e-03
1.290837208801982623e-03
1.272307751104052517e-03
1.253619229581888960e-03
1.234870146110250743e-03
1.216009837303412035e-03
1.197052826315167214e-03
1.178058000048890419e-03
1.158973350298019966e-03
1.139866010884102443e-03
1.120723637171119587e-03
1.101518371839160706e-03
1.082350828630196946e-03
1.063169008288583888e-03
1.043997522141328505e-03
1.024883344464889642e-03
1.005779497943101080e-03
9.867582978416338576e-04
9.678019415580062712e-04
9.488864304706136040e-04
9.301116857190776157e-04
9.114253735146272094e-04
8.928590031901718384e-04
8.744483356591850175e-04
8.561498339069887687e-04
8.380417143626957147e-04
8.200982076448682127e-04
8.022989807251614631e-04
7.847395466416862446e-04
7.673646089769481675e-04
7.502096142351124793e-04
7.332976380617527894e-04
7.165862986700673697e-04
7.001590821304533741e-04
6.839791934980638498e-04
6.680274567379341144e-04
6.523920580194315011e-04
6.370134800892079388e-04
6.219296353085918818e-04
6.071487496266508551e-04
5.926267013589744384e-04
5.784505725505656535e-04
5.645715192848348987e-04
5.509715026601417348e-04
5.377290367318592274e-04
5.247788030447249515e-04
5.121606729624268890e-04
4.998687624167514687e-04
4.878551870960150423e-04
4.762078477841317722e-04
4.648649268291198534e-04
4.538117528708609052e-04
4.431152975917370079e-04
4.327018317591982627e-04
4.226150836318788660e-04
4.128384381957835394e-04
4.033185383689293015e-04
3.941445168290824870e-04
3.852452786120632048e-04
3.766105061850870514e-04
3.682945822231711722e-04
3.602194247064196653e-04
3.524328320377579358e-04
3.449087060367511432e-04
3.375919305247676865e-04
3.305720695458579561e-04
3.237713876606485236e-04
3.171883948343135048e-04
3.108624260995305707e-04
3.047191150153799317e-04
2.988094063499166920e-04
2.931003899575879991e-04
2.875386903043602744e-04
2.822133923315901924e-04
2.770441319706726160e-04
2.720388699767811529e-04
2.672239876647785478e-04
2.625297382225484188e-04
2.580133863576589983e-04
2.536367561337513781e-04
2.493516158446559025e-04
2.452450470304501189e-04
2.412365003962746066e-04
2.373430718811454527e-04
2.335813903077096400e-04
2.298860539297826512e-04
2.263221986564336349e-04
2.228469045913409751e-04
2.194193624802942826e-04
2.161223528004340105e-04
2.128772417659712988e-04
2.097097382195843736e-04
2.066273756236200975e-04
2.035721576786874711e-04
2.006151925780020912e-04
1.977083014290849242e-04
1.948197346297655410e-04
1.920250420889117477e-04
1.892510747966578348e-04
1.865307174789344912e-04
1.838622543120372720e-04
1.811950301807846995e-04
1.786035813633006237e-04
1.760367616995114546e-04
1.734725302643533231e-04
1.709767546178421829e-04
1.684816925341147190e-04
1.660255908166538574e-04
1.636010487863192035e-04
1.611639880880402092e-04
1.587878729864627373e-04
1.564195211445330261e-04
1.540484813929825778e-04
1.517301456422940546e-04
1.494004704111900352e-04
1.471026439715153022e-04
1.448270477404092966e-04
1.425335185416371994e-04
1.402924007883070607e-04
1.380522371817835981e-04
1.358114642135595511e-04
1.336137335459867666e-04
1.314031614592657321e-04
1.292234612539455534e-04
1.270626125572705027e-04
1.248867703980961709e-04
1.227588081800170964e-04
1.206301416357472407e-04
1.185086619766284995e-04
1.164228066466181850e-04
1.143285634011366914e-04
1.122647640395017723e-04
1.102188984513053992e-04
1.081645600326170992e-04
1.061539250500417462e-04
1.041442845410150286e-04
1.021482988730980216e-04
1.001831876416892412e-04
9.821523942027597068e-05
9.627824188186282146e-05
9.435900158909011541e-05
9.243857494720231324e-05
9.055729855079401158e-05
8.868022378789598139e-05
8.682123032235989951e-05
8.498912796050966966e-05
8.315925753280922718e-05
8.135929611952269264e-05
7.957607398055276137e-05
7.779816565788926451e-05
7.605452175377577762e-05
7.431815732359585772e-05
7.260220543500316322e-05
7.090999048075066237e-05
6.922477452707203553e-05
6.756796688697272034e-05
6.592761190836816715e-05
6.429790276051183708e-05
6.269815686270162206e-05
6.110933475060587039e-05
5.954246201807580907e-05
5.799784798119025805e-05
5.646460221230601665e-05
5.495857208936307642e-05
5.346986019875430075e-05
5.199597983533531801e-05
5.054859745249715462e-05
4.911464516604754351e-05
4.770164496887118063e-05
4.630745510054279081e-05
4.492420109833793868e-05
4.356155544024132556e-05
4.220990750623612866e-05
4.086724413301569015e-05
3.953960994389786783e-05
3.821857754739529022e-05
3.691184970867296330e-05
3.562190682004802423e-05
3.435061967060702427e-05
3.311506122163829756e-05
3.191843928063606522e-05
3.077008970977884955e-05
2.968170623126309879e-05
2.865141209070675693e-05
2.768435701974762564e-05
2.677570418638946731e-05
2.591631528478774267e-05
2.510643798855830401e-05
2.433318622933953500e-05
2.359049284430792909e-05
2.287536637266039343e-05
2.217831553139414436e-05
2.149958424274213910e-05
2.083368476642698773e-05
2.017438180126250469e-05
1.952596092783928360e-05
1.888082222468878503e-05
1.823845105090631853e-05
1.760022707017641728e-05
1.696177016881677879e-05
1.632891484427082747e-05
1.570077266913712314e-05
1.507642674099767966e-05
1.446508637797337874e-05
1.386314259037930898e-05
1.327366430227855691e-05
1.269896597751512777e-05
1.213493366824637415e-05
1.158722428624948932e-05
1.105228216807739483e-05
1.052712392138832758e-05
1.001859404527767306e-05
9.521280642886763540e-06
9.038063293152149625e-06
8.570407451799085969e-06
8.114866588636576112e-06
7.678652797914037106e-06
7.258417101722306420e-06
6.852336937028829687e-06
6.467415115011207934e-06
6.098000542861076282e-06
5.746976695651870677e-06
5.414095444462640460e-06
5.094964861517553053e-06
4.795861394032353733e-06
4.511817277533399980e-06
4.241007604604683884e-06
3.988660786182994139e-06
3.747771846599475790e-06
3.521439048183772745e-06
3.308872793060822553e-06
3.105350190459450891e-06
2.916855036646304271e-06
2.738346988406867921e-06
2.568599921121108231e-06
2.411724075044610166e-06
2.261845130382588381e-06
2.122581399201860430e-06
1.992227037617859598e-06
1.866513887770726417e-06
1.751966636018501539e-06
1.643251732225326894e-06
1.539976109349511334e-06
1.445276255558997596e-06
1.354564755330084575e-06
1.270447471132123040e-06
1.192248458256916756e-06
1.116463363772405959e-06
1.048319175250028011e-06
9.827798970941356022e-07
9.212653478759979263e-07
8.650709618867594229e-07
8.102320936501191137e-07
7.603744850563196862e-07
7.132736221705815733e-07
6.673851983227582456e-07
6.265139104563559530e-07
5.873236523333456941e-07
5.495380668670808490e-07
5.161122823029100993e-07
4.825721200832642123e-07
4.525630022702582047e-07
4.250234278696572708e-07
3.970171183927580789e-07
3.729312567950705943e-07
3.492542963863459153e-07
3.276067286163671840e-07
3.072432185244285548e-07
2.874980363211002603e-07
2.701416106280087288e-07
2.532674118472052880e-07
2.370805062215560111e-07
2.227842390776394486e-07
2.085907211500594953e-07
1.956482600969546961e-07
1.839372618697747844e-07
1.718982016012777292e-07
1.615032509830209046e-07
1.518778365242077990e-07
1.414338258510297201e-07
1.336101954436182423e-07
1.249401649196970898e-07
1.168031986009561058e-07
1.104802311202112185e-07
1.027841989258610554e-07
9.693690578661320294e-08
9.111005470303391566e-08
8.501728199069055546e-08
8.045210049654497111e-08
7.517954900843183649e-08
7.073887620647810724e-08
6.655427022985034602e-08
6.227250869209622809e-08
5.869468321896305144e-08
5.505758320022934267e-08
5.175389283841367901e-08
4.858233448760921852e-08
4.564763326957315057e-08
4.298304750699391340e-08
4.035852317005407444e-08
3.792123759502237336e-08
3.568986467480834565e-08
3.357294844814413746e-08
3.159946592145285495e-08
2.965754002814530231e-08
2.787826871175976324e-08
2.626375428374062576e-08
2.473715977487266148e-08
2.320507235561748022e-08
2.191992292162131733e-08
2.066535654720859673e-08
1.937841821993186730e-08
1.836127827893400189e-08
1.717094481276002623e-08
1.618844927758431039e-08
1.535169636624189555e-08
1.429956978590949030e-08
1.362393307655791183e-08
1.281017043678452327e-08
1.196883248921303778e-08
1.145554248973075442e-08
1.065975581256775283e-08
1.007855286139750761e-08
9.573607051393084524e-09
8.921079764937456519e-09
8.540283111554033936e-09
7.995699617872522038e-09
7.506545081825484936e-09
7.164075222454504761e-09
6.710527904648500002e-09
6.345894868089027780e-09
5.985274826606685677e-09
5.654488620853190104e-09
5.367838717736936446e-09
5.042809018941471920e-09
4.765020087350556152e-09
4.491901430988346135e-09
4.284590452233507726e-09
4.022512813079250042e-09
3.772734605008829118e-09
3.626679629090200523e-09
3.386813085266702678e-09
3.219964175479745525e-09
3.049418493074421987e-09
2.838224081092310326e-09
2.760684009030812639e-09
2.564753006028148181e-09
2.405456008828968983e-09
2.342752710297484626e-09
2.151771184305860749e-09
2.076210873238034653e-09
1.963765792152384126e-09
1.814113313275866748e-09
1.787893974936130016e-09
1.645760732014036785e-09
1.553747581165031274e-09
1.516159854670635022e-09
1.382960531489726261e-09
1.347819358256740069e-09
1.270645237604312731e-09
1.174492936014334041e-09
1.161134804627897043e-09
1.064813526040153206e-09
1.014151314253679418e-09
9.823289246163533494e-10
9.010029237192300313e-10
8.780704166884802917e-10
8.275302112643081777e-10
7.681560106979672175e-10
7.567784355095086233e-10
6.947824102973457221e-10
6.665574340778893187e-10
6.393190292700356933e-10
5.926635717481802355e-10
5.747199982051520291e-10
5.421469676846854626e-10
5.067810120407847827e-10
4.950237204169350520e-10
4.574361205412842020e-10
4.399115342150090077e-10
4.191690116743672043e-10
3.923542710112913104e-10
3.783247711215187643e-10
3.574317677226935544e-10
3.364558416169040280e-10
3.256172549143474971e-10
3.034815255881411222e-10
2.915535162795022913e-10
2.770342029131334745e-10
2.612394945953708451e-10
2.505415832521157950e-10
2.373116394616454692e-10
2.245977761823986379e-10
2.157445292588579720e-10
2.027004979409579143e-10
1.943751705135719069e-10
1.845193776294909040e-10
1.750920025618726596e-10
1.670741711252123021e-10
1.588063555648036412e-10
1.509025136690280612e-10
1.441671092533196777e-10
1.364699310765888473e-10
1.305369803978242283e-10
1.240544347890534683e-10
1.182842257920601849e-10
1.124464343188382339e-10
1.073179651296645989e-10
1.022334082435597980e-10
9.740268045858850864e-11
9.279093743190867483e-11
8.858349214427667983e-11
8.436132288263544119e-11
8.075935953412247600e-11
7.660543286840193761e-11
7.342525465011478205e-11
7.004951749171777894e-11
6.671987190578664256e-11
6.388112614590440487e-11
6.092277930119486869e-11
5.816544579580643250e-11
5.586142874644920513e-11
5.294642582862876644e-11
5.093870963498206801e-11
4.862704257291367666e-11
4.638025203706408508e-11
4.453435981413928575e-11
4.246003503949446418e-11
4.061838908005957868e-11
3.907058913815900621e-11
3.702041547364216374e-11
3.568873782462221677e-11
3.403641588687232878e-11
3.250103699211768780e-11
3.120233729926001723e-11
2.971446548968990708e-11
2.841710319344722905e-11
2.729860179564599535e-11
2.581951712360807413e-11
2.485680263850979848e-11
2.362306081895085422e-11
2.252085105482592872e-11
2.154243401166696916e-11
2.043468431875229796e-11
1.947598042579060596e-11
1.862305113609718907e-11
1.754061049736526678e-11
1.681480474950563773e-11
1.589233905671210616e-11
1.509960053521880784e-11
1.437258536271477494e-11
1.357648291362444379e-11
1.290063695825295516e-11
1.229588815669099467e-11
1.156288524094633846e-11
1.107603451813613101e-11
1.046209941385112207e-11
9.966059543909535983e-12
9.506226233077043681e-12
9.017002299727358124e-12
8.616650293435822840e-12
8.260657107999025956e-12
7.830828971757035056e-12
7.557033047199958795e-12
7.190973293883422947e-12
6.906658693501833527e-12
6.625355527909773196e-12
6.319707947935789327e-12
6.058308592782037990e-12
5.808816777763776062e-12
5.504460724234344346e-12
5.287502401794749698e-12
4.998387606311609710e-12
4.763201633549056901e-12
4.521820340960681754e-12
4.271779507265545670e-12
4.054261439029227292e-12
3.853590284605094953e-12
3.633448376860615059e-12
3.481614600180057161e-12
3.295517781976842361e-12
3.160053553177727898e-12
3.024757020499688362e-12
2.892337102380581490e-12
2.777124382881695032e-12
2.667441057398246441e-12
2.537941731012437583e-12
2.438357820241341087e-12
2.304863826943135028e-12
2.195941829230424881e-12
2.077767914207614155e-12
1.964134908927843588e-12
1.862772222665206607e-12
1.774592138546522048e-12
1.684896486487796302e-12
1.623850293710237129e-12
1.548136289211961736e-12
1.492591718116045615e-12
1.426320753646886197e-12
1.359681465514219853e-12
1.290279561494580526e-12
1.223989487246554390e-12
1.152506587183496335e-12
1.100299706041438504e-12
1.042071908466012329e-12
1.003936423417344810e-12
9.616120660619836647e-13
9.231444182631569219e-13
8.796738193049144068e-13
8.367635949297552571e-13
7.872360959629216513e-13
7.500179847328011711e-13
7.092864057143757595e-13
6.840885984202348412e-13
6.549917361566150768e-13
6.286029148722879924e-13
5.959857227910881115e-13
5.652166322481786593e-13
5.321777583305892371e-13
5.108776142566737079e-13
4.871571165695303665e-13
4.709255322749756720e-13
4.464380360196534047e-13
4.233984985004334145e-13
3.991924102158828270e-13
3.829569162735031405e-13
3.663188374277011970e-13
3.531818580846113495e-13
3.319158384914191141e-13
3.158417096523101016e-13
2.995117764690649604e-13
2.895471263275200411e-13
2.756306756570484768e-13
2.618546037646993205e-13
2.463948635229386329e-13
2.381988653422945025e-13
2.268374939567281193e-13
2.167106934733892069e-13
2.034042409696962900e-13
1.961585181339504457e-13
1.872719168180799366e-13
1.783219686806442247e-13
1.677358599835446779e-13
1.626304511852882912e-13
1.538929605885501744e-13
1.465697945238738431e-13
1.390103421931521831e-13
1.344058643964632573e-13
1.260927276546689918e-13
1.211009679267157169e-13
1.153617581587206561e-13
1.100694111577074094e-13
1.039752764770287403e-13
1.007028337329298377e-13
9.424167636228304440e-14
9.110543511786296087e-14
8.613493511050503294e-14
8.232208289778784177e-14
7.836575391631836003e-14
7.486765187727657497e-14
7.093129563402025199e-14
6.825177555237594501e-14
6.420548746067058228e-14
6.212529853853707346e-14
5.823331934058531616e-14
5.644932280609892098e-14
5.288457622851783987e-14
5.125331623628345406e-14
4.804416301730603482e-14
4.653179813064754244e-14
4.364371574338639123e-14
4.225105221830104576e-14
3.964000596937018541e-14
3.836986537939041924e-14
3.599877010009571269e-14
3.484908046012066040e-14
3.268896692474227255e-14
3.165375117593943577e-14
2.968160517096155125e-14
2.875289725628381154e-14
2.694972479781467893e-14
2.611887721059090595e-14
2.446846866137178182e-14
2.372686421087178437e-14
2.221505960841882632e-14
2.155445966949589940e-14
2.016870355794333932e-14
1.958140183805476081e-14
1.831045694010757489e-14
1.778933369109250058e-14
1.662308285376517137e-14
1.616160894398940344e-14
1.509090838937755799e-14
1.468312454096193010e-14
1.369968879907395478e-14
1.334017307045510039e-14
1.243648081953394526e-14
1.212031118250581243e-14
1.128952580554546362e-14
1.101224146459026700e-14
1.024814255644087776e-14
1.000570594913053464e-14
9.302629387220007203e-15
9.091389870163216529e-15
8.444174826005237589e-15
8.260834547438354603e-15
7.664776287137520935e-15
7.506358447889041589e-15
6.957166072714477594e-15
6.820985615102676191e-15
6.314744078100048025e-15
6.198380745180421381e-15
5.731516617742971441e-15
5.632790278833902375e-15
5.202040829887599418e-15
5.118988937511730928e-15
4.721374159990885187e-15
4.652231194881462651e-15
4.285028469584344075e-15
4.228207224473465161e-15
3.888928345824287237e-15
3.843002903338172796e-15
3.529373236809309094e-15
3.493063505437287062e-15
3.203003059311563477e-15
3.175160732600012548e-15
2.906766967062688895e-15
2.886362786427836384e-15
2.637894986596994713e-15
2.624007192655750259e-15
2.393872264967855863e-15
2.385676131921261319e-15
2.172415685067339824e-15
2.169174043505447168e-15
1.971452637811435615e-15
1.972507293403737860e-15
1.789101751009945783e-15
1.793865722288603894e-15
1.623655399477282107e-15
1.631605897699219377e-15
1.473563833226904486e-15
1.484235918484069644e-15
1.337420778652067854e-15
1.350401629662286985e-15
1.213950378286038820e-15
1.228874121658019800e-15
1.101995350781592941e-15
1.118538397848891604e-15
1.000506261380763599e-15
1.018383108425157360e-15
9.085318049500127085e-16
9.274912543951533065e-16
8.252100135405312493e-16
