# bin_4_1
1.628421102288244088e-06
1.736622600350629769e-06
1.789641760845911960e-06
1.904251804904947132e-06
1.965977348716044696e-06
2.087668545531038063e-06
2.158727736417216244e-06
2.288214253377071006e-06
2.369278257169128049e-06
2.507315939382892794e-06
2.599099505055057596e-06
2.746485239595323355e-06
2.849745537565544332e-06
3.007315670273133266e-06
3.122850079583216552e-06
3.291477659164263950e-06
3.420120261678330874e-06
3.600710853927662838e-06
3.743327360507204548e-06
3.936813140902696525e-06
4.094293940563070613e-06
4.301625741262973788e-06
4.474876734534226026e-06
4.697013692039970845e-06
4.886944542573538465e-06
5.124840972048739562e-06
5.332350395258293086e-06
5.586939507404604859e-06
5.812897214033770486e-06
6.085071299980372609e-06
6.330296235053300588e-06
6.620882983070267523e-06
6.886117555633616499e-06
7.195852238862776500e-06
7.481732337996401882e-06
7.811225740303840510e-06
8.118246494062322923e-06
8.467948638319967009e-06
8.796426108036318672e-06
9.166586133549446585e-06
9.516615471099434443e-06
9.907238397060383326e-06
1.027864944382476025e-05
1.068945107352581833e-05
1.108176296722486306e-05
1.151212485046762021e-05
1.192450194780530419e-05
1.237342913896793040e-05
1.280464146081461893e-05
1.327072678619605025e-05
1.371911923982628031e-05
1.420051889854649081e-05
1.466399469073380553e-05
1.515842120201584633e-05
1.563444604994520602e-05
1.613918572428089040e-05
1.662482056550902658e-05
1.713678364963597972e-05
1.762875433992648904e-05
1.814456651288872852e-05
1.863937918013808931e-05
1.915552280882899661e-05
1.964963269983961380e-05
2.016264473906526861e-05
2.065268403940761076e-05
2.115941412471328666e-05
2.164247976386722479e-05
2.214040629220053439e-05
2.261440156119896624e-05
2.310199481313147030e-05
2.356600823480948926e-05
2.404311751731429342e-05
2.449780866969718382e-05
2.496603517103898143e-05
2.541398057035062054e-05
2.587698010332770105e-05
2.632291437716926678e-05
2.678655672631963746e-05
2.723742827575745547e-05
2.770972653011293522e-05
2.817447778775955666e-05
2.866519800713101363e-05
2.915418547730512080e-05
2.967406247083128387e-05
3.019805985128864333e-05
3.075758791978875706e-05
3.132637565614122181e-05
3.193422167967051333e-05
3.255486396298708321e-05
3.321606641300945241e-05
3.389110909012988526e-05
3.460537083028260340e-05
3.533134275410515225e-05
3.609186926704300766e-05
3.685859480093035682e-05
3.765201954509394161e-05
3.844328550538239500e-05
3.925118385562834762e-05
4.004716637556974542e-05
4.084940441167962173e-05
4.163087380149001952e-05
4.241051266683918596e-05
4.316417819840454115e-05
4.391289374892610678e-05
4.463643281894287421e-05
4.535861052360877515e-05
4.606324535178411915e-05
4.677647181795750031e-05
4.748490038849105478e-05
4.821503833076691710e-05
4.895363158528283587e-05
4.972447736310324978e-05
5.051115641425849646e-05
5.133173368790681576e-05
5.216426357345414977e-05
5.301995320568414526e-05
5.387176983756812994e-05
5.472640663770431412e-05
5.555589799843783645e-05
5.636812176524952150e-05
5.714061296603113477e-05
5.788861733258783896e-05
5.859974380817112137e-05
5.929838321547634025e-05
5.998017355764617871e-05
6.067256402594885500e-05
6.136964795413162163e-05
6.209062430409576199e-05
6.281750066308216466e-05
6.355452887613445079e-05
6.427135478865918055e-05
6.496484727615770493e-05
6.560682586284086410e-05
6.620502738659160482e-05
6.674991057617844488e-05
6.726868378130404643e-05
6.776644332014092017e-05
6.827247458440991053e-05
6.878013988790143555e-05
6.929495740589809564e-05
6.978468518918500712e-05
7.023789027198719197e-05
7.062473693608515993e-05
7.095591843875143046e-05
7.123554925976452023e-05
7.150181075564261311e-05
7.176412075749750671e-05
7.203675272755476558e-05
7.228854397646902275e-05
7.250067727892196509e-05
7.264154604563222443e-05
7.272844705167086821e-05
7.278067286911240198e-05
7.284208835576696237e-05
7.291021311828632917e-05
7.297148100790266045e-05
7.297918742425562027e-05
7.293197594897525028e-05
7.284730828926763821e-05
7.277957695678694114e-05
7.273358188209586158e-05
7.268929097212103963e-05
7.259667638688991861e-05
7.246942958203473955e-05
7.234665627155705122e-05
7.227389442081748403e-05
7.221576717706526863e-05
7.213386687808086978e-05
7.202419318638117191e-05
7.195576921010638871e-05
7.194031025444024095e-05
7.193637192358921339e-05
7.190154481216428338e-05
7.189743719074444207e-05
7.195690470799695428e-05
7.203884856028543702e-05
7.209098854058795195e-05
7.218155562203279073e-05
7.233112043934149271e-05
7.247730376086005679e-05
7.259959418271428905e-05
7.278184424739510370e-05
7.297678211148056059e-05
7.313327022366108044e-05
7.331134891009133338e-05
7.351761482653757624e-05
7.366112758342365538e-05
7.382352925352760140e-05
7.398808379052582498e-05
7.409353503804493924e-05
7.421346801778673237e-05
7.431687068998739203e-05
7.436458682019529568e-05
7.445209791357724138e-05
7.447126414545163155e-05
7.451754616311549804e-05
7.454239629429706634e-05
7.456077400268741357e-05
7.460164815463697630e-05
7.462347023362969742e-05
7.468607674711160522e-05
7.473515791060838544e-05
7.482497347118122883e-05
7.490925792272268681e-05
7.502502012115969663e-05
7.513698193188224719e-05
7.526666517373219677e-05
7.538758897722795248e-05
7.551161906507750999e-05
7.561973221328157941e-05
7.572006942954182776e-05
7.580109188584879831e-05
7.587146403220916145e-05
7.592683098254357694e-05
7.597768857028193662e-05
7.602456998513839540e-05
7.607780659087632149e-05
7.613844578225588487e-05
7.621283426299293843e-05
7.629825191362284923e-05
7.639467958651068296e-05
7.649476669961856388e-05
7.659417701306973502e-05
7.668500176074979165e-05
7.676456149819070195e-05
7.683035486179762904e-05
7.688606528282865814e-05
7.693607119896987993e-05
7.698807623258085119e-05
7.704713879157684664e-05
7.711677083517644901e-05
7.719495312780986541e-05
7.727686894827861706e-05
7.735485871480860247e-05
7.742308170289524335e-05
7.747890888024479370e-05
7.752524922935759776e-05
7.756855075998946773e-05
7.761614542730069179e-05
7.767195143597352663e-05
7.773426485980028194e-05
7.779647620616386944e-05
7.785075969345078785e-05
7.789326969623716612e-05
7.792642197854140963e-05
7.795784023532842985e-05
7.799424162367508712e-05
7.803682337526411108e-05
7.807924135130719435e-05
7.811343725446295914e-05
7.813565518725297217e-05
7.815087322843189432e-05
7.816713208350559009e-05
7.818846542011841073e-05
7.820928768822644106e-05
7.822119947875020435e-05
7.822114916341449842e-05
7.821619249201557046e-05
7.821353080308551819e-05
7.821216227282643148e-05
7.820255319239662940e-05
7.818085631331089574e-05
7.815310650184165630e-05
7.812710133363674596e-05
7.809842389477928695e-05
7.805844745961908443e-05
7.800748269473749285e-05
7.795511229035432361e-05
7.790078182777412106e-05
7.783551242274541944e-05
7.775814265134896818e-05
7.767835852115990080e-05
7.759409395796367241e-05
7.749666884599198306e-05
7.738912971069571677e-05
7.727922338882619853e-05
7.715844712031380494e-05
7.702422230684743661e-05
7.688480130359791516e-05
7.673671135757830289e-05
7.657302677690632181e-05
7.640333938487031164e-05
7.622307082184639885e-05
7.602777207715086521e-05
7.582523563138668973e-05
7.560973241488084704e-05
7.537981803750714281e-05
7.514239807950762369e-05
7.488719310888840731e-05
7.462301447730944077e-05
7.434374007948488109e-05
7.405100081704022851e-05
7.374603063473222692e-05
7.342483566884399954e-05
7.309207495887954146e-05
7.274241861246823237e-05
7.238051351653525158e-05
7.200194843560531145e-05
7.161020244973403362e-05
7.120218872136045230e-05
7.078028908830422204e-05
7.034246972691529448e-05
6.989037424934364307e-05
6.942268860799319114e-05
6.894061913535997873e-05
6.844333396216833944e-05
6.793179453825036191e-05
6.740550290319659418e-05
6.686528673770342321e-05
6.631088932576519089e-05
6.574306516653619981e-05
6.516173763768149470e-05
6.456761999787411974e-05
6.396077325648826331e-05
6.334188656413941901e-05
6.271112835479393261e-05
6.206917346817870972e-05
6.141627574913084133e-05
6.075310055152976856e-05
6.007996828631260625e-05
5.939753256729246540e-05
5.870615808737989400e-05
5.800647417840860818e-05
5.729886076940941662e-05
5.658390158115154283e-05
5.586196111468925865e-05
5.513355914714115408e-05
5.439902773747587553e-05
5.365882482454550418e-05
5.291326120582420898e-05
5.216276362383277272e-05
5.140765743602229997e-05
5.064838051923060009e-05
4.988530488859886571e-05
4.911890088846349197e-05
4.834958816381381645e-05
4.757785977209894951e-05
4.680416699406021665e-05
4.602902196007107975e-05
4.525292202961544503e-05
4.447643598840291793e-05
4.370015189024384323e-05
4.292472667226782102e-05
4.215082988123480513e-05
4.137914872378888390e-05
4.061033751489476169e-05
3.984501757930900950e-05
3.908377375047469415e-05
3.832717503006676212e-05
3.757579918015335475e-05
3.683022271305001294e-05
3.609101570652964094e-05
3.535869059959040848e-05
3.463371923127535188e-05
3.391652769388930921e-05
3.320757835157590220e-05
3.250735764557249880e-05
3.181639626288421536e-05
3.113516717288335075e-05
3.046409917820184333e-05
2.980354971574730689e-05
2.915391292180450453e-05
2.851557337888901273e-05
2.788890509851195813e-05
2.727415268067963973e-05
2.667152514959183462e-05
2.608122394730914246e-05
2.550353406705182642e-05
2.493867432563167706e-05
2.438680690706790640e-05
2.384803489582321972e-05
2.332254371676617145e-05
2.281044913433728587e-05
2.231176137217892347e-05
2.182638028975058121e-05
2.135428636533572344e-05
2.089539710454018802e-05
2.044956410842418444e-05
2.001663182750164707e-05
1.959658075641384568e-05
1.918928973128669729e-05
1.879460994178866557e-05
1.841241178319200645e-05
1.804252386279929840e-05
1.768459474929476107e-05
1.733835891512374561e-05
1.700348240517911988e-05
1.667961926104650870e-05
1.636652225751899199e-05
1.606397225976160048e-05
1.577168791248937445e-05
1.548946431723731803e-05
1.521689302587297963e-05
1.495361417465176329e-05
1.469919381973566457e-05
1.445328019172288333e-05
1.421560028489421742e-05
1.398590999857521611e-05
1.376395387845829018e-05
1.354937778476457187e-05
1.334177088528383825e-05
1.314073132165968518e-05
1.294595062830936805e-05
1.275722902394985126e-05
1.257436521257507339e-05
1.239706590563802646e-05
1.222490856246909021e-05
1.205751515977514929e-05
1.189466266516103558e-05
1.173626689399116984e-05
1.158212446568466325e-05
1.143186536156684271e-05
1.128511700237764309e-05
1.114175096504272317e-05
1.100170610998638096e-05
1.086473991707718099e-05
1.073044540267141925e-05
1.059864314128720278e-05
1.046935251781139202e-05
1.034242644020546103e-05
1.021749054212844810e-05
1.009440491116181717e-05
9.973179443758306819e-06
9.853628341868177624e-06
9.735473946718563822e-06
9.618671230889204969e-06
9.503256777976133837e-06
9.389013516194547930e-06
9.275655563720807922e-06
9.163374841008637103e-06
9.052036930970062609e-06
8.941317085138383462e-06
8.831466512306455384e-06
8.722213951086475712e-06
8.613514607961472112e-06
8.505606123126755740e-06
8.397999787031491911e-06
8.290918780829082245e-06
8.184372031425716026e-06
8.078062750442138894e-06
7.972270771616810929e-06
7.866699143006738532e-06
7.761490052176232883e-06
7.656763126865978928e-06
7.552121591920879131e-06
7.447841014360188894e-06
7.343805839204641043e-06
7.239963759610159830e-06
7.136470737011422482e-06
7.033138442590876583e-06
6.930045549982421516e-06
6.827389628627257669e-06
6.724788047859930635e-06
6.622563171099215767e-06
6.520643907841489130e-06
6.418976208539930100e-06
6.317794689780550600e-06
6.216850890807169120e-06
6.116331600312194808e-06
6.016417314853278572e-06
5.916749678823426598e-06
5.817682696419783730e-06
5.719081360771609057e-06
5.620921616821906034e-06
5.523447827874776118e-06
5.426313986975393752e-06
5.329710725951831914e-06
5.233789243014406148e-06
5.138167593382010868e-06
5.043165367844374637e-06
4.948607781078296864e-06
4.854504138166375312e-06
4.761079457357301741e-06
4.667961920590891840e-06
4.575424446575569276e-06
4.483586390156794814e-06
4.392112505038784574e-06
4.301373891833770385e-06
4.211162420385791387e-06
4.121526760757631936e-06
4.032703823659139384e-06
3.944297307264141455e-06
3.856595281608664097e-06
3.769660515818827713e-06
3.683183720375825949e-06
3.597553023374383935e-06
3.512520928424642538e-06
3.428163509283130646e-06
3.344735587162899634e-06
3.261888395975800162e-06
3.179934721610157953e-06
3.098901890363247925e-06
3.018577648257977449e-06
2.939303763630178703e-06
2.860849305114805381e-06
2.783286267735505332e-06
2.706812584577043293e-06
2.631146738756782035e-06
2.556564780229818613e-06
2.483030429299718308e-06
2.410428498477756304e-06
2.339003920284635892e-06
2.268571726835206149e-06
2.199177585039192589e-06
2.130928467226165667e-06
2.063604803120138265e-06
1.997343841783533455e-06
1.932009249379730246e-06
1.867445507026715118e-06
1.803631298853012796e-06
1.740262942271983045e-06
1.677140421656255703e-06
1.614071731230855633e-06
1.550804920017281904e-06
1.487429977708495357e-06
1.424161999228226001e-06
1.361621917844043773e-06
1.300852159509396828e-06
1.243108781722739535e-06
1.189785254331270037e-06
1.142128486798816693e-06
1.101013516453095955e-06
1.066766089806247480e-06
1.039022131908853697e-06
1.016804716622864308e-06
9.985827283970870158e-07
9.825377512068794892e-07
9.667278740551643894e-07
9.494495085167683263e-07
9.295532322340043199e-07
9.063717748241998098e-07
8.798409420637606152e-07
8.502919681392075533e-07
8.182557935563687294e-07
7.845123225892353802e-07
7.497191704743460467e-07
7.144811923184473955e-07
6.793932854659826846e-07
6.447710212957112394e-07
6.109649499014210044e-07
5.782093893907108821e-07
5.465998438763119618e-07
5.163070101386903711e-07
4.872901040856552254e-07
4.595563214898153990e-07
4.331844388757667106e-07
4.080709897943440716e-07
3.842404661597883198e-07
3.616294831287094822e-07
3.401329501058066141e-07
3.197965091067970181e-07
3.005244195960086812e-07
2.822853905166620677e-07
2.650866210904076099e-07
2.488056385040278768e-07
2.334561918936644412e-07
2.189859761274170936e-07
2.053097813019742633e-07
1.924834197049024880e-07
1.804153533403280986e-07
1.690630811205082104e-07
1.583934857010016018e-07
1.483588514369461552e-07
1.389526270685506250e-07
1.301274112785808974e-07
1.218443697491218190e-07
1.141136858986269491e-07
1.068278996974605074e-07
9.996494217540211050e-08
9.357333066184611365e-08
8.757960375437804793e-08
8.194702967067008500e-08
7.665206648743779343e-08
7.170086083498767188e-08
6.703751773496437650e-08
6.266682067740938183e-08
5.863706113040291971e-08
5.488562126353519124e-08
5.129448058480821951e-08
4.798902803627667026e-08
4.493480918525345128e-08
4.204613297472534168e-08
3.930186411182380058e-08
3.683044937600806365e-08
3.443415306479155684e-08
3.219449855571312761e-08
3.017398548281139507e-08
2.826507332084515048e-08
2.637727507921180827e-08
2.470665865495710683e-08
2.318508231435233827e-08
2.161233612466248740e-08
2.023242307929045769e-08
1.888141134752221362e-08
1.761742852897405647e-08
1.635297763584867142e-08
1.533770915293958205e-08
1.420362547932240282e-08
1.321709147986594037e-08
1.234755648514316952e-08
1.148927235154360287e-08
1.074684332323847784e-08
1.002904944916545753e-08
9.419336157437050479e-09
8.734020894740572950e-09
8.298548428745694634e-09
7.694064383799065472e-09
7.222424838370641981e-09
6.800122357629544851e-09
6.294242581460390562e-09
5.943861147182989834e-09
5.521535407857021911e-09
5.179452329475499844e-09
4.772179392283896882e-09
4.519834097535538778e-09
4.204163257528054835e-09
3.868782238975012383e-09
3.687502783141211667e-09
3.385208614057230275e-09
3.189848892052438916e-09
2.981502729011699136e-09
2.770766302086042795e-09
2.602835665702629652e-09
2.420580638503230627e-09
2.285551252472020386e-09
2.101397789348273164e-09
2.014885423561618577e-09
1.856088327691547932e-09
1.732890234286997104e-09
1.669118098351116505e-09
1.495410270450340154e-09
1.440868779887202708e-09
1.334474916854484049e-09
1.227018597318971911e-09
1.181428414407901010e-09
1.073860661432299311e-09
1.021019127684985861e-09
9.588728944244195965e-10
8.876104905321909555e-10
8.416916289527020133e-10
7.812378005377240648e-10
7.373857699901857607e-10
6.854057989753892827e-10
6.454340325841526371e-10
6.041365961227588957e-10
5.558573507312538878e-10
5.334586153200749214e-10
4.912096330058903959e-10
4.631053258863769918e-10
4.372129884299110202e-10
4.030556049849949095e-10
3.873069615988115825e-10
3.576333517137726634e-10
3.318023710626644496e-10
3.165082682330105064e-10
2.945147395561379033e-10
2.775852189554526347e-10
2.577276054046091720e-10
2.447075770666255382e-10
2.291253361259065413e-10
2.151055287164085118e-10
2.011633563450338147e-10
1.862465067858417339e-10
1.808786117701989378e-10
1.662070544049416477e-10
1.536293656828082361e-10
1.506742064403657741e-10
1.352505688022140429e-10
1.312315933624443630e-10
1.226918021265934899e-10
1.107306143439966617e-10
1.116966729139006423e-10
9.980623179841037045e-11
9.363635316137427218e-11
9.252743279943291001e-11
8.117909631675032621e-11
8.109241203508865033e-11
7.470044062813373122e-11
6.740320169677149264e-11
6.899794212362102645e-11
6.059869449884433369e-11
5.781834699286604158e-11
5.683469679267385793e-11
4.966896237489295220e-11
5.004548736931203584e-11
4.623052218103969806e-11
4.132452438248417286e-11
4.288743171487577756e-11
3.722087350105583013e-11
3.616806573206773180e-11
3.492985559705497514e-11
3.096459112265093841e-11
3.118169453837260000e-11
2.851566234750077458e-11
2.607949598494704336e-11
2.650430479754593850e-11
2.324805111424565272e-11
2.278480430485799182e-11
2.162852713728582211e-11
1.955813951574482742e-11
1.947864442286709421e-11
1.789877296399854085e-11
1.649061157333281530e-11
1.655817815706665464e-11
1.471881864512269442e-11
1.435376709314839602e-11
1.364130181576813151e-11
1.236636449575931157e-11
1.234408570545582735e-11
1.128397601624769148e-11
1.054325090620083592e-11
1.043186809353050953e-11
9.377169557658136925e-12
9.153731225041131145e-12
8.635286038781795712e-12
7.933050394577275562e-12
7.842425595907385000e-12
7.201905266188523607e-12
6.778607381515247333e-12
6.632664131316641651e-12
6.026815758963723656e-12
5.867914315351180753e-12
5.527080585865631108e-12
5.118061672174468018e-12
5.024337294590210150e-12
4.631101990850449293e-12
4.387957322223152953e-12
4.250555155319023009e-12
3.902580295898045965e-12
3.785169586644731880e-12
3.566475361516645138e-12
3.322578519445474232e-12
3.240556872204751420e-12
3.000336103863511323e-12
2.855460598156676851e-12
2.742540114416284057e-12
2.543738131177726866e-12
2.454874303675302481e-12
2.315274583368112793e-12
2.169034346548986919e-12
2.101433508451085269e-12
1.954843534830556292e-12
1.865689706623705430e-12
1.779771381319392283e-12
1.664978215600841439e-12
1.598894507297519275e-12
1.509619421778174382e-12
1.420775843262334776e-12
1.367514845487068043e-12
1.278804817927627090e-12
1.220014462807394452e-12
1.160046437015058149e-12
1.090423422372481656e-12
1.043413947245131265e-12
9.854373127069168807e-13
9.304079973183575250e-13
8.903672262348147390e-13
8.359031504791524512e-13
7.962068234252743786e-13
7.552555798550944235e-13
7.117580984670677197e-13
6.785485461291786802e-13
6.405733456800188386e-13
6.056331340264209273e-13
5.763017847683777948e-13
5.422799060468397503e-13
5.148572427362595779e-13
4.871315405970058595e-13
4.591047984129503718e-13
4.355970032834330758e-13
4.104768295651569595e-13
3.875929263359799825e-13
3.664652330111485319e-13
3.446264795253980496e-13
3.253989079033414176e-13
3.065292724863593672e-13
2.879772034325610915e-13
2.712328532723315780e-13
2.543985389682404077e-13
2.389406986585487100e-13
2.238642208375814494e-13
2.094814602789593881e-13
1.958703676203851749e-13
1.829447494599464469e-13
1.704227716811481025e-13
1.585223517725069246e-13
1.471675946497699445e-13
1.365736257894738086e-13
1.260037017425885229e-13
1.164661790467324432e-13
1.069605624864688415e-13
9.824760784378576184e-14
8.991150364470420425e-14
8.174621859003316328e-14
7.433409699924285567e-14
6.733945896145466234e-14
6.040006081066954117e-14
5.442048082621364454e-14
4.830421892122545836e-14
4.297103598112956534e-14
3.797473528774811048e-14
3.305908632026837720e-14
2.890434344839973648e-14
2.500630505185269661e-14
2.128939012952729659e-14
1.834047916558001662e-14
1.529816876550268986e-14
1.294983739665405149e-14
1.088303136377170513e-14
8.899887230247000289e-15
7.551102913623497122e-15
6.358651603972329402e-15
5.363326287503799747e-15
4.895136048938234265e-15
4.319847763245957309e-15
4.241315225323813332e-15
4.280513564579602574e-15
4.312344135154224894e-15
4.701497933194578175e-15
5.058847570202705893e-15
5.447104206796553141e-15
6.028508967574818334e-15
6.350899871797200998e-15
6.858948533113333659e-15
7.227512967130929486e-15
7.406999532404415641e-15
7.625473879483482799e-15
7.620126091737151533e-15
7.472625799193387426e-15
7.286538051171272101e-15
6.783400714339160582e-15
6.325608248769235162e-15
5.692698948110371838e-15
4.930516358564734796e-15
4.212523568913857862e-15
3.414583544358988306e-15
2.644869668026437236e-15
1.999575751057279919e-15
1.320416666115666923e-15
8.882308563688944361e-16
5.339450417709152606e-16
3.117916003978852115e-16
2.899840934426666772e-16
3.579632550900718014e-16
5.389697655012024828e-16
8.359267732748868717e-16
1.074252397796411344e-15
1.390273518717129513e-15
1.598471309240887118e-15
1.717734223491550666e-15
1.751201976528958548e-15
1.641437825793242339e-15
1.427662152808009968e-15
1.164937488993603414e-15
8.014743369956470985e-16
5.117636319526039885e-16
2.345515510684776841e-16
6.053171342576293955e-17
6.278056004356734373e-18
5.214811023541695155e-17
1.841247510628809899e-16
3.827827184146125650e-16
5.322450456118679562e-16
6.715809174696367352e-16
6.875074047277924781e-16
6.185674621277747735e-16
4.664082061666242530e-16
2.742436642515224386e-16
9.558057428328255652e-17
-5.422033107646804136e-19
-3.203569844688815660e-17
5.658417019842310843e-17
1.703379350899381797e-16
2.922763316184666325e-16
3.483099655598821848e-16
3.202736701376090004e-16
2.139476798636838783e-16
9.358502329602893131e-17
-1.303528826743609267e-17
-2.045140666437690622e-17
3.068779962380155979e-17
1.299851441774338338e-16
1.942240655894453844e-16
1.912964405059682823e-16
1.146838011898249779e-16
2.911309802048044435e-17
-2.724287568896531944e-17
6.082781954741550748e-18
7.020639700712104377e-17
1.271275584301146869e-16
1.109061185252037266e-16
4.716201178202177228e-17
-1.354338997453624961e-17
-5.631721681857078374e-18
4.158273110462615821e-17
8.870255371071983026e-17
6.460805250193128856e-17
1.318860293334944347e-17
-1.593361756737351882e-17
1.800093872994708205e-17
5.618006643122985560e-17
5.184233002161181316e-17
2.406310698557181099e-18
-7.651304781841694693e-18
2.108373352468394110e-17
4.704220716892647895e-17
1.737937177463476219e-17
-7.793417881895211315e-18
8.401643055013446839e-18
3.606064239961735950e-17
1.296242754768059365e-17
-5.457524868214302881e-18
1.031294033879980492e-17
2.726841332651979645e-17
1.319930451388364307e-18
-1.128067973415083210e-18
1.797510816586376609e-17
1.180886873331875331e-17
-5.967435478161785532e-18
1.394487144455236105e-17
9.626931411354644681e-18
-2.378042517719474960e-18
9.061754141045867667e-18
8.783025023199998931e-18
-3.387474517992235920e-18
1.143055335545419700e-17
1.313369666817759905e-18
2.341308087375851989e-18
7.476063605644220011e-18
-4.792500838781867110e-19
5.616736948719880357e-18
2.628896698418258545e-18
1.497336752437867630e-18
5.291736351453030345e-18
-6.329638186765327973e-19
5.825996069426711568e-18
-9.449160823335039317e-19
5.248164115508211729e-18
-6.034855828906584133e-19
4.487919738878171154e-18
-2.290239717510182181e-19
3.879592427611183163e-18
2.750682435497130870e-20
3.453768179474915021e-18
1.844383235179247457e-19
3.164264679925109133e-18
2.853095638981517498e-19
2.967124130139854580e-18
3.618489022464265004e-19
2.833699792309424435e-18
4.325544681622390627e-19
2.747095427882488276e-18
5.075056960526391829e-19
2.697485867866225924e-18
5.921895156757353078e-19
2.679070235108952859e-18
6.897313260782971262e-19
2.688376910502672910e-18
8.020849137271303196e-19
2.723356757591297097e-18
9.306563183159862560e-19
2.782894284692813157e-18
1.076635534151399741e-18
2.866537241604634903e-18
1.241178705260384466e-18
2.974342241283016333e-18
1.425512444052432597e-18
3.106784661266741026e-18
1.630997399761750974e-18
3.264705622538669809e-18
1.859169889801088984e-18
3.449281826744062633e-18
2.111772204881747899e-18
3.662010123366545737e-18
2.390777110388345663e-18
3.904702297326561934e-18
2.698409904536079942e-18
4.179487477051803540e-18
3.037169968781677388e-18
4.488820505365512515e-18
3.409853038244823017e-18
4.835495264109521285e-18
3.819574954749591050e-18
5.222662452274600634e-18
4.269797435152695263e-18
5.653851370233693229e-18
4.764356229136254570e-18
6.132995579295142935e-18
5.307492003106835198e-18
6.664462282753342036e-18
5.903884158457304376e-18
7.253085451186093472e-18
6.558687775387643788e-18
7.904202663303676239e-18
7.277573895198663237e-18
8.623695757991955946e-18
8.066773289948423587e-18
9.418035256649661794e-18
8.933123816528237218e-18
1.029432873763137612e-17
9.884121512713600462e-18
1.126037304368064261e-17
1.092797541305830030e-17
1.232471048540414796e-17
1.207366620683272454e-17
1.349668885537932814e-17
1.333100859157810508e-17
1.478652524339982369e-17
1.471071726348846867e-17
1.620537340011648590e-17
1.622447624839337062e-17
1.776539438117889835e-17
1.788501125179993510e-17
1.947982996596154032e-17
1.970616448855664846e-17
2.136307826272650829e-17
2.170297123125343373e-17
2.343077061973896264e-17
2.389173711727864672e-17
2.569984870683988825e-17
2.629011493306329293e-17
2.818864029372416756e-17
2.891717918338293084e-17
3.091693190857421246e-17
