# bin_2_4
3.656266517758299074e-05
3.360742422022905938e-05
3.976452591002253568e-05
3.724769431096281970e-05
4.329104391275926875e-05
4.120892436461270821e-05
4.716887148291001289e-05
4.551968871950657145e-05
5.142651067609698936e-05
5.021035577135367708e-05
5.609431344457096644e-05
5.531307674805331713e-05
6.120445006579145776e-05
6.086173857447218268e-05
6.679083771021708765e-05
6.689187215395598252e-05
7.288901962551909137e-05
7.344050583814720875e-05
7.953598417133882919e-05
8.054595263903288008e-05
8.676991149497870627e-05
8.824751835089111071e-05
9.462983437631434245e-05
9.658511650216645929e-05
1.031551986742822099e-04
1.055987751841277046e-04
1.123853080206609545e-04
1.153280201830999874e-04
1.223586372503443541e-04
1.258111191373076094e-04
1.331119996995002038e-04
1.370841726457742678e-04
1.446795553843986421e-04
1.491800408889828783e-04
1.570916507834365706e-04
1.621270990980691346e-04
1.703734867006643388e-04
1.759478224179193847e-04
1.845436196820933027e-04
1.906572113796999317e-04
1.996123150102099462e-04
2.062610840301449394e-04
2.155797865071725449e-04
2.227542805082400918e-04
2.324343809672564166e-04
2.401188514233621460e-04
2.501507937612802647e-04
2.583223333714662400e-04
2.686884371850571445e-04
2.773162530785073143e-04
2.879901245759804032e-04
2.970350458921101173e-04
3.079812795032236573e-04
3.173956222032902393e-04
3.285699280118026212e-04
3.382978635850800099e-04
3.496477780536962001e-04
3.596263726211072981e-04
3.710927261381315612e-04
3.812538272481358955e-04
3.927731457154107816e-04
4.030462886162087350e-04
4.145542892884203964e-04
4.248707633665712246e-04
4.363070570073396943e-04
4.466052049269484954e-04
4.579192251299737362e-04
4.681509296921123253e-04
4.793089634123991324e-04
4.894470986620680494e-04
5.004400799090764256e-04
5.104864563514715766e-04
5.213379043460294581e-04
5.313309259727047595e-04
5.421040701529920977e-04
5.521249631849549453e-04
5.629277323446474487e-04
5.731038489863421025e-04
5.840900743344323810e-04
5.945935024215752950e-04
6.059584985682662898e-04
6.169981459141027445e-04
6.289669373501472708e-04
6.407725745047631628e-04
6.535796090202598396e-04
6.663772335236999500e-04
6.802376500652446752e-04
6.942171386209482816e-04
7.092916510298707695e-04
7.245700385274538068e-04
7.409282011470444060e-04
7.575148714516250935e-04
7.751045359928983780e-04
7.928775448785832167e-04
8.115108738358687776e-04
8.302154631422758654e-04
8.495825908154234791e-04
8.688621303320136040e-04
8.885807479046016737e-04
9.080451296828509489e-04
9.277463589123359586e-04
9.470721360197991313e-04
9.665096563659305185e-04
9.855506770306751967e-04
1.004703376671565703e-03
1.023574332095983277e-03
1.042698839543986953e-03
1.061785186045599485e-03
1.081373484820748491e-03
1.101230703911537699e-03
1.121850601747365886e-03
1.142992768146479160e-03
1.165040077510103370e-03
1.187680076044242937e-03
1.211139213146329111e-03
1.235007198452315333e-03
1.259365509877255571e-03
1.283751202104717369e-03
1.308187912283432976e-03
1.332273842292878161e-03
1.356108280309343194e-03
1.379474373264529419e-03
1.402642387501773242e-03
1.425614327660925046e-03
1.448791444556219582e-03
1.472268002689732218e-03
1.496382327293818010e-03
1.521087773959662378e-03
1.546445907648202498e-03
1.572130230962739527e-03
1.597921164473424657e-03
1.623364674371597814e-03
1.648257948341833208e-03
1.672390002172887248e-03
1.695911966150114155e-03
1.719029529184248895e-03
1.742166855845004745e-03
1.765589086971266044e-03
1.789455590589924313e-03
1.813561247413178696e-03
1.837517989176978492e-03
1.860787742964687417e-03
1.883007535759664841e-03
1.904102556002920535e-03
1.924379615737469625e-03
1.944335066869948758e-03
1.964361143861156466e-03
1.984474479959604139e-03
2.004216530702873644e-03
2.022935657475146819e-03
2.040143161652976933e-03
2.055931711873883617e-03
2.070832299122938105e-03
2.085486911032277939e-03
2.099964141488891087e-03
2.113740622070579313e-03
2.125966638920161536e-03
2.136376992877769311e-03
2.145420383055349905e-03
2.153981243707588956e-03
2.162242069628254534e-03
2.169582122116596543e-03
2.175061830281807985e-03
2.178768119983106981e-03
2.181585201880681217e-03
2.184274667886283543e-03
2.186210231533396251e-03
2.186469587870353871e-03
2.185084806213290903e-03
2.183363764536140790e-03
2.181683987677306060e-03
2.179139432686963591e-03
2.175032616214006825e-03
2.170607509629829401e-03
2.166737144153432423e-03
2.162614573858457050e-03
2.157407424246918920e-03
2.152583975244652410e-03
2.148826862180182231e-03
2.144970294995419968e-03
2.140873097694656786e-03
2.138372110475241731e-03
2.136775422587920432e-03
2.135156368766659603e-03
2.134984237091013416e-03
2.136475390256278774e-03
2.137955936299714820e-03
2.141107822807812502e-03
2.145683062967294798e-03
2.150351699500586793e-03
2.156599170243613840e-03
2.163604178809177062e-03
2.170433695780947438e-03
2.178746155634886991e-03
2.186102916973604350e-03
2.194091967661581516e-03
2.201443261689333807e-03
2.208093343051908443e-03
2.214381897191921092e-03
2.219167406722616278e-03
2.223534130179320983e-03
2.226239787299218089e-03
2.228442341156950095e-03
2.229276886821623602e-03
2.229761983432246471e-03
2.229459203924048262e-03
2.229231840321419574e-03
2.228928151617885160e-03
2.229240824332026204e-03
2.230112082822543335e-03
2.232004496051190248e-03
2.234778953958055977e-03
2.238608654631389465e-03
2.243175788143775967e-03
2.248377390300618835e-03
2.253748426885519417e-03
2.259041794008826397e-03
2.263808348712658108e-03
2.267879193964941753e-03
2.271033238144266019e-03
2.273372301266233381e-03
2.275010369650185080e-03
2.276326962417853268e-03
2.277644559308441684e-03
2.279382731144295651e-03
2.281752057380941317e-03
2.284886658741170848e-03
2.288630697607727492e-03
2.292736397110739770e-03
2.296786453848687678e-03
2.300457952600771377e-03
2.303504213142605617e-03
2.305959031647517293e-03
2.308020647392227103e-03
2.310076833293180868e-03
2.312454608521199387e-03
2.315361575906563912e-03
2.318706709109313608e-03
2.322211638536651312e-03
2.325479906322081708e-03
2.328274535981620166e-03
2.330601088300957111e-03
2.332772039258787945e-03
2.335169850176527055e-03
2.338041761588956300e-03
2.341267237045379160e-03
2.344460511312651541e-03
2.347205228182660912e-03
2.349427098023164958e-03
2.351452795907460133e-03
2.353794522009180872e-03
2.356663192365319147e-03
2.359762183446719244e-03
2.362499025262967609e-03
2.364596749967053362e-03
2.366400573927695573e-03
2.368573928763135529e-03
2.371319861695034108e-03
2.374099162315627693e-03
2.376221444276206511e-03
2.377776156606364877e-03
2.379569595774737052e-03
2.382033552205171760e-03
2.384490729245897136e-03
2.386114329961215412e-03
2.387273515289224136e-03
2.389071021371288409e-03
2.391420061781158318e-03
2.393023618924642638e-03
2.393698946071996445e-03
2.394961307697663494e-03
2.397115718475961027e-03
2.398371773827661507e-03
2.398441621300124484e-03
2.399495457682820649e-03
2.401447063410006976e-03
2.401776868144759637e-03
2.401357571161246134e-03
2.402754465464477292e-03
2.403803162050573844e-03
2.402771934824728638e-03
2.402975248501694385e-03
2.404123620298127730e-03
2.402984301785680149e-03
2.402288744680084777e-03
2.402859327361009205e-03
2.401489902974998300e-03
2.400337893809805466e-03
2.399968866625004551e-03
2.398143742287390124e-03
2.396699415639757819e-03
2.395166686453041767e-03
2.392988734412531630e-03
2.390885030180089042e-03
2.388425611541669744e-03
2.385747913282783728e-03
2.382765591781489060e-03
2.379623993142313595e-03
2.376096294149308927e-03
2.372381615206965028e-03
2.368323300880919007e-03
2.363980161679141330e-03
2.359317605532361764e-03
2.354324443162431318e-03
2.348986979548922834e-03
2.343308111380906344e-03
2.337258367500503163e-03
2.330861475070499910e-03
2.324081279354934127e-03
2.316944986314694449e-03
2.309416245132352250e-03
2.301514412234808085e-03
2.293203135764525658e-03
2.284493591032410800e-03
2.275352910227754731e-03
2.265792013829706891e-03
2.255787949920569271e-03
2.245357522791463674e-03
2.234486881631205912e-03
2.223193426587257750e-03
2.211461835582728078e-03
2.199301025070204887e-03
2.186690120317004438e-03
2.173635044972081765e-03
2.160121809263253288e-03
2.146167294219289597e-03
2.131770490104392245e-03
2.116952788687666027e-03
2.101709254303960918e-03
2.086049739804140234e-03
2.069962251309505601e-03
2.053459684548588921e-03
2.036545433953272036e-03
2.019247430700836163e-03
2.001572966804061795e-03
1.983537389160676401e-03
1.965132534968412528e-03
1.946370736859211019e-03
1.927259745497992291e-03
1.907829480373980820e-03
1.888087768844134940e-03
1.868044901218151883e-03
1.847694742344979744e-03
1.827058038247247928e-03
1.806151828209639522e-03
1.784998805957096948e-03
1.763592598442382262e-03
1.741940711024373908e-03
1.720054483296736990e-03
1.697961602782438982e-03
1.675660517657560087e-03
1.653155186142066290e-03
1.630456199203429105e-03
1.607594131082675914e-03
1.584569299966291688e-03
1.561387678463093016e-03
1.538065647717410224e-03
1.514630258209829486e-03
1.491077573792449693e-03
1.467426406477175460e-03
1.443702230219759321e-03
1.419919892408046070e-03
1.396083618569205192e-03
1.372228221918294581e-03
1.348360259722686553e-03
1.324494517823761146e-03
1.300657239137759493e-03
1.276863093240002568e-03
1.253122984247896686e-03
1.229466527883560671e-03
1.205893685542739745e-03
1.182434495585342514e-03
1.159098593809965725e-03
1.135905748547774100e-03
1.112871902040137983e-03
1.090010281923890680e-03
1.067339963863805658e-03
1.044876091068641481e-03
1.022635273552402121e-03
1.000631031348096734e-03
9.788773199104767574e-04
9.573902308318734929e-04
9.361822925486821406e-04
9.152667326770309994e-04
8.946540062060369218e-04
8.743592315860272733e-04
8.543920305123196010e-04
8.347640720654034415e-04
8.154840513732267452e-04
7.965644942937789071e-04
7.780108658341453607e-04
7.598323552636389267e-04
7.420347270161013233e-04
7.246251743650459565e-04
7.076059270387959196e-04
6.909844034391300410e-04
6.747615480389191093e-04
6.589416000988365272e-04
6.435254579403042099e-04
6.285150671148464043e-04
6.139085660622724998e-04
5.997073699427399578e-04
5.859069389016240614e-04
5.725075864261562099e-04
5.595038016255567733e-04
5.468938526199210734e-04
5.346715507725264540e-04
5.228330337356041540e-04
5.113711555433820416e-04
5.002806732926032849e-04
4.895534985960003091e-04
4.791833275650211649e-04
4.691607710562835875e-04
4.594783365643631112e-04
4.501256542730840116e-04
4.410948177257235621e-04
4.323751416669663859e-04
4.239581102013787253e-04
4.158319709848891420e-04
4.079872121984227961e-04
4.004117664613220215e-04
3.930963244465984991e-04
3.860289221670561068e-04
3.791998823691364556e-04
3.725972042579918245e-04
3.662120422634008239e-04
3.600336529065814475e-04
3.540536052884129853e-04
3.482610193868708437e-04
3.426481102775094309e-04
3.372058398937199833e-04
3.319276165932226420e-04
3.268044467695710832e-04
3.218304017324824583e-04
3.169984434333413459e-04
3.123030895582453630e-04
3.077356844119954549e-04
3.032898527471427990e-04
2.989577475578473077e-04
2.947334665462949090e-04
2.906082261740303846e-04
2.865747870462711979e-04
2.826261792687774087e-04
2.787565208863019314e-04
2.749557190215357917e-04
2.712201372046210593e-04
2.675444616934630139e-04
2.639245098230960282e-04
2.603593181644443268e-04
2.568449163170233394e-04
2.533809123850709675e-04
2.499681639102331945e-04
2.465970368047560039e-04
2.432698023204852276e-04
2.399801678189863443e-04
2.367221290040036612e-04
2.334951209146459577e-04
2.302897789258588211e-04
2.271068525360794691e-04
2.239498979798417778e-04
2.208111418757095692e-04
2.176986023117981491e-04
2.146111568451237713e-04
2.115485947929983434e-04
2.085125502386229741e-04
2.054921517656334707e-04
2.024878822970152612e-04
1.994993686297251152e-04
1.965168853875932519e-04
1.935499384402178955e-04
1.905979471682128171e-04
1.876639878680789195e-04
1.847521942254751626e-04
1.818498732162957530e-04
1.789582196376548009e-04
1.760778305395856343e-04
1.732007109788943108e-04
1.703399687924600286e-04
1.674958979437176265e-04
1.646720638964773136e-04
1.618709232949988260e-04
1.590776755587063691e-04
1.562991773422946196e-04
1.535421124900212869e-04
1.508030838833127572e-04
1.480926857225339083e-04
1.453993886654469350e-04
1.427198399226602588e-04
1.400593433557298568e-04
1.374109540141801010e-04
1.347870714441355288e-04
1.321851209962131529e-04
1.295913483412668285e-04
1.270179052273727363e-04
1.244647458222541546e-04
1.219379135760254935e-04
1.194379267452522366e-04
1.169485995414052564e-04
1.144853477674588588e-04
1.120501418577274686e-04
1.096292176717823493e-04
1.072283825653636084e-04
1.048445721784431358e-04
1.024850264378985204e-04
1.001513215836701313e-04
9.783227005815200994e-05
9.554566606394013467e-05
9.328538621064854373e-05
9.104039133932305752e-05
8.882435568110734448e-05
8.662675136622402028e-05
8.444692421360362191e-05
8.229767962159061437e-05
8.016925317979307322e-05
7.806841832597166686e-05
7.599631174139315248e-05
7.394531616671684180e-05
7.192113340743873308e-05
6.992059892339545150e-05
6.794560844943268400e-05
6.600614958158051147e-05
6.409056835486380110e-05
6.220470490142989968e-05
6.034337920010319036e-05
5.850216920633818029e-05
5.669095787260071016e-05
5.489885859485476807e-05
5.312768231969973849e-05
5.137058342284642236e-05
4.962013156336908841e-05
4.788154274113114915e-05
4.615343133941241991e-05
4.443428666815187836e-05
4.273325161308065719e-05
4.105851664060204329e-05
3.943382589822346152e-05
3.787733698535532744e-05
3.640255090561037059e-05
3.502865987043848021e-05
3.376624614891005354e-05
3.261484352939068854e-05
3.156670583217537020e-05
3.060781691795367324e-05
2.972593182430954787e-05
2.889970609442046707e-05
2.811143141699552073e-05
2.735219592111140131e-05
2.661089712892590717e-05
2.587605592298342842e-05
2.514346654745641587e-05
2.440594958038394674e-05
2.365443529573490344e-05
2.288658128544720306e-05
2.210210716505459398e-05
2.129922963227227372e-05
2.048364509163596255e-05
1.965447353142282217e-05
1.881448061163511134e-05
1.797164716331588495e-05
1.713123467485748425e-05
1.630184934779254914e-05
1.548844741684495503e-05
1.469198117421937879e-05
1.391727224843828518e-05
1.316808112439685262e-05
1.244709140176873518e-05
1.175596470002204830e-05
1.109167830262991415e-05
1.045558278454136980e-05
9.852016262969434063e-06
9.277857605422454280e-06
8.732433928321763959e-06
8.214499570013699705e-06
7.725194675375398666e-06
7.264371919532927459e-06
6.826010225687525299e-06
6.410887553483190745e-06
6.020596814705063544e-06
5.649874429284816727e-06
5.300251321191448734e-06
4.972936779776199786e-06
4.665311852052748387e-06
4.376735013757564050e-06
4.105953112126242118e-06
3.850569092365957340e-06
3.609686826679377810e-06
3.382876754552671209e-06
3.169476279771948484e-06
2.969723327716310503e-06
2.783679932396982499e-06
2.608175566854560061e-06
2.443270166527377913e-06
2.287204909050550304e-06
2.140410348531511194e-06
2.002770851991127595e-06
1.875750992514415176e-06
1.757369047412111125e-06
1.645103274053656518e-06
1.539313275975854382e-06
1.440523078145946827e-06
1.348965686548713194e-06
1.264620805997832671e-06
1.185330012689318514e-06
1.109213821735760937e-06
1.037781807417877149e-06
9.727268057424516485e-07
9.126321582060651496e-07
8.540510348674133473e-07
7.995940422785510462e-07
7.484401301272142824e-07
7.026272057691752255e-07
6.579271686831629487e-07
6.154499551868118634e-07
5.748828905665850747e-07
5.380249841489822661e-07
5.016238268654677953e-07
4.667334666621482840e-07
4.372297835954408804e-07
4.084653872938347759e-07
3.816985148160313754e-07
3.579283727979455352e-07
3.366047082058032925e-07
3.135613842478745581e-07
2.937937667101705697e-07
2.754814632395268775e-07
2.562434751205583875e-07
2.413948447698386147e-07
2.255822373951753607e-07
2.102756899924880719e-07
1.968068604311138745e-07
1.832332244164536240e-07
1.720598565769504310e-07
1.614987078175498794e-07
1.524815363984210706e-07
1.428703639097164308e-07
1.336148586656507778e-07
1.245343929331290697e-07
1.151527528592833325e-07
1.090767999796095946e-07
1.016036100852545304e-07
9.493857601024654217e-08
8.907681158495245671e-08
8.407641071533513594e-08
7.929239188866168687e-08
7.377990960646599860e-08
6.851180099973475072e-08
6.338798366095131261e-08
6.052985170489117265e-08
5.693754378396634149e-08
5.278674618744857641e-08
5.055273087967004925e-08
4.637795060858737975e-08
4.336275046469441354e-08
4.075973518625567017e-08
3.819503649282627840e-08
3.687053181983415598e-08
3.378826189668016055e-08
3.151998129802165794e-08
2.991848738344455260e-08
2.758416399338457346e-08
2.657694258272062573e-08
2.489648323282165509e-08
2.286083308879389979e-08
2.163431096852465296e-08
2.048053740219139467e-08
1.936341851587816081e-08
1.805745114482033550e-08
1.687468033315837153e-08
1.597779885301127701e-08
1.501679027157388107e-08
1.417138244068275368e-08
1.317904771256026486e-08
1.249061957712507487e-08
1.185888255425558150e-08
1.092262370748504363e-08
1.048559583729118030e-08
9.756222582027580111e-09
9.190977899316570754e-09
8.609863750525641267e-09
8.157346814640843285e-09
7.646921453314947340e-09
7.173799004162506714e-09
6.746186287815848269e-09
6.304675581007317746e-09
6.015732237353236195e-09
5.550409284630307430e-09
5.186895327083407097e-09
5.024869394992045141e-09
4.574154520704305664e-09
4.379431235306540173e-09
4.121215921316217219e-09
3.816994115510396802e-09
3.703729874812354854e-09
3.446959437160991071e-09
3.197223542462868959e-09
3.171686537051338235e-09
2.903591515918341010e-09
2.773510956999270399e-09
2.702383898302787439e-09
2.434632763754732228e-09
2.454139254992251030e-09
2.244241048547870394e-09
2.088212386667444683e-09
2.072800876605512061e-09
1.849198089980848655e-09
1.773517558927226342e-09
1.676617931412740350e-09
1.490626022012781380e-09
1.481702944297820595e-09
1.333160563688321825e-09
1.235595976079187506e-09
1.231927811575242299e-09
1.108122439785901884e-09
1.099184647258718649e-09
1.059862412935011019e-09
9.859104682651458142e-10
1.003660968400763337e-09
9.260159280313163858e-10
8.756852177238323316e-10
8.510763270954491745e-10
7.548033211941678968e-10
7.152465611164712799e-10
6.542709916668929298e-10
5.850052362749760781e-10
5.789407262956797800e-10
5.339771008867850312e-10
5.244812341835896441e-10
5.324789484181941799e-10
5.055472899836391958e-10
5.016419436255367553e-10
4.702347948310553876e-10
4.194651092986474992e-10
3.921201802168106683e-10
3.400361259969702401e-10
3.171945721261618922e-10
3.134630646122266997e-10
3.072683451081340485e-10
3.192715741324787819e-10
3.133727385969170949e-10
2.884559405689862273e-10
2.645841287095258905e-10
2.231880180212162134e-10
2.032229710276037276e-10
2.003309066690388926e-10
2.049930206912873164e-10
2.154204798622048513e-10
2.068952795147087671e-10
1.805131595070212354e-10
1.564220822892088259e-10
1.365701669648514149e-10
1.406896103022648517e-10
1.516539680800984101e-10
1.506921388343197550e-10
1.354844031755479102e-10
1.115870638604875087e-10
9.954373186261986186e-11
1.073333508822943652e-10
1.133072069869433718e-10
1.072278019577628254e-10
8.875948170627201332e-11
7.673902641785158348e-11
8.176935927426393692e-11
8.681319916287057047e-11
7.863749367479813006e-11
6.552123048934085347e-11
6.136881618467167000e-11
6.666551771649012495e-11
6.428204119113213157e-11
5.384743747072584304e-11
5.026670482996202852e-11
5.223052513317638511e-11
4.965725401926750929e-11
4.347206177906539709e-11
4.125901760459366660e-11
4.099339628674786671e-11
3.804614143986111891e-11
3.478169762107370499e-11
3.306662840429052840e-11
3.137566707169561991e-11
3.010072060221283147e-11
2.646258764316598977e-11
2.573067523944161630e-11
2.526790956446200301e-11
2.102572125463085849e-11
2.130975065783551210e-11
2.055383108502969265e-11
1.599152183198978275e-11
1.890076285734689538e-11
1.400878118039490294e-11
1.477985426331161192e-11
1.352041977316791422e-11
1.109456624591767133e-11
1.225382662166640657e-11
8.789161009861033192e-12
1.026655104856670270e-11
7.274961203738722899e-12
8.236268715311252139e-12
6.006065402047691911e-12
6.468772167705528927e-12
4.837270449754222247e-12
5.009703644521888186e-12
3.762883683575803804e-12
3.798718341184481808e-12
2.840358391062106798e-12
2.813512243931044791e-12
2.066072423529548820e-12
2.036102740176278393e-12
1.445425700581424741e-12
1.456060041240530500e-12
9.783690750580446848e-13
1.028019456062023796e-12
6.787414330788217266e-13
7.499471113542099531e-13
5.096234090263081849e-13
6.100685057746215543e-13
4.441037341180549834e-13
5.907730487423972478e-13
4.653557802810986062e-13
6.351891249744154029e-13
5.622297085600521611e-13
7.232332334869518272e-13
6.858000256436710988e-13
8.293194055430994506e-13
7.949040397103999531e-13
9.298641680781415521e-13
8.687275878845382084e-13
9.747234261556471159e-13
8.979239131047520403e-13
9.537712023747514980e-13
8.593562169233246172e-13
8.663540071832133424e-13
7.451019022782831159e-13
7.282842783328765348e-13
5.773418483260978439e-13
5.438271616910840987e-13
3.930619455017164094e-13
3.496351850215713091e-13
2.207552212832542847e-13
1.851742858504282675e-13
8.647386543629915171e-14
8.613359818405006272e-14
1.791663804374961083e-14
5.445906068056258497e-14
2.504743785783790443e-14
8.394225300991373320e-14
8.493540585561995960e-14
1.485786326495901786e-13
1.545388883327410897e-13
2.115105696824479531e-13
1.962508879549732468e-13
2.291026848968656816e-13
1.879143526239324841e-13
1.884876174751497612e-13
1.301865937085426723e-13
1.106920403470335610e-13
5.089158209105717670e-14
4.002851879561164497e-14
-3.591500722856280697e-15
1.114421323128134904e-14
-3.856089588771636270e-15
3.235839529109735980e-14
3.741314931246454451e-14
7.453259942521570963e-14
7.359215194949861043e-14
9.293999293726328141e-14
6.774533558434430008e-14
6.516716811981505331e-14
2.598659452312085608e-14
1.909760321595659991e-14
-7.309508366737038803e-15
2.955066796996734253e-15
2.021097583018923340e-16
2.735094145487171860e-14
2.964494843492437361e-14
4.878905410305452889e-14
3.350104531395064577e-14
3.190105980344599704e-14
5.999443016356700901e-15
3.657288835605942330e-15
-7.658467329465165389e-15
8.683904402837827470e-15
1.117534849986321696e-14
2.846152367430665476e-14
1.902023976007994479e-14
1.840142414499813275e-14
-6.400887762648499489e-16
6.948228814881817510e-16
-3.204995725120051412e-15
1.241443491588493939e-14
1.192595483072123854e-14
1.717542046369459224e-14
2.329766985484718877e-15
1.662858601785260683e-15
-3.950620338925819374e-15
8.237358462421214969e-15
7.843289869953886857e-15
1.087324874974615320e-14
-1.248315724969810805e-15
7.914823775485875806e-16
-4.813852340288297786e-16
9.488471660002350641e-15
3.837296723046285834e-15
2.724561802462693104e-15
-3.323847509320921532e-15
4.872187596913765939e-15
3.541755964949739823e-15
4.277367288260239867e-15
-3.064828544306593249e-15
3.045345627952154237e-15
2.447312019159226480e-15
3.486071074516210212e-15
-2.540494889044031038e-15
3.046251745345598217e-15
1.590667156152673684e-15
1.833243757822451924e-15
-1.798089150307083584e-15
3.780055705379338872e-15
-1.143729407945903388e-16
7.436283832158963118e-16
2.359513608746744467e-16
2.571217972261892166e-15
-1.687405450161361273e-15
2.417516675129198153e-15
-2.385168517473832629e-16
8.085137419799446453e-16
1.584126345962555538e-16
1.311958546174655687e-15
-8.919038882517720651e-16
1.998923854299247210e-15
-1.176080996624880103e-15
1.703568195816209451e-15
-7.358442901914332294e-16
1.133944952932450529e-15
-3.544736808174276267e-16
8.120563649538175084e-16
-2.386372015939885954e-16
7.166193658518318384e-16
-2.631864553200013673e-16
7.041739354332046852e-16
-3.136779981017786630e-16
6.982231011042879911e-16
-3.488716466500715835e-16
6.799775098380129469e-16
-3.648814601396112306e-16
6.514642479342365354e-16
-3.672748116389125399e-16
6.178143517243824720e-16
-3.613623927653189510e-16
5.827113434959795024e-16
-3.505895369291828401e-16
5.482155132862736203e-16
-3.369738736323585770e-16
5.153540516972009505e-16
-3.216805832575762363e-16
4.845900174547064154e-16
-3.053970608619875513e-16
4.560951764768605567e-16
-2.885415325780899040e-16
4.298948422828528085e-16
-2.713749154004782177e-16
4.059430691453084894e-16
-2.540614151213002544e-16
3.841618976964404348e-16
-2.367024309856201077e-16
3.644621261463578486e-16
-2.193563231159557098e-16
3.467544538810694374e-16
-2.020504392151894461e-16
3.309554982599366101e-16
-1.847887337489471885e-16
3.169910283937964273e-16
-1.675567515930308629e-16
3.047976705563496933e-16
-1.503249776683670132e-16
2.943237711013432344e-16
-1.330511101632718825e-16
2.855298069724010134e-16
-1.156816070637559699e-16
2.783885688156739866e-16
-9.815271158438959078e-17
2.728852459826834391e-16
-8.039108990656190252e-17
2.690174945143337294e-16
-6.231417225463530133e-17
2.667955344973864761e-16
-4.383025292840685762e-17
2.662423061719157296e-16
-2.483839270185995004e-17
2.673937029290983416e-16
-5.228150568001835274e-18
2.702988920686739573e-16
1.512083570141130773e-17
2.750207296287019041e-16
3.633940287779354763e-17
2.816362745952979446e-16
5.856954367661245879e-17
2.902374046102874115e-16
8.196520306007556874e-17
3.009315330180203649e-16
1.066931886413251603e-16
3.138424315343517111e-16
1.329341867247008049e-16
3.291111533370884855e-16
1.608838830019103146e-16
3.468970585057494486e-16
1.907541789896064226e-16
3.673789385566482296e-16
2.227745058645449072e-16
3.907562344295108810e-16
2.571932221468024252e-16
4.172503435718380947e-16
2.942790932401133314e-16
4.471060070480075611e-16
3.343228386219571849e-16
4.805927628205277751e-16
3.776387341494230451e-16
5.180064536826152625e-16
4.245662513514793616e-16
5.596707640816390388e-16
4.754717096740814277e-16
6.059387628850649649e-16
5.307499104925487872e-16
6.571944165467629934e-16
5.908257181627176684e-16
