# bin_2_2
1.199037969655999936e-05
1.278786225358637314e-05
1.318919187840085013e-05
1.400960542047690692e-05
1.449857762271544883e-05
1.534918881891334655e-05
1.592824079060987068e-05
1.681646800660750054e-05
1.748852871191715542e-05
1.842195499130378145e-05
1.919043406014644902e-05
2.017681417429438424e-05
2.104558563294119179e-05
2.209284591687305269e-05
2.306622521549679414e-05
2.418245463390749606e-05
2.526516720556220403e-05
2.645859785513090363e-05
2.765573724081799047e-05
2.893471225364681681e-05
3.025168553734470083e-05
3.162461212240922547e-05
3.306707024712228097e-05
3.454235539160480556e-05
3.611610574451772028e-05
3.770207193908072923e-05
3.941297045194992109e-05
4.111774876298862960e-05
4.297156880623622825e-05
4.480296665335293274e-05
4.680524213884700810e-05
4.877058343326638908e-05
5.092642399631098159e-05
5.303235981966766257e-05
5.534623658917890021e-05
5.759852553631155769e-05
6.007402722224629532e-05
6.247728593074508259e-05
6.511684663917477424e-05
6.767427302263029072e-05
7.047887559582151362e-05
7.319195017556020567e-05
7.616081210941548485e-05
7.902898645563030493e-05
8.215923965375434462e-05
8.517962576536781928e-05
8.846600670581426524e-05
9.163308700524494966e-05
9.506766032260757695e-05
9.837304494279276148e-05
1.019449909809368757e-04
1.053772569702341447e-04
1.090727621121445666e-04
1.126174177212771742e-04
1.164197148901984012e-04
1.200593404142112885e-04
1.239489549773496941e-04
1.276635786311804328e-04
1.316188405522234861e-04
1.353866115958585463e-04
1.393844960107027179e-04
1.431827154432644723e-04
1.472000678260027625e-04
1.510066260309952154e-04
1.550218112885058631e-04
1.588170581194627549e-04
1.628120408839788457e-04
1.665810724489089696e-04
1.705438844121059656e-04
1.742791682030400409e-04
1.782066438869866240e-04
1.819108173693743306e-04
1.858113813086006614e-04
1.894999495864558637e-04
1.933961189999793343e-04
1.970996516606499799e-04
2.010297906164488309e-04
2.047950927482684229e-04
2.088138389413713640e-04
2.127034757663274166e-04
2.168801958375251486e-04
2.209697285827995654e-04
2.253843942303331883e-04
2.297567953166406568e-04
2.344928736897136385e-04
2.392298977220129745e-04
2.443642796437097255e-04
2.495351290494260952e-04
2.551258179601834531e-04
2.607742742737207808e-04
2.668475074032445444e-04
2.729797324832798308e-04
2.795192732271019592e-04
2.860955142953588407e-04
2.930377512164466396e-04
2.999718284799637825e-04
3.072105708721395803e-04
3.143807378808723520e-04
3.217846104455393671e-04
3.290575491197288583e-04
3.365001130140511817e-04
3.437660605008475111e-04
3.511640877089051895e-04
3.583756408283597476e-04
3.657251128509523912e-04
3.729265267795795792e-04
3.803210479990970809e-04
3.876517036083326003e-04
3.952676145681328565e-04
4.029266618887036877e-04
4.109670538931797790e-04
4.191392194425434142e-04
4.277469705367129070e-04
4.365113935211978823e-04
4.456851451953947421e-04
4.549516450499565255e-04
4.645156866676476899e-04
4.740395285132039511e-04
4.837099920959051836e-04
4.932086886691008833e-04
5.027506702267302849e-04
5.120808623272117424e-04
5.214754082955924078e-04
5.307549254420334791e-04
5.402420842840400562e-04
5.497892170141305875e-04
5.596970054148908170e-04
5.697680878554672694e-04
5.802056853514707575e-04
5.907143362581520696e-04
6.013978260126262880e-04
6.119163051025863168e-04
6.223782098878616852e-04
6.325295337128937056e-04
6.426012475631251875e-04
6.524862916045721679e-04
6.625094296057383895e-04
6.725854152149218649e-04
6.829438135788731996e-04
6.933355230334057586e-04
7.037954537950781271e-04
7.139589202909071711e-04
7.238667111482783786e-04
7.333179316647933134e-04
7.425851240469955820e-04
7.516691149632321331e-04
7.608690055273454635e-04
7.700188159959254781e-04
7.791156454744504025e-04
7.877606691759626682e-04
7.959367136828079644e-04
8.035077231219374004e-04
8.108104579508607426e-04
8.179034203881201809e-04
8.249574923744342706e-04
8.316245429517539695e-04
8.377498179767374964e-04
8.430782229806280288e-04
8.479072031711666971e-04
8.523878571575747593e-04
8.567214532095709587e-04
8.605346629489893633e-04
8.636329599727937765e-04
8.658954969411996596e-04
8.677659904463069437e-04
8.693653505057898469e-04
8.706068623113513445e-04
8.710268364060299445e-04
8.707698339255221399e-04
8.701614587817369309e-04
8.694687492142071442e-04
8.682486771064537633e-04
8.663933433658504253e-04
8.642224957799157043e-04
8.621818046960316555e-04
8.598805663785800361e-04
8.571690155554777691e-04
8.544631605175034448e-04
8.521467823602462723e-04
8.497194988853328662e-04
8.472767468604070666e-04
8.453768333860640482e-04
8.439201122248540408e-04
8.424979303524741990e-04
8.417633041880970583e-04
8.417069124494560607e-04
8.418696405759969496e-04
8.427501955247339565e-04
8.443756685796101509e-04
8.461780975959455955e-04
8.487751055330748640e-04
8.517641510212870274e-04
8.548954909086291156e-04
8.586231865733590660e-04
8.621519612484570454e-04
8.659014728051696655e-04
8.694746183753844981e-04
8.727097753518369295e-04
8.757724380904769032e-04
8.781319469804092217e-04
8.802250856904999393e-04
8.815071307545540094e-04
8.824622118723381235e-04
8.827084600532377531e-04
8.827086291024065137e-04
8.822624260932485519e-04
8.818019282146106249e-04
8.812496914624731812e-04
8.809863722589036591e-04
8.809693306915368722e-04
8.814832340843941922e-04
8.824340189091131820e-04
8.839670753429187955e-04
8.858856814450771170e-04
8.881924091116422375e-04
8.906019874883341382e-04
8.930361954036814551e-04
8.952058368003477018e-04
8.970661837121173161e-04
8.984382329075142311e-04
8.994146182828360262e-04
8.999892646055421405e-04
9.004022697311189673e-04
9.007621663166107042e-04
9.013384550227763027e-04
9.021920565728385475e-04
9.034537082742506893e-04
9.050028318852750952e-04
9.067758324278664015e-04
9.085169596097178056e-04
9.101168994143490811e-04
9.113982439887533590e-04
9.124212861033616619e-04
9.132259824162370504e-04
9.140453109554124008e-04
9.149861112108193190e-04
9.161970249621235107e-04
9.175889293375383456e-04
9.190801951058000761e-04
9.204407755821471335e-04
9.216099981328132636e-04
9.225491615490051230e-04
9.234506897968054262e-04
9.244449845551156722e-04
9.256824328941907001e-04
9.270550610903110665e-04
9.284234359926525149e-04
9.295596453954735501e-04
9.304841474852075089e-04
9.313179666325612947e-04
9.323363332515422191e-04
9.335838054450749848e-04
9.349490098327980104e-04
9.361207886043354000e-04
9.370247419154840779e-04
9.377982611488281436e-04
9.387818389681401544e-04
9.400157200508238615e-04
9.412765187971522700e-04
9.422239276713396559e-04
9.429553408797810947e-04
9.438088473453740699e-04
9.449931078085377963e-04
9.461512417163714210e-04
9.469586309762373193e-04
9.475808170101947996e-04
9.485416568449704612e-04
9.497330103691433920e-04
9.505952409229690087e-04
9.510620375397565909e-04
9.518654006303926655e-04
9.530636860951042112e-04
9.538486544423047976e-04
9.541190074085654236e-04
9.549208057758486580e-04
9.561239690157260791e-04
9.565759970198417766e-04
9.567218991677384253e-04
9.577875417241483785e-04
9.586749410138653170e-04
9.586039688817570882e-04
9.591685690024399349e-04
9.602473083249975965e-04
9.602240800913493246e-04
9.604564618430900787e-04
9.613816001148094929e-04
9.614042636498267014e-04
9.615319910557258275e-04
9.621701156221606479e-04
9.621159040343090418e-04
9.622885863165422460e-04
9.625224194985858772e-04
9.624752582112525807e-04
9.625232986421721490e-04
9.624874536238701723e-04
9.623833046757441926e-04
9.622141446057578965e-04
9.620275641702366338e-04
9.617276002618585593e-04
9.614039913783744640e-04
9.609993222506235709e-04
9.605264538465466736e-04
9.599957126957479577e-04
9.593841294047621626e-04
9.587089365027737231e-04
9.579571163864585796e-04
9.571323905358260871e-04
9.562333160872527439e-04
9.552577137315943802e-04
9.542069407571927191e-04
9.530798721634061799e-04
9.518767980720853512e-04
9.505995207651260059e-04
9.492470318074519228e-04
9.478237988290623417e-04
9.463281802340865224e-04
9.447666936480547803e-04
9.431376309581340810e-04
9.414490562071798794e-04
9.396994869860457846e-04
9.378981225698793198e-04
9.360438023643534618e-04
9.341465472997099572e-04
9.322055261002428752e-04
9.302313465935092146e-04
9.282235349670068299e-04
9.261932213352464232e-04
9.241404386686340221e-04
9.220769626152493107e-04
9.200036632084396303e-04
9.179332997986721157e-04
9.158680314011758425e-04
9.138220106913805133e-04
9.117991056408192557e-04
9.098151031752699930e-04
9.078756524311326018e-04
9.059979528473555621e-04
9.041889116748058489e-04
9.024662632329142958e-04
9.008370352850568127e-04
8.993181551649980085e-04
8.979154271283900550e-04
8.966438056924876891e-04
8.955071177683483806e-04
8.945181786778159949e-04
8.936793623645399379e-04
8.930025034595176188e-04
8.924901124638622398e-04
8.921546713111750890e-04
8.920000095446619336e-04
8.920395066775039508e-04
8.922772943314026973e-04
8.927253358458579887e-04
8.933848337631334008e-04
8.942629658725934376e-04
8.953555121638470541e-04
8.966641953740350172e-04
8.981809874551681394e-04
8.999057265839118490e-04
9.018308446986777072e-04
9.039573881155717368e-04
9.062783360356541085e-04
9.087921614768302344e-04
9.114855356559457790e-04
9.143469779022572351e-04
9.173523185019491748e-04
9.204809849719554479e-04
9.237041611127150926e-04
9.270004075157287169e-04
9.303412088291863674e-04
9.337017270832498328e-04
9.370438774590374295e-04
9.403277888446620342e-04
9.435005081386234121e-04
9.465129889139258391e-04
9.493110839965982969e-04
9.518475153187143725e-04
9.540652292236045419e-04
9.559046512545064196e-04
9.572919833394852307e-04
9.581564870449931414e-04
9.584252855868051263e-04
9.580345661464227886e-04
9.569122062813503748e-04
9.549838655552325912e-04
9.521666926112545403e-04
9.483895144885001998e-04
9.435856311813120090e-04
9.376954131244121752e-04
9.306504000553677278e-04
9.223905298691077205e-04
9.128665122354930874e-04
9.020474915639204328e-04
8.899003484248528811e-04
8.764011378199534344e-04
8.615420723361049598e-04
8.453415478384166629e-04
8.278202818757896897e-04
8.090122035255697822e-04
7.889747212029954481e-04
7.677914035508307542e-04
7.455461901287236716e-04
7.223446241130264314e-04
6.983183019596723995e-04
6.736096649677666493e-04
6.483629777964628133e-04
6.227520079978996143e-04
5.969524492400410951e-04
5.711386992215447111e-04
5.454979753429606238e-04
5.202156881022792362e-04
4.954610076615309066e-04
4.714099646984854820e-04
4.482136698240350367e-04
4.260102682419581550e-04
4.049213477356265159e-04
3.850393929567644561e-04
3.664374760368845009e-04
3.491595779402874061e-04
3.332222539256845585e-04
3.186193118378467435e-04
3.053147247901705327e-04
2.932564038383937005e-04
2.823664058631119851e-04
2.725580272142406283e-04
2.637272943964674948e-04
2.557695803379248889e-04
2.485724339310699683e-04
2.420301781945557757e-04
2.360381092787766936e-04
2.305045084263410680e-04
2.253441748328384898e-04
2.204874117191852798e-04
2.158735218769608337e-04
2.114576647712335220e-04
2.072026946959862825e-04
2.030839480280575396e-04
1.990818988598328247e-04
1.951866794009883197e-04
1.913901659956035971e-04
1.876897221875607551e-04
1.840818065932732397e-04
1.805670866178179200e-04
1.771430804810005205e-04
1.738085722673622278e-04
1.705605881172575511e-04
1.673977406211371013e-04
1.643152440189194386e-04
1.613115868576384408e-04
1.583810068814434677e-04
1.555218687471813339e-04
1.527302146113413491e-04
1.500015631838718549e-04
1.473334295414903286e-04
1.447233926997717926e-04
1.421665115262990954e-04
1.396626115870753680e-04
1.372052367796412482e-04
1.347940782816275018e-04
1.324271785892029533e-04
1.301004696722877065e-04
1.278134702736592656e-04
1.255648769366867791e-04
1.233514593919711922e-04
1.211735566948227811e-04
1.190249089409969223e-04
1.169067970907869923e-04
1.148181338545752620e-04
1.127562953641710037e-04
1.107230591128412938e-04
1.087176511511435395e-04
1.067382574526328957e-04
1.047865229670800238e-04
1.028568811296481190e-04
1.009527359522970882e-04
9.907504672731846224e-05
9.722172334259098056e-05
9.539443686378341794e-05
9.359143517933713819e-05
9.181245564008704257e-05
9.006153275216795999e-05
8.833334733463195864e-05
8.662935736861351584e-05
8.494695204743074189e-05
8.328367187354765097e-05
8.164281655972461041e-05
8.002005993282664204e-05
7.841210187001105072e-05
7.682401042303272536e-05
7.525384963199269672e-05
7.370266238692468181e-05
7.216208329891433395e-05
7.063033946016922270e-05
6.911990844691102618e-05
6.763183474920688094e-05
6.616020192573027691e-05
6.471003040252753678e-05
6.328294076056324962e-05
6.188005613898154916e-05
6.049868400403543458e-05
5.913699681440313970e-05
5.779154019344936213e-05
5.646960226462542995e-05
5.516272615803387519e-05
5.386344305840492846e-05
5.258459309337843558e-05
5.130328795045609533e-05
5.002810504414100445e-05
4.878824648125801918e-05
4.753959064266302713e-05
4.631621826324287605e-05
4.512609408993024533e-05
4.394397363753602164e-05
4.280534529251844210e-05
4.166950154813653563e-05
4.054583130427661541e-05
3.945446807108188574e-05
3.835416299867331426e-05
3.726118232437681594e-05
3.617954341825682500e-05
3.512316894132998300e-05
3.408273739717244049e-05
3.306954222333393880e-05
3.208841476742724680e-05
3.111399718889182927e-05
3.017326916845139358e-05
2.921186752643255933e-05
2.825111185177174900e-05
2.732202042316337102e-05
2.637176328621410249e-05
2.546590799204262500e-05
2.457297531502037745e-05
2.366933958326230389e-05
2.279483884898246267e-05
2.188577857774685464e-05
2.099400088080058239e-05
2.015245473225155806e-05
1.933566419398610668e-05
1.860153784652179937e-05
1.790589946992920831e-05
1.723820270577018201e-05
1.663189081885974553e-05
1.606199314536616867e-05
1.556383755356542596e-05
1.511756562879584182e-05
1.467680383337973806e-05
1.425644901090843617e-05
1.385108090874078370e-05
1.347645894392095721e-05
1.312918214128999351e-05
1.276124210179808380e-05
1.238038958992456728e-05
1.200304055451167698e-05
1.163375522234222915e-05
1.125244982090458961e-05
1.083822227647554438e-05
1.041704950458854768e-05
1.000952593720171328e-05
9.587392684422757564e-06
9.144031792410910246e-06
8.708786114833268427e-06
8.294522765563455051e-06
7.871673468352455760e-06
7.453150303624697697e-06
7.066105230497240220e-06
6.686175162095063289e-06
6.305839598623235522e-06
5.956418324157096055e-06
5.621027569056892243e-06
5.290636203059542965e-06
4.989692248196659553e-06
4.700395199037006847e-06
4.416472796634054962e-06
4.158699038751174011e-06
3.906794921708726141e-06
3.672913654950229299e-06
3.453824692945492977e-06
3.239904292306382828e-06
3.043346056362092117e-06
2.854322122758876643e-06
2.681108488751184313e-06
2.514181347849255344e-06
2.357729713682061840e-06
2.210539167708541091e-06
2.072775415000468568e-06
1.944734772650438847e-06
1.820569364664380693e-06
1.706344149576728674e-06
1.599594893238352643e-06
1.498458764372898475e-06
1.402827553775065679e-06
1.314272048888322726e-06
1.231516383162918331e-06
1.152979246364061864e-06
1.078896865109979938e-06
1.011644502742991941e-06
9.468161241167591765e-07
8.860769453806326642e-07
8.304334552195921715e-07
7.770304987989049821e-07
7.273855808374634976e-07
6.817987345608000175e-07
6.378224549416173954e-07
5.976508149967137238e-07
5.596380367012698232e-07
5.240018526367708106e-07
4.915019138980540081e-07
4.597626877407485650e-07
4.311104712583589869e-07
4.032714206748967941e-07
3.777730686412752366e-07
3.537548770643422215e-07
3.311419032304388143e-07
3.095669959789839419e-07
2.897378314735336294e-07
2.709608981325306535e-07
2.530351778807033763e-07
2.371400214844361036e-07
2.212860288577727520e-07
2.069756351147662537e-07
1.935582864359019452e-07
1.811636691082687676e-07
1.691112193650074462e-07
1.582312144462289917e-07
1.482355715028450633e-07
1.383297127458139223e-07
1.298820452656314669e-07
1.213597915314211976e-07
1.133972865188215220e-07
1.064884242120745208e-07
9.951447996074511277e-08
9.340534911900961506e-08
8.736503635973521036e-08
8.185547152952079609e-08
7.654170918867688146e-08
7.190610344689916080e-08
6.735880753264056454e-08
6.255291556133570933e-08
5.916168992283075009e-08
5.511742372760791483e-08
5.149587764382970732e-08
4.842764505912821148e-08
4.512296229998888205e-08
4.246176858685469287e-08
3.969248915344997372e-08
3.728809643013014686e-08
3.475492227085215624e-08
3.274664728940520974e-08
3.065448339017280611e-08
2.849469322925504515e-08
2.719382348406407781e-08
2.500000837104470633e-08
2.363705566399892067e-08
2.239446506476501717e-08
2.054981281811486359e-08
1.969192472709867780e-08
1.827046895423852367e-08
1.711422777182471963e-08
1.628473606686644362e-08
1.500374765766171378e-08
1.423394635570810429e-08
1.332007195436318592e-08
1.246126165966201027e-08
1.176061268419237751e-08
1.099226972854230383e-08
1.039779678447660050e-08
9.670863923242346508e-09
9.195190316568976979e-09
8.580376942568261917e-09
8.010988177437020185e-09
7.624415077598378311e-09
7.085561094109265138e-09
6.713127834586025811e-09
6.313090422492355128e-09
5.866095435759170930e-09
5.620664460407172131e-09
5.224331090953879854e-09
4.905765299906434972e-09
4.632023270227220087e-09
4.365287231552766689e-09
4.117115238269944551e-09
3.845966362299545584e-09
3.648430176354576948e-09
3.410546667588674451e-09
3.242970807001353347e-09
3.035677560129505354e-09
2.819468333789872516e-09
2.737530485975320126e-09
2.526495980262364105e-09
2.379683147093510633e-09
2.284502729763174139e-09
2.085112331256154708e-09
2.038379445253824564e-09
1.887597108600763739e-09
1.742104198740574407e-09
1.727117903375774001e-09
1.561227607080935968e-09
1.495261362625016236e-09
1.432204232283741344e-09
1.295854512916588441e-09
1.288125260124678200e-09
1.182498148222436251e-09
1.092894847360571544e-09
1.093171251403677984e-09
9.764195878289400522e-10
9.482190135928544349e-10
9.033501766207457858e-10
8.167564749496330691e-10
8.183144672164789206e-10
7.470495607054049691e-10
6.949627217767967415e-10
6.932042655669949004e-10
6.190697751174536955e-10
6.059776870806432080e-10
5.728235841985023509e-10
5.220660707164511198e-10
5.220494773486911612e-10
4.755424308354971515e-10
4.477301892142667013e-10
4.406793707526335531e-10
3.977201208783244295e-10
3.889778709188429863e-10
3.664597486842182412e-10
3.369649130118964902e-10
3.346398054972867715e-10
3.057227776748355529e-10
2.900394555426749586e-10
2.825394305194801601e-10
2.574294222780177293e-10
2.510486937429409687e-10
2.365852825232799462e-10
2.187302809283632939e-10
2.159213691563891685e-10
1.980708420538397924e-10
1.888899344000272138e-10
1.823039647348472945e-10
1.677764841134916364e-10
1.629792610682801364e-10
1.534970151401929505e-10
1.429601497166360326e-10
1.399751363290328290e-10
1.290567064468071556e-10
1.235782753732688646e-10
1.181806502063406171e-10
1.099361213353578262e-10
1.061411948556759239e-10
1.000782841340563246e-10
9.373105118081908557e-11
9.104170556745210261e-11
8.445162926691798101e-11
8.087537942796727167e-11
7.697836754878400399e-11
7.204980167715987397e-11
6.927676730238059705e-11
6.531189416918577079e-11
6.145091247840647450e-11
5.923363551837411797e-11
5.523757771238279247e-11
5.280057448351530501e-11
5.010097696476414349e-11
4.705263617943760663e-11
4.505911738753813479e-11
4.244602720398834203e-11
4.003789724556472632e-11
3.831576648230475081e-11
3.585219328917224498e-11
3.415136829605955505e-11
3.230655417939145168e-11
3.036254102406047931e-11
2.892930934040011105e-11
2.719401951604686989e-11
2.564287882010425563e-11
2.435086858458330422e-11
2.279427102679049600e-11
2.158650838191549300e-11
2.032742132257934256e-11
1.904888427593036287e-11
1.801545485408567235e-11
1.684978222826534211e-11
1.581808072841102102e-11
1.486857595972297468e-11
1.385941957954751234e-11
1.299344153920067213e-11
1.213234727182288948e-11
1.127246988937272062e-11
1.053089439033660051e-11
9.743677548944231719e-12
9.045796519738967828e-12
8.365038912072796198e-12
7.706283451914632442e-12
7.094215262518924714e-12
6.515825467066139491e-12
5.944362708198378368e-12
5.432296456229487658e-12
4.917539893190171801e-12
4.462012640780655456e-12
4.006819611970777946e-12
3.600516920004026133e-12
3.202057256792554570e-12
2.850060793351807379e-12
2.506745921198491230e-12
2.198882134576343493e-12
1.907830487957228768e-12
1.657863822151566960e-12
1.409819677585503011e-12
1.212603868566023717e-12
1.012176505648002585e-12
8.592807368815470570e-13
7.142361753976351789e-13
5.940930150105670401e-13
4.944307237869152555e-13
4.224173538322915953e-13
3.529834674231160751e-13
3.234605134166002403e-13
2.842126869080794129e-13
2.821060124930378967e-13
2.791512298467472424e-13
2.887172174414659704e-13
3.076242603761785804e-13
3.368890877368738713e-13
3.589711520472707959e-13
4.001230197637665794e-13
4.194496503296055185e-13
4.561128278734378150e-13
4.764350150193483801e-13
4.934556257391698863e-13
5.030384586415748012e-13
5.069771189450940406e-13
4.938355518584214921e-13
4.841772888492461970e-13
4.484823521462347726e-13
4.207685601961831086e-13
3.755426530981017869e-13
3.286636049440250919e-13
2.774016402342836785e-13
2.277763471053474614e-13
1.738681080027613743e-13
1.334902822770004485e-13
8.625048540490052333e-14
5.987374800050864042e-14
3.382705665310994615e-14
2.185354943637289762e-14
1.768790244929774546e-14
2.478160254206443454e-14
3.449097458846889948e-14
5.627500095067535346e-14
7.019453654666097341e-14
9.309536437175127335e-14
1.049005948957497594e-13
1.149228138741070536e-13
1.150678871459769727e-13
1.097792713564019286e-13
9.375545455426572016e-14
7.801751927860423075e-14
5.231675556077879046e-14
3.466180438195669148e-14
1.468016083778189959e-14
4.746971141108284584e-15
-4.370203770187174711e-16
4.143363735707219777e-15
1.146157069800659628e-14
2.599970309511652763e-14
3.464349795203866996e-14
4.514140326819425838e-14
4.496014326842724439e-14
4.162123300206030503e-14
3.031452816789093570e-14
1.873621242551172496e-14
5.765159098433972413e-15
4.443519064119025229e-16
-2.648768669716058283e-15
4.209774372244254619e-15
1.080344760310436931e-14
1.983782813269411331e-14
2.263896253019596341e-14
2.166896356120598327e-14
1.376272022068991771e-14
6.585741268313639588e-15
-1.261845677272762673e-15
-1.006102235326658536e-15
1.661876195030336428e-15
8.960932076308141877e-15
1.253602050770083140e-14
1.300815048128755321e-14
7.286376978534195892e-15
2.216572238464267318e-15
-2.104235488818877295e-15
6.676060647495811680e-16
4.382143847822208211e-15
8.684500264407651211e-15
7.100661670859232218e-15
3.360172268882693223e-15
-1.137124052245383592e-15
-1.644765546028553644e-16
2.541827361276315226e-15
6.078876461340982810e-15
4.085577811141772048e-15
1.053382537920908477e-15
-1.245413002417012729e-15
1.358532258099483206e-15
3.555853831644453612e-15
3.588435552462552774e-15
2.250647230235250867e-18
-3.735355514386277987e-16
1.253995579253242644e-15
3.244344196700838753e-15
1.019026609714104712e-15
-4.063313924250689460e-16
4.345079112659930362e-16
2.491750982595974131e-15
7.480345245857525947e-16
-2.745879066799036275e-16
5.812764224639487647e-16
1.887485395630304863e-15
-7.464518065203513351e-18
-6.465789869480284045e-18
1.105741551025038972e-15
8.424770756472569896e-16
-4.756514572417445727e-16
9.752447354518599034e-16
5.655816174773778523e-16
-1.161092158646586257e-16
5.335882092563109325e-16
6.166664940193036631e-16
-2.873935244169923265e-16
7.845222566771138119e-16
2.922990501301040658e-17
1.738312667072100499e-16
4.421281171713081778e-16
-2.048289539804346480e-17
3.219892414268628817e-16
1.788733466574846704e-16
5.129238973892536651e-17
3.488067969377694914e-16
-8.795394314519408420e-17
3.775756689984850763e-16
-1.070973724416289617e-16
3.326112967698575205e-16
-8.346421370766705892e-17
2.755738705871840813e-16
-5.823327387112995076e-17
2.286060946532276858e-16
-4.143277833432174641e-17
1.936892026518917588e-16
-3.185912650654214404e-17
1.677074255419849008e-16
-2.664018966656892839e-17
1.476903409781462578e-16
-2.369238544120474740e-17
1.316809729386971845e-16
-2.181511599976440354e-17
1.184990108432964329e-16
-2.037172675266177350e-17
1.074297681494373155e-16
-1.903592179535855788e-17
9.802147166109879474e-17
-1.764410692095800277e-17
8.997223599933222662e-17
-1.611688240902052176e-17
8.306930189342096400e-17
-1.441815887625495127e-17
7.715597475041162313e-17
-1.253371891271366843e-17
7.211299183691018993e-17
-1.045977197423776284e-17
6.784754181062449494e-17
-8.196732983593549523e-18
6.428647324892998596e-17
-5.745792964225019504e-18
6.137189962340825862e-17
-3.107011832292187526e-18
5.905823388813018765e-17
-2.782578698919059383e-19
5.731011723256828123e-17
2.745378086481700147e-18
5.610093330728165213e-17
5.971904777278202442e-18
5.541172172269538451e-17
9.412610396959479065e-18
5.523037847170459522e-17
1.308217100046528609e-17
5.555106545431488413e-17
1.699873114179603499e-17
5.637378393825248557e-17
2.118398231221861410e-17
5.770407676877761011e-17
2.566325304802707627e-17
5.955283696544598018e-17
3.046562500552135843e-17
6.193620527257143012e-17
3.562407361663556972e-17
6.487554493326793338e-17
4.117564542230302180e-17
6.839748543431894184e-17
4.716166675104483820e-17
7.253402719626601408e-17
5.362798937176708197e-17
7.732270324567656258e-17
6.062527263696350876e-17
8.280679249477120238e-17
6.820930148532031969e-17
8.903558316168729007e-17
7.644134109129221340e-17
9.606468129190465834e-17
8.538852771087242952e-17
1.039563637332092125e-16
9.512429356514398963e-17
1.127799712032638230e-16
1.057288252019380220e-16
1.226123394942455036e-16
1.172895537259624816e-16
1.335382654281875989e-16
1.299016718668016352e-16
1.456510021685270345e-16
1.436686756271004825e-16
1.590527790252528808e-16
1.587029240798468159e-16
1.738553404504154228e-16
1.751262100865055648e-16
1.901804925144789513e-16
1.930703329212949765e-16
2.081606488199465420e-16
2.126776604129033455e-16
2.279393606371961632e-16
