# bin_2_3
2.761728895004475869e-05
2.830387378147373350e-05
3.026161812175485465e-05
3.111946358731524883e-05
3.315962879693924601e-05
3.419625139527794269e-05
3.633290058715419175e-05
3.755673249206654507e-05
3.980447193611402214e-05
4.122485392263298618e-05
4.359884178654054319e-05
4.522600485446797336e-05
4.774194601638596442e-05
4.958697849865624925e-05
5.226110206360646084e-05
5.433589861534998542e-05
5.718491425683206537e-05
5.950210251059608155e-05
6.254313122944964382e-05
6.511597138531478488e-05
6.836644571449504535e-05
7.120869782720974021e-05
7.468622603905055097e-05
7.781197924320566544e-05
8.153416766930805294e-05
8.495762530356361440e-05
8.894185262627810756e-05
9.267706703332875134e-05
9.694020443435952695e-05
1.010007553676923342e-04
1.055588267448724806e-04
1.099574379654091964e-04
1.148252153439276120e-04
1.195733052069041175e-04
1.247638361166315628e-04
1.298710000444137089e-04
1.353950662367665197e-04
1.408684921692715856e-04
1.467340029121250850e-04
1.525778254439523528e-04
1.587891540543926697e-04
1.650037593112362749e-04
1.715610389671918656e-04
1.781423407056757519e-04
1.850407450984806396e-04
1.919794632921558320e-04
1.992085097806780734e-04
2.064894962914328575e-04
2.140324238134544508e-04
2.216340956434839496e-04
2.294673867002211781e-04
2.373613453742496053e-04
2.454544802489971845e-04
2.536054152081574156e-04
2.619209659977499573e-04
2.702869588377013557e-04
2.787811486537532333e-04
2.873145108501268968e-04
2.959383763703489338e-04
3.045871617044011606e-04
3.132884601706805859e-04
3.219987887035712462e-04
3.307247769147800276e-04
3.394440825738376309e-04
3.481452571222600151e-04
3.568265167004327945e-04
3.654613320053348756e-04
3.740682397817948128e-04
3.826087036273594414e-04
3.911216136776957076e-04
3.995594910278852502e-04
4.079817528761379747e-04
4.163348852512437038e-04
4.246989499005059555e-04
4.330169277412086607e-04
4.413893162255475228e-04
4.497574508821196825e-04
4.582413934671885920e-04
4.667816746875162390e-04
4.755160119301036527e-04
4.843835887514883853e-04
4.935364761729407442e-04
5.029102815823020389e-04
5.126664904782584319e-04
5.227330872025287784e-04
5.332743943497631617e-04
5.442050954482944214e-04
5.556845312452881854e-04
5.676074370007384677e-04
5.801200508524548922e-04
5.930907971275816088e-04
6.066459448120157909e-04
6.206233815715972869e-04
6.351258769079857341e-04
6.499609308905062712e-04
6.652098681718039176e-04
6.806564216231451121e-04
6.963698202290114067e-04
7.121241962047804644e-04
7.279934684307624079e-04
7.437628126790281563e-04
7.595325090533908488e-04
7.751216878472755919e-04
7.906775983575415126e-04
8.060709373976975359e-04
8.215066208236910172e-04
8.369097303642407046e-04
8.525344106238314391e-04
8.683404227022952556e-04
8.845987584769426058e-04
9.012612743497138345e-04
9.185649773284125042e-04
9.364007037159281874e-04
9.549216483692765222e-04
9.739197321012281212e-04
9.934453661549122981e-04
1.013199139766565509e-03
1.033166134097420960e-03
1.053023541775482920e-03
1.072783122839701415e-03
1.092203608627761178e-03
1.111423322608506370e-03
1.130357155151061072e-03
1.149298219813199746e-03
1.168284498286016517e-03
1.187664226245689451e-03
1.207442908170471528e-03
1.227839296669707998e-03
1.248655046507544768e-03
1.269869787517997070e-03
1.291076801931562981e-03
1.312138831261692312e-03
1.332677043463906513e-03
1.352733279065338606e-03
1.372224168660379079e-03
1.391509735222709295e-03
1.410736766374940396e-03
1.430299771338375010e-03
1.450146576072520012e-03
1.470285071050702209e-03
1.490238262596281157e-03
1.509737437176367301e-03
1.528335964136903584e-03
1.546123207355928810e-03
1.563195588560061878e-03
1.580087074243342361e-03
1.596971146768134085e-03
1.613990101820175164e-03
1.630648361194243952e-03
1.646546952476085450e-03
1.661174177215378293e-03
1.674715212021698173e-03
1.687477770983459528e-03
1.700076447100152925e-03
1.712457720817043335e-03
1.724300711234859210e-03
1.734827263482423580e-03
1.743915187147085334e-03
1.751826659390227697e-03
1.759348681460666964e-03
1.766537634891596426e-03
1.772976261661330733e-03
1.777833510546865566e-03
1.781250691895796363e-03
1.783855174858796485e-03
1.786321285056610480e-03
1.788079707130655607e-03
1.788460343524787355e-03
1.787424434133705678e-03
1.786075091378051859e-03
1.784655077625858224e-03
1.782502452720210974e-03
1.779010442954941529e-03
1.775227759510628750e-03
1.771804770854212797e-03
1.768155914069786646e-03
1.763579762876068017e-03
1.759301604673182192e-03
1.755832180925424955e-03
1.752297940510578371e-03
1.748558387360827976e-03
1.746129046982811215e-03
1.744434255512158959e-03
1.742785666549338027e-03
1.742330213501913031e-03
1.743284929070285658e-03
1.744293199256942819e-03
1.746732459134276794e-03
1.750378875727214185e-03
1.754203043394562869e-03
1.759357030915844125e-03
1.765207050081741029e-03
1.770973978062286664e-03
1.777989399595530278e-03
1.784270592945651907e-03
1.791085580312062712e-03
1.797380116962039778e-03
1.803103411567146810e-03
1.808485338235871686e-03
1.812618169119122134e-03
1.816332391986438897e-03
1.818647279059354459e-03
1.820464713375780910e-03
1.821115953937160704e-03
1.821407051768680419e-03
1.821020960609143246e-03
1.820653202450861399e-03
1.820222533689709208e-03
1.820294343620880526e-03
1.820860269759006682e-03
1.822297091274278566e-03
1.824518484109218441e-03
1.827655132468639001e-03
1.831457747646057788e-03
1.835817991719950523e-03
1.840350685492427290e-03
1.844821272634067626e-03
1.848851763587836070e-03
1.852275402018327497e-03
1.854908809625397271e-03
1.856822793592776072e-03
1.858124993869437113e-03
1.859132000523965522e-03
1.860134382555961785e-03
1.861488258002912122e-03
1.863388377345051583e-03
1.865945942093744959e-03
1.869037013828251520e-03
1.872441886119630226e-03
1.875807321696115228e-03
1.878847336294946864e-03
1.881353335926099542e-03
1.883346855907641788e-03
1.885001727146715968e-03
1.886645219772329404e-03
1.888561646721530684e-03
1.890924571015091104e-03
1.893659581001568915e-03
1.896525469970720794e-03
1.899187750419792159e-03
1.901443419396085842e-03
1.903302281176311997e-03
1.905029623730844458e-03
1.906952109423541795e-03
1.909274405002316490e-03
1.911891177213474345e-03
1.914470954783853689e-03
1.916664077459880738e-03
1.918412735138525773e-03
1.920000973017485209e-03
1.921862851856105930e-03
1.924172275881523390e-03
1.926670620767837643e-03
1.928855636939171263e-03
1.930499612373566586e-03
1.931903731326772801e-03
1.933630878088321873e-03
1.935845671705712159e-03
1.938085877336985377e-03
1.939771590117293429e-03
1.940989989689433006e-03
1.942426139687921088e-03
1.944436536889405888e-03
1.946440110195717371e-03
1.947746699953915341e-03
1.948681695220231495e-03
1.950175157685029269e-03
1.952135534877600569e-03
1.953465685997341546e-03
1.954030001456705246e-03
1.955116630984488849e-03
1.956959119473777962e-03
1.958033253346373043e-03
1.958117677665177116e-03
1.959060840907847142e-03
1.960759985718441185e-03
1.961070336880608566e-03
1.960757787107575336e-03
1.962005013687446748e-03
1.962943060650611249e-03
1.962100754945246984e-03
1.962323353132412393e-03
1.963361938561630597e-03
1.962431572730024155e-03
1.961880353664814929e-03
1.962437930486626587e-03
1.961330115317235639e-03
1.960400015621097461e-03
1.960179155719874323e-03
1.958705456282370649e-03
1.957561223165240651e-03
1.956373127451294710e-03
1.954627279292073423e-03
1.952958472514847426e-03
1.950999680073843079e-03
1.948855335199684187e-03
1.946461225776699010e-03
1.943938975524920698e-03
1.941094138636299468e-03
1.938101790043358875e-03
1.934831093304630436e-03
1.931334152297123959e-03
1.927588505564774117e-03
1.923584189591875070e-03
1.919313546641567263e-03
1.914776444945857697e-03
1.909946049054541501e-03
1.904837075919821581e-03
1.899413897455248107e-03
1.893694025565962344e-03
1.887644018286704787e-03
1.881279107858341206e-03
1.874571735928931299e-03
1.867535173871505763e-03
1.860147887371852576e-03
1.852422401312535339e-03
1.844342050268848012e-03
1.835918896791048074e-03
1.827139337294766746e-03
1.818014188884506084e-03
1.808530909647116779e-03
1.798698159009502230e-03
1.788503374706228817e-03
1.777953330011842591e-03
1.767036200791176044e-03
1.755759000275069646e-03
1.744113163126516678e-03
1.732108901857264431e-03
1.719743107693631713e-03
1.707030388216109222e-03
1.693972331199295389e-03
1.680585387091874027e-03
1.666871672080036913e-03
1.652845013721540406e-03
1.638504435809335497e-03
1.623860011469943458e-03
1.608909676517761679e-03
1.593664734676424142e-03
1.578128247936813697e-03
1.562317785353070252e-03
1.546242596795658437e-03
1.529922351073317302e-03
1.513363887885973936e-03
1.496579470064731332e-03
1.479567821300547962e-03
1.462335752484687562e-03
1.444883603009669863e-03
1.427225813771239695e-03
1.409373054162260837e-03
1.391345390759951301e-03
1.373150701049609922e-03
1.354798149644346117e-03
1.336284717316340524e-03
1.317616771988073697e-03
1.298800709910631710e-03
1.279857565059098817e-03
1.260802378913835524e-03
1.241650701054159561e-03
1.222404023812175174e-03
1.203070437855025118e-03
1.183660383669007813e-03
1.164199169108705864e-03
1.144704501854025211e-03
1.125189791174612116e-03
1.105656905232739896e-03
1.086121094191702186e-03
1.066603870627032659e-03
1.047130804671134478e-03
1.027708042537025992e-03
1.008340928999398390e-03
9.890423796429439075e-04
9.698412985625644691e-04
9.507516012076525688e-04
9.317775472853940394e-04
9.129266468346047521e-04
8.942254580047327836e-04
8.756875238365988742e-04
8.573165418008198146e-04
8.391231070183898053e-04
8.211316164866538361e-04
8.033456294437455120e-04
7.857685928738366698e-04
7.684192486571673423e-04
7.513115970780357257e-04
7.344401218371777659e-04
7.178211384321680696e-04
7.014685494585635138e-04
6.853810626835595042e-04
6.695696537544294563e-04
6.540474242067891020e-04
6.388118491376285719e-04
6.238794362324792111e-04
6.092523139995606333e-04
5.949345482134135547e-04
5.809400394163430782e-04
5.672661826493491767e-04
5.539229100290659789e-04
5.409143281044335744e-04
5.282408664183804248e-04
5.159082713342552293e-04
5.039124354361543875e-04
4.922571921479584195e-04
4.809341181688712541e-04
4.699454807529904643e-04
4.592808339445339331e-04
4.489394142420497121e-04
4.389117650517548571e-04
4.291946825253654192e-04
4.197802516608971140e-04
4.106652422070003320e-04
4.018426530262407407e-04
3.933097174248422422e-04
3.850588685366413419e-04
3.770861964661582303e-04
3.693824581505141306e-04
3.619418640952677332e-04
3.547537714034757882e-04
3.478110202001764460e-04
3.411027316182923446e-04
3.346224581777980790e-04
3.283618263757833366e-04
3.223171728997210948e-04
3.164820620685136689e-04
3.108521069493766259e-04
3.054179315063092551e-04
3.001706340090399779e-04
2.950962906658065907e-04
2.901825295702893616e-04
2.854154912297631559e-04
2.807880049109133871e-04
2.762955973951709528e-04
2.719397002873520999e-04
2.677193235079810131e-04
2.636330943831827352e-04
2.596724712173962830e-04
2.558259358424357695e-04
2.520776723779927122e-04
2.484177736195354201e-04
2.448406966137067352e-04
2.413477088630962514e-04
2.379374802251077220e-04
2.346070092745395090e-04
2.313493237396422144e-04
2.281587893786082486e-04
2.250292409871264569e-04
2.219620718904582405e-04
2.189531018109128386e-04
2.159927322101965288e-04
2.130711295137522417e-04
2.101839221015392117e-04
2.073392206655286436e-04
2.045472420919485575e-04
2.017974700305547671e-04
1.990787890621525252e-04
1.963779176499366903e-04
1.936982829074914748e-04
1.910531745799102089e-04
1.884382035214028834e-04
1.858462945686554200e-04
1.832769279218506161e-04
1.807242547571491595e-04
1.781897880889135295e-04
1.756664783991798034e-04
1.731617405916043094e-04
1.706849988349733302e-04
1.682182294897695079e-04
1.657532834975457346e-04
1.633047905562449184e-04
1.608747627646444202e-04
1.584579394885648562e-04
1.560454144306937295e-04
1.536438955035145961e-04
1.512560806239135545e-04
1.488787259832405579e-04
1.465159786311348719e-04
1.441593074979552534e-04
1.418107697680714681e-04
1.394851159926633200e-04
1.371634778480487152e-04
1.348523479611405892e-04
1.325616918804948521e-04
1.302815028335220753e-04
1.280134486122141990e-04
1.257613120053057917e-04
1.235253833588947393e-04
1.213035187158373871e-04
1.190939762920301088e-04
1.169042262952490910e-04
1.147316227585484073e-04
1.125687594385221569e-04
1.104265977828976209e-04
1.083000053675113432e-04
1.061857531014115554e-04
1.040929229979833335e-04
1.020099766476247169e-04
9.994610863743706730e-05
9.790049276429651083e-05
9.586637465954941744e-05
9.385136700372391299e-05
9.185417741563992370e-05
8.987186517878319690e-05
8.791038149531318088e-05
8.596541278304630450e-05
8.403724812114789049e-05
8.213360019802439969e-05
8.024190941437532750e-05
7.837208753679983137e-05
7.652067508168877122e-05
7.468448867413419014e-05
7.287021957558565831e-05
7.107125105107150358e-05
6.929094273045772632e-05
6.753496262569804657e-05
6.579442361012497853e-05
6.407857601620265038e-05
6.238433537936785003e-05
6.070896779700245228e-05
5.905804921672129092e-05
5.742364371268053971e-05
5.580897527862214904e-05
5.421781609258635081e-05
5.264384296441803983e-05
5.109564565986616629e-05
4.957042141812532547e-05
4.806641184080472198e-05
4.658633759198396040e-05
4.512123427042967873e-05
4.367114056977781201e-05
4.223493565093843014e-05
4.080594915774169465e-05
3.938833866250354769e-05
3.797797792700045876e-05
3.657455372743553926e-05
3.518456517012741395e-05
3.381301249780505356e-05
3.247715513251299700e-05
3.119532309273385034e-05
2.998187980885294826e-05
2.885099942459187953e-05
2.780481307154890428e-05
2.684274317096451407e-05
2.596343913440391800e-05
2.515886739751078036e-05
2.441869016181006576e-05
2.372731800063172553e-05
2.307099403731240791e-05
2.244226707098239095e-05
2.183405593729857363e-05
2.123668867384887206e-05
2.063939062007689320e-05
2.003648870548239240e-05
1.942748828198690442e-05
1.880983244347405209e-05
1.817875134580597337e-05
1.753124663503349406e-05
1.687160345129375472e-05
1.620085502867926801e-05
1.551749906709609778e-05
1.482944438040130844e-05
1.414565576671611701e-05
1.346832307148151263e-05
1.279960347964004334e-05
1.214449137516701721e-05
1.150765869348428339e-05
1.088923598942749485e-05
1.029462780355893061e-05
9.726118726479332868e-06
9.178069157396912103e-06
8.654247008631529481e-06
8.156506016013602051e-06
7.682294105656182256e-06
7.234065473107469338e-06
6.806072699236290118e-06
6.399575665757877462e-06
6.017906650417454044e-06
5.656149808677466467e-06
5.313197792841217055e-06
4.988714447671530877e-06
4.683797679870136298e-06
4.396644604387596334e-06
4.124645797951520681e-06
3.868640483047594890e-06
3.630047475346983159e-06
3.403488498639019545e-06
3.190142696782839751e-06
2.991657783540953298e-06
2.803648262515815203e-06
2.626585029356617583e-06
2.461675171293017400e-06
2.305952294064657395e-06
2.159668371097236400e-06
2.023200223142987235e-06
1.894714782899626162e-06
1.774579987339748361e-06
1.661640666356443351e-06
1.556081126560975260e-06
1.457578220853017243e-06
1.364546717277384208e-06
1.277741038649268395e-06
1.196606867254744242e-06
1.120123099755664052e-06
1.049143483148835036e-06
9.826379197607831141e-07
9.202475197568389714e-07
8.616661945783182268e-07
8.074131021008103454e-07
7.567216036935317379e-07
7.084130852600717216e-07
6.638555287248042340e-07
6.210381197111060369e-07
5.817013802248421470e-07
5.443290297118268774e-07
5.096240159438323351e-07
4.761445581684856969e-07
4.454602935249715098e-07
4.165110794556777970e-07
3.889049280814692477e-07
3.642854211280813883e-07
3.401628744469420627e-07
3.180190293694882750e-07
2.973360628441195738e-07
2.786218323855655507e-07
2.599216210745964625e-07
2.434010586196774942e-07
2.281409916772514382e-07
2.127377048326734827e-07
1.999644591000799872e-07
1.867816950109801575e-07
1.746340234656676435e-07
1.637652560026880192e-07
1.532303614969048265e-07
1.437452484399488804e-07
1.342987489134189058e-07
1.259830869021758425e-07
1.176503298134699553e-07
1.105476370942530735e-07
1.035467405024974294e-07
9.617610784087234902e-08
9.088332735198732282e-08
8.469697023038581914e-08
7.919901927427484957e-08
7.432739238203281699e-08
6.950493206941983341e-08
6.521348830634483083e-08
6.102246041003398863e-08
5.744622217234093821e-08
5.335529952152218555e-08
5.041502591199898116e-08
4.712167060081951189e-08
4.379276192542922841e-08
4.183449978481548496e-08
3.840866365764277779e-08
3.636557704523591732e-08
3.439990165287534887e-08
3.162433363913114831e-08
3.026402376770606472e-08
2.808670755448353454e-08
2.633316290296009785e-08
2.499277977954008143e-08
2.309639008727405533e-08
2.187792531621496027e-08
2.045379709329811540e-08
1.918355334769931027e-08
1.806715421935820192e-08
1.691062977278582680e-08
1.598423713796778917e-08
1.486162195369687738e-08
1.414202112956966901e-08
1.318872250122288800e-08
1.231466216322624784e-08
1.171530710493692290e-08
1.089951922975041489e-08
1.032284629173976762e-08
9.694638263259736440e-09
9.034482676778533893e-09
8.627126639937860632e-09
8.040151027146585087e-09
7.544342793015847414e-09
7.109767120193607762e-09
6.724014169098854130e-09
6.324688669627162477e-09
5.908204718678359214e-09
5.620199397899269684e-09
5.231919151551359041e-09
4.992812434099154445e-09
4.667482643819671780e-09
4.328606416966376504e-09
4.215905946802981803e-09
3.880003095473217699e-09
3.658618176501875612e-09
3.515783792601033206e-09
3.201140660287294317e-09
3.137449245899016290e-09
2.900974572118434004e-09
2.677360550753811880e-09
2.657642153481946684e-09
2.398627125342210753e-09
2.299014271554928430e-09
2.203414012759844088e-09
1.990474553812650243e-09
1.981753470409538420e-09
1.817890945688670653e-09
1.679714156911570745e-09
1.681510580527724910e-09
1.500818077838274437e-09
1.457795492546213135e-09
1.389350876842933625e-09
1.255170490104829251e-09
1.258714743368468786e-09
1.148083346042710318e-09
1.068987013661718845e-09
1.065406704455561766e-09
9.520632432075287694e-10
9.316376195037518582e-10
8.806560378584420871e-10
8.027507715915154144e-10
8.026804184200005260e-10
7.309871298592095283e-10
6.886426214433456929e-10
6.772635975778103420e-10
6.117871143432938509e-10
5.977668026869655337e-10
5.637110930164418063e-10
5.178584763147038446e-10
5.147004179755700601e-10
4.698862283591969635e-10
4.461037018932981672e-10
4.342441935660140262e-10
3.959653548004258405e-10
3.858322769971893338e-10
3.639040970346850125e-10
3.361633015735755846e-10
3.321228827131281570e-10
3.043842826459126828e-10
2.905888890472130395e-10
2.801247232175135305e-10
2.581233702054904855e-10
2.504347018979735479e-10
2.361354094201459235e-10
2.196903290645264423e-10
2.153214239716199056e-10
1.983173159689121695e-10
1.901185152327778663e-10
1.815882929306045162e-10
1.691435666285113462e-10
1.630854005041718661e-10
1.539727130652678541e-10
1.440217388164223458e-10
1.400661602923308442e-10
1.297584853350775253e-10
1.244358420926624550e-10
1.182676481667230945e-10
1.108651457358525022e-10
1.064305370363706477e-10
1.004975408318703295e-10
9.440846367186452613e-11
9.114363838912224037e-11
8.485922014764823066e-11
8.125141393742100069e-11
7.696246118682807679e-11
7.241218526836901723e-11
6.921400273325996274e-11
6.532342282468596335e-11
6.150101313500690478e-11
5.896718263526245087e-11
5.506857944074754146e-11
5.256268258064327072e-11
4.961853593104234072e-11
4.673574967545672130e-11
4.442836562740845060e-11
4.186017763803449853e-11
3.938018814101416675e-11
3.748459408139523649e-11
3.500319644241352967e-11
3.323231824079276580e-11
3.121206539771409090e-11
2.932913619835322173e-11
2.765930368713104715e-11
2.594515290092483803e-11
2.428415070274029839e-11
2.289600563639228379e-11
2.127490653772616633e-11
2.001120980286274386e-11
1.862096829643148407e-11
1.736385597034107563e-11
1.616027150026294066e-11
1.501116984901461469e-11
1.387933385419466337e-11
1.288923787349074001e-11
1.182162414520136516e-11
1.093383469565197354e-11
9.992522259172687806e-12
9.164778277230352233e-12
8.327847841235496620e-12
7.584412286742015892e-12
6.837779326008859025e-12
6.182494446331381673e-12
5.514650403123689218e-12
4.943921525177070645e-12
4.361871220735992361e-12
3.873898921491269951e-12
3.361704792279903601e-12
2.951843237394167251e-12
2.531168749367685139e-12
2.184893819329049023e-12
1.847701370207119115e-12
1.572505362492140451e-12
1.305341513575679961e-12
1.113600596633641644e-12
8.984514021313675410e-13
7.747172087071826788e-13
6.354589130817915856e-13
5.562981835881957619e-13
4.841877652605745370e-13
4.497593249478755632e-13
4.213263618628959436e-13
4.413004889766530789e-13
4.321703143867486355e-13
4.843622545574329240e-13
5.069630184893600726e-13
5.625942913018846436e-13
6.048660933701220427e-13
6.549459265371370717e-13
6.915351279828436950e-13
7.420099754134708250e-13
7.494971139276173437e-13
7.823557681354975916e-13
7.708437624535127183e-13
7.676602897336494264e-13
7.363151665901144670e-13
6.974286906533889349e-13
6.392913128315886020e-13
5.848372925585603405e-13
4.981149357779111486e-13
4.335080377027068247e-13
3.434302454023420149e-13
2.739008345055801342e-13
1.988728735112758445e-13
1.387951768795666407e-13
8.605751083563234996e-14
5.783737879194901312e-14
2.794747179917893246e-14
3.268081810049119564e-14
3.278555704142599857e-14
5.818704511640899592e-14
8.152606473770073476e-14
1.127745539060084562e-13
1.384316477756076981e-13
1.658531132131505789e-13
1.722663815198286869e-13
1.812165772426254056e-13
1.646211251936500824e-13
1.481917536566705658e-13
1.160360810229924513e-13
8.423827690345943313e-14
4.960739761596533724e-14
2.614780824626516279e-14
3.829760175543986748e-15
2.693360964985326271e-15
3.107808205037323213e-15
2.078683377831813070e-14
3.690726653879529631e-14
5.624067515288932169e-14
6.652014489078173682e-14
7.192641155015459792e-14
6.127883637343970953e-14
4.924223929407466158e-14
2.625448541740844244e-14
1.133982240452656996e-14
-1.716787534307851555e-15
-1.744790013459548017e-15
4.215819069843277112e-15
1.879947815327855038e-14
2.837877563720153252e-14
3.686610484118956356e-14
3.132115023668061264e-14
2.309535913589375811e-14
8.250227896631374154e-15
-1.212987675615661996e-16
-3.309858461104115743e-15
4.264936826745505442e-15
1.212038493104817984e-14
2.088148857090055127e-14
1.844271072147947011e-14
1.271331979474957266e-14
1.944417533359015292e-15
-1.815978830536771519e-15
-3.488447387171623329e-16
8.071352655898213604e-15
1.206030854165310141e-14
1.217059401575771637e-14
3.952255477516849752e-15
-5.709931921075110843e-16
-1.393298143007299211e-15
5.014070519630449973e-15
8.275227988648370197e-15
7.320506950200161685e-15
6.135905768265545450e-16
-9.391047905770418329e-16
1.144075203165684339e-15
6.383500423461518907e-15
4.630317036509218324e-15
8.638724750562191798e-16
-1.406985775401423885e-15
2.735892040116845681e-15
4.206630748689879673e-15
2.325199030381249547e-15
-1.358295566394243623e-15
1.379992739612996344e-15
3.142775733206509093e-15
1.818315297010924373e-15
-1.067982465228269131e-15
1.520816629506221336e-15
2.296245035990054254e-15
5.769773867785500566e-16
-5.781035306332974577e-16
2.252220650988430115e-15
7.625695230966626089e-16
-2.133477634691780794e-16
1.000008138866808994e-15
1.355479137822462126e-15
-6.466424461131334664e-16
1.276142370665930179e-15
5.094803361102534743e-16
-1.445426525524034196e-17
7.952840692941128990e-16
4.457564905847901921e-16
-1.175849051494926510e-16
1.055614999516723788e-15
-3.918133904475915244e-16
8.474500778058543702e-16
-6.221868088571637875e-17
4.092415599811005542e-16
2.207748241474389761e-16
1.745000874097186013e-16
2.854453362197044235e-16
1.257017032997512686e-16
2.355481276698044728e-16
1.438838306428829675e-16
1.659610840850388811e-16
1.656657463687772233e-16
1.107993874230051987e-16
1.755655422393148249e-16
7.317593874120316990e-17
1.753745177125990770e-16
4.836346718104973372e-17
1.694532651004009170e-16
3.185496820738758055e-17
1.609536966303052644e-16
2.069865158988159788e-17
1.516736782787997593e-16
1.313411751033680807e-17
1.425474096757110575e-16
8.114336501608713808e-18
1.340351786949903725e-16
4.994191421413022076e-18
1.263502612474106867e-16
3.356901364138604959e-18
1.195795216774017816e-16
2.920799939011384910e-18
1.137461726851211241e-16
3.488694773141031692e-18
1.088426595461263256e-16
4.919414974938948869e-18
1.048481852140227083e-16
7.111113985456581876e-18
1.017382198565043550e-16
9.991019503537538056e-18
9.948973391470599880e-17
1.350886208833707931e-17
9.808410003135349573e-17
1.763250589044977919e-17
9.750870927080434665e-17
2.234495480225092261e-17
9.775787138705293292e-17
2.764226166577407095e-17
9.883332400136267704e-17
3.353205721611853522e-17
1.007445379416681537e-16
4.003252010181618437e-17
1.035089281467770234e-16
4.717168015810327811e-17
1.071520379508983648e-16
5.498697854860721537e-17
1.117077362131715437e-16
6.352503331677124865e-17
1.172184504037430716e-16
7.284157960388397630e-17
1.237354549036001570e-16
8.300155584181932818e-17
1.313192208098145294e-16
9.407932238524243544e-17
1.400398350331543781e-16
1.061589968864900096e-16
1.499774921253262052e-16
1.193348986470742007e-16
1.612230618772761355e-16
1.337120951951070940e-16
1.738787343339867108e-16
1.494070444342156079e-16
1.880587409755392898e-16
1.665483288288887230e-16
2.038901558760761516e-16
1.852774780441779814e-16
2.215137716688445495e-16
2.057498751409377546e-16
2.410850517969912138e-16
2.281357422370217027e-16
2.627751549157018177e-16
2.526212010794573260e-16
2.867720255060440687e-16
2.794094007143604848e-16
3.132815468126544511e-16
3.087217041641640589e-16
3.425287439418811420e-16
3.407989227077872766e-16
3.747590270083174213e-16
3.759025825877720494e-16
4.102394562782782333e-16
4.143162059541533351e-16
4.492600103509330818e-16
4.563465802635519544e-16
4.921348274904332770e-16
5.023249880928109596e-16
