# bin_1_1
2.235205965008959470e-05
1.987282995138001671e-05
2.035587197808466856e-05
1.804740308389518895e-05
1.854486511084210148e-05
1.639460510048759535e-05
1.690257440329423486e-05
1.489901029676970230e-05
1.541411569501313178e-05
1.354669163496327739e-05
1.406605253570252931e-05
1.232509605464175561e-05
1.284627759779916382e-05
1.122293343116870396e-05
1.174390740258621019e-05
1.023007834674211236e-05
1.074918943137477971e-05
9.337483796087163129e-06
9.853420950408103382e-06
8.537106268503797668e-06
9.048878863819011370e-06
7.821841519409091249e-06
8.328760132563798257e-06
7.185470646128740214e-06
7.687132246867034712e-06
6.622615978448545517e-06
7.118893410322408014e-06
6.128706446335471804e-06
6.619742024869628708e-06
5.699952056038801941e-06
6.186155134765928951e-06
5.333327093668848724e-06
5.815375412808176586e-06
5.026561599691262327e-06
5.505406184099962842e-06
4.778140546395818871e-06
5.255013802808622086e-06
4.587309931802690589e-06
5.063736483702688156e-06
4.454088722855670790e-06
4.931898320257336231e-06
4.379285178248100992e-06
4.860626816936565567e-06
4.364515611499900504e-06
4.851871629597939591e-06
4.412222954805611257e-06
4.908421578457608294e-06
4.525691809218245629e-06
5.033916147372214666e-06
4.709055733496848968e-06
5.232846814112109780e-06
4.967291674274093870e-06
5.510542602397615230e-06
5.306195495780153321e-06
5.873133472794029031e-06
5.732331873322182584e-06
6.327484524199460335e-06
6.252951438070156689e-06
6.881093986071618393e-06
6.875868378419504032e-06
7.541948691164248446e-06
7.609293056646228905e-06
8.318332838575483024e-06
8.461617125128454011e-06
9.218589718372440704e-06
9.441153618648029771e-06
1.025084236985604202e-05
1.055584219542369231e-05
1.142268832614217292e-05
1.181294051416346742e-05
1.274089605694328506e-05
1.321873674067866655e-05
1.421114621245137677e-05
1.477833495110336584e-05
1.583787838820004755e-05
1.649558305108362387e-05
1.762432144646837031e-05
1.837322865706153842e-05
1.957279849571300626e-05
2.041339702506330702e-05
2.168539995844652612e-05
2.261847907680890319e-05
2.396510140885079411e-05
2.499248752618374078e-05
2.641735697863296836e-05
2.754287513049813284e-05
2.905211516139668363e-05
3.028270388853311862e-05
3.188607740816624774e-05
3.323290807521707472e-05
3.494485829398326549e-05
3.642422311844382786e-05
3.826453557973812287e-05
3.989819570625234780e-05
4.189195286716171634e-05
4.370661665666209894e-05
4.588313938709102913e-05
4.790882145674737379e-05
5.029944201126251916e-05
5.256668356310795686e-05
5.520150977105054237e-05
5.773783919437744741e-05
6.064213906520755075e-05
6.346866684600820476e-05
6.666002248358846591e-05
6.978953095590727099e-05
7.327724996486207872e-05
7.671526397777589043e-05
8.050335660539234897e-05
8.425311067777795852e-05
8.834711798659523852e-05
9.241784206837986150e-05
9.683388511551004594e-05
1.012496308513386757e-04
1.060218061619310273e-04
1.108260923287119221e-04
1.160071297648308412e-04
1.212586825589029359e-04
1.269104169037252089e-04
1.326688351964492565e-04
1.388445148213132664e-04
1.451516661949358797e-04
1.518796834771110626e-04
1.587493547816377101e-04
1.660320453658336876e-04
1.734598837762936778e-04
1.812945057841661525e-04
1.892872078838059324e-04
1.976977094945584694e-04
2.062996243689607331e-04
2.153498226618008647e-04
2.246362473109251114e-04
2.344011574094218898e-04
2.444319871291421309e-04
2.549449117591420940e-04
2.657212038344825629e-04
2.769562499516026242e-04
2.884393685251379039e-04
3.003660778616586797e-04
3.125518544553025158e-04
3.252008107679342248e-04
3.381457256801541334e-04
3.515756004879971299e-04
3.653091583057596907e-04
3.794976002471117963e-04
3.939437092380466618e-04
4.087858074241888665e-04
4.238505312463891942e-04
4.392967482237608253e-04
4.549772453039131054e-04
4.710364893998787847e-04
4.872980269425933883e-04
5.038546645603921535e-04
5.205119592920389024e-04
5.373703490829035475e-04
5.542806364739582669e-04
5.713632946440456778e-04
5.884550824269808118e-04
6.056124064469522138e-04
6.226288923193783967e-04
6.395624180367849706e-04
6.562648688454669711e-04
6.728234325998934265e-04
6.890591962465805135e-04
7.049792794673696026e-04
7.203835021335109907e-04
7.353321233288548321e-04
7.496911495119347631e-04
7.634870915488563628e-04
7.765062174189751257e-04
7.887645830906141620e-04
8.001449914643542216e-04
8.107050684246713086e-04
8.202566067413441259e-04
8.288081730835047739e-04
8.362722741720155948e-04
8.427344722951415120e-04
8.480412247436042682e-04
8.522419044445351090e-04
8.553151592120213260e-04
8.573628072416551076e-04
8.582795160507344662e-04
8.582185985754401921e-04
8.572143220105495412e-04
8.553618874613523560e-04
8.526867773577446498e-04
8.494306307828223277e-04
8.455878268992910850e-04
8.413649193641922416e-04
8.368913807812983999e-04
8.323120536210229688e-04
8.277436492400957460e-04
8.234159001380585759e-04
8.193377082385452361e-04
8.157729727887874389e-04
8.127032568742496420e-04
8.103058638379701103e-04
8.085816350954615206e-04
8.075906568644975391e-04
8.073219103677499930e-04
8.077469479544056473e-04
8.088054158149269842e-04
8.104130849846257357e-04
8.124542105674825015e-04
8.148160761369687994e-04
8.173497363492913123e-04
8.199432903084141961e-04
8.224510342934874055e-04
8.247941042540271822e-04
8.268668353743037968e-04
8.286503931351791447e-04
8.301031115206013514e-04
8.312762807314084306e-04
8.321927379077286718e-04
8.329589700862827500e-04
8.336361320520969172e-04
8.343477774626659009e-04
8.351491745492593604e-04
8.361342373315028536e-04
8.373103714833758171e-04
8.387097943909627151e-04
8.402757673412330087e-04
8.419809935290701979e-04
8.437259800912548209e-04
8.454612403904123710e-04
8.470917601782909862e-04
8.485942201296509850e-04
8.499181720228276941e-04
8.510899624167143256e-04
8.521057782822583299e-04
8.530225075161396208e-04
8.538485702221482957e-04
8.546324458357994029e-04
8.553640482471933006e-04
8.560720269855050159e-04
8.567407233906390975e-04
8.574124870964621196e-04
8.581069100379518696e-04
8.589087713171364869e-04
8.598701950400819503e-04
8.610735459597035129e-04
8.625212213380817512e-04
8.641965310450165725e-04
8.659774033629915333e-04
8.677331365979571018e-04
8.692847958140694897e-04
8.705317356040672598e-04
8.714185903455391605e-04
8.720278250649425187e-04
8.724891699041021275e-04
8.730031467552766761e-04
8.737073359872686486e-04
8.746949776047309704e-04
8.759265553514088100e-04
8.773168755788728068e-04
8.787150257917856642e-04
8.800228260109753831e-04
8.811660746964018005e-04
8.821671581786366375e-04
8.830651010049987877e-04
8.839473717922138223e-04
8.848572590334492739e-04
8.858312445118361354e-04
8.868300453942683324e-04
8.878116909247883715e-04
8.887180976210620970e-04
8.895897197999736231e-04
8.905160964002403800e-04
8.915960899694430619e-04
8.927475130652352039e-04
8.937737405436756936e-04
8.945331664250310731e-04
8.951652785962561573e-04
8.958696412075321499e-04
8.966926469344542894e-04
8.975913570418758746e-04
8.986980859980146655e-04
8.998959795318285356e-04
9.005845384216065166e-04
9.006053210635864845e-04
9.010148769101034537e-04
9.023719993921090103e-04
9.035435309842150715e-04
9.038734035616934189e-04
9.043190663881861806e-04
9.048609014326438682e-04
9.050720999330225070e-04
9.061748924177961701e-04
9.075453385592982709e-04
9.068806608030526755e-04
9.064867561977544468e-04
9.084409441062470071e-04
9.091215947177396124e-04
9.080748382958387039e-04
9.086650583157681368e-04
9.096202268716201047e-04
9.093904879953845994e-04
9.095398638431397139e-04
9.097994991467034430e-04
9.095113351662632330e-04
9.098250350081809896e-04
9.099386738225916918e-04
9.093557779283089389e-04
9.093596699649230492e-04
9.093922440624443776e-04
9.087931194737510670e-04
9.084540724885296643e-04
9.081198487423022261e-04
9.075396396521868622e-04
9.070175361392474522e-04
9.061759107355187417e-04
9.056239470032531992e-04
9.047039873380386668e-04
9.036438381102368999e-04
9.028743618860477285e-04
9.015302902560911854e-04
9.004041514391139013e-04
8.991256502971059538e-04
8.975879935733038556e-04
8.961755501549483220e-04
8.944506282889013501e-04
8.927113294223692911e-04
8.908376388203158823e-04
8.888229815428661321e-04
8.867070785490596511e-04
8.844463156271161267e-04
8.820628811953877893e-04
8.795458133775458948e-04
8.768924618826294667e-04
8.740815176651213492e-04
8.711494215532346926e-04
8.680601138622261051e-04
8.648233832329444261e-04
8.614472773853728031e-04
8.579054023978916529e-04
8.542199448652272121e-04
8.503797685867442273e-04
8.463635966567287314e-04
8.422102529963417872e-04
8.378900566034793796e-04
8.334113479550285530e-04
8.287791316675660385e-04
8.239739523091981670e-04
8.190232508594778253e-04
8.139123838351505899e-04
8.086260330501495374e-04
8.032033367049687574e-04
7.976158872186183421e-04
7.918784225638915214e-04
7.859944287518821253e-04
7.799450398503831802e-04
7.737676683414141873e-04
7.674417288830307545e-04
7.609607536459297127e-04
7.543608191458931866e-04
7.476151863313562455e-04
7.407439231511317966e-04
7.337478036373710393e-04
7.266097164835886267e-04
7.193703098575323111e-04
7.120083616015320058e-04
7.045199293520681971e-04
6.969396725613699215e-04
6.892399913492068455e-04
6.814447802809838308e-04
6.735521028064082481e-04
6.655452013094318234e-04
6.574672484595391964e-04
6.492947309207495110e-04
6.410281690348989007e-04
6.326990951788217686e-04
6.242798395899134796e-04
6.157988538508758292e-04
6.072515466681923258e-04
5.986228262631780378e-04
5.899581122859109484e-04
5.812337516417294446e-04
5.724562153626565775e-04
5.636527056492592839e-04
5.547985482143433971e-04
5.459248931499096485e-04
5.370258017394057698e-04
5.280881903920088159e-04
5.191587678060712507e-04
5.102131649631999220e-04
5.012626983858179666e-04
4.923293192118037001e-04
4.833911283073853943e-04
4.744816630514956659e-04
4.655924944894718003e-04
4.567126134582458587e-04
4.478885434748427303e-04
4.390957425430347329e-04
4.303490844726359809e-04
4.216653870899750864e-04
4.130242655253616346e-04
4.044623909537649309e-04
3.959679986489491243e-04
3.875317401911705499e-04
3.791983532511186477e-04
3.709423579431180983e-04
3.627804563844359322e-04
3.547236485546910022e-04
3.467525513054165506e-04
3.389062575622029403e-04
3.311679692750441745e-04
3.235291193271216687e-04
3.160311481763136503e-04
3.086468142590227692e-04
3.013941264766551256e-04
2.942774194667739391e-04
2.872765641002029014e-04
2.804326011414359473e-04
2.737232452218144475e-04
2.671405944276614109e-04
2.607217997911904150e-04
2.544369123069848684e-04
2.483050628299868614e-04
2.423240164747700678e-04
2.364719659776718004e-04
2.307903849829284076e-04
2.252510091029143202e-04
2.198474866704247012e-04
2.146115280218996099e-04
2.095092411824610226e-04
2.045614584810691045e-04
1.997608824143212714e-04
1.950830490104685645e-04
1.905698613963364193e-04
1.861885736786805150e-04
1.819347549568865806e-04
1.778341193366499422e-04
1.738505507465253140e-04
1.700065422673777008e-04
1.662901220067236076e-04
1.626758162706499870e-04
1.592055540856646297e-04
1.558432881431651899e-04
1.525884620415336377e-04
1.494594978271667038e-04
1.464217866124011512e-04
1.434990991423239920e-04
1.406760899331474697e-04
1.379278631011039973e-04
1.352959580692646678e-04
1.327429678076747779e-04
1.302725111013240125e-04
1.278967554108487387e-04
1.255831332539528687e-04
1.233582040962877561e-04
1.212039923157273892e-04
1.190979226512154407e-04
1.170805219539577675e-04
1.151141488483553631e-04
1.132065612178249659e-04
1.113652943904867078e-04
1.095597500554577923e-04
1.078202191047027727e-04
1.061263507153554592e-04
1.044588624769955248e-04
1.028564692006074500e-04
1.012822662284160321e-04
9.974803852455020278e-05
9.825712023287665154e-05
9.678213630670437712e-05
9.535643952631344311e-05
9.395714334481059871e-05
9.256912049620112551e-05
9.122791233861704736e-05
8.989892037379570283e-05
8.859747558089994368e-05
8.732263472434274843e-05
8.605034049532318471e-05
8.481575036012487195e-05
8.359451133612242366e-05
8.237606593113988660e-05
8.119157435712032482e-05
8.000888110908671732e-05
7.884596596221354577e-05
7.769919955967088769e-05
7.654757691131189215e-05
7.542593680828409434e-05
7.430892706369689443e-05
7.319144700010747206e-05
7.209975831431833678e-05
7.100337894374226827e-05
6.992273674603258855e-05
6.885311850821669436e-05
6.777532737616996303e-05
6.672284909070657461e-05
6.567106245215042733e-05
6.461910570506682332e-05
6.358775187324457211e-05
6.255029925527876293e-05
6.152755058299581674e-05
6.051367455111979692e-05
5.949241864733900991e-05
5.849393918655092169e-05
5.749490724548588584e-05
5.649901448362726510e-05
5.551994942795163726e-05
5.453655112639749024e-05
5.356751622642895124e-05
5.260673811747580204e-05
5.164142940674996729e-05
5.069686783927708208e-05
4.975241051531528432e-05
4.881409106920286907e-05
4.789026843878472735e-05
4.696460589455943188e-05
4.605356297540196784e-05
4.515066577681791271e-05
4.424668465744688268e-05
4.336137470175231945e-05
4.247767104623438090e-05
4.160232246673925029e-05
4.073968903839215002e-05
3.987764010713222091e-05
3.902985569651707705e-05
3.818982295547509759e-05
3.735184830145780115e-05
3.653029245339687849e-05
3.571178592891076180e-05
3.490279680870084022e-05
3.410502188047326966e-05
3.331007488642485855e-05
3.252868464345087080e-05
3.175485343013908672e-05
3.098562331859791076e-05
3.023069267089461076e-05
2.948045851630962265e-05
2.874044639213563357e-05
2.801084712298488588e-05
2.728611496756657369e-05
2.657427310660303695e-05
2.587032557464144630e-05
2.517303981678409058e-05
2.448836823602733333e-05
2.380972524794371315e-05
2.314106192426845500e-05
2.248150230367085286e-05
2.182722217404011396e-05
2.118334051446178491e-05
2.054524668994159707e-05
1.991210735529136579e-05
1.928695472693797426e-05
1.866527198592138312e-05
1.805037728153888752e-05
1.744261306172864773e-05
1.684168900631139999e-05
1.625469548321482218e-05
1.568196643543507112e-05
1.512721502723730239e-05
1.459573120984646109e-05
1.408679433848461038e-05
1.360368361794719465e-05
1.314527237333841402e-05
1.270860081333631364e-05
1.229520830478549101e-05
1.190026446128793271e-05
1.152200385430221349e-05
1.115976107870284668e-05
1.080959204007990035e-05
1.047182077153831518e-05
1.014387885974469872e-05
9.822661402062985743e-06
9.509763851959874084e-06
9.201187641902308252e-06
8.896181667078513326e-06
8.594834332944584765e-06
8.294693580839292309e-06
7.998048356147238877e-06
7.704208160955928165e-06
7.412567771789307714e-06
7.127205886901299481e-06
6.846351711319332332e-06
6.571260196532470438e-06
6.302789695253661405e-06
6.038805276917577846e-06
5.781601917556221882e-06
5.529268011395928449e-06
5.280223771219874305e-06
5.037492605013084765e-06
4.798549574292009031e-06
4.564764954306681445e-06
4.336958741774914323e-06
4.113743926681471454e-06
3.898677127168515698e-06
3.690456056714065199e-06
3.488482558081198460e-06
3.296180923067591779e-06
3.111090138721691730e-06
2.934678737063590882e-06
2.766959608745433413e-06
2.605954714500858164e-06
2.454644899751098100e-06
2.310759868856122535e-06
2.173442331366003093e-06
2.045136366864593748e-06
1.922655381006063127e-06
1.807443116055877458e-06
1.699077416588541985e-06
1.595334070896641258e-06
1.499055749572156849e-06
1.407853038714305008e-06
1.321121781504249370e-06
1.240803277426593078e-06
1.164120704477757853e-06
1.092702970688944317e-06
1.025783582871974826e-06
9.613996421134983828e-07
9.025540810959634588e-07
8.466888075512352053e-07
7.936462196027346282e-07
7.449325830734089444e-07
6.982690492482584844e-07
6.550250141248636432e-07
6.147524848247599314e-07
5.757701383186593511e-07
5.405685024116314845e-07
5.068731224352723193e-07
4.751479850710664474e-07
4.461730016568426158e-07
4.179901199574965861e-07
3.922909526396214585e-07
3.680517194520033619e-07
3.445129401156093862e-07
3.234830528676529475e-07
3.032621995197202125e-07
2.839562095959113114e-07
2.666831186562676654e-07
2.494930483231409368e-07
2.340422744326883981e-07
2.197962727598172459e-07
2.054038750357603553e-07
1.929598611218259173e-07
1.807900741754073911e-07
1.695035049612866880e-07
1.590574283098780671e-07
1.488248602278239166e-07
1.398056835663587230e-07
1.311389544286437882e-07
1.227309956145038718e-07
1.153463563060371467e-07
1.080006225666498024e-07
1.013638295779109347e-07
9.522554079133423856e-08
8.903977404727442682e-08
8.366727263865853896e-08
7.863307362777433977e-08
7.333414696611880515e-08
6.916589432135466325e-08
6.472381332556857571e-08
6.054857911861525458e-08
5.720765194961623704e-08
5.327531287942451861e-08
5.022369994123934312e-08
4.720984423093187358e-08
4.405136710806735164e-08
4.169895223391600953e-08
3.896937656777403001e-08
3.664568778370386609e-08
3.452684158142999166e-08
3.227437494092723945e-08
3.043994776848145389e-08
2.857245056856766684e-08
2.680153699734602280e-08
2.522915446827710246e-08
2.367086741442714633e-08
2.227525377629689548e-08
2.094910944613875117e-08
1.965372627277795813e-08
1.851541631651008105e-08
1.740888648217611313e-08
1.638927110398743815e-08
1.538080596856845186e-08
1.445944318431767100e-08
1.363070432850938346e-08
1.281924476859410690e-08
1.204745880583881577e-08
1.136609423751844519e-08
1.071069804928356857e-08
1.007278248843092995e-08
9.507788427501828254e-09
8.916425613430993059e-09
8.404286492222441590e-09
7.956531315654430343e-09
7.429585558650780176e-09
7.060914009554799863e-09
6.647099909293940283e-09
6.215448981284992080e-09
5.938435077749906629e-09
5.531924951680813207e-09
5.229204140261011809e-09
4.969868837088444728e-09
4.627479621487733334e-09
4.431023550321871033e-09
4.151456216715242386e-09
3.892279005904971715e-09
3.722397013782849149e-09
3.478020060260737057e-09
3.292712857149688449e-09
3.110980090481209563e-09
2.928417919684555030e-09
2.789235015607734972e-09
2.616812716511417778e-09
2.469911308427246809e-09
2.336334812977776647e-09
2.219040517703169724e-09
2.088523426624618702e-09
1.960729844769161336e-09
1.877907557880787330e-09
1.761076701170246808e-09
1.670201767197593260e-09
1.581023597808690089e-09
1.476136378680133074e-09
1.430110291409529605e-09
1.332002419219586502e-09
1.249612470749321649e-09
1.213774686205891113e-09
1.118746148530993719e-09
1.076915362031131084e-09
1.018681955758013387e-09
9.428161525668473925e-10
9.268215868289538640e-10
8.548513418281675604e-10
8.065322329324449305e-10
7.864510833677314073e-10
7.184075524354094045e-10
6.993475555651447205e-10
6.594498722534131511e-10
6.098399394262455828e-10
6.025015272294627935e-10
5.529214620175568755e-10
5.262875929472291849e-10
5.099774900513551123e-10
4.676781105972317842e-10
4.558399833373821527e-10
4.295473605297634873e-10
3.986669482123263554e-10
3.929216968151947868e-10
3.606861162074291653e-10
3.459152033261567818e-10
3.320131335463262132e-10
3.075236578821457038e-10
2.984555271498243087e-10
2.814162880257204302e-10
2.629855046972726507e-10
2.570926427164200955e-10
2.374241081112575621e-10
2.283473776756976019e-10
2.176810169657042424e-10
2.035806437308063674e-10
1.964918670962200367e-10
1.855420091430403395e-10
1.745936347237993782e-10
1.691362904725601035e-10
1.575045331713007798e-10
1.513554017488723376e-10
1.438721269202218516e-10
1.355448639184418992e-10
1.301376603494726118e-10
1.231909496390157786e-10
1.165503816119567549e-10
1.120738789659013700e-10
1.051918849593214643e-10
1.009227706380250166e-10
9.581837409288180076e-11
9.085294279953041426e-11
8.678589020072677268e-11
8.243513978060445717e-11
7.831747754616893260e-11
7.488566341368736745e-11
7.082361300244701258e-11
6.778081286900486865e-11
6.441624394025663354e-11
6.138011300797343261e-11
5.840841225767668320e-11
5.570614560101411572e-11
5.306405830869548638e-11
5.058955672151754225e-11
4.815676774835484934e-11
4.599701489108954109e-11
4.380273388742000917e-11
4.191002732423223681e-11
3.978845577309079956e-11
3.811180153069823732e-11
3.636181797952595537e-11
3.464865487072763574e-11
3.315393674549875062e-11
3.163283607356508852e-11
3.019888212025986399e-11
2.899028639384607230e-11
2.749681668349700651e-11
2.643884093547296624e-11
2.524251061296588484e-11
2.408198136357751455e-11
2.311357333564878265e-11
2.204456836112605210e-11
2.108670658377530180e-11
2.027672928679516878e-11
1.922316367242507152e-11
1.852272759891741324e-11
1.766832649111794350e-11
1.687291489118808194e-11
1.619426710403536403e-11
1.542589438791810984e-11
1.475129922050629318e-11
1.416753002691762390e-11
1.340532844918879765e-11
1.290065501538753407e-11
1.226251559527047814e-11
1.169071929664971868e-11
1.118085056050776769e-11
1.060802605940369185e-11
1.010966149454359479e-11
9.665546529900469335e-12
9.106529841258547427e-12
8.727239239982981168e-12
8.249863795453370583e-12
7.838348241229434881e-12
7.460133439207644102e-12
7.048099321017689838e-12
6.696828154388843821e-12
6.382347205368521892e-12
6.003257054619146906e-12
5.749233143212480960e-12
5.431373267056339393e-12
5.173730909182001384e-12
4.934634575664975829e-12
4.681273495482592500e-12
4.473111853005602729e-12
4.288036503942220390e-12
4.065522488529984508e-12
3.922674547226704620e-12
3.733061225248891850e-12
3.585295275964616771e-12
3.439057610339217563e-12
3.280675462463598315e-12
3.144769111383229868e-12
3.015154219921101897e-12
2.857458935618989688e-12
2.744499717740049537e-12
2.594683409564462383e-12
2.472531275142532848e-12
2.347180616879416120e-12
2.217571325533442808e-12
2.104578532722739813e-12
2.000405531792717320e-12
1.886279148049610130e-12
1.807300160254674850e-12
1.710825081442310283e-12
1.640439157677275250e-12
1.570156465180491522e-12
1.501473723492619432e-12
1.441588754478443285e-12
1.384632630492635604e-12
1.317454916967768908e-12
1.265682205914792707e-12
1.196457587065389041e-12
1.139897914636276353e-12
1.078557909275743078e-12
1.019622150692426187e-12
9.669863929704519860e-13
9.212183015716250033e-13
8.746755070309990502e-13
8.429407598486292350e-13
8.036575315511576791e-13
7.747944572130053666e-13
7.403833846856975568e-13
7.058064583021650970e-13
6.697731946227862225e-13
6.353742129250250847e-13
5.982868504201461240e-13
5.711741052613420857e-13
5.409640613307342323e-13
5.211498877896360914e-13
4.991708453534279877e-13
4.792015850366608063e-13
4.566295984743703888e-13
4.343605850686593164e-13
4.086631613926042864e-13
3.893398560517743783e-13
3.682058007699562154e-13
3.551136229242266145e-13
3.400045440557374078e-13
3.263044372300673179e-13
3.093732048552485887e-13
2.934063747160004679e-13
2.762627992639791711e-13
2.652001229726865358e-13
2.528877645382816944e-13
2.444532968833995064e-13
2.317442095957516415e-13
2.197883420257829770e-13
2.072261762003200044e-13
1.987962362807931002e-13
1.901573376122678541e-13
1.833328100827784931e-13
1.722998724118600435e-13
1.639557572374254386e-13
1.554803857092497543e-13
1.503032993113688204e-13
1.430790954259478059e-13
1.359292631531529852e-13
1.279077307746023637e-13
1.236486895410667558e-13
1.177517855895181815e-13
1.124938001607064086e-13
1.055903793947933373e-13
1.018261129532919301e-13
9.721284063328911891e-14
9.256682488002175438e-14
8.707456269285822503e-14
8.442037022351792318e-14
7.988679675773992312e-14
7.608462618592742456e-14
7.216199308792395594e-14
6.976882493636494381e-14
6.545651233892731275e-14
6.286337700319532929e-14
5.988505593150918205e-14
5.713667299797028875e-14
5.397527864286509742e-14
5.227358143323660936e-14
4.892268330411993121e-14
4.729202533297894654e-14
4.471374368484664232e-14
4.273305613034753597e-14
4.068058671142635521e-14
3.886327213553734338e-14
3.682164130533158178e-14
3.542862226554740774e-14
3.333049665914102253e-14
3.224819115130913095e-14
3.023038605518666507e-14
2.930176220756862526e-14
2.745380371942595445e-14
2.660453549069384796e-14
2.494107977005330987e-14
2.415361639284233888e-14
2.265675294900595388e-14
2.193149143568820370e-14
2.057838538884716610e-14
1.991676889893184743e-14
1.868818689261060287e-14
1.808912610087019686e-14
1.697004031229036917e-14
1.643042511584124356e-14
1.540889391338345863e-14
1.492458561760046085e-14
1.399075134015873553e-14
1.355725969885229000e-14
1.270270842159779711e-14
1.231556012794421514e-14
1.153294102684499323e-14
1.118785994540271540e-14
1.047065461279665293e-14
1.016364129758948265e-14
9.506015336615447355e-15
9.233375000784604488e-15
8.630075344349671013e-15
8.388419872414720549e-15
7.834698684120141156e-15
7.620935791980519226e-15
7.112490783396996369e-15
6.923807098207475822e-15
6.456732681827216241e-15
6.290574289384234106e-15
5.861320357811510808e-15
5.715372708544088495e-15
5.320709093052685612e-15
5.192877263761245196e-15
4.829862632369459962e-15
4.718252469083839871e-15
4.384206824595254481e-15
4.287107222096486275e-15
3.979587402734361621e-15
3.895453827272665594e-15
3.612231570041721710e-15
3.539670841158906518e-15
3.278713063882295942e-15
3.216469370999152385e-15
2.975920399186789300e-15
2.922862492479307660e-15
2.701028006005028116e-15
2.656137496282769739e-15
2.451470004796892352e-15
2.413830694342614491e-15
2.224916381008293741e-15
2.193704549521564241e-15
2.019251342103460113e-15
1.993726912804544407e-15
1.832553658287991877e-15
1.812052171921636701e-15
1.663078807439480184e-15
1.647004135860113766e-15
1.509242758843780320e-15
1.497060494822995413e-15
1.369607246682343587e-15
1.360838710265038604e-15
1.242866397722868467e-15
1.237083205214315751e-15
1.127834588696419571e-15
1.124653733913248810e-15
1.023435421967250831e-15
1.022514822972401902e-15
9.286917176865691501e-16
9.297261875320550857e-16
8.427164287934849389e-16
8.454340320924406117e-16
7.647043966912754573e-16
7.688631558656127896e-16
6.939248698024482790e-16
6.993097903482074990e-16
6.297147173306132912e-16
6.361351024506155452e-16
5.714722750780308467e-16
5.787593036760326430e-16
5.186517674178689637e-16
5.266563116917629315e-16
4.707582533607356006e-16
4.793489147875273037e-16
4.273430524587725521e-16
