# bin_3_1
2.723776131703966961e-06
2.931501795134356854e-06
2.995743661075251098e-06
3.212169304739673599e-06
3.293047899123269835e-06
3.519443149104667288e-06
3.617877309185448838e-06
3.855572986067660178e-06
3.972563832720548027e-06
4.222952672703491677e-06
4.359582560351133267e-06
4.624118639459727844e-06
4.781548723381436417e-06
5.061745260397553673e-06
5.241211327592248834e-06
5.538636489954010157e-06
5.741442645448560907e-06
6.057712927740279296e-06
6.285222670956460974e-06
6.621993356613851041e-06
6.875617531181182080e-06
7.234569694436333476e-06
7.515750735597748414e-06
7.898574191550939176e-06
8.208766059164699511e-06
8.617137634181967223e-06
8.957780786875203137e-06
9.393337265379469379e-06
9.765828033504236276e-06
1.023013315351222029e-05
1.063578690596689840e-05
1.113029183826731789e-05
1.157029942970670282e-05
1.209629630473523292e-05
1.257167345972900211e-05
1.313024171990921651e-05
1.364177127844774901e-05
1.423371696358900681e-05
1.478188431285473389e-05
1.540767286341266875e-05
1.599259543998589729e-05
1.665227925715148701e-05
1.727363176301646570e-05
1.796677463421634383e-05
1.862371259960786954e-05
1.934931421175218512e-05
2.004039978052680627e-05
2.079682492223377185e-05
2.151996024801022158e-05
2.230487894099693824e-05
2.305725434192591093e-05
2.386760100823552284e-05
2.464566697712738629e-05
2.547762874593754710e-05
2.627710291641511173e-05
2.712614913151988492e-05
2.794207114026969827e-05
2.880303776260160743e-05
2.962988627016198257e-05
3.049712975638451033e-05
3.132901619224432040e-05
3.219665097799353061e-05
3.302760317644598575e-05
3.388983433323437090e-05
3.471417926918064301e-05
3.556573629886363141e-05
3.637858362310955325e-05
3.721525168399793129e-05
3.801306768664282029e-05
3.883229786050416195e-05
3.961354203766226053e-05
4.041510195575756927e-05
4.118087526791348104e-05
4.196747572964056321e-05
4.272210175821046849e-05
4.349990554338449062e-05
4.425133571646778212e-05
4.503022545469271014e-05
4.579013257384952242e-05
4.658359213028087431e-05
4.736700115495934993e-05
4.819145989348925748e-05
4.901577347268335351e-05
4.988928868521256519e-05
5.077261216491576497e-05
5.171283732918557051e-05
5.267160886487080472e-05
5.369312734360705654e-05
5.473922284154170669e-05
5.585052187819514110e-05
5.698822705393528861e-05
5.818882935693313162e-05
5.941232165595234098e-05
6.069083343875870479e-05
6.198302691064072763e-05
6.331701259173127747e-05
6.465067857586218037e-05
6.600920471163820933e-05
6.735104965231551591e-05
6.870031189071071646e-05
7.001804265103502662e-05
7.132960644637347338e-05
7.260091099462185054e-05
7.386081814178300045e-05
7.508181591097732558e-05
7.629746515157335106e-05
7.748703661490365319e-05
7.868800962397718226e-05
7.988431977731328131e-05
8.111410590437093527e-05
8.236149353581047913e-05
8.366011181926479381e-05
8.498872005288808976e-05
8.637136925325594587e-05
8.777747594189099748e-05
8.921963041152669257e-05
9.065863620314870068e-05
9.209956884755357510e-05
9.350159183364911664e-05
9.487184794931928782e-05
9.617866405701547099e-05
9.744164561151233482e-05
9.864596137766569635e-05
9.982667090154889115e-05
1.009823438760078994e-04
1.021532712152447572e-04
1.033353327182612937e-04
1.045550531686946169e-04
1.057879068106101040e-04
1.070354030460289867e-04
1.082521434172798217e-04
1.094273343663355983e-04
1.105191250921968991e-04
1.115350875584346732e-04
1.124645825049091211e-04
1.133480053160973341e-04
1.141992024418231880e-04
1.150621667020056241e-04
1.159309173845909235e-04
1.168096204711281297e-04
1.176491609990941271e-04
1.184253312826352678e-04
1.190929458668924234e-04
1.196650836007549269e-04
1.201534897728163785e-04
1.206175389295006907e-04
1.210777724217836863e-04
1.215535014149348207e-04
1.219969661826261087e-04
1.223719843211105930e-04
1.226299349256140261e-04
1.227954230637044904e-04
1.229052366619589947e-04
1.230287278223286254e-04
1.231659859290348694e-04
1.232899689588963597e-04
1.233263448054935289e-04
1.232686910293659714e-04
1.231503797081871050e-04
1.230587646191230353e-04
1.230058328928689373e-04
1.229539888475268650e-04
1.228229872533946740e-04
1.226319998849691455e-04
1.224504446065548279e-04
1.223511071640579905e-04
1.222781545549405660e-04
1.221634262806685356e-04
1.220037131904528791e-04
1.219114715642220976e-04
1.219098062451191573e-04
1.219256657135777376e-04
1.218911232966205286e-04
1.219063898664704142e-04
1.220299199623174321e-04
1.221894575068314427e-04
1.223003266098836338e-04
1.224740805295709606e-04
1.227483740860521447e-04
1.230154063484915309e-04
1.232437266823859900e-04
1.235713422586114801e-04
1.239217596977831783e-04
1.242062622181897035e-04
1.245285868344812343e-04
1.248971112534046080e-04
1.251617983328647302e-04
1.254571975575197293e-04
1.257578605558663624e-04
1.259582964932857226e-04
1.261847202120637036e-04
1.263825161207975730e-04
1.264883618873175700e-04
1.266602366139452172e-04
1.267188071659244061e-04
1.268220718348482231e-04
1.268907361634717343e-04
1.269475983906088220e-04
1.270435359598573292e-04
1.271064763040329298e-04
1.272391062729924061e-04
1.273480045372584553e-04
1.275264497286691121e-04
1.276946418198994201e-04
1.279168454101450739e-04
1.281318261049618323e-04
1.283777929155109133e-04
1.286083797850005666e-04
1.288455160832753077e-04
1.290554221994794147e-04
1.292536839107106877e-04
1.294191207248859279e-04
1.295680902721878811e-04
1.296914913464804859e-04
1.298086543751107670e-04
1.299187164627684790e-04
1.300406632902025158e-04
1.301745655966543547e-04
1.303326977620341447e-04
1.305089135619095706e-04
1.307048062065981043e-04
1.309065656495271058e-04
1.311085231584578582e-04
1.312959934723639409e-04
1.314660150149458886e-04
1.316129782178519086e-04
1.317444853374805905e-04
1.318664601238720151e-04
1.319931662265902807e-04
1.321317176630982864e-04
1.322893420333297798e-04
1.324613977298437202e-04
1.326411729558032364e-04
1.328146627413854587e-04
1.329734015911615455e-04
1.331118217955003225e-04
1.332360141644025708e-04
1.333556020886915254e-04
1.334840204421882911e-04
1.336267206517250327e-04
1.337820283719072143e-04
1.339378744943041345e-04
1.340823335629831646e-04
1.342079865228855559e-04
1.343199590391322201e-04
1.344300092772146018e-04
1.345504106920581517e-04
1.346822436999005465e-04
1.348159615749971606e-04
1.349372404387307327e-04
1.350408191886373968e-04
1.351341598743339566e-04
1.352316563428086684e-04
1.353392359519171569e-04
1.354485345236611812e-04
1.355447710308279176e-04
1.356237795025892388e-04
1.356965969346486396e-04
1.357761403083365323e-04
1.358600403177898954e-04
1.359332694272939528e-04
1.359887396976417070e-04
1.360373715045635611e-04
1.360915371817703610e-04
1.361446992692549841e-04
1.361818564337290865e-04
1.362043313351196455e-04
1.362275285258433659e-04
1.362513060672017415e-04
1.362601260321820863e-04
1.362528055349965174e-04
1.362449665355853644e-04
1.362338928387332119e-04
1.362045837449308780e-04
1.361628219129784611e-04
1.361210279953307240e-04
1.360656889333200796e-04
1.359920093041772288e-04
1.359143960469341803e-04
1.358265716764149708e-04
1.357175862298209685e-04
1.356029603331859322e-04
1.354756239153504817e-04
1.353276717890966824e-04
1.351726305697149323e-04
1.350004547664227633e-04
1.348092156802899015e-04
1.346099349179854751e-04
1.343858959168446404e-04
1.341512820792716671e-04
1.338962588557056626e-04
1.336230065578809518e-04
1.333339026483051329e-04
1.330217126985825630e-04
1.326944618294731426e-04
1.323426483418262991e-04
1.319742041118025810e-04
1.315811138444976575e-04
1.311692817987891279e-04
1.307328487513326383e-04
1.302758039939213880e-04
1.297939869395825312e-04
1.292900692423835864e-04
1.287610327815248321e-04
1.282087372908960498e-04
1.276309167486000431e-04
1.270289503695818637e-04
1.264010903082929600e-04
1.257484391656274643e-04
1.250696342203756306e-04
1.243656276552978590e-04
1.236353659307994741e-04
1.228797319658935232e-04
1.220979369649964955e-04
1.212908486887700847e-04
1.204579144871666314e-04
1.196000222745230261e-04
1.187168343642212073e-04
1.178092807968907676e-04
1.168772191253399019e-04
1.159216312895035452e-04
1.149425485425203106e-04
1.139410042130141460e-04
1.129171780469717142e-04
1.118721437684518170e-04
1.108061988520541629e-04
1.097204382051807867e-04
1.086152423760927368e-04
1.074917021343234656e-04
1.063502447390760611e-04
1.051919301489311336e-04
1.040171986432166391e-04
1.028270563847064300e-04
1.016219314069417211e-04
1.004027629131385932e-04
9.916995522018649020e-05
9.792438318988191752e-05
9.666643368405218378e-05
9.539693645402502135e-05
9.411628365252390515e-05
9.282529244968495876e-05
9.152439320660666537e-05
9.021442805678560176e-05
8.889589830497410250e-05
8.756970214798817718e-05
8.623643309590067405e-05
8.489706074210317112e-05
8.355227517381858882e-05
8.220311638263208672e-05
8.085036220013052462e-05
7.949511354989035326e-05
7.813822464209712281e-05
7.678084908302324472e-05
7.542390879631990890e-05
7.406860118367110575e-05
7.271589915412425510e-05
7.136701718617606246e-05
7.002293510121862703e-05
6.868482555730515669e-05
6.735360446741720463e-05
6.603033451984916143e-05
6.471581798247725041e-05
6.341099625422163383e-05
6.211659446901179004e-05
6.083351717505355421e-05
5.956252344516543699e-05
5.830458484515633593e-05
5.706054854908065627e-05
5.583142919264676943e-05
5.461805549884496522e-05
5.342133158219309475e-05
5.224192817452047493e-05
5.108057925047235475e-05
4.993784830390909192e-05
4.881443377300273014e-05
4.771092518653143326e-05
4.662802082975761830e-05
4.556622719108002610e-05
4.452604201971200351e-05
4.350773027349347314e-05
4.251160258089607631e-05
4.153788080652217300e-05
4.058693081951455242e-05
3.965900852005459687e-05
3.875435334632826621e-05
3.787295317521827853e-05
3.701478534203934007e-05
3.617976176752968478e-05
3.536794825456659954e-05
3.457931041452274906e-05
3.381373486019078841e-05
3.307086556375216964e-05
3.235040534128172580e-05
3.165209926924561620e-05
3.097578823270882728e-05
3.032108098838184348e-05
2.968747700527459311e-05
2.907445949399662359e-05
2.848172012821004103e-05
2.790884130111333315e-05
2.735524553662859444e-05
2.682027763794903242e-05
2.630351622163929314e-05
2.580448571839139623e-05
2.532255446593626439e-05
2.485707552461645378e-05
2.440763417765303073e-05
2.397365112676418260e-05
2.355440973026181586e-05
2.314934908376448013e-05
2.275802976675468542e-05
2.237975439286127682e-05
2.201394709044947611e-05
2.166014241352237364e-05
2.131770964728686634e-05
2.098610117540720288e-05
2.066492812177904751e-05
2.035355653528882111e-05
2.005151796211935365e-05
1.975833558486765366e-05
1.947343471364737099e-05
1.919647359434678425e-05
1.892696232972786922e-05
1.866445834002342539e-05
1.840854015533163382e-05
1.815880761815195178e-05
1.791499926211396709e-05
1.767660451839924470e-05
1.744327075705334279e-05
1.721467032514888503e-05
1.699058274684581268e-05
1.677061465424047943e-05
1.655447649436782504e-05
1.634182984348911654e-05
1.613256930173687700e-05
1.592646202572424504e-05
1.572308892863048636e-05
1.552235718837870584e-05
1.532413262807108019e-05
1.512801056906239282e-05
1.493404708931529754e-05
1.474191070447698640e-05
1.455159353385717096e-05
1.436314682203877757e-05
1.417600158926292415e-05
1.399034049182924032e-05
1.380604044380771272e-05
1.362275091927741322e-05
1.344079123258913564e-05
1.325972491866477882e-05
1.307966911011239902e-05
1.290073968592138366e-05
1.272236238626315967e-05
1.254488025760099593e-05
1.236812898747911870e-05
1.219190130404077592e-05
1.201653642612977461e-05
1.184156644900560820e-05
1.166722005596305728e-05
1.149370415531710679e-05
1.132050367601839551e-05
1.114803698350823484e-05
1.097614992961117577e-05
1.080479837304710626e-05
1.063438005915533056e-05
1.046441101414979657e-05
1.029523797938622832e-05
1.012708630255016363e-05
9.959453373985146171e-06
9.792810604429361425e-06
9.626960311051828282e-06
9.461939543467030216e-06
9.298128929360182317e-06
9.134941677134634908e-06
8.972827089487266073e-06
8.811959063041452863e-06
8.651800770704759307e-06
8.492866455294046223e-06
8.334854423693315072e-06
8.177836909403843950e-06
8.022151588727461722e-06
7.867079106302008585e-06
7.713139856695379798e-06
7.560453430428340030e-06
7.408504320425147740e-06
7.257920577624299703e-06
7.108319512750112722e-06
6.959837157082439018e-06
6.812859592753810602e-06
6.666622886853494170e-06
6.521690625513975296e-06
6.378073465453620619e-06
6.235307692767104158e-06
6.094050611875034491e-06
5.953840210695124817e-06
5.814810396772985983e-06
5.677375692903327998e-06
5.540796939083077386e-06
5.405673940684419234e-06
5.271964106138813995e-06
5.139376787223377886e-06
5.008515378004004005e-06
4.878914507845256079e-06
4.750705520402601333e-06
4.624249337178841957e-06
4.498966129593305808e-06
4.375457962671622216e-06
4.253598428945729267e-06
4.133178431733643064e-06
4.014612010574012007e-06
3.897520832842931326e-06
3.782098866839920922e-06
3.668583643683901997e-06
3.556481240063036919e-06
3.446169214053867122e-06
3.337413367405489822e-06
3.230048317221850030e-06
3.124168418108986546e-06
3.019237981969480729e-06
2.915120761447160632e-06
2.811677114642000471e-06
2.708381721156335448e-06
2.605373985285840631e-06
2.502667682285332430e-06
2.400768650881776065e-06
2.300669673193386779e-06
2.203485091946350075e-06
2.110763057400480891e-06
2.023958364814162319e-06
1.944219081831652976e-06
1.872585056154161982e-06
1.809338828875980733e-06
1.754333488302236827e-06
1.706963679342138827e-06
1.666037713473825066e-06
1.629929500809785862e-06
1.596730349299822956e-06
1.564431876970443334e-06
1.531197533645304107e-06
1.495501652753507779e-06
1.456354404371538008e-06
1.413287722617317420e-06
1.366485525164909131e-06
1.316379088245180211e-06
1.263665979610316049e-06
1.209305301135396173e-06
1.154030200290484605e-06
1.098687362155550043e-06
1.043915331914894789e-06
9.901265788209486872e-07
9.378608659958888991e-07
8.872761114440503681e-07
8.385439910053768740e-07
7.918695343586422333e-07
7.471675601067359743e-07
7.045642246496756738e-07
6.640174897568977723e-07
6.253838494815428280e-07
5.887625290098029255e-07
5.539655534754861721e-07
5.209695295526879106e-07
4.897669144484643467e-07
4.601726520034258865e-07
4.322294769223938440e-07
4.058608639719363890e-07
3.809117586667152090e-07
3.574606763957799990e-07
3.353109209297853712e-07
3.144379477873079851e-07
2.948058451698769506e-07
2.763042319151883429e-07
2.589599512434448047e-07
2.426833080175784571e-07
2.273548879342232899e-07
2.130162319268096045e-07
1.995012513540293762e-07
1.868246866462839214e-07
1.749649473953096925e-07
1.638246830420525532e-07
1.533790324707299546e-07
1.435850847196709411e-07
1.343878301593747721e-07
1.257704580506721986e-07
1.176788834115210877e-07
1.101182693017917545e-07
1.030310400633607817e-07
9.637027340630131615e-08
9.020871756755080302e-08
8.443823729862689606e-08
7.902266121403587539e-08
7.394506865327263846e-08
6.922791435554728948e-08
6.475804898714408696e-08
6.064323998697504818e-08
5.680835605744079406e-08
5.317319114183085655e-08
4.973958470489909200e-08
4.661288582334149028e-08
4.366362396766499933e-08
4.082993715519497679e-08
3.823319381413140920e-08
3.571420967544706958e-08
3.338286251138555819e-08
3.120167209650677006e-08
2.917330063767191848e-08
2.717393755863371563e-08
2.534662697366169792e-08
2.367293842230878965e-08
2.200119763716721320e-08
2.061458898840620442e-08
1.920392886754679284e-08
1.792284825542949097e-08
1.673515531709041057e-08
1.573948355658428883e-08
1.465176672800339514e-08
1.372973916664006143e-08
1.295050682150705781e-08
1.199307621042674701e-08
1.134246305823216544e-08
1.059012653104341654e-08
9.888456042989402333e-09
9.235922982205018387e-09
8.669511009366090479e-09
8.115643652094473664e-09
7.503844813864505656e-09
7.105897865541002942e-09
6.557305025273611121e-09
6.170128865121304674e-09
5.785214890147555982e-09
5.338869724170481057e-09
5.063264596550040147e-09
4.694016766737678012e-09
4.411256147207066371e-09
4.104378120637867246e-09
3.881370928180447100e-09
3.607452021242719229e-09
3.368482346466284691e-09
3.219037137483016119e-09
2.922919621055604095e-09
2.802090452690828797e-09
2.607575393027610645e-09
2.407012497161416316e-09
2.322070207129633572e-09
2.109136978723686171e-09
2.003899413557594767e-09
1.888607711476608476e-09
1.733541680180099998e-09
1.653750135670207461e-09
1.531959949168659430e-09
1.443375057676578028e-09
1.355621020503123005e-09
1.269257178984535368e-09
1.195484931978741686e-09
1.108289792938827340e-09
1.053434286628741489e-09
9.765543262809859969e-10
9.180140413528494691e-10
8.668102921941857836e-10
7.989390895287266809e-10
7.689954448914630546e-10
7.119041185236138622e-10
6.629598889166304675e-10
6.328687998332081671e-10
5.872892171748910577e-10
5.552866173061742423e-10
5.181009682688237627e-10
4.867481203316991152e-10
4.607530174468245253e-10
4.309619390710544967e-10
4.038135334029820412e-10
3.769419896770096143e-10
3.617382955797901111e-10
3.356405475785348019e-10
3.119942156384642512e-10
3.017932977690879079e-10
2.748821530810157047e-10
2.656978493849438169e-10
2.476698547014262722e-10
2.263496711923589609e-10
2.251028701342094268e-10
2.036034121710500215e-10
1.916989593982788259e-10
1.868932160947812325e-10
1.667840138844011687e-10
1.654902225833547297e-10
1.524081495352693543e-10
1.391469569120664359e-10
1.406167593404101526e-10
1.246803579996311446e-10
1.197574786414003835e-10
1.159351729959058190e-10
1.030299266001109794e-10
1.032895527948022037e-10
9.489472324810792697e-11
8.629219317017754702e-11
8.799809773818646048e-11
7.729619134803558257e-11
7.510995887128514735e-11
7.218802130751389214e-11
6.433215585848377239e-11
6.489234549765630822e-11
5.916408106208151030e-11
5.462819512551324035e-11
5.500414558021743234e-11
4.870118575246028554e-11
4.776071918522044090e-11
4.517693664725197034e-11
4.109261594625912408e-11
4.101142240519682957e-11
3.746443286755026254e-11
3.494212365351230000e-11
3.466362357328135953e-11
3.106060076918387581e-11
3.033312603186500227e-11
2.865118585416665783e-11
2.621180479972514076e-11
2.606728774139673033e-11
2.388913930805012993e-11
2.245689159881889086e-11
2.212417295969610160e-11
1.998102869531897299e-11
1.954741460491384385e-11
1.837643524397770598e-11
1.695658135031020364e-11
1.671822994805237327e-11
1.534576370483767650e-11
1.453975478141373436e-11
1.414961783091015620e-11
1.294403699833082397e-11
1.261277942367984395e-11
1.187563475710106513e-11
1.102512606527548342e-11
1.078971712785560494e-11
9.936433636252566379e-12
9.456850120660449462e-12
9.109257130309320011e-12
8.428170640078234311e-12
8.169176094667082886e-12
7.696240665070159124e-12
7.183373314299039284e-12
6.976146522926051338e-12
6.460342320884959059e-12
6.178334530228591462e-12
5.916759001692624540e-12
5.526702750668961156e-12
5.319879215009820364e-12
5.008297175402521071e-12
4.700646831352086282e-12
4.548198363638717320e-12
4.252006735541045174e-12
4.065690448072668035e-12
3.861673412423683293e-12
3.612128262820541459e-12
3.466710429169787298e-12
3.277688908105792948e-12
3.093348130799000241e-12
2.957873413015192711e-12
2.763088394755566650e-12
2.638833503518362224e-12
2.511812601008509936e-12
2.358790091529619986e-12
2.248195872906843385e-12
2.123763468078395595e-12
2.015664994154253597e-12
1.919170116754518515e-12
1.797925704200420056e-12
1.713168005045808720e-12
1.625165145266386908e-12
1.521393898965132705e-12
1.445326808567923085e-12
1.363794098972952611e-12
1.284050857364783856e-12
1.212461615357476430e-12
1.145022944328324037e-12
1.080509082479573973e-12
1.017650966785451462e-12
9.593634950795921240e-13
9.032310964695952745e-13
8.441607992058617462e-13
7.953219786143564140e-13
7.403439631401202795e-13
6.949620495376488217e-13
6.486409656411745544e-13
6.074936134660329906e-13
5.668745072849058017e-13
5.278530463249019305e-13
4.901959943914047338e-13
4.529393733882926777e-13
4.180846271275376320e-13
3.849372366819139760e-13
3.548171111751628588e-13
3.267338245684880856e-13
2.994160473776836667e-13
2.726121871272339016e-13
2.464435759795659231e-13
2.227306330670679010e-13
1.997703755998404472e-13
1.808104716200134566e-13
1.611645876353989645e-13
1.434867153557694469e-13
1.255072256224161019e-13
1.092672233914634009e-13
9.538667523800946744e-14
8.370659455448992492e-14
7.117250296451156986e-14
6.083397021051261553e-14
5.000594337295936078e-14
4.299376386534779773e-14
3.641733301606924012e-14
3.006943211139759765e-14
2.443541586426904043e-14
2.089388226798214410e-14
1.798303905339302940e-14
1.668995767014436387e-14
1.389235918053945715e-14
1.393338708958422092e-14
1.434987579104252578e-14
1.464644527856407007e-14
1.509656946953362305e-14
1.691528898287529523e-14
1.826567514165652893e-14
1.995885658909394285e-14
2.080695940991292404e-14
2.315364787629948568e-14
2.380556905288429258e-14
2.455575962150299907e-14
2.541206260397806159e-14
2.534762548621143918e-14
2.461169112098092682e-14
2.446484647603599819e-14
2.230777437757835322e-14
2.112900283381063862e-14
1.886836691624865078e-14
1.636525498574435862e-14
1.399727047885497261e-14
1.135487932789330490e-14
8.729232941164609862e-15
6.717690263258267358e-15
4.280474700632722314e-15
3.062209536289906501e-15
1.648192582854761985e-15
1.149252444852657193e-15
8.478931334639747992e-16
1.289777887120382395e-15
1.693554042580903937e-15
2.859512602330567390e-15
3.485187369051141752e-15
4.694464850113409087e-15
5.233315909068096873e-15
5.776631019378140128e-15
5.745838504033012501e-15
5.517299600073130573e-15
4.678795167801388158e-15
3.927655884514923472e-15
2.604384580097417511e-15
1.754413527101214838e-15
7.236162473181045487e-16
2.526838359550576234e-16
-3.210616621360617268e-17
2.217257181330560326e-16
5.630618115375245077e-16
1.316307569749783703e-15
1.723574164691178665e-15
2.272993848094297020e-15
2.241576341067063648e-15
2.095020122400833330e-15
1.509177403307321508e-15
9.488346299936447711e-16
2.799631416297696145e-16
3.313054480354425169e-17
-1.412577238066747675e-16
2.207442997078899624e-16
5.330929182752197430e-16
1.002067491406743496e-15
1.126182576287524358e-15
1.093264955902315112e-15
6.818125745334461240e-16
3.381642674518501759e-16
-7.035708647581290628e-17
-4.234490349362379228e-17
7.649666506587706624e-17
4.559876611310739600e-16
6.213198266921715635e-16
6.581926500223620061e-16
3.586285069088502625e-16
1.178431211373692877e-16
-1.113872268857971914e-16
3.998850672795505903e-17
2.136394246061559782e-16
4.409419011513885658e-16
3.500419618244408259e-16
1.741029143877341397e-16
-6.220940744231288213e-17
-2.473423885189088041e-18
1.220724268722035733e-16
3.098725442428720893e-16
1.995763289479837998e-16
5.802815844935216869e-17
-6.707080104787936733e-17
7.309022977085123158e-17
1.734322939890661177e-16
1.846017169716398425e-16
-4.345897244080041404e-18
-1.389617844412983905e-17
5.849578738775464150e-17
1.670330531367414964e-16
4.692112318672978442e-17
-1.588641623113808214e-17
1.780006308570546882e-17
1.290874890580346792e-16
3.361994933197565073e-17
-9.518980622986805769e-18
2.542379429011542937e-17
9.858438938826658451e-17
-3.892517858534350754e-18
3.651827031853365193e-18
5.197278037741040443e-17
4.606150731819513107e-17
-2.707070369462435688e-17
5.262053661332227842e-17
2.519388840890204364e-17
-2.110017998232731646e-18
2.373519043641377648e-17
3.449147712771312527e-17
-1.723254581892837807e-17
4.282773928695043764e-17
-1.252590455951478654e-18
1.219382008083321497e-17
1.955185072716397180e-17
2.407929327851246071e-18
1.367479648587875039e-17
1.233693088880097242e-17
2.614181498972292294e-19
2.080192028574873719e-17
-6.570362622561990761e-18
2.220892632541316470e-17
-7.387478620481923980e-18
1.993347094444648585e-17
-6.059964008491632321e-18
1.706251447171438129e-17
-4.648478509628981091e-18
1.470498142586547344e-17
-3.654308087175696508e-18
1.296062187021875808e-17
-3.016425496972890587e-18
1.167410785213219498e-17
-2.590205428832643331e-18
1.069746508273586004e-17
-2.270417295484214416e-18
9.933538009998163596e-18
-1.995946772950523493e-18
9.324146053226624100e-18
-1.733817326363274084e-18
8.834522313158403275e-18
-1.466486775733848720e-18
8.443175927930124569e-18
-1.184445645163847399e-18
8.136244642013273651e-18
-8.822754365814799722e-19
7.904464735766610105e-18
-5.565895469692026866e-19
7.741528638079236840e-18
-2.049459397674880590e-19
7.643166364883346094e-18
1.747408357588274661e-19
7.606611143044722695e-18
5.845278988205450232e-19
7.630276508084243536e-18
1.026633978278119048e-18
7.713554947960467652e-18
1.503554825723002092e-18
7.856689967866323628e-18
2.018138178930831451e-18
8.060694898211698061e-18
2.573637011789786581e-18
8.327303118885760792e-18
3.173751687143394048e-18
8.658940738338870851e-18
3.822667426241825221e-18
9.058715938660672863e-18
4.525090841294032267e-18
9.530421656093690779e-18
5.286287751040980881e-18
1.007854934028927538e-17
6.112123961164032358e-18
1.070831224416321282e-17
7.009109840849596201e-18
1.142567744886754162e-17
7.984449540888115336e-18
1.223740587800128612e-17
9.046095339298970853e-18
1.315109998861137619e-17
1.020280741595805436e-17
1.417525891326842466e-17
1.146421953988630799e-17
1.531934089237166517e-17
1.284091081580092779e-17
1.659383293656289936e-17
1.434448371213291938e-17
1.801032771129062034e-17
1.598764861909746914e-17
1.958160752484369130e-17
1.778431485298447877e-17
2.132173542650148429e-17
1.974968825797249997e-17
2.324615320248148474e-17
2.190037526522911496e-17
2.537178604962594530e-17
2.425449312798478268e-17
2.771715360438440103e-17
2.683178594018052339e-17
3.030248665156953569e-17
2.965374585190730584e-17
3.314984880342477541e-17
3.274373847531314936e-17
3.628326203777377418e-17
3.612713135734472831e-17
3.972883457962086836e-17
3.983142373029042826e-17
4.351488928336338873e-17
4.388637545975955173e-17
4.767208990022586440e-17
4.832413238284296088e-17
5.223356223549696584e-17
