# bin_5_3
6.682042906410763689e-06
7.102102694303932336e-06
7.340884018580468857e-06
7.790276676670023675e-06
8.061755410071958281e-06
8.542995176812329648e-06
8.849973625690076375e-06
9.365761024580466847e-06
9.711205642265254519e-06
1.026442695417520927e-05
1.065146800673515746e-05
1.124519171436758322e-05
1.167711943667941885e-05
1.231458884311805700e-05
1.279484522941327451e-05
1.347946632753987064e-05
1.401163156951191906e-05
1.474695510151480638e-05
1.533472755289590580e-05
1.612442406172517125e-05
1.677159246585014214e-05
1.761941900937482653e-05
1.832982560124035094e-05
1.923958267791851166e-05
2.001707566836542822e-05
2.099255281745134640e-05
2.184092669727827842e-05
2.288583519792545295e-05
2.380875729970546157e-05
2.492664843408504344e-05
2.592757027968648127e-05
2.712173777776590245e-05
2.820378996636899920e-05
2.947715556335504008e-05
3.064302536378604079e-05
3.199800692433079963e-05
3.324979839561832803e-05
3.468816086311090138e-05
3.602723829326054340e-05
3.754992888656508046e-05
3.897674571251354304e-05
4.058371638617340612e-05
4.209763360442331600e-05
4.378765591060269994e-05
4.538675639984322770e-05
4.715723660618126480e-05
4.883814481631001486e-05
5.068495049415672763e-05
5.244267063926031535e-05
5.435998393632941175e-05
5.618777412692401097e-05
5.816799148575622908e-05
6.005729597805150693e-05
6.209099893528617078e-05
6.403146556951194929e-05
6.610749204087544681e-05
6.808710641924445664e-05
7.019275585820401091e-05
7.219812704329182311e-05
7.431953502346310531e-05
7.633636827083877365e-05
7.845908494154534962e-05
8.047287357375438840e-05
8.258267419249732441e-05
8.457963306786454676e-05
8.666357514924643256e-05
8.863181987263402952e-05
9.067953791589869028e-05
9.261048450093191040e-05
9.461567745009394825e-05
9.650559458795451352e-05
9.846761170352774683e-05
1.003192014998433268e-04
1.022445696936923997e-04
1.040683847498382925e-04
1.059720486686978368e-04
1.077874801479924543e-04
1.096934547581724116e-04
1.115289603905135826e-04
1.134700411868538503e-04
1.153622449210736000e-04
1.173784084525135381e-04
1.193697242718718082e-04
1.215049148982610944e-04
1.236394624975712601e-04
1.259366377618415965e-04
1.282544638161976975e-04
1.307490925546830386e-04
1.332791114234249392e-04
1.359917948030084757e-04
1.387444051989012047e-04
1.416738820062420057e-04
1.446348268533135585e-04
1.477532134041976400e-04
1.508807629997204445e-04
1.541332470407229304e-04
1.573609313681063610e-04
1.606719744385142878e-04
1.639185259065232029e-04
1.672055831102490467e-04
1.703921637740113653e-04
1.735857767600093940e-04
1.766578758378824026e-04
1.797238769478392293e-04
1.826719152415677821e-04
1.856282041605926392e-04
1.884980907023691961e-04
1.914166480489121929e-04
1.943013030326724909e-04
1.972880122659024041e-04
2.002953987588202540e-04
2.034476728397270682e-04
2.066511295329982029e-04
2.100058528093686481e-04
2.133961334394440660e-04
2.168933208109897375e-04
2.203614973354186700e-04
2.238528849030850499e-04
2.272283731067989562e-04
2.305444090891651382e-04
2.336850422926745128e-04
2.367362840511729144e-04
2.396240742072902911e-04
2.424712765704493391e-04
2.452373366363516985e-04
2.480570410781575180e-04
2.508841097872797367e-04
2.538189292630506247e-04
2.567662988116046520e-04
2.597647766185618334e-04
2.626691022500963991e-04
2.654870057294525716e-04
2.680827100306093936e-04
2.705079016168675547e-04
2.727037374042904695e-04
2.748011198304360744e-04
2.768017358053011506e-04
2.788444493085345398e-04
2.808834229256893162e-04
2.829596091784085626e-04
2.849228101137841140e-04
2.867440041008433266e-04
2.882833825574542658e-04
2.896020623096132759e-04
2.906998506303090321e-04
2.917499825419942730e-04
2.927745046528227170e-04
2.938482119464242066e-04
2.948273933439446567e-04
2.956507938263333926e-04
2.961733750010649212e-04
2.964813766574352452e-04
2.966387761255764063e-04
2.968402097294392029e-04
2.970609206232910121e-04
2.972598069186008609e-04
2.972313831711860380e-04
2.969841391434434861e-04
2.965759267939227875e-04
2.962432179526796293e-04
2.959924230454545374e-04
2.957546810599904824e-04
2.953121923607721078e-04
2.947338554876621406e-04
2.941674582465909731e-04
2.938119744687122076e-04
2.935104252966013491e-04
2.931174621984251145e-04
2.926050297606611473e-04
2.922675336479996222e-04
2.921416617829976446e-04
2.920688439667406058e-04
2.918643571794601855e-04
2.917914549733225380e-04
2.919740994029842909e-04
2.922543706577241155e-04
2.924077361003717449e-04
2.927238283080486653e-04
2.932768833368667896e-04
2.938210577204794288e-04
2.942625645588705144e-04
2.949543261130943691e-04
2.956932072565121670e-04
2.962787449964049240e-04
2.969477587752623361e-04
2.977360209187731124e-04
2.982620842975988880e-04
2.988689101145109209e-04
2.994793844495586242e-04
2.998507677261454574e-04
3.002763207507011013e-04
3.006369958494945144e-04
3.007644824935024768e-04
3.010577757562802052e-04
3.010662613007252051e-04
3.011886447737628951e-04
3.012187601313814651e-04
3.012252761050191277e-04
3.013198696216784120e-04
3.013394402510216966e-04
3.015223343458221642e-04
3.016528759587718987e-04
3.019467187974434266e-04
3.022208266732009387e-04
3.026203046689274288e-04
3.030068191533715231e-04
3.034621640512360856e-04
3.038837814984513106e-04
3.043140954957632345e-04
3.046809156671530933e-04
3.050116706892510416e-04
3.052647306447750118e-04
3.054699883468799766e-04
3.056151834898412890e-04
3.057380219345681542e-04
3.058461676221245940e-04
3.059768708553706846e-04
3.061396909303669336e-04
3.063556387258986320e-04
3.066185191841540401e-04
3.069232684001125893e-04
3.072443954124482552e-04
3.075592115245504260e-04
3.078397501793636343e-04
3.080703424084677055e-04
3.082451702709459031e-04
3.083749899935818895e-04
3.084822062408723673e-04
3.085943150527915065e-04
3.087363572668978622e-04
3.089186700660744977e-04
3.091369246419795221e-04
3.093672266423352240e-04
3.095818221456417296e-04
3.097527288403929845e-04
3.098728079421632494e-04
3.099503085458382105e-04
3.100153963212859756e-04
3.100946753663389333e-04
3.102077107259102601e-04
3.103439124436572854e-04
3.104792499016283147e-04
3.105779691327167089e-04
3.106273047894323597e-04
3.106338583764654934e-04
3.106320466753796292e-04
3.106462944734071185e-04
3.106843471724715254e-04
3.107168053309868451e-04
3.107130911434975392e-04
3.106545778892080010e-04
3.105643702846522139e-04
3.104726094607669065e-04
3.103983906508433034e-04
3.103157204571856901e-04
3.101923103085297813e-04
3.100127552071789373e-04
3.098084983588430836e-04
3.096065833351534322e-04
3.094051669625802730e-04
3.091623917011218203e-04
3.088646767672460877e-04
3.085345913848825902e-04
3.082066132190944231e-04
3.078603406810387420e-04
3.074624731297305891e-04
3.070122712374643540e-04
3.065515501136488745e-04
3.060760873241694493e-04
3.055510085965961343e-04
3.049696180511583072e-04
3.043739119597274959e-04
3.037534021441812672e-04
3.030740673495403519e-04
3.023464172168504726e-04
3.016039703686966967e-04
3.008094604862773911e-04
2.999535905151176456e-04
2.990682162375459256e-04
2.981402700023769170e-04
2.971391137352992571e-04
2.961057296493560293e-04
2.950195230546677093e-04
2.938638758177028140e-04
2.926697820712601417e-04
2.914157923035291006e-04
2.900953256298715709e-04
2.887394265577032096e-04
2.873053628615513679e-04
2.858320577599568891e-04
2.842938266106373848e-04
2.826995368258138075e-04
2.810533765088571532e-04
2.793403494712015894e-04
2.775782866830946399e-04
2.757462951378627700e-04
2.738621940797272662e-04
2.719092333895617745e-04
2.699012456351757906e-04
2.678279702814945771e-04
2.656998843511599478e-04
2.635119494146469623e-04
2.612720675948974002e-04
2.589778922667219582e-04
2.566346398606499210e-04
2.542405181274050535e-04
2.517982979587679191e-04
2.493064729486255495e-04
2.467670768163866433e-04
2.441803301345381793e-04
2.415495203434440876e-04
2.388772508678115199e-04
2.361677275972809181e-04
2.334239167389090595e-04
2.306484561609681207e-04
2.278424494080690454e-04
2.250064964310744507e-04
2.221412901734934418e-04
2.192483417980597299e-04
2.163305554887373758e-04
2.133910827136308432e-04
2.104330623447489340e-04
2.074578288457872000e-04
2.044661331552668864e-04
2.014578865830558775e-04
1.984347418519463464e-04
1.953988775488741997e-04
1.923536464023467216e-04
1.893005338393138664e-04
1.862406176737033418e-04
1.831740195359422049e-04
1.801034065709546171e-04
1.770320479183519122e-04
1.739638520573965231e-04
1.708997225468031963e-04
1.678406835944831494e-04
1.647886324962324943e-04
1.617491118193689896e-04
1.587260731611925561e-04
1.557211378666179110e-04
1.527335386541187892e-04
1.497667988835404995e-04
1.468260944227425130e-04
1.439148221111517833e-04
1.410310429355052611e-04
1.381757015879467667e-04
1.353532369295002466e-04
1.325675235367550925e-04
1.298164476225937408e-04
1.271007770388150188e-04
1.244246730587712194e-04
1.217907989386887230e-04
1.191975436115601895e-04
1.166478455488565547e-04
1.141444586618018542e-04
1.116878149039075808e-04
1.092787285799267023e-04
1.069198138173897906e-04
1.046100775424767964e-04
1.023516138369862149e-04
1.001445427833896678e-04
9.798812475895655408e-05
9.588425522358843059e-05
9.383261497074005437e-05
9.183201116957864665e-05
8.988565171278499965e-05
8.799036337030812969e-05
8.614829653656146254e-05
8.435856529758991489e-05
8.262008419492915061e-05
8.093357059809403494e-05
7.929705759843087701e-05
7.771079576672665584e-05
7.617356120308823653e-05
7.468474035831816854e-05
7.324362780437465202e-05
7.184904930350043302e-05
7.050025540815493157e-05
6.919580134575229152e-05
6.793482363167661789e-05
6.671586780455513171e-05
6.553806841103309959e-05
6.439996863880992697e-05
6.330060381714055476e-05
6.223838985927142157e-05
6.121225743237929692e-05
6.022060761748618832e-05
5.926242134156996732e-05
5.833616074213578010e-05
5.744082695872006737e-05
5.657488092889129344e-05
5.573731539477123843e-05
5.492658851458731220e-05
5.414167734217161789e-05
5.338107553958571806e-05
5.264389121219942031e-05
5.192880508080825465e-05
5.123496159310052652e-05
5.056088299232844210e-05
4.990559596353404690e-05
4.926785771851426997e-05
4.864708933286134983e-05
4.804212856992467719e-05
4.745209101301370709e-05
4.687572039931305317e-05
4.631250099168445758e-05
4.576147004777400345e-05
4.522188280600361886e-05
4.469260035008162376e-05
4.417325310091337504e-05
4.366306792248593254e-05
4.316143115552167431e-05
4.266740422756987714e-05
4.218075663709522214e-05
4.170069634838730185e-05
4.122666355906912295e-05
4.075791108421108892e-05
4.029418971779939691e-05
3.983507483187866355e-05
3.938035651453836942e-05
3.892896839991466485e-05
3.848108254081410168e-05
3.803638192942575491e-05
3.759406431102644733e-05
3.715429491807608194e-05
3.671669950346054527e-05
3.628084088627621010e-05
3.584745869721149802e-05
3.541495853937571100e-05
3.498409734066459758e-05
3.455478982933830683e-05
3.412624637180518451e-05
3.369916932200517823e-05
3.327280668966977115e-05
3.284737600368268341e-05
3.242357595146619126e-05
3.199982991501279360e-05
3.157711091566566913e-05
3.115528227467245645e-05
3.073384784991723908e-05
3.031344491901626065e-05
2.989335473406731230e-05
2.947397559973551968e-05
2.905605599970812684e-05
2.863794635682332692e-05
2.822099651793369675e-05
2.780491895517208300e-05
2.738939638370841684e-05
2.697532380730456632e-05
2.656180535605354254e-05
2.614949504051438268e-05
2.573929066833934831e-05
2.532959441768617556e-05
2.492188622792410903e-05
2.451574783414207310e-05
2.411098198178904318e-05
2.370860535540038691e-05
2.330741450267891058e-05
2.290802334853596294e-05
2.251118102452301354e-05
2.211515316852189679e-05
2.172136713049999939e-05
2.132911408647589457e-05
2.093821677207966173e-05
2.054958186231826861e-05
2.016183796950075043e-05
1.977582895308635240e-05
1.939223608160813359e-05
1.900951780604962540e-05
1.862930147875876719e-05
1.825087413854184447e-05
1.787437596165784460e-05
1.750081569346399816e-05
1.712878149494424036e-05
1.675924474525808034e-05
1.639267810301983969e-05
1.602769432542879385e-05
1.566580452060701800e-05
1.530608452578733868e-05
1.494876624860703494e-05
1.459481069701149821e-05
1.424300930543668617e-05
1.389446886245580244e-05
1.354958469022766466e-05
1.320743081305165951e-05
1.286944809391160211e-05
1.253479219105382808e-05
1.220370043849611211e-05
1.187688622052652853e-05
1.155333545291323561e-05
1.123395478959811340e-05
1.091882107339146820e-05
1.060734017842117349e-05
1.030068839893159475e-05
9.998168461131112325e-06
9.700007977509005725e-06
9.406670829855761655e-06
9.117455904375504610e-06
8.832914250144490671e-06
8.552850090790700910e-06
8.276825085181145134e-06
8.005178555898750508e-06
7.737112787799105189e-06
7.472201265651412425e-06
7.209770026441935517e-06
6.948466108025910664e-06
6.687225468040520109e-06
6.424550000576754230e-06
6.159428602410969424e-06
5.892188463887350305e-06
5.624660249524404687e-06
5.361255600158371980e-06
5.108752001402978422e-06
4.875735671499157445e-06
4.670695980436437376e-06
4.500039310124465336e-06
4.366218463313565212e-06
4.266644014533492417e-06
4.194205202502069919e-06
4.138470356549427809e-06
4.087948934226699175e-06
4.032798810203550783e-06
3.965336868946427477e-06
3.881562253689881658e-06
3.780506170861216295e-06
3.663399158437515451e-06
3.533292161393295139e-06
3.393445855863341284e-06
3.247156339259689001e-06
3.097984659192422768e-06
2.948125840896291639e-06
2.799744433093842981e-06
2.654293137543717785e-06
2.512668319080389412e-06
2.376028827235058692e-06
2.244714989733310231e-06
2.118849223258056937e-06
1.998966918659123667e-06
1.884662842337794862e-06
1.775999963757510240e-06
1.672573231447873193e-06
1.574079838956756978e-06
1.480791576238551596e-06
1.392409478860622398e-06
1.308632299370870002e-06
1.229556939878224956e-06
1.154622842096118319e-06
1.083806256441903163e-06
1.016855563330631912e-06
9.536883128031352827e-07
8.944772861753805556e-07
8.386830574293509043e-07
7.859398467613632732e-07
7.365384864591505312e-07
6.899900425067790116e-07
6.462971373229427999e-07
6.051757099549629660e-07
5.666486624837921046e-07
5.305184855727409930e-07
4.965116415457102017e-07
4.648176026645235910e-07
4.355364154970304232e-07
4.076435134106153157e-07
3.812950864524530994e-07
3.567543550316997152e-07
3.337292833494000363e-07
3.118730753397673452e-07
2.916078097898947996e-07
2.727937449581120260e-07
2.549605805796644441e-07
2.382513525954182237e-07
2.230164768303049692e-07
2.087590308982035838e-07
1.950809515491390359e-07
1.825029087094175824e-07
1.708142259084875491e-07
1.598325031171246683e-07
1.493733975159662894e-07
1.401446644516531750e-07
1.307264691129134716e-07
1.221960168182448083e-07
1.143311973671009491e-07
1.074679688369927973e-07
1.001625608585598881e-07
9.412673991592958735e-08
8.779794873400162796e-08
8.200249103469148144e-08
7.649599164129182668e-08
7.143826922202146098e-08
6.634714173303550814e-08
6.145738535709081250e-08
5.756849307574971117e-08
5.306623913018509305e-08
4.986947423768506859e-08
4.622938059481948905e-08
4.327719891368755931e-08
4.032301015678717467e-08
3.808405150024285391e-08
3.545001682206898868e-08
3.309440265058432887e-08
3.148697286751399248e-08
2.890643764961906905e-08
2.748581665178430869e-08
2.557022678286847691e-08
2.380728108391995760e-08
2.216179545248283423e-08
2.078195536924194347e-08
1.944093034797188745e-08
1.776450726134969541e-08
1.699596081604599978e-08
1.558205884148701107e-08
1.461433651546186591e-08
1.377264852756913814e-08
1.261478419998337019e-08
1.201059848194812999e-08
1.105401661906661031e-08
1.041662344627344858e-08
9.622897811414293452e-09
9.120834265340652107e-09
8.491047296784886193e-09
7.867655033480245060e-09
7.638903307600867084e-09
6.836328161954698284e-09
6.588902612970638544e-09
6.131991154098495879e-09
5.574532540456218567e-09
5.384642421618218969e-09
4.862042841035658799e-09
4.594578346465971294e-09
4.354603993372587025e-09
3.982397069758685149e-09
3.820319955175160254e-09
3.544561811790210760e-09
3.334075414342505228e-09
3.121771224464592917e-09
2.903015319253062532e-09
2.727511715441813411e-09
2.498503665083450628e-09
2.393139882398838410e-09
2.205126977756238677e-09
2.074169779212681569e-09
1.967410449744352461e-09
1.809395748893469810e-09
1.733396681722240625e-09
1.603866518818084193e-09
1.477037034306476291e-09
1.418674345525601772e-09
1.308161371666055761e-09
1.235634652176264252e-09
1.150929252407647771e-09
1.083068593989271639e-09
1.023454318105130458e-09
9.512803331828576853e-10
8.908043438246218285e-10
8.286992164034440103e-10
7.976507976616140486e-10
7.347232126573339015e-10
6.781501871830925675e-10
6.628777435290733910e-10
5.994496837192084038e-10
5.741082423339035535e-10
5.402506637898423488e-10
4.864373020165427681e-10
4.886766345887104082e-10
4.390378859770409279e-10
4.068225152198069448e-10
4.061972929762461240e-10
3.544110284924361472e-10
3.528458686283359004e-10
3.262537520134816276e-10
2.926096348357274241e-10
3.002492280933681318e-10
2.636692924106042464e-10
2.491194181925541807e-10
2.473969714342520723e-10
2.146497467125915913e-10
2.156395435649805328e-10
2.005633688311212323e-10
1.768556328649693338e-10
1.856362848329202558e-10
1.603230162275532035e-10
1.541009833006697306e-10
1.513224901649096513e-10
1.320354734020989657e-10
1.334917765540638630e-10
1.224389046916896237e-10
1.105869666848611212e-10
1.138198444892313217e-10
9.889557343857481781e-11
9.662520149510323855e-11
9.257546707592697853e-11
8.266991978443723926e-11
8.280681260696807711e-11
7.590439501919909619e-11
6.957846998434065926e-11
7.021671476999440571e-11
6.224790148099553694e-11
6.023781922065938978e-11
5.790420917646432863e-11
5.179584804433353872e-11
5.200686574035772209e-11
4.748864443156288089e-11
4.402380035459408204e-11
4.396036451482057209e-11
3.919396540315618904e-11
3.822828436880957665e-11
3.621867180081741058e-11
3.301722452708567688e-11
3.275280588865485370e-11
3.006100209831716329e-11
2.808348663089198851e-11
2.770608631113619346e-11
2.499205174181231681e-11
2.433900957935857728e-11
2.296892610579741783e-11
2.114320603933503927e-11
2.083275881167462390e-11
1.916915286655448252e-11
1.806210350934733434e-11
1.761110206362339562e-11
1.606829711704909558e-11
1.559655959595700704e-11
1.470726780549620132e-11
1.363441758810966785e-11
1.335142597287563488e-11
1.232588823094571596e-11
1.168858211388779164e-11
1.128843889061837365e-11
1.040411767472510035e-11
1.005789776145797831e-11
9.491934958175578480e-12
8.848268937466235857e-12
8.612831035192677786e-12
7.984430078270408983e-12
7.605392958790987830e-12
7.284650737818105558e-12
6.780493128205686873e-12
6.523641137958253323e-12
6.162436063517555637e-12
5.775429557279257954e-12
5.586505837532741300e-12
5.202596460351709807e-12
4.967501860635724178e-12
4.728894420420548180e-12
4.437238665163754034e-12
4.247895390003728966e-12
4.019381539322387804e-12
3.780366173394790781e-12
3.637277056300977170e-12
3.401752761307165671e-12
3.248750394709931681e-12
3.082051857387318655e-12
2.906066394764211979e-12
2.771802072196518044e-12
2.624187378046091039e-12
2.474870901566023798e-12
2.368857152084532743e-12
2.223207052604193667e-12
2.120240465822074596e-12
2.006607582159028364e-12
1.896957458177150258e-12
1.802214532759148661e-12
1.706326943218000398e-12
1.610293863519331484e-12
1.533921236609289956e-12
1.441720183990143967e-12
1.371271270497707222e-12
1.293971916895398953e-12
1.223785781692905303e-12
1.156607875867070510e-12
1.093743507780080516e-12
1.030056783373421216e-12
9.758158593576230567e-13
9.158649135642687369e-13
8.669068363650983856e-13
8.140132476576914204e-13
7.678414815379375470e-13
7.199371059765431020e-13
6.781714999952846916e-13
6.346673088106327248e-13
5.964402049665929784e-13
5.564336092555712011e-13
5.220897876827075854e-13
4.855753532917002995e-13
4.546564385493340587e-13
4.205074283417016024e-13
3.926036726744060570e-13
3.624614938287893637e-13
3.360098062913726503e-13
3.090884931121329665e-13
2.853699889179182988e-13
2.605072199943017619e-13
2.401428925918447334e-13
2.165658184638868540e-13
1.986025197409422263e-13
1.784193394006933874e-13
1.613716225447728224e-13
1.441397736161395338e-13
1.291720543236469760e-13
1.136487701689327779e-13
1.017429394124141951e-13
8.726757595139499588e-14
7.755625545409861537e-14
6.594231812283367688e-14
5.720540819191460796e-14
4.827218453486002863e-14
4.123762818414748102e-14
3.392975948442465716e-14
2.950395858611761410e-14
2.315913702480935363e-14
2.060202598845440529e-14
1.645369249606702952e-14
1.472514897266647139e-14
1.260302085364890459e-14
1.191979875732688445e-14
1.087404399829125584e-14
1.181000773933789879e-14
1.107184976372294570e-14
1.290372033676339334e-14
1.309074947938288364e-14
1.485051166083944315e-14
1.569945304827241136e-14
1.723088580449960363e-14
1.792161890004718307e-14
1.955256978457579770e-14
1.939080614383514189e-14
2.059170119700768363e-14
1.998036747012440864e-14
2.016081662963782992e-14
1.911464836332507021e-14
1.830880131333007158e-14
1.657162344906298652e-14
1.539657987016391093e-14
1.287217266579292254e-14
1.144460912766051443e-14
8.855829642072119321e-15
7.258038016457497300e-15
5.107736516219676267e-15
3.720490423923917756e-15
2.163098985062949691e-15
1.618288307744985707e-15
6.397242626751712888e-16
9.578480889784536480e-16
7.744187485949321307e-16
1.607536604416155077e-15
2.057663644307915886e-15
3.020218110631437344e-15
3.541507876338490099e-15
4.405895479360697744e-15
4.420920567754706182e-15
4.803116378021531030e-15
4.227127280055674072e-15
3.933134898573225127e-15
2.968726887423021564e-15
2.258899767183055534e-15
1.238995952821286240e-15
7.437060511315934872e-16
4.567417284905480850e-17
1.294240633523829178e-16
3.040744718575862157e-17
5.953188513378840233e-16
9.167678128436770201e-16
1.514619491149408244e-15
1.691040254154724216e-15
1.921768747566018482e-15
1.555627105701847502e-15
1.328082390372018166e-15
6.452625587989717848e-16
3.361969477359882600e-16
-8.030278536050049466e-17
-8.419428519415380663e-18
7.647804656852315660e-17
5.252219043278340413e-16
7.078632245457520392e-16
9.942036550633056892e-16
7.866354006304727606e-16
6.325515650852766605e-16
1.878075535805931417e-16
2.478631820504744034e-17
-1.117098061809580359e-16
1.374072828733119752e-16
2.919773546890799370e-16
5.689383307655286049e-16
4.584272108809308788e-16
3.540595475830173167e-16
3.025694212983841522e-17
-2.657003235887260216e-17
-2.801156879358607410e-17
2.297504283968708607e-16
2.967443748623155378e-16
3.353015450287219456e-16
8.668221376481449343e-17
1.704503743911859614e-18
-5.123341129354658099e-17
1.459121092766710305e-16
2.020275820059899271e-16
2.049066268832161111e-16
3.356148366658170978e-18
-1.143521583089200225e-17
1.822014507890192495e-17
1.783839431195171027e-16
1.101918914958460620e-16
3.347484360772238589e-17
-4.622387670843712951e-17
8.140644605770746236e-17
1.009693496207307988e-16
6.991701983242713857e-17
-4.327349359249693578e-17
4.449567114199220805e-17
7.490029198792635413e-17
5.517991384911711948e-17
-3.410167887385968716e-17
4.678343077927738327e-17
5.428869432455576953e-17
2.160195713783442474e-17
-1.997863123196133329e-17
6.472031093471545682e-17
1.562615737842399521e-17
-7.194405208678458774e-20
2.243063767773587248e-17
4.037634821668277685e-17
-1.993205176868183988e-17
3.791206790641840814e-17
1.075004173438921444e-17
3.900899537347504862e-18
1.873173854857468103e-17
1.556882527010566431e-17
-4.558552498094291391e-18
3.118497801227403785e-17
-1.122469918344050751e-17
2.551990997265799533e-17
-2.166756563597415702e-18
1.389659282018939261e-17
5.664812242196494595e-18
7.614873424719100162e-18
7.795943693169566832e-18
6.218455061549621134e-18
6.933504137059465182e-18
6.606715876927110360e-18
5.553415196336982650e-18
7.127807112459948611e-18
4.547984329914978125e-18
7.378591976936937520e-18
4.001535345410283616e-18
7.406436868682035000e-18
3.794142339277643792e-18
7.325963481879805942e-18
3.811754296140420038e-18
7.220585337430087182e-18
3.981019662981736376e-18
7.138733285601848808e-18
4.259831546456424198e-18
7.106656073924348796e-18
4.624897302269753457e-18
7.138601763597085640e-18
5.063651339915389592e-18
7.242757192614335948e-18
5.569764400491430476e-18
7.424420286469090575e-18
6.140749512525814351e-18
7.687667664476875512e-18
6.776681613795480613e-18
8.036247483460774194e-18
7.479498273836616157e-18
8.474075689705380515e-18
8.252611122954106636e-18
9.005527623174851036e-18
9.100689017492650470e-18
9.635622496204847552e-18
1.002954196655550850e-17
1.037015242234513163e-17
1.104606708232044042e-17
1.121578286957522517e-17
1.215823595983889554e-17
1.218014067442137690e-17
1.337511141025770312e-17
1.327189777075054409e-17
1.470688662220718327e-17
1.450085672673829952e-17
1.616494270936745081e-17
1.587804088262490038e-17
1.776192252407588386e-17
1.741579192043211820e-17
1.951181889849741796e-17
1.912787598877500610e-17
2.143007723051965043e-17
2.102960017870277262e-17
2.353371157848345366e-17
2.313793985977697242e-17
2.584143462115558856e-17
2.547167819118627804e-17
2.837380146860891732e-17
2.805155820301204890e-17
3.115336783269981482e-17
3.090044849769441946e-17
3.420486251950432656e-17
3.404352301215969176e-17
3.755537510755480071e-17
3.750845534930248662e-17
4.123455863539670882e-17
4.132562824198274379e-17
4.527484788954692553e-17
4.552835828754185921e-17
4.971169324688012686e-17
5.015313603772253601e-17
5.458380984161070985e-17
5.523988152098850146e-17
5.993344201753460902e-17
6.083221408574902772e-17
6.580664185745183019e-17
6.697773634193773905e-17
7.225356087969270716e-17
7.372833009127659011e-17
7.932875299309522321e-17
8.114046248283459737e-17
8.709148602207161305e-17
8.927549913523592385e-17
9.560605848114726388e-17
9.820002038508772103e-17
1.049421168097372526e-16
1.079861352537003036e-16
1.151749672121122620e-16
1.187117864822935624e-16
1.263858743798898993e-16
