# bin_3_3
2.992420794866215209e-05
3.194359307617489040e-05
3.289036724467566081e-05
3.502255437208227483e-05
3.613424991466781432e-05
3.839201095142500282e-05
3.967976221070855481e-05
4.207660581173699961e-05
4.355238181643295502e-05
4.610255730975104860e-05
4.777915414583292972e-05
5.049764151182213980e-05
5.238865932866044198e-05
5.529114164455027896e-05
5.741094246382550889e-05
6.051375673417755321e-05
6.287739858071822289e-05
6.619746017957930093e-05
6.882060251702376292e-05
7.237529790407303009e-05
7.527407264152891195e-05
7.908111441864647034e-05
8.227195628926968040e-05
8.634919407931380042e-05
8.984862363845643916e-05
9.421380392952325388e-05
9.803815617499112402e-05
1.027086240662089539e-04
1.068737156477948271e-04
1.118660516235649090e-04
1.163867800209752399e-04
1.217163655791293720e-04
1.266062346570564004e-04
1.322867419946764894e-04
1.375573101755855584e-04
1.436001135019676113e-04
1.492603637383305701e-04
1.556738733918616800e-04
1.617295084953985075e-04
1.685184342482861893e-04
1.749711072568740661e-04
1.821356643541612735e-04
1.889821619270686242e-04
1.965172429270842127e-04
2.037486505598452673e-04
2.116429982152476068e-04
2.192438896888948368e-04
2.274793212035963492e-04
2.354270312128670833e-04
2.439777821215144838e-04
2.522418402794393989e-04
2.610741166394571272e-04
2.696159423695066067e-04
2.786877917800506597e-04
2.874607715351689937e-04
2.967224049190081772e-04
3.056724932872656323e-04
3.150672072416787713e-04
3.241342079565199077e-04
3.336000671664963546e-04
3.427197533696140440e-04
3.521921876442900040e-04
3.612994054295593210e-04
3.707148479130468110e-04
3.797477038916798552e-04
3.890483356798176751e-04
3.979534871767067888e-04
4.070930478017047334e-04
4.158319822125004848e-04
4.247824448145380268e-04
4.333384437529731866e-04
4.420971317828122755e-04
4.504823630894808865e-04
4.590788044207825603e-04
4.673406800909625037e-04
4.758421724605530292e-04
4.840677819929816252e-04
4.925823227411207017e-04
5.008994567093956332e-04
5.095744447237388975e-04
5.181475562820978030e-04
5.271626182668810159e-04
5.361821636358465827e-04
5.457347404651204017e-04
5.553988562024381832e-04
5.656819768236169554e-04
5.761705554686246365e-04
5.873436692530402924e-04
5.987866899842212570e-04
6.109425642315578038e-04
6.233869698691481796e-04
6.365203112219060049e-04
6.499024627029740793e-04
6.638885638893244050e-04
6.780216043609770676e-04
6.926149731815302952e-04
7.072010876664147844e-04
7.220632753056698645e-04
7.367382990197759735e-04
7.514994541962020068e-04
7.659101617379305204e-04
7.802591773616359555e-04
7.941615245496917025e-04
8.079456557726181912e-04
8.212972201097997653e-04
8.345973524846874532e-04
8.476046954654638211e-04
8.607443803376606554e-04
8.738250172238213849e-04
8.872799466685193318e-04
9.009189255434080917e-04
9.151268306513916841e-04
9.296539067279714717e-04
9.447810055717190906e-04
9.601554713134006049e-04
9.759334293411882615e-04
9.916674096055340653e-04
1.007431877972611751e-03
1.022760923412994885e-03
1.037752081110262679e-03
1.052039267245002876e-03
1.065856720393814922e-03
1.079022261094428857e-03
1.091939478494342343e-03
1.104572529367834786e-03
1.117382454640575501e-03
1.130303793635793839e-03
1.143647157111868677e-03
1.157123733046128708e-03
1.170770585416631851e-03
1.184070496812299807e-03
1.196925994890963825e-03
1.208858647581749230e-03
1.219971886693478223e-03
1.230128733198120961e-03
1.239791636967504202e-03
1.249091538934541659e-03
1.258530157741082674e-03
1.268021644516024570e-03
1.277631923168151941e-03
1.286803428346278144e-03
1.295291545486332166e-03
1.302581864423084683e-03
1.308837474036661465e-03
1.314166939113703327e-03
1.319239579074180145e-03
1.324260402947242911e-03
1.329460237011300316e-03
1.334297174570431592e-03
1.338394734118471870e-03
1.341201852391682610e-03
1.343006745221549938e-03
1.344192936090887226e-03
1.345537852407238492e-03
1.347023860563364202e-03
1.348373612212005199e-03
1.348755670148560652e-03
1.348117936299064344e-03
1.346807492595084076e-03
1.345797756836087863e-03
1.345202205373812344e-03
1.344627075807667150e-03
1.343177231230218002e-03
1.341079561787063713e-03
1.339076469272271240e-03
1.337980993197658780e-03
1.337165735390949059e-03
1.335901543464712918e-03
1.334137031893585209e-03
1.333118498953494947e-03
1.333082764103017594e-03
1.333246457569423711e-03
1.332850936732409746e-03
1.333007825610657083e-03
1.334341343720142799e-03
1.336076100097330441e-03
1.337270930010710582e-03
1.339160810292135736e-03
1.342143127291239683e-03
1.345052934567699280e-03
1.347532007360836359e-03
1.351103988918530381e-03
1.354918269753397232e-03
1.358017957550695411e-03
1.361524369076805166e-03
1.365542401609393282e-03
1.368417629204988053e-03
1.371634828396077477e-03
1.374902823784930140e-03
1.377080205848249831e-03
1.379535222285378782e-03
1.381682672474015671e-03
1.382817760799102697e-03
1.384680585273170318e-03
1.385297623230719380e-03
1.386408866007449777e-03
1.387135468039227444e-03
1.387738122820656979e-03
1.388762285220998928e-03
1.389430520203583210e-03
1.390855346567400298e-03
1.392025472699333528e-03
1.393950796649059791e-03
1.395768716022706326e-03
1.398172027422004164e-03
1.400500910721761078e-03
1.403163421760515207e-03
1.405662090089489268e-03
1.408227176208819847e-03
1.410498615890127139e-03
1.412637574596554806e-03
1.414421552191608969e-03
1.416020460963845259e-03
1.417343690409994528e-03
1.418593969914926914e-03
1.419770560297049745e-03
1.421072696654835602e-03
1.422509590923624889e-03
1.424207311687207328e-03
1.426106787248428457e-03
1.428217473628571764e-03
1.430396191489755704e-03
1.432573191065375463e-03
1.434595473840464359e-03
1.436423159624898192e-03
1.438002319432395539e-03
1.439408901797537346e-03
1.440714941337999143e-03
1.442069503333396263e-03
1.443557412472621206e-03
1.445250960798237332e-03
1.447106109481161636e-03
1.449042830266259818e-03
1.450914399713763587e-03
1.452621796770739958e-03
1.454110390977019201e-03
1.455440622495240803e-03
1.456723853707143652e-03
1.458101055423064851e-03
1.459637708784177141e-03
1.461309618234270030e-03
1.462990325241861171e-03
1.464543620290809610e-03
1.465893705179400781e-03
1.467091097022048176e-03
1.468269623318860847e-03
1.469558162446024663e-03
1.470973502939139322e-03
1.472405920031330398e-03
1.473703467078713416e-03
1.474803484564403151e-03
1.475792257340033473e-03
1.476822380661491291e-03
1.477963220866674232e-03
1.479118559955760765e-03
1.480131077514131380e-03
1.480950723744844195e-03
1.481702616480989193e-03
1.482523869849208201e-03
1.483392852787242125e-03
1.484141142109256890e-03
1.484695415828415606e-03
1.485171385436430359e-03
1.485708572029223115e-03
1.486231811739924160e-03
1.486580946323773399e-03
1.486766894223787725e-03
1.486961974469058582e-03
1.487161067262692893e-03
1.487197613955667770e-03
1.487055029737743665e-03
1.486907378477513855e-03
1.486721209321239905e-03
1.486335208656895885e-03
1.485808905449799043e-03
1.485280856084251295e-03
1.484599586014423694e-03
1.483715278271731646e-03
1.482782286321749059e-03
1.481734763805920597e-03
1.480450059984395397e-03
1.479101105945150900e-03
1.477608129443417620e-03
1.475887859509663691e-03
1.474086076675179980e-03
1.472095892983337102e-03
1.469893780937514853e-03
1.467602827093530959e-03
1.465037236706772652e-03
1.462354057064411050e-03
1.459442463236694043e-03
1.456327888414188018e-03
1.453033353201526462e-03
1.449481659280359332e-03
1.445758452970141977e-03
1.441762510275743396e-03
1.437579310108709355e-03
1.433124264789366461e-03
1.428460707100455765e-03
1.423526997975554454e-03
1.418364632772675269e-03
1.412929437447879187e-03
1.407247824492989432e-03
1.401287972120537689e-03
1.395068211809466843e-03
1.388566252032121884e-03
1.381796754288552431e-03
1.374744050122152098e-03
1.367419839441214383e-03
1.359811485092071162e-03
1.351927353404566408e-03
1.343756659511739044e-03
1.335306795690609184e-03
1.326571052555412192e-03
1.317558879091424362e-03
1.308267853989524606e-03
1.298707789633662350e-03
1.288876686764318154e-03
1.278782196139088053e-03
1.268422881590802699e-03
1.257807963078731673e-03
1.246940629712302469e-03
1.235832936305761298e-03
1.224489086698204001e-03
1.212918480932424423e-03
1.201123702829468140e-03
1.189114852172806509e-03
1.176898831478246071e-03
1.164488464238098899e-03
1.151889750930462034e-03
1.139111169316484170e-03
1.126157176929947282e-03
1.113038890001092794e-03
1.099764426301817668e-03
1.086343129355065752e-03
1.072778199892389676e-03
1.059077299315241277e-03
1.045247761261447993e-03
1.031299230893844903e-03
1.017235117323545858e-03
1.003061652874753145e-03
9.887861744074188074e-04
9.744186548010827205e-04
9.599634352053255373e-04
9.454281182120085432e-04
9.308222932226512241e-04
9.161563064673974681e-04
9.014361929606976931e-04
8.866736248378221481e-04
8.718802521344966652e-04
8.570660142109290608e-04
8.422414913635841273e-04
8.274215863237081772e-04
8.126160263748267477e-04
7.978374212634233671e-04
7.830989036231461196e-04
7.684107461589678072e-04
7.537841325004428737e-04
7.392311572346018820e-04
7.247598104836083452e-04
7.103825741524583950e-04
6.961075324333725186e-04
6.819453871616346649e-04
6.679054852999613458e-04
6.539969037385058017e-04
6.402296394939231737e-04
6.266124506083875414e-04
6.131556089425614078e-04
5.998681277396560214e-04
5.867597667465223503e-04
5.738388743747919888e-04
5.611137494443962101e-04
5.485916660601595747e-04
5.362798546192844859e-04
5.241849044782941492e-04
5.123129931624599434e-04
5.006694745057136114e-04
4.892592627901614028e-04
4.780869839809341842e-04
4.671570808450595962e-04
4.564733498017636642e-04
4.460386796677743735e-04
4.358551979355156547e-04
4.259246778650753744e-04
4.162484150863338789e-04
4.068268473364710053e-04
3.976595768434700398e-04
3.887459524196700596e-04
3.800850439923861269e-04
3.716751689577235934e-04
3.635138832871010004e-04
3.555987177027874384e-04
3.479269546355898460e-04
3.404951419511441021e-04
3.332993536751893498e-04
3.263356858816780846e-04
3.195994512746570750e-04
3.130853936334590006e-04
3.067883094061667616e-04
3.007027403130634784e-04
2.948226692253563147e-04
2.891424450439280245e-04
2.836560686212893380e-04
2.783574573247906314e-04
2.732408264513366261e-04
2.683000772472020324e-04
2.635287840785458663e-04
2.589204628806367550e-04
2.544681660507344591e-04
2.501656823492864499e-04
2.460068786582442018e-04
2.419860354614091966e-04
2.380971494780560662e-04
2.343340864409417760e-04
2.306906755968698725e-04
2.271609088656057548e-04
2.237390629313272842e-04
2.204198493513917815e-04
2.171982420725931072e-04
2.140691916471047611e-04
2.110273783752213432e-04
2.080677289781090631e-04
2.051853908931927412e-04
2.023756643969744481e-04
1.996341291822040709e-04
1.969574367026455267e-04
1.943419408676156171e-04
1.917826879289830262e-04
1.892751771323004787e-04
1.868171357552547858e-04
1.844056955884300700e-04
1.820368698944678227e-04
1.797069952714782054e-04
1.774131798007398252e-04
1.751544210908421377e-04
1.729285061469517791e-04
1.707298347237264438e-04
1.685581480760784930e-04
1.664125611477199301e-04
1.642885839852169922e-04
1.621861653093693378e-04
1.601020207237592087e-04
1.580365205676023330e-04
1.559902798695754337e-04
1.539565258989365282e-04
1.519380814514618484e-04
1.499330887345549305e-04
1.479379590896673076e-04
1.459565545573016738e-04
1.439840521408178634e-04
1.420213571355459774e-04
1.400707185753296159e-04
1.381254601845203014e-04
1.361893082160225488e-04
1.342609344298530800e-04
1.323380639314172813e-04
1.304244636664344268e-04
1.285150748546436681e-04
1.266123369997246891e-04
1.247188142377004920e-04
1.228283760915068249e-04
1.209461201248963620e-04
1.190698992355153363e-04
1.171994733376322467e-04
1.153391176201138318e-04
1.134835894052187887e-04
1.116367380431930749e-04
1.098013005975626575e-04
1.079716055953551269e-04
1.061533012676787031e-04
1.043439978480672500e-04
1.025443111535619540e-04
1.007582351451568047e-04
9.897928383489119377e-05
9.721213758620482980e-05
9.545856754254990954e-05
9.371240664506751302e-05
9.197933273186978832e-05
9.025595034006091372e-05
8.854322966554765669e-05
8.684499805590174251e-05
8.515365652429742664e-05
8.347495205995625637e-05
8.181028299659084675e-05
8.015377801276200626e-05
7.851227455020991491e-05
7.688127408856809686e-05
7.526228472249784241e-05
7.365956904017261495e-05
7.206506559766997784e-05
7.048496466319711267e-05
6.891952711512530660e-05
6.736347045381415536e-05
6.582382426525346033e-05
6.429528229228655860e-05
6.277942667965295711e-05
6.128098270817939426e-05
5.979237475499400419e-05
5.832019468325489310e-05
5.686391217638195556e-05
5.542001262617707595e-05
5.399489854747509851e-05
5.258359059287098255e-05
5.118790751005871493e-05
4.981183821707057705e-05
4.844910097526244962e-05
4.710577643483650640e-05
4.578047147480311972e-05
4.447119489648005303e-05
4.318274490993249189e-05
4.191090295813001661e-05
4.065735004619995313e-05
3.942433013850931106e-05
3.820698064867868214e-05
3.700936654327826426e-05
3.582861229097068176e-05
3.466234235026172708e-05
3.351143113043430252e-05
3.237010317166735276e-05
3.123613782513772006e-05
3.010694835347446134e-05
2.897694640760310590e-05
2.784784919932152170e-05
2.672050920463980310e-05
2.560213203657182412e-05
2.450700045267383557e-05
2.345133765755992177e-05
2.245562168192909516e-05
2.153899232578268804e-05
2.071553788640084957e-05
1.999434303837884628e-05
1.937439660619566051e-05
1.884753706707990005e-05
1.839896209366654714e-05
1.800869080663253027e-05
1.765347791901276361e-05
1.730948209579470832e-05
1.695581773317974314e-05
1.657518178079525013e-05
1.615621570075255340e-05
1.569363448390531963e-05
1.518728906866471842e-05
1.464336748495209939e-05
1.406891543438624868e-05
1.347287782304984780e-05
1.286580776626527815e-05
1.225514990868856153e-05
1.164922155355405689e-05
1.105401481115180271e-05
1.047297539885469886e-05
9.911118812742956226e-06
9.369344057136977364e-06
8.848929128036956776e-06
8.351642606918081624e-06
7.876187898412328027e-06
7.423733213959489124e-06
6.993597874283145287e-06
6.584079319989470257e-06
6.196174847368211987e-06
5.827888564803994516e-06
5.478916535769823054e-06
5.149147243735749678e-06
4.836525574346206086e-06
4.541522844263978578e-06
4.263237275085701006e-06
4.000025928697380712e-06
3.752834929145188920e-06
3.519589321225680339e-06
3.299888219161299732e-06
3.093274375957176452e-06
2.898667692911476902e-06
2.716263617647524703e-06
2.545075106198583597e-06
2.384105089568223481e-06
2.233782717310362180e-06
2.091948047750891476e-06
1.958648472873916339e-06
1.834050463868281960e-06
1.717145041883634569e-06
1.607474728508279781e-06
1.504596693880668977e-06
1.408078990133581895e-06
1.317475342899895645e-06
1.232450339795059019e-06
1.153351036945541066e-06
1.079385534308127324e-06
1.009399147136436893e-06
9.447718356358641873e-07
8.844815795810980067e-07
8.278442627988312490e-07
7.744767793835335535e-07
7.254116551845371424e-07
6.784261678707298453e-07
6.350697246028248118e-07
5.950380071553795483e-07
5.572321927727944581e-07
5.209289725371533781e-07
4.882462217390688549e-07
4.576263581997207069e-07
4.275888643764947510e-07
4.003724742447031653e-07
3.739385788645733075e-07
3.493673935185620179e-07
3.258722842922575143e-07
3.050650455979009600e-07
2.836224407642928679e-07
2.644844775454820556e-07
2.469726593582778946e-07
2.296918262436063783e-07
2.151284054002851185e-07
2.005839481894441213e-07
1.875504328962904681e-07
1.747652302616325467e-07
1.649599804107954910e-07
1.533172475985167810e-07
1.438741811717131428e-07
1.356037001542599180e-07
1.255996032231483705e-07
1.187313024180385691e-07
1.107135493320727949e-07
1.035710501411779104e-07
9.631163332094623773e-08
9.070961629782045659e-08
8.472141262720236110e-08
7.830309247926602426e-08
7.426569095288982960e-08
6.842300648221318201e-08
6.447010269078017763e-08
6.036303754901978154e-08
5.585034048982677515e-08
5.281495477690424274e-08
4.903088011005338171e-08
4.614137600806427987e-08
4.279989267167514212e-08
4.066849994344489837e-08
3.767082012448356429e-08
3.522709332752194012e-08
3.370847834098624192e-08
3.051424120024419225e-08
2.930249866718722584e-08
2.721153163753104587e-08
2.512658919612344322e-08
2.421746367869089599e-08
2.200354029641433788e-08
2.092945359891920317e-08
1.969455435285550826e-08
1.814420143162845664e-08
1.727178476684436928e-08
1.601366672334115253e-08
1.509968963430760033e-08
1.413185035943066948e-08
1.327263117723854953e-08
1.247240439023999568e-08
1.155117383737949231e-08
1.100774670575093551e-08
1.018733031091807758e-08
9.592165179905172851e-09
9.052479469745465015e-09
8.344714144392903592e-09
8.034377183687383371e-09
7.432430493096121376e-09
6.922962441191804266e-09
6.604046192619998580e-09
6.136697419048600640e-09
5.800411118267117679e-09
5.405347612055414012e-09
5.094936215142980215e-09
4.806074229320350518e-09
4.507353344494016579e-09
4.221127148267012986e-09
3.932152768850331907e-09
3.786957315366748363e-09
3.505983115870053637e-09
3.257943424863221423e-09
3.160218861468448205e-09
2.868464408317999194e-09
2.779781973496545366e-09
2.589978936690524420e-09
2.363138797529305602e-09
2.356921232976584271e-09
2.125473418245896134e-09
2.004445060350901553e-09
1.954401479165502323e-09
1.741018964780153893e-09
1.730360583032555079e-09
1.591997220727122267e-09
1.452547731483698080e-09
1.469501802592003017e-09
1.301491446743908640e-09
1.250063554641768486e-09
1.211796535406156087e-09
1.074797062679547353e-09
1.079408009256529781e-09
9.918099868576751328e-10
9.011831987444948963e-10
9.205799014798758590e-10
8.079672626633139995e-10
7.861963228635477823e-10
7.549081813390604387e-10
6.736918229535280120e-10
6.791049625580175092e-10
6.189962664680691302e-10
5.719055226999291431e-10
5.751625462195240318e-10
5.092241385749393015e-10
4.992274608502757006e-10
4.718875031051991482e-10
4.293520544975280767e-10
4.281580831016321757e-10
3.915101048065169000e-10
3.650621151545367677e-10
3.624285862901460144e-10
3.249834059223746444e-10
3.173755431641448025e-10
3.000351113827938620e-10
2.742721025233534110e-10
2.728115896531273544e-10
2.495987597754802834e-10
2.346956358309973484e-10
2.307315523006328275e-10
2.085262638360654861e-10
2.038073960305049357e-10
1.918257811090222358e-10
1.770880980520331307e-10
1.747649312053245641e-10
1.604586623513604982e-10
1.520684736062858705e-10
1.477575621065170203e-10
1.351092425952733170e-10
1.314404595468399270e-10
1.237936533559646156e-10
1.149866912690407572e-10
1.127135001568561612e-10
1.039380099062235357e-10
9.903031851314041591e-11
9.527971847335778736e-11
8.810678731473103667e-11
8.524542502946752591e-11
8.036188732885725049e-11
7.509337023224023967e-11
7.308160752775116821e-11
6.772536167821384899e-11
6.472911940349731439e-11
6.181092020632277376e-11
5.768954560747404795e-11
5.551704568069299376e-11
5.239761895209143413e-11
4.920294294968308931e-11
4.754691489715405865e-11
4.430547689642073434e-11
4.234392761606622394e-11
4.027028290092209191e-11
3.779478382617295909e-11
3.623080090742466411e-11
3.419639779941455355e-11
3.223963416309898055e-11
3.094439126476236149e-11
2.897051904952341986e-11
2.763750468997132527e-11
2.621454536311282023e-11
2.467540931242098464e-11
2.356132006402285854e-11
2.222876397781931119e-11
2.099194960568732655e-11
2.002541884024210680e-11
1.879659000710179952e-11
1.787363838882812980e-11
1.690598893352820316e-11
1.591893095942753582e-11
1.512585564580411084e-11
1.424279211568628169e-11
1.343818785774411183e-11
1.273093021151185953e-11
1.194711814094868786e-11
1.129687922672235460e-11
1.063754021310195287e-11
9.986242732159704630e-12
9.418508051963585922e-12
8.826488245069879639e-12
8.286185389117545245e-12
7.775787946393781273e-12
7.262677999018805430e-12
6.800190287745141610e-12
6.348555305503058005e-12
5.910011335572796947e-12
5.504733247650864383e-12
5.105534850198652522e-12
4.736982779208071605e-12
4.376061605408946900e-12
4.037875700009942018e-12
3.713398361599740902e-12
3.409292164155590629e-12
3.117727556720981502e-12
2.838764917987071414e-12
2.578269133000891933e-12
2.335823055426822393e-12
2.097310964535215118e-12
1.886513696593626941e-12
1.676906178573751223e-12
1.490963030424650527e-12
1.316334901942487163e-12
1.148183324565431054e-12
1.001994161892409823e-12
8.673804541480423250e-13
7.390181906394718045e-13
6.354439015681254209e-13
5.309830818338232957e-13
4.491701913070216762e-13
3.767459360358090948e-13
3.092813585116279617e-13
2.612786129949240418e-13
2.205119324537493767e-13
1.860108785520323538e-13
1.693749174475115335e-13
1.498463634341666940e-13
1.470814601004844761e-13
1.479981299596633799e-13
1.499117600087628442e-13
1.626909822445226962e-13
1.755906058242231772e-13
1.888953204399951012e-13
2.090594761519250311e-13
2.203408617949107120e-13
2.380639137384532926e-13
2.505397868249019141e-13
2.572806634252038063e-13
2.643711799410933485e-13
2.645803149472426685e-13
2.592210162575801744e-13
2.528911669605357188e-13
2.353507060273410995e-13
2.196101328727533587e-13
1.973755848198016460e-13
1.712762335181221953e-13
1.459966560488936293e-13
1.186104228944713805e-13
9.165648987598602815e-14
6.943026388768792002e-14
4.571926822462999093e-14
3.088287754244084872e-14
1.836745256929224133e-14
1.092141191095671370e-14
9.899728589857680712e-15
1.250755671187279351e-14
1.858439480682697480e-14
2.906625731657938669e-14
3.719200994865359416e-14
4.832127555183002651e-14
5.536946568030032565e-14
5.971115718621949481e-14
6.067093066977710562e-14
5.705394442517500359e-14
4.946204559053955320e-14
4.049292139686164372e-14
2.773983750465129862e-14
1.782156556264120631e-14
8.052691067165858745e-15
2.166961197285476174e-15
1.297006861072242294e-16
1.871354388113713201e-15
6.316642791046247599e-15
1.333759278684357754e-14
1.841167728775005819e-14
2.336208847402308217e-14
2.380035861467914455e-14
2.152463504674451890e-14
1.612675796749879792e-14
9.568470607882665523e-15
3.261408970016191830e-15
2.231608154130781076e-17
-1.161658932863030457e-15
2.003376080207277286e-15
5.864946840010502652e-15
1.018522365707368458e-14
1.204510245595148338e-14
1.115462125104494840e-14
7.385736375561120554e-15
3.280433784015842820e-15
-4.890393685556930771e-16
-6.805974419692908899e-16
1.030785512577799978e-15
4.540539922203839363e-15
6.709817020216096989e-15
6.666747473778333883e-15
3.952061374242586560e-15
1.033208575454160180e-15
-9.714372153768455328e-16
2.315404150370883307e-16
2.413384774307704061e-15
4.432021716597419144e-15
3.827974608726997523e-15
1.654234423128504667e-15
-4.897701860001063531e-16
-1.809903582346953422e-16
1.426295309961966432e-15
3.091851529113065995e-15
2.227230449149846991e-15
4.689658562807119945e-16
-5.673117702902181991e-16
6.344663747790499164e-16
1.937774891202231748e-15
1.807335178547456589e-15
7.273172476107027549e-17
-2.595395169486445152e-16
7.223493688327230200e-16
1.637794216923701575e-15
5.948047225061142236e-16
-2.671132520068046273e-16
2.843041117724324078e-16
1.253763669739450301e-15
4.437430184198314259e-16
-1.888381452794870748e-16
3.526098381532674048e-16
9.460667413626757672e-16
4.112087452367763758e-17
-4.084221695120735602e-17
6.199840057000831274e-16
4.070445858344548630e-16
-2.105205010173884622e-16
4.800492039259742846e-16
3.312852578092425676e-16
-8.762452963800634155e-17
3.119980729905727209e-16
2.987828567565981647e-16
-1.198804093222318987e-16
3.896231921395103131e-16
4.350897187618398527e-17
7.305089457728123974e-17
2.575239695254589148e-16
-2.588531965643497648e-17
1.929480089535254461e-16
8.098751898216280092e-17
4.981575657456217135e-17
1.723840971746691325e-16
-2.436605928949974807e-17
1.898639540173272565e-16
-3.553098988391598872e-17
1.687077694361088797e-16
-2.412601497446098230e-17
1.411806863549655936e-16
-1.169160780685634772e-17
1.188790477411642893e-16
-3.473915908188838342e-18
1.028539368892575673e-16
1.157030846425755524e-18
9.149069317877969941e-17
3.705240921569501446e-18
8.325107653246153288e-17
5.263590215418904026e-18
7.712746460456768996e-17
6.464464526608754574e-18
7.251913101508167373e-17
7.646695145710083776e-18
6.906967836843612991e-17
8.988278559052166638e-18
6.656113878704232746e-17
1.058369968152495356e-17
6.485499210721754892e-17
1.248510569430064673e-17
6.386053356585667357e-17
1.472380882947270736e-17
6.351773861256890071e-17
1.732163958641719490e-17
6.378769138299679018e-17
2.029708247395255218e-17
6.464702711167606353e-17
2.366869986340269557e-17
6.608458518355317234e-17
2.745711335298211356e-17
6.809933058075281344e-17
3.168620884048651366e-17
7.069904474366743335e-17
3.638391920759656280e-17
7.389950329733491673e-17
4.158278305733193708e-17
7.772398499230050175e-17
4.732039009546127379e-17
8.220301313607000808e-17
5.363978021064476117e-17
8.737427468485743653e-17
6.058983229330222931e-17
9.328267807040490413e-17
6.822567247957846585e-17
9.998052890077096952e-17
7.660911306525320431e-17
1.075278067989229637e-16
8.580913490835037766e-17
1.159925338112896850e-16
9.590242146203920287e-17
1.254512292880339009e-16
1.069739471269972726e-16
1.359894464777841219e-16
1.191176276923168282e-16
1.477023894582067090e-16
1.324370343347584598e-16
1.606956076954908061e-16
1.470461736221233959e-16
1.750857692327104949e-16
1.630703373849308009e-16
1.910015114211996009e-16
1.806470233965297253e-16
2.085843687841353490e-16
1.999269270052310626e-16
2.279897779851942479e-16
2.210750051498060636e-16
2.493881568101279073e-16
2.442716105289880638e-16
2.729660567711155446e-16
2.697136941462200566e-16
2.989273832025839630e-16
2.976160711064882151e-16
3.274946787524066355e-16
3.282127426448822548e-16
3.589104589667502964e-16
3.617582655129419653e-16
3.934385910786804608e-16
3.985291534901108040e-16
4.313656974008865614e-16
4.388252943043331820e-16
4.730025637559517843e-16
4.829713570952188925e-16
5.186855249900336994e-16
5.313181605676771850e-16
5.687777938695415634e-16
