# ee
5.217552687254183030e-02
8.777196045879312458e-02
1.018025389635062450e-01
9.332541511590415617e-02
7.129610511914064030e-02
4.675297938980484819e-02
2.739039303692253000e-02
1.582968830262639418e-02
1.078922462405407234e-02
9.348710100509409482e-03
8.847217901046628905e-03
8.278015318600498093e-03
7.252697754022647061e-03
6.226065352503718300e-03
5.729218321314736434e-03
5.755262600285156356e-03
6.138945781775592865e-03
6.619590748706202787e-03
6.982890703063051631e-03
7.295443902665745516e-03
7.692832446019367415e-03
8.305665948925735134e-03
9.237095880062849707e-03
1.048540709322291591e-02
1.201528124562233416e-02
1.376184591916047688e-02
1.567174421248233862e-02
1.776723722627349122e-02
2.007621921694019776e-02
2.257348139419064134e-02
2.522533640816530809e-02
2.801725968105681780e-02
3.094686330532295596e-02
3.404118419673372170e-02
3.733106988052483505e-02
4.083331195887592024e-02
4.456292226175638527e-02
4.854194987936909234e-02
5.279419949749310226e-02
5.733687000160377772e-02
6.216075195389034885e-02
6.725001523830974326e-02
7.258884089726533317e-02
7.816142857057128968e-02
8.395728187959189404e-02
8.998732866289259336e-02
9.626783049644623003e-02
1.028150638341542022e-01
1.096452679350964354e-01
1.167700847784117341e-01
1.241825514935097491e-01
1.318710707350374545e-01
1.398240377186776018e-01
1.480298699770057902e-01
1.564805780623574616e-01
1.651827975308934604e-01
1.741466900078557922e-01
1.833825212639866031e-01
1.929005273141709553e-01
2.027069568884258544e-01
2.127923178682968319e-01
2.231431754842473913e-01
2.337460354550265074e-01
2.445874927669548504e-01
2.556558980019292826e-01
2.669467580255090455e-01
2.784575138339728251e-01
2.901854576443133049e-01
3.021280304528092264e-01
3.142815425331648149e-01
3.266384656535025188e-01
3.391902896386562172e-01
3.519284150458882321e-01
3.648442721883182194e-01
3.779291425997794995e-01
3.911731473356737654e-01
4.045662884279738747e-01
4.180984786410808507e-01
4.317596902511103840e-01
4.455397169990346073e-01
4.594276979969668662e-01
4.734125343101626693e-01
4.874833055390208614e-01
5.016288829929397286e-01
5.158380189578887220e-01
5.300984540206916673e-01
5.443977502330288321e-01
5.587232911114373701e-01
5.730626387075978823e-01
5.874031765380471892e-01
6.017317525138926593e-01
6.160351550345266602e-01
6.303002320110564494e-01
6.445137123311601712e-01
6.586623843942303047e-01
6.727329770879452164e-01
6.867123383234118306e-01
7.005872565000228480e-01
7.143444605054564134e-01
7.279707387391051165e-01
7.414528796003616584e-01
7.547776714886186289e-01
7.679319028032686179e-01
7.809023619437043262e-01
7.936757777976037875e-01
8.062389387643598138e-01
8.185786927550793290e-01
8.306817091457260327e-01
8.425348358474071819e-01
8.541255158883741538e-01
8.654434537420275797e-01
8.764790680223414343e-01
8.872228963667183610e-01
8.976652383657035550e-01
9.077965721449853254e-01
9.176073163185376469e-01
9.270877704769056038e-01
9.362285912809207300e-01
9.450199592976993301e-01
9.534524121646441586e-01
9.615163684957291901e-01
9.692022469049282885e-01
9.765004064945009832e-01
9.834012658784211380e-01
9.898953031823772841e-01
9.959729370203431742e-01
1.001624526494578449e+00
1.006840490219056861e+00
1.011611425342895609e+00
1.015929238272930357e+00
1.019793333892015985e+00
1.023204307317297168e+00
1.026163467806492147e+00
1.028671529500173598e+00
1.030729444585773313e+00
1.032338165250721973e+00
1.033498643682451146e+00
1.034211951091820625e+00
1.034478563572546195e+00
1.034299909405774320e+00
1.033676583708649677e+00
1.032609538668603388e+00
1.031099964519924361e+00
1.029148575403185939e+00
1.026756323505819468e+00
1.023924161015256074e+00
1.020652921095497767e+00
1.016943674957404786e+00
1.012797255764979587e+00
1.008217234221088665e+00
1.003216702902910651e+00
9.978117894850609959e-01
9.920182050601537016e-01
9.858518392559463273e-01
9.793287007236253228e-01
9.724645005558049116e-01
9.652750688685280966e-01
9.577764143129812169e-01
9.499843670052076083e-01
9.419146380378211614e-01
9.335833550854373275e-01
9.250061697289557738e-01
9.161989715961341707e-01
9.071777693381587460e-01
8.979582740476437230e-01
8.885563158406323270e-01
8.789879628800252309e-01
8.692690452818656599e-01
8.594152146270532810e-01
8.494425390784888785e-01
8.393667892405011210e-01
8.292038547408476790e-01
8.189696252072858895e-01
8.086799307558588668e-01
7.983535175766177661e-01
7.880201415267861220e-01
7.777126530727392906e-01
7.674637241457089587e-01
7.573059671652124791e-01
7.472722921093392090e-01
7.373951923741777215e-01
7.277075779378175957e-01
7.182420017080616281e-01
7.090311951278560620e-01
7.001080086635759203e-01
6.915049952230241104e-01
6.832549457608613208e-01
6.753905322083192386e-01
6.679444264966297728e-01
6.609494195804533900e-01
6.544382429027363335e-01
6.484435088829960669e-01
6.429980084758930570e-01
6.381343541009446563e-01
6.338853962245259988e-01
6.302836877544399918e-01
6.273621386687762147e-01
6.251533018753373527e-01
6.236899088170696492e-01
6.230042743549183415e-01
6.231272850686816467e-01
6.240893514444423307e-01
6.259209434799974936e-01
6.286524716614300123e-01
6.323143464748226528e-01
6.369370974296869603e-01
6.425510755003912555e-01
6.491866911730181933e-01
6.568745334687940973e-01
6.656450128738016225e-01
6.755284803624089784e-01
6.865554059324133762e-01
6.987562595816120270e-01
7.121615113078022530e-01
7.268014525736377074e-01
7.427067319120591593e-01
7.599077002974345962e-01
7.784347087041326718e-01
7.983183461533791547e-01
8.195890231312570329e-01
8.422771501238488501e-01
8.664131376172375942e-01
8.920273960975058092e-01
9.191505145858795967e-01
9.478127845450129429e-01
9.780447949961318388e-01
1.009876777890175603e+00
1.043339381760085116e+00
1.078463076603657145e+00
1.115278094371831452e+00
1.153815024085833807e+00
1.194104216720032863e+00
1.236176142272225498e+00
1.280061270740209034e+00
1.325790072121780572e+00
1.373392897391308543e+00
1.422900335570019159e+00
1.474342618608851518e+00
1.527750335529031833e+00
1.583153956328357204e+00
1.640583831981196283e+00
1.700070432485345950e+00
1.761644108815174636e+00
1.825335569015337223e+00
1.891175164060201919e+00
1.959192887853850706e+00
2.029419924534653585e+00
2.101886148983263869e+00
2.176622150220907326e+00
2.253650066605358937e+00
2.332958471887443874e+00
2.414527846224824081e+00
2.498337955634586827e+00
2.584369042227535829e+00
2.672601824208189925e+00
2.763016305640495052e+00
2.855592490588396259e+00
2.950311097256412385e+00
3.047151891661632028e+00
3.146095115914858020e+00
3.247121012126894080e+00
3.350210298502258599e+00
3.455342979104897516e+00
3.562498819951898987e+00
3.671658539247781405e+00
3.782801903009632483e+00
3.895909867488829725e+00
4.010962436749317739e+00
4.127939138761327342e+00
4.246821167823092935e+00
4.367587575811128886e+00
4.490220271164242938e+00
4.614698305758949459e+00
4.741002159752910394e+00
4.869111837210069460e+00
4.999007818288090377e+00
5.130670583144632424e+00
5.264080135843641983e+00
5.399216004355348097e+00
5.536059621024844724e+00
5.674590513822360904e+00
5.814789638999273258e+00
5.956636048432097041e+00
6.100110698372207985e+00
6.245193592883551581e+00
6.391865212123790663e+00
6.540106036250584509e+00
6.689895593234163940e+00
6.841213887138475336e+00
6.994042826402324664e+00
7.148361462902228070e+00
7.304148848514699921e+00
7.461387367772262635e+00
7.620056072551430582e+00
7.780135919103582154e+00
7.941606911492661069e+00
8.104448101595183473e+00
8.268641397849956221e+00
8.434165852133492791e+00
8.600993851010292346e+00
8.769064454484757576e+00
8.938306248499552353e+00
9.108652579934496174e+00
9.280030130357388884e+00
9.452373198835479329e+00
9.625608466936569130e+00
9.799668329353046659e+00
9.974482324215003359e+00
1.014997998965253423e+01
1.032609372035802942e+01
1.050275210227414746e+01
1.067988657790584739e+01
1.085742668538322242e+01
1.103530291502379690e+01
1.121344480495766760e+01
1.139178474987721934e+01
1.157025133572511422e+01
1.174877410063144900e+01
1.192728543928861029e+01
1.210571488982669131e+01
1.228399199037578526e+01
1.246204818344085119e+01
1.263981300715198053e+01
1.281721695182669762e+01
1.299419050778253215e+01
1.317066416533700490e+01
1.334656746262021265e+01
1.352183088994967797e+01
1.369638684201779100e+01
1.387016200039234981e+01
1.404308875976574278e+01
1.421509761045549602e+01
1.438611809059170277e+01
1.455608069049188735e+01
1.472491685266100703e+01
1.489255421085429454e+01
1.505892515976413470e+01
1.522395923752062430e+01
1.538758979100357926e+01
1.554974064521850785e+01
1.571034705142009180e+01
1.586934045211328659e+01
1.602664562449103158e+01
1.618219686762057563e+01
1.633592562400687243e+01
1.648775762303029424e+01
1.663763002032038685e+01
1.678546473650779092e+01
1.693119702284718642e+01
1.707476213059325687e+01
1.721611625912417054e+01
1.735521560781808859e+01
1.749202208917776957e+01
1.762649761570596851e+01
1.775860029115570526e+01
1.788829202802974194e+01
1.801553093008110551e+01
1.814027890981254387e+01
1.826249407097709465e+01
1.838214023045236800e+01
1.849917358761653219e+01
1.861355605497233867e+01
1.872524954502254602e+01
1.883421025714531538e+01
1.894040200821826403e+01
1.904378290199442247e+01
1.914431294660167993e+01
1.924195405454279140e+01
1.933666623394564610e+01
1.942840758856327810e+01
1.951713812652356950e+01
1.960282166470414467e+01
1.968541440248316832e+01
1.976488015673825061e+01
1.984117512684756690e+01
1.991426122531386511e+01
1.998410036463989670e+01
2.005064874420383347e+01
2.011387018088328915e+01
2.017372277843129069e+01
2.023017035372545536e+01
2.028316720176908916e+01
2.033267904381467162e+01
2.037866017486550163e+01
2.042107631617405872e+01
2.045988557149337339e+01
2.049504604457647261e+01
2.052652155230097719e+01
2.055427019841991054e+01
2.057825199106116543e+01
2.059842693835263105e+01
2.061475695279706599e+01
2.062719823377263140e+01
2.063571840690667258e+01
2.064026986282762977e+01
2.064081641841311665e+01
2.063731808179102600e+01
2.062973295671438834e+01
2.061802295568595156e+01
2.060216522620737578e+01
2.058219404702617439e+01
2.055815702751391427e+01
2.053010749016673486e+01
2.049809875748077914e+01
2.046217843882761045e+01
2.042239795232850952e+01
2.037880681172989839e+01
2.033145833952792003e+01
2.028040204946899649e+01
2.022568745529954626e+01
2.016736787951571230e+01
2.010549474023878247e+01
2.004011755121517879e+01
1.997128392181645040e+01
1.989904717453875094e+01
1.982346063187822338e+01
1.974457190320642042e+01
1.966243431101949568e+01
1.957709356031413961e+01
1.948860678233622323e+01
1.939702158645730279e+01
1.930238939079866611e+01
1.920475970910672814e+01
1.910418395950277315e+01
1.900071546448294768e+01
1.889440183341881152e+01
1.878529448443164185e+01
1.867344483564272650e+01
1.855890430517334622e+01
1.844172240676991947e+01
1.832194865417887186e+01
1.819963827427120506e+01
1.807483887641848241e+01
1.794759997436711885e+01
1.781797679498812670e+01
1.768601504327819995e+01
1.755177185048320965e+01
1.741529101722498396e+01
1.727662777037453878e+01
1.713583162367828550e+01
1.699295209088264968e+01
1.684804249448377789e+01
1.670115234822808858e+01
1.655233307023686251e+01
1.640163417425652170e+01
1.624910707840835045e+01
1.609480320081363303e+01
1.593877395959364485e+01
1.578106601193251990e+01
1.562174505876300401e+01
1.546089679695390551e+01
1.529862596712264988e+01
1.513503064457464831e+01
1.497021366555246402e+01
1.480427120098664595e+01
1.463730989586948539e+01
1.446942496894409658e+01
1.430071735207818229e+01
1.413129083370174222e+01
1.396124158474532173e+01
1.379067529801377923e+01
1.361968624006280137e+01
1.344837819932238432e+01
1.327685115547279793e+01
1.310520604038175030e+01
1.293354378591694065e+01
1.276196246738377837e+01
1.259056396883740092e+01
1.241944922214550928e+01
1.224871820698837688e+01
1.207846995085884245e+01
1.190880728999947280e+01
1.173982829971567909e+01
1.157163581625002458e+01
1.140432791490792042e+01
1.123800647974450051e+01
1.107277149044003650e+01
1.090872292667480004e+01
1.074596172031649566e+01
1.058458975542025726e+01
1.042470415510406312e+01
1.026640775561048002e+01
1.010980053661977784e+01
9.954983429999661126e+00
9.802055463242970390e+00
9.651117568217408405e+00
9.502270676790679715e+00
9.355614768643055967e+00
9.211250775642238153e+00
9.069277725281070346e+00
8.929797501614686439e+00
8.792910084323356301e+00
8.658716405274784478e+00
8.527316444149242614e+00
8.398809228439573005e+00
8.273296642200907769e+00
8.150880569488384353e+00
8.031658133419977474e+00
7.915732646331971267e+00
7.803192661655462103e+00
7.694089121418018706e+00
7.588461541398032750e+00
7.486351341748760824e+00
7.387797086061165253e+00
7.292840194488499961e+00
7.201519230621728163e+00
7.113876566801537571e+00
7.029950766618887847e+00
6.949782774133320906e+00
6.873411152935799073e+00
6.800877799273291835e+00
6.732222705017908204e+00
6.667484909854326958e+00
6.606705833935803795e+00
6.549924040853299267e+00
6.497180950760070850e+00
6.448517031621941342e+00
6.403971323123588633e+00
6.363583817137122622e+00
6.327395933815797235e+00
6.295446712844291248e+00
6.267776622188429236e+00
6.244425653720319325e+00
6.225434751499502539e+00
6.210842955210654992e+00
6.200691208913317709e+00
6.195019028385883253e+00
6.193866881594177087e+00
6.197275236504022899e+00
6.205283132800097690e+00
6.217931990635658934e+00
6.235261325789097420e+00
6.257311606226239498e+00
6.284122347725477731e+00
6.315734018252636695e+00
6.352187085773540076e+00
6.393521066066582215e+00
6.439776427097585909e+00
6.490993636832377511e+00
6.547211734955634022e+00
6.608472617714325814e+00
6.674814848699415215e+00
6.746278895876726800e+00
6.822905227212085144e+00
6.904734786765030385e+00
6.991805662032809288e+00
7.084160225356106899e+00
7.181836564232171760e+00
7.284876574907973357e+00
7.393300253319567972e+00
7.507052372595945933e+00
7.626057233836331051e+00
7.750241994702240511e+00
7.879531908480325697e+00
8.013851276269811308e+00
8.153125827451065177e+00
8.297281291404456027e+00
8.446242445322925008e+00
8.599935018586839064e+00
8.758284740576568694e+00
8.921215436297618595e+00
9.088655691692656191e+00
9.260527427392320376e+00
9.436757324964416327e+00
9.617271113789310988e+00
9.801994523247374858e+00
9.990852330531545533e+00
1.018376931283476239e+01
1.038067215172482349e+01
1.058148562439466822e+01
1.078613450803723595e+01
1.099454453203289361e+01
1.120664142576201172e+01
1.142234996641752964e+01
1.164159683556724723e+01
1.186430585821667094e+01
1.209040371593360064e+01
1.231981518591097569e+01
1.255246599752916481e+01
1.278827997579367448e+01
1.302718380227230632e+01
1.326910320634543083e+01
1.351396201301855271e+01
1.376168785604690470e+01
1.401220551262342262e+01
1.426543880775361828e+01
1.452131347081785684e+01
1.477975618338393993e+01
1.504069077045737579e+01
1.530404486579339540e+01
1.556974229439750523e+01
1.583770688127521176e+01
1.610786721236917884e+01
1.638014711268491297e+01
1.665447040722792238e+01
1.693076663412830030e+01
1.720895580964182869e+01
1.748896937627346304e+01
1.777072735027898887e+01
1.805414974791418459e+01
1.833912421106217749e+01
1.862553076410663522e+01
1.891324752705637735e+01
1.920215642866993022e+01
1.949213558895610987e+01
1.978306884104831553e+01
2.007483049620563165e+01
2.036730629193631970e+01
2.066037053949946767e+01
2.095390707202847125e+01
2.124779400953213937e+01
2.154191328076901613e+01
2.183614110137304110e+01
2.213035940010275837e+01
2.242445010571669783e+01
2.271828943384880972e+01
2.301176121763249327e+01
2.330474167270169872e+01
2.359711272781495950e+01
2.388875440735594680e+01
2.417954673570834245e+01
2.446936592850608605e+01
2.475809772325744262e+01
2.504561833559636241e+01
2.533180778990651660e+01
2.561654801494644218e+01
2.589971713072495163e+01
2.618119516162571259e+01
2.646086403640726914e+01
2.673860187507842667e+01
2.701428870202285992e+01
2.728780263724938138e+01
2.755902941826624897e+01
2.782784145195769199e+01
2.809412257145710257e+01
2.835775280114815899e+01
2.861861026103967021e+01
2.887658068863989769e+01
2.913153458645820493e+01
2.938336150075257081e+01
2.963193193403236236e+01
2.987713543255556559e+01
3.011884249883154041e+01
3.035693887036854832e+01
3.059130266717539826e+01
3.082181581801062720e+01
3.104835834725790988e+01
3.127080456617633430e+01
3.148903830789929259e+01
3.170295483180936458e+01
3.191250081541039663e+01
3.211763626683028860e+01
3.231831928982206392e+01
3.251451941438792659e+01
3.270619093553118262e+01
3.289329957450431152e+01
3.307579962631060511e+01
3.325365681220256420e+01
3.342683304468291539e+01
3.359529023625443500e+01
3.375899029941986385e+01
3.391788752918251504e+01
3.407195145554457838e+01
3.422113637350937410e+01
3.436540800432936749e+01
3.450472826050731356e+01
3.463905524579624995e+01
3.476835087269892455e+01
3.489257705371808527e+01
3.501169570135649423e+01
3.512566491936718194e+01
3.523445042900261370e+01
3.533800652526610975e+01
3.543630654690958437e+01
3.552929717143690169e+01
3.561695173759997601e+01
3.569922073165240306e+01
3.577607368359637974e+01
3.584746869718493656e+01
3.591336768492081433e+01
3.597373255930678226e+01
3.602852142409586378e+01
3.607769619179081388e+01
3.612122258364410499e+01
3.615905489465905021e+01
3.619116265483784645e+01
3.621750015918379262e+01
3.623802932019965795e+01
3.625271205038817612e+01
3.626151407100184088e+01
3.626438967704395111e+01
3.626130458976698634e+01
3.625222072167370158e+01
3.623709617651711312e+01
3.621588905805026570e+01
3.618856889627535622e+01
3.615508998619569070e+01
3.611542185781346603e+01
3.606951499738227085e+01
3.601735797865291744e+01
3.595901174162101199e+01
3.589456388753022509e+01
3.582409820887448149e+01
3.574770230689746597e+01
3.566545616534338592e+01
3.557744738545591900e+01
3.548375975972898999e+01
3.538448088940627656e+01
3.527969456698172479e+01
3.516948458494927365e+01
3.505393473580285502e+01
3.493313262078615367e+01
3.480716203239310147e+01
3.467610676311763740e+01
3.454005441420343914e+01
3.439908877814443855e+01
3.425329364743458882e+01
3.410275662331754631e+01
3.394755768953753261e+01
3.378778825608794278e+01
3.362352830671298420e+01
3.345486163390661005e+01
3.328187583891249091e+01
3.310465852297427602e+01
3.292329347858592570e+01
3.273786068949164019e+01
3.254845156568482878e+01
3.235514228215997434e+01
3.215802805766019645e+01
3.195718887592970958e+01
3.175271043383731850e+01
3.154467652387696930e+01
3.133317093854260449e+01
3.111828318345274980e+01
3.090009324235161969e+01
3.067868871648289186e+01
3.045415530271536042e+01
3.022657298479324695e+01
2.999603507708480876e+01
2.976261965895939454e+01
2.952641242728581616e+01
2.928750098330773355e+01
2.904596721514423052e+01
2.880190062841383636e+01
2.855537930248590328e+01
2.830649655172869217e+01
2.805533045551155169e+01
2.780196861507814887e+01
2.754649482292242979e+01
2.728900620216236916e+01
2.702961320653998811e+01
2.676844914229564054e+01
2.650563969817024557e+01
2.624131056290471875e+01
2.597558932961482725e+01
2.570860168704149373e+01
2.544047713267535116e+01
2.517134135525731509e+01
2.490131813915343528e+01
2.463053888622921050e+01
2.435912547647583537e+01
2.408720931175880509e+01
2.381491417644416941e+01
2.354236956802257197e+01
2.326969927086006251e+01
2.299703087807241175e+01
2.272449388715026330e+01
2.245221208245966693e+01
2.218031115274153464e+01
2.190892059548650295e+01
2.163816800381035321e+01
2.136817716207913520e+01
2.109907756778348187e+01
2.083099300528944653e+01
2.056405106771280700e+01
2.029838315691906558e+01
2.003410924852454400e+01
1.977136074439474456e+01
1.951026333327057927e+01
1.925094079951810144e+01
1.899352454500280984e+01
1.873813835409075779e+01
1.848490981989771953e+01
1.823396843991433158e+01
1.798543609413178501e+01
1.773944228004071988e+01
1.749611268638204464e+01
1.725557681064639937e+01
1.701795843719983736e+01
1.678338515915812934e+01
1.655198456963705667e+01
1.632388235737753135e+01
1.609920611549532765e+01
1.587808153273135758e+01
1.566063715438883008e+01
1.544699962139609184e+01
1.523729367030662019e+01
1.503164689423619649e+01
1.483018688630059145e+01
1.463302695680411603e+01
1.444022423699263946e+01
1.425182157530056593e+01
1.406786182016229425e+01
1.388838972438709085e+01
1.371344813640935634e+01
1.354308085685092777e+01
1.337733263852106802e+01
1.321624442547931544e+01
1.305986192272236757e+01
1.290822797868462679e+01
1.276138544180049372e+01
1.261937906487923655e+01
1.248225169635525234e+01
1.235004618466294879e+01
1.222280823479901812e+01
1.210057879082300047e+01
1.198340355773159338e+01
1.187132347958433698e+01
1.176438426137792526e+01
1.166262875154676060e+01
1.156610075071267829e+01
1.147484405949751007e+01
1.138890057414822721e+01
1.130831599966152723e+01
1.123313223228437963e+01
1.116339402482604903e+01
1.109914327353350849e+01
1.104042473121601908e+01
1.098728219849541787e+01
1.093975852380610547e+01
1.089789750776991539e+01
1.086174199882125002e+01
1.083133674976937399e+01
1.080672460904868970e+01
1.078794842509359952e+01
1.077505295071336811e+01
1.076808103434239783e+01
1.076707552441508930e+01
1.077208212592814185e+01
1.078314273512852317e+01
1.080030115263806856e+01
1.082360022689118040e+01
1.085308471069712155e+01
1.088879840467772731e+01
1.093078320507996892e+01
1.097908291252567992e+01
1.103374227982412314e+01
1.109480415540970100e+01
1.116231138771681763e+01
1.123628778143125118e+01
1.131666668343282112e+01
1.140336239685272091e+01
1.149628922482214755e+01
1.159536051828486514e+01
1.170048867599720666e+01
1.181158990546522958e+01
1.192857660544526688e+01
1.205136212688108088e+01
1.217986077290387037e+01
1.231398589445739944e+01
1.245365084248543042e+01
1.259876992011915853e+01
1.274925743048977900e+01
1.290502482016619723e+01
1.306598924884189827e+01
1.323206121089835285e+01
1.340315596165419088e+01
1.357918685205317288e+01
1.376006818522649588e+01
1.394571140774306350e+01
1.413603367929636079e+01
1.433094644645529314e+01
1.453036496453848514e+01
1.473419972792740928e+01
1.494236884850298352e+01
1.515478186845924746e+01
1.537135594748969147e+01
1.559200157997578629e+01
1.581663592561102050e+01
1.604516947877686306e+01
1.627751844697937500e+01
1.651359427678745462e+01
1.675331317570716294e+01
1.699658563811996714e+01
1.724332977590679050e+01
1.749345608344910019e+01
1.774687886387809854e+01
1.800351051595011143e+01
1.826326724717119632e+01
1.852606145629769330e+01
1.879180554208593179e+01
1.906041761641682797e+01
1.933180817367185611e+01
1.960588770823248694e+01
1.988257623635450599e+01
2.016178425241937688e+01
2.044342415518343969e+01
2.072741405652760704e+01
2.101366445083335677e+01
2.130208202373243154e+01
2.159254679960850254e+01
2.188493118534579907e+01
2.217910949220340555e+01
2.247495031831582324e+01
2.277233368806672331e+01
2.307112439084087896e+01
2.337119864227224397e+01
2.367243075361989924e+01
2.397468932301834954e+01
2.427785056610154157e+01
2.458178688975370108e+01
2.488636689210932218e+01
2.519146869317722448e+01
2.549696089109190211e+01
2.580271970148730531e+01
2.610861372249793178e+01
2.641451916975773528e+01
2.672030654577607223e+01
2.702585206618689639e+01
2.733102242474983967e+01
2.763569383709885585e+01
2.793974061449302937e+01
2.824303135506685791e+01
2.854544037007943302e+01
2.884684197078983559e+01
2.914710856408229489e+01
2.944611065246617088e+01
2.974372254720054798e+01
3.003981855954451419e+01
3.033426728763257074e+01
3.062694304272380563e+01
3.091772013607729974e+01
3.120646716582755431e+01
3.149306034760852313e+01
3.177737399267928708e+01
3.205927479479948516e+01
3.233864277835279211e+01
3.261534844584856785e+01
3.288925849104645494e+01
3.316024722520553780e+01
3.342819657708434278e+01
3.369296943169279501e+01
3.395444010028997184e+01
3.421248670288469640e+01
3.446697593323658992e+01
3.471778210260475106e+01
3.496477952224826424e+01
3.520784250342621391e+01
3.544683773989824260e+01
3.568165477792232565e+01
3.591224029500232007e+01
3.613854477739181448e+01
3.636053013759354968e+01
3.657815447936057041e+01
3.679137209769616845e+01
3.700014490510309884e+01
3.720442719658466757e+01
3.740417326714418067e+01
3.759934883803411054e+01
3.778990439550804581e+01
3.797579804331900988e+01
3.815699169396975066e+01
3.833343964246358127e+01
3.850509618380380772e+01
3.867192703924289532e+01
3.883387888628471529e+01
3.899091744618173294e+01
3.914299701393726139e+01
3.929007569330431693e+01
3.943210777928621980e+01
3.956905518438571079e+01
3.970087601235582753e+01
3.982752074945014442e+01
3.994895511692114098e+01
4.006513340977212323e+01
4.017600992300639007e+01
4.028154276037697201e+01
4.038169383438663118e+01
4.047641744003865938e+01
4.056566787233636973e+01
4.064941085253223463e+01
4.072759686687983560e+01
4.080018401913220316e+01
4.086713041304236782e+01
4.092839796111307749e+01
4.098393714959791367e+01
4.103370989099963140e+01
4.107767428907126117e+01
4.111578083006637740e+01
4.114799142648773511e+01
4.117426418208836481e+01
4.119455720062129700e+01
4.120882858583956221e+01
4.121703263274645224e+01
4.121912744509501181e+01
4.121507112663826433e+01
4.120482178112922611e+01
4.118833370357122448e+01
4.116556880646699312e+01
4.113649661981874317e+01
4.110117427487234920e+01
4.105966271162338899e+01
4.101203429631664932e+01
4.095835377769744667e+01
4.089868971326080782e+01
4.083310685175207055e+01
4.076167755941600035e+01
4.068446658499790658e+01
4.060153867724311283e+01
4.051297001114611618e+01
4.041881771795278411e+01
4.031915797265761370e+01
4.021405552400591432e+01
4.010357131199328506e+01
3.998778151161421590e+01
3.986675087161403042e+01
3.974055175823750119e+01
3.960923749398076410e+01
3.947289187133776522e+01
3.933157583030409654e+01
3.918535031087535714e+01
3.903429529679576859e+01
3.887847172806090867e+01
3.871794435341611518e+01
3.855278553910613937e+01
3.838306384262604354e+01
3.820884401272112996e+01
3.803019079813672221e+01
3.784717656511759998e+01
3.765986606240906553e+01
3.746832784750617407e+01
3.727263047790396655e+01
3.707284251109747686e+01
3.686902869583204279e+01
3.666125378085296660e+01
3.644959013240502799e+01
3.623411011673299242e+01
3.601486705633299579e+01
3.579194093494926676e+01
3.556539650132712183e+01
3.533529850421188456e+01
3.510171550109858174e+01
3.486471604948227565e+01
3.462436489810827567e+01
3.438073441322135437e+01
3.413388934356682825e+01
3.388389824663974537e+01
3.363082587118541511e+01
3.337474077469889266e+01
3.311572294092438540e+01
3.285387901485418638e+01
3.258932325898004478e+01
3.232217755329313746e+01
3.205255996903493099e+01
3.178058857744689192e+01
3.150637954539562102e+01
3.123004903974772262e+01
3.095171894049438066e+01
3.067150160575247853e+01
3.038952081988805887e+01
3.010589084539287086e+01
2.982073165788323266e+01
2.953415942422575213e+01
2.924629412003675100e+01
2.895724810343310907e+01
2.866714706315574190e+01
2.837610335732152222e+01
2.808423505717191304e+01
2.779165832957352222e+01
2.749849695889239953e+01
2.720486520762027993e+01
2.691088305137349224e+01
2.661666284826891271e+01
2.632232838267259822e+01
2.602799391707628018e+01
2.573377942709628741e+01
2.543980107959922776e+01
2.514617504145169491e+01
2.485302509701974216e+01
2.456046360442024934e+01
2.426861053926954170e+01
2.397758397280908227e+01
2.368750007190547535e+01
2.339847690780018041e+01
2.311063445610952982e+01
2.282408697932525854e+01
2.253895826181341633e+01
2.225535875731602431e+01
2.197341225019912869e+01
2.169323109857960930e+01
2.141493718244865363e+01
2.113864857304772471e+01
2.086447953286856460e+01
2.059255194190236082e+01
2.032298196701571413e+01
2.005588577507522530e+01
1.979138334169722668e+01
1.952959083374831195e+01
1.927063013121967572e+01
1.901460216597902075e+01
1.876157168677166354e+01
1.851159011171888835e+01
1.826470885894197949e+01
1.802097744218735187e+01
1.778044918395115559e+01
1.754317359797981268e+01
1.730920400676946258e+01
1.707858801969166862e+01
1.685137895924257023e+01
1.662763014791831750e+01
1.640738919509047022e+01
1.619070751888030202e+01
1.597763844178396830e+01
1.576823052536045111e+01
1.556253709210589875e+01
1.536060860795416261e+01
1.516249649102652519e+01
1.496825025506940676e+01
1.477792322257895208e+01
1.459156585948901430e+01
1.440922767954601191e+01
1.423096295743352258e+01
1.405682025471053542e+01
1.388685194168576231e+01
1.372110848429305818e+01
1.355964034846627264e+01
1.340249990451411932e+01
1.324973952274531364e+01
1.310140776471884294e+01
1.295755700074342265e+01
1.281823769675290414e+01
1.268350317524343218e+01
1.255340199777399768e+01
1.242798653465331071e+01
1.230730725181522622e+01
1.219141651956845784e+01
1.208036385165942406e+01
1.197420161839684027e+01
1.187298028571455966e+01
1.177675222392129228e+01
1.168556694676346197e+01
1.159947682454978057e+01
1.151853232321410125e+01
1.144278390869027362e+01
1.137228490347444421e+01
1.130708482131303505e+01
1.124723508032732511e+01
1.119278614645116932e+01
1.114379134218071066e+01
1.110028208970117802e+01
1.106222506245248205e+01
1.102956693793847620e+01
1.100225629803787797e+01
1.098023886806710969e+01
1.096346513427975466e+01
1.095188082199223345e+01
1.094543451308326354e+01
1.094407478943156420e+01
1.094774642416612664e+01
1.095639990354053062e+01
1.096998190505862958e+01
1.098844005841171168e+01
1.101172199329106149e+01
1.103977629157539830e+01
1.107254867858114444e+01
1.110998964056187788e+01
1.115204395064659515e+01
1.119866209508887245e+01
1.124978979920513389e+01
1.130537564487409874e+01
1.136536630959961869e+01
1.142971132744784590e+01
1.149835737592263385e+01
1.157125113252783599e+01
1.164834213132960095e+01
1.172957704983178573e+01
1.181490351772567493e+01
1.190427011688998427e+01
1.199762257264114140e+01
1.209491137123272253e+01
1.219608223798115354e+01
1.230108375476515015e+01
1.240986355127599872e+01
1.252236830501755449e+01
1.263854755005596431e+01
1.275834605952022471e+01
1.288171527185134302e+01
1.300859996017831222e+01
1.313894965856728092e+01
1.327271009233467325e+01
1.340983174773406894e+01
1.355025939789446099e+01
1.369394257688199623e+01
1.384082891438796281e+01
1.399086604010364354e+01
1.414400063153289722e+01
1.430018031836700665e+01
1.445935463467212223e+01
1.462147121013953033e+01
1.478646624821134203e+01
1.495425500420618192e+01
1.512473845063121303e+01
1.529781851218102418e+01
1.547339711355020420e+01
1.565137998818306997e+01
1.583166715639934807e+01
1.601416244726849314e+01
1.619876873767252334e+01
1.638538795230603284e+01
1.657392296805103982e+01
1.676427666178956599e+01
1.695635191040363310e+01
1.715005159077526287e+01
1.734527667541161833e+01
1.754193194556957636e+01
1.773992027813116223e+01
1.793914264560353544e+01
1.813950192486871771e+01
1.834090289718358946e+01
1.854324463068044793e+01
1.874643571536590514e+01
1.895037331499739608e+01
1.915496030645693537e+01
1.936010337537627635e+01
1.956570158988771269e+01
1.977165973124812837e+01
1.997788067633954512e+01
2.018426349329425662e+01
2.039071486774401620e+01
2.059713767657083849e+01
2.080343098790702072e+01
2.100950148738431267e+01
2.121524824313501156e+01
2.142057603641599783e+01
2.162538964848415546e+01
2.182958814747178167e+01
2.203307441026090174e+01
2.223575321810839256e+01
2.243752554352141715e+01
2.263829616775685949e+01
2.283796606332187906e+01
2.303643620272363535e+01
2.323361517596873327e+01
2.342939824243974556e+01
2.362369399214328780e+01
2.381640339758650882e+01
2.400742743127657519e+01
2.419667087447036380e+01
2.438403469967504122e+01
2.456942940127207464e+01
2.475279975239045882e+01
2.493409623928376817e+01
2.511326173070613521e+01
2.529025242603573176e+01
2.546501690715126642e+01
2.563750756468119008e+01
2.580766917175448683e+01
2.597545221462474174e+01
2.614081289267011954e+01
2.630369407464474918e+01
2.646404815117707443e+01
2.662182560852067681e+01
2.677697502855426848e+01
2.692945070628115900e+01
2.707919551045547379e+01
2.722616373608051887e+01
2.737030777378473445e+01
2.751157049232225660e+01
2.764990618669638422e+01
2.778526534316069885e+01
2.791759654359391618e+01
2.804685217862447999e+01
2.817297511700651924e+01
2.829592346249306445e+01
2.841564579696283133e+01
2.853208689354481109e+01
2.864519914286744751e+01
2.875493493555918434e+01
2.886124094912387505e+01
2.896406957418995631e+01
2.906336748826129224e+01
2.915909089071604043e+01
2.925118265030834053e+01
2.933959896641635012e+01
2.942428080341934304e+01
2.950518816944520495e+01
2.958226393324807191e+01
2.965546429420610863e+01
2.972473212107344764e+01
2.979002170885338430e+01
2.985128354379950721e+01
2.990846430341566986e+01
2.996151637833031245e+01
3.001038644604728844e+01
3.005502880156990386e+01
3.009539202677687442e+01
3.013142660792178162e+01
3.016307922250848250e+01
3.019030035679055146e+01
3.021305954077019251e+01
3.023137200944630720e+01
3.024527585031614052e+01
3.025480343775235070e+01
3.025999285925218274e+01
3.026088029793802647e+01
3.025749812818254014e+01
3.024988634185782743e+01
3.023807350458682563e+01
3.022209770386678684e+01
3.020199702719494894e+01
3.017780384894397372e+01
3.014955244786138877e+01
3.011728091144443553e+01
3.008102351844063449e+01
3.004081835634723419e+01
2.999669399078717191e+01
2.994869231800741716e+01
2.989684571238062816e+01
2.984119035702918765e+01
2.978175862632575743e+01
2.971858860776758604e+01
2.965171458010219396e+01
2.958117272645196039e+01
2.950699922993927871e+01
2.942922646493680006e+01
2.934789251894177298e+01
2.926303357507658731e+01
2.917468200771389419e+01
2.908287019122635897e+01
2.898764192623581337e+01
2.888902577836519114e+01
2.878705793073687857e+01
2.868177837522298290e+01
2.857321567744643787e+01
2.846140982927935426e+01
2.834639320509439386e+01
2.822820389238879812e+01
2.810687807428495333e+01
2.798244622078065902e+01
2.785494451499829793e+01
2.772441104443511506e+01
2.759088389658835538e+01
2.745438973270609750e+01
2.731497235341016605e+01
2.717266032432350542e+01
2.702749363731821930e+01
2.687950466676696593e+01
2.672872959579213514e+01
2.657520460751610614e+01
2.641897350256071419e+01
2.626010293404613805e+01
2.609867669446632377e+01
2.593476905444089908e+01
2.576845618896436108e+01
2.559982379490550741e+01
2.542894423850911423e+01
2.525589559914453019e+01
2.508076166930570494e+01
2.490361481523739684e+01
2.472453502068383457e+01
2.454360226938922906e+01
2.436089273634807384e+01
2.417648640530458692e+01
2.399046135562812410e+01
2.380289376231317533e+01
2.361386551347882801e+01
2.342345087974470630e+01
2.323172984485503179e+01
2.303878048817915669e+01
2.284468279346129904e+01
2.264951293569595236e+01
2.245335089862733469e+01
2.225627476162480178e+01
2.205836069968284718e+01
2.185968869654568536e+01
2.166033492720781339e+01
2.146038127978830801e+01
2.125990392928166273e+01
2.105898095505723333e+01
2.085769043648437560e+01
2.065611235730730755e+01
2.045432289252052271e+01
2.025240202586823557e+01
2.005042783671980189e+01
1.984847840444458100e+01
1.964662990403706289e+01
1.944496231924146556e+01
1.924355563380200707e+01
1.904248602271317736e+01
1.884183156534433579e+01
1.864167224543970036e+01
1.844208423799376106e+01
1.824314562237587367e+01
1.804493828670512201e+01
1.784753840597599250e+01
1.765102215518298578e+01
1.745547142244517502e+01
1.726096047838219150e+01
1.706757121111311903e+01
1.687537408250786086e+01
1.668442431943742932e+01
1.649476572252364903e+01
1.630644590113808690e+01
1.611951246465229559e+01
1.593401111806297088e+01
1.574998947074167432e+01
1.556749417987253103e+01
1.538657285482709725e+01
1.520727120060207227e+01
1.502963777875644347e+01
1.485371638991204435e+01
1.467955654781529518e+01
1.450720586183775573e+01
1.433670718041382663e+01
1.416811096947735926e+01
1.400146198183761825e+01
1.383680877905359452e+01
1.367419706612198205e+01
1.351367445241434062e+01
1.335528569073993488e+01
1.319908124703261443e+01
1.304510492191421456e+01
1.289340527694372263e+01
1.274402801711783617e+01
1.259702075180811320e+01
1.245243013819867883e+01
1.231030188128623237e+01
1.217068549481719053e+01
1.203362573160082150e+01
1.189916924882124860e+01
1.176736460803746276e+01
1.163825751424615973e+01
1.151189367244403705e+01
1.138832259637751321e+01
1.126758903885585106e+01
1.114974060925061217e+01
1.103482491693335454e+01
1.092288766690077040e+01
1.081397551633699194e+01
1.070813512242614074e+01
1.060541504672720947e+01
1.050586099423689213e+01
1.040952057432674849e+01
1.031643949199347432e+01
1.022666535660862586e+01
1.014024387316890063e+01
1.005722360323328601e+01
9.977650251798479530e+00
9.901571428236039196e+00
9.829021411293487276e+00
9.759991631283941871e+00
9.694461140083918238e+00
9.632408037382498733e+00
9.573811375056200390e+00
9.518650204981534912e+00
9.466904531222446906e+00
9.418550549093161806e+00
9.373570167032482914e+00
9.331940532542065014e+00
9.293640697498423364e+00
9.258650665965500792e+00
9.226948537632381431e+00
9.198512412188149412e+00
9.173322293696749341e+00
9.151358186222127600e+00
9.132596285078504295e+00
9.117017546517256932e+00
9.104601022414900768e+00
9.095323860273085259e+00
9.089167016343189687e+00
9.086107638126865282e+00
9.086125729688056651e+00
9.089200342903280827e+00
9.095308625274187264e+00
9.104432485239584594e+00
9.116548118113694699e+00
9.131635527960462184e+00
9.149674718843831656e+00
9.170642838265457897e+00
9.194518938101854388e+00
9.221283974604396860e+00
9.250914143087305419e+00
9.283390399801959347e+00
9.318690844437441001e+00
9.356793576682834512e+00
9.397679552789513835e+00
9.441325920259133753e+00
9.487711730968207746e+00
9.536817941168111545e+00
9.588619793985635908e+00
9.643100150047020591e+00
9.700235204666487476e+00
9.760004961907977616e+00
9.822387521460578697e+00
9.887363839575666447e+00
9.954910111567460973e+00
1.002500729368733978e+01
1.009763348562438523e+01
1.017276678706768145e+01
1.025038244114401742e+01
1.033042331660752389e+01
1.041282942565003822e+01
1.049754078046339600e+01
1.058449739323943461e+01
1.067363737179512917e+01
1.076489977613488414e+01
1.085822557063796800e+01
1.095355191093392300e+01
1.105082071358945051e+01
1.114996913423409275e+01
1.125093813724711644e+01
1.135366678263292783e+01
1.145809317820850204e+01
1.156415828835310755e+01
1.167180022088371594e+01
1.178095898799216812e+01
1.189157364968286679e+01
1.200358421814764931e+01
1.211692975339092015e+01
1.223154931541708734e+01
1.234738196423055534e+01
1.246436771202316152e+01
1.258244561879931034e+01
1.270155569675083918e+01
1.282163510150729202e+01
1.294262670182279784e+01
1.306446670113946951e+01
1.318709606383657373e+01
1.331045384991851854e+01
1.343448007157713775e+01
1.355911283662940825e+01
1.368429120507973451e+01
1.380995709349481615e+01
1.393604765750419716e+01
1.406250100492484911e+01
1.418926095669833742e+01
1.431626181189190739e+01
1.444344643925969329e+01
1.457075389880609961e+01
1.469812134616066857e+01
1.482549069789009977e+01
1.495279910962393544e+01
1.507998659355401472e+01
1.520699411405960433e+01
1.533375882677024649e+01
1.546022074387778034e+01
1.558632082976147260e+01
1.571199624005086548e+01
1.583718793912522749e+01
1.596183689136382888e+01
1.608590024833226551e+01
1.620933040065897757e+01
1.633209021303414943e+01
1.645413778921081516e+01
1.657542742419227366e+01
1.669591722173155901e+01
1.681556909433141911e+01
1.693433352824543547e+01
1.705217434035122537e+01
1.716904773002695350e+01
1.728490799227592589e+01
1.739971703960089400e+01
1.751343297575488833e+01
1.762601009574121136e+01
1.773740840768775584e+01
1.784758411097269004e+01
1.795649721372389962e+01
1.806410201094469414e+01
1.817036041513782507e+01
1.827522481693173617e+01
1.837865903320403760e+01
1.848061545458317667e+01
1.858105599357190485e+01
1.867993494517352815e+01
1.877721231751593578e+01
1.887284430997729601e+01
1.896678902631063579e+01
1.905900647464384434e+01
1.914945094998023123e+01
1.923808055607282341e+01
1.932485530104951010e+01
1.940972947991359732e+01
1.949266500516783651e+01
1.957361807619039595e+01
1.965254489235944391e+01
1.972940165305314508e+01
1.980415217514911319e+01
1.987674884927579200e+01
1.994715168356107426e+01
2.001531687738312471e+01
2.008120253449497028e+01
2.014476675864964506e+01
2.020596765360017244e+01
2.026476332309958650e+01
2.032110996652604840e+01
2.037496568763258864e+01
2.042628859017224130e+01
2.047503677789802623e+01
2.052116835456298105e+01
2.056464713704471592e+01
2.060547502971809664e+01
2.064366155445743090e+01
2.067921432876217125e+01
2.071214287450662539e+01
2.074245671356511167e+01
2.077016536781193423e+01
2.079527645474654918e+01
2.081779568749353615e+01
2.083773830105180025e+01
2.085511000854592822e+01
2.086992033185022777e+01
2.088217688846414788e+01
2.089189110463686561e+01
2.089906678911810545e+01
2.090372108128162765e+01
2.090585398112743221e+01
2.090548072365441357e+01
2.090260702198716558e+01
2.089724430237486175e+01
2.088940018231694395e+01
2.087908227931287186e+01
2.086630011523694606e+01
2.085106511633835069e+01
2.083338299574166541e+01
2.081326517969606726e+01
2.079071547695128075e+01
2.076575102688106611e+01
2.073837373386028560e+01
2.070859692851297851e+01
2.067642632396372449e+01
2.064187334646170768e+01
2.060494561350636999e+01
2.056565074259716042e+01
2.052400015998325955e+01
2.048000148316410929e+01
2.043366423401402443e+01
2.038499793440731622e+01
2.033400829746857141e+01
2.028070865382182930e+01
2.022510471659167308e+01
2.016720600765241400e+01
2.010702204887836686e+01
2.004456236214384290e+01
1.997983456494829113e+01
1.991284817916601924e+01
1.984361082229647977e+01
1.977213582496370847e+01
1.969842509154257115e+01
1.962249195265709645e+01
1.954435164330618946e+01
1.946404225098709517e+01
1.938160567194678663e+01
1.929708951555681651e+01
1.921053567806415785e+01
1.912198986446550819e+01
1.903149397100784057e+01
1.893909560706270767e+01
1.884483666887708608e+01
1.874876286144766624e+01
1.865091798539628698e+01
1.855134584134478004e+01
1.845009213428983585e+01
1.834719876047843456e+01
1.824271332928212885e+01
1.813667773694788821e+01
1.802913768847241371e+01
1.792013508010267486e+01
1.780971561683536208e+01
1.769792690804204227e+01
1.758480704121995331e+01
1.747040362574066208e+01
1.735476236660085547e+01
1.723792516004751363e+01
1.711993771107732343e+01
1.700084572468698596e+01
1.688068728837374977e+01
1.675951382025889203e+01
1.663736721658938578e+01
1.651428937361220406e+01
1.639032790069890311e+01
1.626552659847131466e+01
1.613992736317641530e+01
1.601357780418575771e+01
1.588651981774631849e+01
1.575879815666735695e+01
1.563045662157070836e+01
1.550154091745307028e+01
1.537209579712370555e+01
1.524216410901701657e+01
1.511179060594226797e+01
1.498102004070872439e+01
1.484989526175079000e+01
1.471846197406515699e+01
1.458676302608623132e+01
1.445484507499813809e+01
1.432275096923527968e+01
1.419052546160692074e+01
1.405821235273489478e+01
1.392585544324103530e+01
1.379350043812203808e+01
1.366118161612542536e+01
1.352893706474844215e+01
1.339680391930090586e+01
1.326481836290520100e+01
1.313301848305857078e+01
1.300143760632110812e+01
1.287011572456492203e+01
1.273908711653753478e+01
1.260838986973619136e+01
1.247805921509584515e+01
1.234813324011374291e+01
1.221864717572483805e+01
1.208963910942637732e+01
1.196114427215331233e+01
1.183319979921545873e+01
1.170584282592263214e+01
1.157910858320978775e+01
1.145303515857416699e+01
1.132765778295072856e+01
1.120301454383671569e+01
1.107914162435451289e+01
1.095607520762650289e+01
1.083385147677507376e+01
1.071250756711003760e+01
1.059208156612864293e+01
1.047260680039097913e+01
1.035412230958172408e+01
1.023666522901069165e+01
1.012026983742540764e+01
1.000497422232311528e+01
9.890814566826199083e+00
9.777828006244474679e+00
9.666050723700328362e+00
9.555519854503570443e+00
9.446270629589159640e+00
9.338341136454339164e+00
9.231767558221493530e+00
9.126585125825576128e+00
9.022832878951264846e+00
8.920546048533513073e+00
8.819761769882134672e+00
8.720515273932083034e+00
8.622845600368036045e+00
8.526787980124947097e+00
8.432377644137769579e+00
8.339653632091181379e+00
8.248651174920134110e+00
8.159406455747010511e+00
8.071957562069060899e+00
7.986334487790365699e+00
7.902542469941795211e+00
7.820582460710780559e+00
7.740453984003607069e+00
7.662156087632842727e+00
7.585689723785919547e+00
7.511054892462836641e+00
7.438250641476163771e+00
7.367277446919616501e+00
7.298135784886909505e+00
7.230823751003180533e+00
7.165343725737009173e+00
7.101693328619814949e+00
7.039873987932746324e+00
6.979884751488372174e+00
6.921726571474122736e+00
6.865398495702567772e+00
6.810900048079990832e+00
6.758232180793823929e+00
6.707393465562919488e+00
6.658385330668424196e+00
6.611207300016623378e+00
6.565858421420085911e+00
6.522339647066242030e+00
6.480650024767661499e+00
6.440790030618058992e+00
6.402759664617434510e+00
6.366557974578357815e+00
6.332186388781974706e+00
6.299643002853423823e+00
6.268929245073850964e+00
6.240044163255825893e+00
6.212988233493063284e+00
6.187760503598132900e+00
6.164361925758464977e+00
6.142791547786628392e+00
6.123049845776339595e+00
6.105136343633883023e+00
6.089051517452972462e+00
6.074794891139894126e+00
6.062365988600932454e+00
6.051765285929802118e+00
6.042992307032787558e+00
6.036047528003605223e+00
6.030930472748538662e+00
6.027641141267588765e+00
6.026179533560754642e+00
6.026545173534320732e+00
6.028738061188287922e+00
6.032758672616370887e+00
6.038601770787698442e+00
6.046241646641629330e+00
6.055650210648944487e+00
6.066796040624415021e+00
6.079651523132538316e+00
6.094184759894369030e+00
6.110368137474404548e+00
6.128170709781130654e+00
6.147562959004183369e+00
6.168515367333195165e+00
6.190998416957800288e+00
6.214982113973917421e+00
6.240436940571180813e+00
6.267333378939222932e+00
6.295641435173964240e+00
6.325331591465037206e+00
6.356374330002076078e+00
6.388740132974715991e+00
6.422398530385158288e+00
6.457320480516752781e+00
6.493476465559133715e+00
6.530836015514503323e+00
6.569370088666212304e+00
6.609048691110178453e+00
6.649842781129751579e+00
6.691721888727133916e+00
6.734656972185675272e+00
6.778617561507577882e+00
6.823575567163623568e+00
6.869499090874867875e+00
6.916360043112091738e+00
6.964128429971212952e+00
7.012773781454434641e+00
7.062267531938822174e+00
7.112580639707725361e+00
7.163680730388483298e+00
7.215540666639309819e+00
7.268129978462406271e+00
7.321418195859975775e+00
7.375376753209082814e+00
7.429975180511932287e+00
7.485183959958155775e+00
7.540974049831104864e+00
7.597315932320412024e+00
7.654178185240849253e+00
7.711533195156913045e+00
7.769350492070805636e+00
7.827599605984731035e+00
7.886251971275753725e+00
7.945277594039792390e+00
8.004646480372764827e+00
8.064329588558020845e+00
8.124299305160056051e+00
8.184524207993643330e+00
8.244977635810709415e+00
8.305628166426025416e+00
8.366450090778950965e+00
8.427411986684258949e+00
8.488485288519012073e+00
8.549641430660274821e+00
8.610850895297684104e+00
8.672085116808302629e+00
8.733314577381767307e+00
8.794511663582570193e+00
8.855645905412918850e+00
8.916688737249874208e+00
8.977610641283071402e+00
9.038384004077007816e+00
9.098979307821316809e+00
9.159367034705633515e+00
9.219518619107020641e+00
9.279404543215115098e+00
9.338996241406979593e+00
9.398266100247109733e+00
9.457182697550280182e+00
9.515718419880984769e+00
9.573842797241427505e+00
9.631529168383536899e+00
9.688748015496944532e+00
9.745468868583854416e+00
9.801663162021331033e+00
9.857303282373871767e+00
9.912358759643678852e+00
9.966801028207816771e+00
1.002060152244335178e+01
1.007373167672734837e+01
1.012616006887457765e+01
1.017786098982439924e+01
1.022880301739158426e+01
1.027895853814063010e+01
1.032829803426117010e+01
1.037679198794283586e+01
1.042441278575012831e+01
1.047112995768524613e+01
1.051691589031268670e+01
1.056174106582208516e+01
1.060557501421564375e+01
1.064839202643272209e+01
1.069015877591322727e+01
1.073085050578395006e+01
1.077043960260938604e+01
1.080891844889008802e+01
1.084628323587632970e+01
1.088252729825609322e+01
1.091764777946708520e+01
1.095163801419728777e+01
1.098449609807183691e+01
1.101621536577871652e+01
1.104679200856820209e+01
1.107622221769056914e+01
1.110449932783379623e+01
1.113162048243559354e+01
1.115758092055880368e+01
1.118237492907883990e+01
1.120599965143340881e+01
1.122844842231049256e+01
1.124971743296036486e+01
1.126980287463330477e+01
1.128869998639215133e+01
1.130640305511232313e+01
1.132290827204409034e+01
1.133821087625030088e+01
1.135230610679379737e+01
1.136519015492485529e+01
1.137685730751888613e+01
1.138730375582616894e+01
1.139652378672211341e+01
1.140451549583185908e+01
1.141127126565595695e+01
1.141678728744467897e+01
1.142105880026087306e+01
1.142408294754224585e+01
1.142585306397677591e+01
1.142636629300217344e+01
1.142561596930641699e+01
1.142359828413978384e+01
1.142031038093998063e+01
1.141574559439498771e+01
1.140990011575508234e+01
1.140276918408310713e+01
1.139434708625447712e+01
1.138463191789432649e+01
1.137361606150320981e+01
1.136129666051883191e+01
1.134766895400403541e+01
1.133272722883423711e+01
1.131646958063457120e+01
1.129888839190558869e+01
1.127998080608499798e+01
1.125974111004821232e+01
1.123817025598265928e+01
1.121528062232494882e+01
1.119109220501113100e+01
1.116562499997726299e+01
1.113889614659710503e+01
1.111092468861927962e+01
1.108172966979241103e+01
1.105132918167769063e+01
1.101974322021117381e+01
1.098698892476662081e+01
1.095308629128008526e+01
1.091805341131276030e+01
1.088190932861326843e+01
1.084467308693023391e+01
1.080636277782484811e+01
1.076699744504573530e+01
1.072659518015408509e+01
1.068517502689852350e+01
1.064275698121510239e+01
1.059935818247758554e+01
1.055499767443459369e+01
1.050969450083475287e+01
1.046346770542668203e+01
1.041633633195900899e+01
1.036831751980549221e+01
1.031943126490218532e+01
1.026969565881028323e+01
1.021913069746583780e+01
1.016775256805517991e+01
1.011558317088922720e+01
1.006263869315430703e+01
1.000893913078647479e+01
9.954503527534354745e+00
9.899349974959138265e+00
9.843496564622016720e+00
9.786963292459047281e+00
9.729768250031417764e+00
9.671929528900323092e+00
9.613467125001818658e+00
9.554400082084525181e+00
9.494745539522202904e+00
9.434522541063477874e+00
9.373752034831834834e+00
9.312449255826171779e+00
9.250635152169975228e+00
9.188328767611867676e+00
9.125547241525609365e+00
9.062310569847255692e+00
8.998636844137998025e+00
8.934545108146460635e+00
8.870054405621266014e+00
8.805186636873331807e+00
8.739962750026142757e+00
8.674405597578045857e+00
8.608537079839960526e+00
8.542379097122800857e+00
8.475952597550051593e+00
8.409282337994927303e+00
8.342385457831186457e+00
8.275289570494331670e+00
8.208012767545556088e+00
8.140576949295775577e+00
8.073006872618202934e+00
8.005322533448889999e+00
7.937545356005037966e+00
7.869698192784996493e+00
7.801803896287112572e+00
7.733882462447439821e+00
7.665957695951758133e+00
7.598049592736122015e+00
7.530181957486310473e+00
7.462376214419524700e+00
7.394652835565533877e+00
7.327035625610117897e+00
7.259546484864192628e+00
7.192205885357529915e+00
7.125037155682191425e+00
7.058062196149093914e+00
6.991301954881723901e+00
6.924778808284713705e+00
6.858515608856410317e+00
6.792532828626584696e+00
6.726853320093583832e+00
6.661499459662040934e+00
6.596491719361725181e+00
6.531853903878416467e+00
6.467606485241883973e+00
6.403771839856760018e+00
6.340372344127677806e+00
6.277429422271837645e+00
6.214965450693871851e+00
6.153002329704698070e+00
6.091561483521516607e+00
6.030665288548959779e+00
5.970335169004229670e+00
5.910593977385672382e+00
5.851463614004206448e+00
5.792965026983316612e+00
5.735121068821351642e+00
5.677953639829226518e+00
5.621481783755565509e+00
5.565714546380965189e+00
5.510658116923726979e+00
5.456319636789585203e+00
5.402704343009411936e+00
5.349819376988939723e+00
5.297670451852756202e+00
5.246264709006593918e+00
5.195608337668757848e+00
5.145707527057547637e+00
5.096568466391268259e+00
5.048197820981936701e+00
5.000602256141571722e+00
4.953787484994759183e+00
4.907760172853518732e+00
4.862526508936150904e+00
4.818093158554676236e+00
4.774466310927395263e+00
4.731653107460042307e+00
4.689658309089773880e+00
4.648489533316038980e+00
4.608152969357139916e+00
4.568654330337663438e+00
4.530000757663343869e+00
4.492198440552482630e+00
4.455253568223383809e+00
4.419172805988064390e+00
4.383961866971112009e+00
4.349627892578260102e+00
4.316177072027811867e+00
4.283615118444353165e+00
4.251949173233618318e+00
4.221185425613909636e+00
4.191330064803529432e+00
4.162389756114497352e+00
4.134370688765113933e+00
4.107279051973682371e+00
4.081121511052222317e+00
4.055904255219034305e+00
4.031633473692421532e+00
4.008316307878118323e+00
3.985958470900710537e+00
3.964566390025359599e+00
3.944146254470367374e+00
3.924704967594610405e+00
3.906248242522674996e+00
3.888783458707152807e+00
3.872316091225773693e+00
3.856852567343696858e+00
3.842399314326083726e+00
3.828960378969516132e+00
3.816527191587113954e+00
3.805087849835987246e+00
3.794631879654393636e+00
3.785147616746300958e+00
3.776623872909393498e+00
3.769049936035070658e+00
3.762414141827300273e+00
3.756705302083766185e+00
3.751911990555294896e+00
3.748023495133285810e+00
3.745028627615422323e+00
3.742915247611957597e+00
3.741672881061148370e+00
3.741290339760678929e+00
3.741756197461375333e+00
3.743059027914063197e+00
3.745187880963284144e+00
3.748131568406722902e+00
3.751878663995204199e+00
3.756418455620128771e+00
3.761738802891748445e+00
3.767829231748320407e+00
3.774678077893813377e+00
3.782274153125910754e+00
3.790606983382870609e+00
3.799664428274944328e+00
3.809435299599816638e+00
3.819908885248886943e+00
3.831073997019839084e+00
3.842918732569783113e+00
3.855432379790118436e+00
3.868603512431671554e+00
3.882421180338984090e+00
3.896874195309739441e+00
3.911950893047906330e+00
3.927639847304310372e+00
3.943930822064066977e+00
3.960811914984286197e+00
3.978272175909510100e+00
3.996299702496849182e+00
4.014884020684560184e+00
4.034013466176611828e+00
4.053677088817544849e+00
4.073863938451902200e+00
4.094562112736793935e+00
4.115760661516761232e+00
4.137449110730061719e+00
4.159614605846374324e+00
4.182247148897672240e+00
4.205334361447349956e+00
4.228861484590225039e+00
4.252811378952535470e+00
4.277168809535384142e+00
4.301917113058724595e+00
4.327040578429943274e+00
4.352523494556424843e+00
4.378349198158125510e+00
4.404501502048715267e+00
4.430964695135578779e+00
4.457722590232387816e+00
4.484759000152811481e+00
4.512058213804236217e+00
4.539603567906615567e+00
4.567379827461052422e+00
4.595369853093785650e+00
4.623557933712199919e+00
4.651928358223681670e+00
4.680464939441901784e+00
4.709151014086813802e+00
4.737971823253236181e+00
4.766909751473690449e+00
4.795949563749279498e+00
4.825075072893673322e+00
4.854269615626827239e+00
4.883517956949840588e+00
4.912803433582669577e+00
4.942110810526415321e+00
4.971422948407316689e+00
5.000724612226475685e+00
5.029998662610131177e+00
5.059229864559384282e+00
5.088402030887904992e+00
5.117498974409363299e+00
5.146504984031146535e+00
5.175402920379492677e+00
5.204177548455502844e+00
5.232813157166563478e+00
5.261292607138914335e+00
5.289600663373654754e+00
5.317720662590740943e+00
5.345636893697559344e+00
5.373333169507778173e+00
5.400793778928784761e+00
5.428001582586817086e+00
5.454941345482978043e+00
5.481597356524652298e+00
5.507952952431795168e+00
5.533991469924360196e+00
5.559697674003450274e+00
5.585056805763881194e+00
5.610060295518772833e+00
5.634701477956108207e+00
5.658973211670152104e+00
5.682868355255171089e+00
5.706379767305431727e+00
5.729501734696346382e+00
5.752225211647320258e+00
5.774544961127481280e+00
5.796453365637380450e+00
5.817943759864999009e+00
5.839008526310887959e+00
5.859641951850460551e+00
5.879835942890551337e+00
5.899583358025426882e+00
5.918878484130500439e+00
5.937713227612607447e+00
5.956081399253444708e+00
5.973975857647278787e+00
5.991388509200944235e+00
6.008314116883570755e+00
6.024745063195708461e+00
6.040674206731623030e+00
6.056094406085581916e+00
6.070998995945565468e+00
6.085381310999557591e+00
6.099233733748107511e+00
6.112550074972912917e+00
6.125322717174524811e+00
6.137544995040924434e+00
6.149209767166378349e+00
6.160310368238869572e+00
6.170839656852662003e+00
6.180790491602024872e+00
6.190156207174937641e+00
6.198929662165666876e+00
6.207104191262195592e+00
6.214672653058789464e+00
6.221627906149715059e+00
6.227963285222953616e+00
6.233671648872771698e+00
6.238745855693435871e+00
6.243179240372928263e+00
6.246965137599229223e+00
6.250096405966607094e+00
6.252565427975611101e+00
6.254365538314223372e+00
6.255490071670426033e+00
6.255932838825916775e+00
6.255684794000099025e+00
6.254743080630679408e+00
6.253110555279951299e+00
6.250793407166217897e+00
6.247796873320349498e+00
6.244127142960650190e+00
6.239790405305421395e+00
6.234791897385534298e+00
6.229138284513008550e+00
6.222834327624997997e+00
6.215886692033521399e+00
6.208301090863167282e+00
6.200083713332236179e+00
6.191239320377884603e+00
6.181774577312130425e+00
6.171695197259562171e+00
6.161007369438480374e+00
6.149715854786041547e+00
6.137828270801694686e+00
6.125348902328881628e+00
6.112283938585902909e+00
6.098640044884777289e+00
6.084421506068945718e+00
6.069635939637857192e+00
6.054287630434950884e+00
6.038383719865962007e+00
6.021929921055476420e+00
6.004930994940650635e+00
5.987394082927218086e+00
5.969323469858619724e+00
5.950726773234303657e+00
5.931608753991425509e+00
5.911975601348289366e+00
5.891833504523196652e+00
5.871187224453303877e+00
5.850043426450628026e+00
5.828407823639757623e+00
5.806286605238994092e+00
5.783685484372924179e+00
5.760609698072420848e+00
5.737065911649500194e+00
5.713058886041319617e+00
5.688596238747328115e+00
5.663681778517249299e+00
5.638322646756818379e+00
5.612524556590621216e+00
5.586292745049529884e+00
5.559634353539277818e+00
5.532553666903305079e+00
5.505057350453630427e+00
5.477151117314839723e+00
5.448842108892667291e+00
5.420139847061425264e+00
5.391056234164002703e+00
5.361602220355857540e+00
5.331788755792449486e+00
5.301627742816666711e+00
5.271130131583968037e+00
5.240306396156095836e+00
5.209168914969655617e+00
5.177727685992675077e+00
5.145994611568043275e+00
5.113981594038650158e+00
5.081698631372521646e+00
5.049157625912548575e+00
5.016369051720473315e+00
4.983345763326616051e+00
4.950097282605289806e+00
4.916635035805667187e+00
4.882970925270638141e+00
4.849115901155660602e+00
4.815080913616193392e+00
4.780878341088842021e+00
4.746517705447917734e+00
4.712010909036310480e+00
4.677369378103192865e+00
4.642604062804024601e+00
4.607726389387979182e+00
4.572747784104230107e+00
4.537679197108237084e+00
4.502531102461740709e+00
4.467315878601348267e+00
4.432044475682517692e+00
4.396727843860706031e+00
4.361377409385088555e+00
4.326003646317406748e+00
4.290618933094267895e+00
4.255233743777412592e+00
4.219859504616016110e+00
4.184507641859251059e+00
4.149188629568862474e+00
4.113914846181453200e+00
4.078696289665051822e+00
4.043544862362546510e+00
4.008471990523112538e+00
3.973487672114777158e+00
3.938604999714717891e+00
3.903833733244105098e+00
3.869185536998969610e+00
3.834671599181628032e+00
3.800303346041254304e+00
3.766090775545875680e+00
3.732041505194941600e+00
3.698161962253611712e+00
3.664458097893331878e+00
3.630936815472976864e+00
3.597603828117134306e+00
3.564466753325253645e+00
3.531530828128206068e+00
3.498803193931725009e+00
3.466290039954113222e+00
3.433997555413673464e+00
3.401932405622424049e+00
3.370100541751809065e+00
3.338509105207562389e+00
3.307164285207986776e+00
3.276072032924527200e+00
3.245239489762917096e+00
3.214672368847743655e+00
3.184377811584740314e+00
3.154361293051636039e+00
3.124630192701023379e+00
3.095190223657488193e+00
3.066048051233048799e+00
3.037210340739723957e+00
3.008683281395815534e+00
2.980473062419626729e+00
2.952586111076317188e+00
2.925029330724763454e+00
2.897808910583267838e+00
2.870931039870132651e+00
2.844401907803660645e+00
2.818228893836443483e+00
2.792417473046210130e+00
2.766974548791836686e+00
2.741906310291625903e+00
2.717219422857595212e+00
2.692919837661190030e+00
2.669014458061286010e+00
2.645509235229327683e+00
2.622411310571049370e+00
2.599726159164180039e+00
2.577460684367595345e+00
2.555621551493313603e+00
2.534214711712779344e+00
2.513246830338011328e+00
2.492724096587311422e+00
2.472653175772697942e+00
2.453040495159331869e+00
2.433892243965514623e+00
2.415215087503265412e+00
2.397013548662881632e+00
2.379287151350647722e+00
2.362033277051128088e+00
2.345249307248887582e+00
2.328933099522205286e+00
2.313082035355645605e+00
2.297693972327488510e+00
2.282766529969156633e+00
2.268296851718355711e+00
2.254282557106508378e+00
2.240721741758751939e+00
2.227611549112793465e+00
2.214949598700054256e+00
2.202733510051956944e+00
2.190960902699923274e+00
2.179629396175375877e+00
2.168736133916020936e+00
2.158279449593853982e+00
2.148256486646581198e+00
2.138664864605625215e+00
2.129502203002407779e+00
2.120765883321493295e+00
2.112453763141161733e+00
2.104563461992834839e+00
2.097092123314219236e+00
2.090037604683595340e+00
2.083397525632384895e+00
2.077169505692009643e+00
2.071351164393892219e+00
2.065939645175738804e+00
2.060933043662687147e+00
2.056328741339301658e+00
2.052124119690146298e+00
2.048317036293501481e+00
2.044904872633931614e+00
2.041885486289715779e+00
2.039256258745418382e+00
2.037014571485604719e+00
2.035158520135411209e+00
2.033685010085687583e+00
2.032592375008428931e+00
2.031877520294483652e+00
2.031538541568989942e+00
2.031572582269653982e+00
2.031977499974755741e+00
2.032750676168859627e+00
2.033889968430245609e+00
2.035392758243477207e+00
2.037256665139977496e+00
2.039479070604310440e+00
2.042057118074182664e+00
2.044984380284433634e+00
2.048253715829329469e+00
2.051857983303136734e+00
2.055789803253263770e+00
2.060042034273977141e+00
2.064608249100115867e+00
2.069480592185373613e+00
2.074652160170874282e+00
2.080116049697741332e+00
2.085864881313383989e+00
2.091891751658926157e+00
2.098189043234918394e+00
2.104750566823057945e+00
2.111567990783322912e+00
2.118635125897409655e+00
2.125944354665869618e+00
2.133488773729826704e+00
2.141261241683547034e+00
2.149254379074439392e+00
2.157461520590485460e+00
2.165875286779093578e+00
2.174488774281388093e+00
2.183294127551062225e+00
2.192285157369812332e+00
2.201454008191332523e+00
2.210794252750461819e+00
2.220298035500892997e+00
2.229958691130608628e+00
2.239769078233873945e+00
2.249721817358098619e+00
2.259810005144405665e+00
2.270026500187062091e+00
2.280363923033476237e+00
2.290815608371629786e+00
2.301374176748931077e+00
2.312032248712788896e+00
2.322783158951185367e+00
2.333619528011528388e+00
2.344534214488084523e+00
2.355520076975119892e+00
2.366570212113759286e+00
2.377677240451410157e+00
2.388834258629196849e+00
2.400034125241386374e+00
2.411269460835386624e+00
2.422533124005463723e+00
2.433818449439599796e+00
2.445118057685203183e+00
2.456424569289682669e+00
