# te
3.421036142053833995e+00
4.287261996305704592e+00
4.429917288961300770e+00
4.134940096848948698e+00
3.627235424881190884e+00
3.050141522148624329e+00
2.493278507719105530e+00
2.003297852595003814e+00
1.607442234299017558e+00
1.318260769033293256e+00
1.140364305409805601e+00
1.054219313395403868e+00
1.035429441745990609e+00
1.064631125884877516e+00
1.124189735563508652e+00
1.198352758014450181e+00
1.273032818240513064e+00
1.338921093867796008e+00
1.390151515203194688e+00
1.429847733114637309e+00
1.462883042874812523e+00
1.492137335369271067e+00
1.520237814744018756e+00
1.550792557222587131e+00
1.586797263486842136e+00
1.627818212161889377e+00
1.672351661247065691e+00
1.718045350717113173e+00
1.762184475182359211e+00
1.801454351171498880e+00
1.832312960464036911e+00
1.850910014158639871e+00
1.854740664194205912e+00
1.846984621473673149e+00
1.830740899015187884e+00
1.803096993513682689e+00
1.761100766862267575e+00
1.707651986859118232e+00
1.647113219243534266e+00
1.582700239017408528e+00
1.513041658233009290e+00
1.435618703088054504e+00
1.347913313920835465e+00
1.247407073999356353e+00
1.132207272757324468e+00
1.002926047689548295e+00
8.608013614799677748e-01
7.070711173008084049e-01
5.429732778360099044e-01
3.693818618798079267e-01
1.857156929068352058e-01
-8.970428536975636608e-03
-2.156216237965668525e-01
-4.351830718688540212e-01
-6.683671382043513409e-01
-9.149551767641783684e-01
-1.174495820950106628e+00
-1.446537912454908703e+00
-1.730629697854212390e+00
-2.026484092637522494e+00
-2.334468165059551570e+00
-2.655112997660031393e+00
-2.988950149072407303e+00
-3.336510463789552627e+00
-3.698048413902445652e+00
-4.072710363379049348e+00
-4.459366065738573859e+00
-4.856884322312798652e+00
-5.264135838808364554e+00
-5.680269835755528796e+00
-6.105556734384740558e+00
-6.540547851218644126e+00
-6.985793550592449996e+00
-7.441843720747654878e+00
-7.909113515404246009e+00
-8.387466771759566342e+00
-8.876629259833443086e+00
-9.376326749645699010e+00
-9.886287867778452920e+00
-1.040614411769584713e+01
-1.093515279320157418e+01
-1.147247787373107109e+01
-1.201728238653235081e+01
-1.256872840666598634e+01
-1.312611321980778101e+01
-1.368926924096985154e+01
-1.425815743046752004e+01
-1.483274350955326248e+01
-1.541299129510469612e+01
-1.599879033337980694e+01
-1.658973118378319711e+01
-1.718532632635010415e+01
-1.778509395424036654e+01
-1.838854845186408937e+01
-1.899520420363138129e+01
-1.960457749832720964e+01
-2.021618272036168307e+01
-2.082953425414490667e+01
-2.144415029283671359e+01
-2.205954331647235023e+01
-2.267522961383678748e+01
-2.329072166496526464e+01
-2.390553956739247710e+01
-2.451919770552853706e+01
-2.513120475065895931e+01
-2.574108270469330506e+01
-2.634834785641653809e+01
-2.695250887711418386e+01
-2.755308586432093421e+01
-2.814958558494744878e+01
-2.874150718840493468e+01
-2.932834030223028776e+01
-2.990957264958554163e+01
-3.048469195363273698e+01
-3.105319165065849063e+01
-3.161456136819969842e+01
-3.216829263816812556e+01
-3.271386937497607761e+01
-3.325078882365990296e+01
-3.377853680300676587e+01
-3.429660674930330089e+01
-3.480448067258694778e+01
-3.530165581789405138e+01
-3.578762181276151466e+01
-3.626186828472623347e+01
-3.672388105257537916e+01
-3.717315736134529658e+01
-3.760917922107343259e+01
-3.803144387679613203e+01
-3.843944857354974687e+01
-3.883275911386567003e+01
-3.921095272652445374e+01
-3.957359902280722252e+01
-3.992027904024425311e+01
-4.025056619886640163e+01
-4.056403772745422032e+01
-4.086026704603855109e+01
-4.113883138339995327e+01
-4.139930415956927590e+01
-4.164126641207680279e+01
-4.186428775220364429e+01
-4.206794540873037391e+01
-4.225181661043754389e+01
-4.241547477735600324e+01
-4.255849713826631842e+01
-4.268046092194903451e+01
-4.278093954843501479e+01
-4.285951024650480434e+01
-4.291574643618925222e+01
-4.294927105126561884e+01
-4.295991269799628753e+01
-4.294753807014090086e+01
-4.291202147895854324e+01
-4.285322961820885723e+01
-4.277103679915092727e+01
-4.266531352429410617e+01
-4.253593029614776810e+01
-4.238276142597099039e+01
-4.220567741627314717e+01
-4.200454496081385969e+01
-4.177923837085222658e+01
-4.152963195764732518e+01
-4.125559241495880514e+01
-4.095699405404574378e+01
-4.063370356866777655e+01
-4.028559527008400210e+01
-3.991254727830321514e+01
-3.951441486083589183e+01
-3.909108756394001460e+01
-3.864242446387576280e+01
-3.816829606315251056e+01
-3.766858429052879131e+01
-3.714314822226478441e+01
-3.659186597836930588e+01
-3.601464995759869225e+01
-3.541160299619550500e+01
-3.478285459165039128e+01
-3.412854947645286785e+01
-3.344882095684332057e+01
-3.274381376531127330e+01
-3.201366501684680799e+01
-3.125851563518975240e+01
-3.047850273533018139e+01
-2.967376533663304983e+01
-2.884444626721303351e+01
-2.799068073768535214e+01
-2.711260776741496059e+01
-2.621037018451652756e+01
-2.528410319960528341e+01
-2.433395154517076620e+01
-2.336004662307846758e+01
-2.236253507019279496e+01
-2.134155019275410936e+01
-2.029723481887708303e+01
-1.922972796792666728e+01
-1.813916675489294761e+01
-1.702569019914087534e+01
-1.588944112878512449e+01
-1.473055570662835123e+01
-1.354925579234201649e+01
-1.234608413276188266e+01
-1.112166726721765286e+01
-9.876631735039035576e+00
-8.611602171180871679e+00
-7.327204638879148746e+00
-6.024063773088711216e+00
-4.702806113139263999e+00
-3.364057008126221326e+00
-2.008442283238716097e+00
-6.365874065955925420e-01
7.508819751491612182e-01
2.153340215341557062e+00
3.570161786351035538e+00
5.000720803476751186e+00
6.444391679576430221e+00
7.900549541648372198e+00
9.368568326456587769e+00
1.084782197076508758e+01
1.233768393524416673e+01
1.383753148931384658e+01
1.534673618926955818e+01
1.686467340015645888e+01
1.839071943920713892e+01
1.992424586271703291e+01
2.146462613135642883e+01
2.301124132329507788e+01
2.456345728170382614e+01
2.612065127600268610e+01
2.768220247998655026e+01
2.924747864120111629e+01
3.081585702906641444e+01
3.238671300862759495e+01
3.395941813618009064e+01
3.553334968114392467e+01
3.710788300856425082e+01
3.868238586598678808e+01
4.025623742720640053e+01
4.182881305726826326e+01
4.339948812121752297e+01
4.496763036659989154e+01
4.653262277595997176e+01
4.809383309684347552e+01
4.965063669429556370e+01
5.120240893336139010e+01
5.274852898783583299e+01
5.428836460526460428e+01
5.582129115069286485e+01
5.734668018041604398e+01
5.886391848572846897e+01
6.037237762292558330e+01
6.187147866204922764e+01
6.336065409939044457e+01
6.483933262249051666e+01
6.630693530139132008e+01
6.776289844113358640e+01
6.920665072925862660e+01
7.063762085330775164e+01
7.205522988332279510e+01
7.345891412434453116e+01
7.484810226391424237e+01
7.622222298957325393e+01
7.758068975386395039e+01
7.892295409682597551e+01
8.024842947100175650e+01
8.155655218143203911e+01
8.284674329815867111e+01
8.411844674372184727e+01
8.537106835316454578e+01
8.660405966652638199e+01
8.781684175384924629e+01
8.900882806767550903e+01
9.017946253054539341e+01
9.132817383000019618e+01
9.245438303608177932e+01
9.355752645383087440e+01
9.463703277078879239e+01
9.569232305699740948e+01
9.672283361749744302e+01
9.772798552233075497e+01
9.870720745903865634e+01
9.965993573266190708e+01
1.005855990307417898e+02
1.014836184233201806e+02
1.023534302154378111e+02
1.031944554771365290e+02
1.040061305134571086e+02
1.047878763944413976e+02
1.055391294251301417e+02
1.062593030580657398e+02
1.069478488332878641e+02
1.076041725858394358e+02
1.082277258557601414e+02
1.088179220955923512e+02
1.093741823753779556e+02
1.098959658526560190e+02
1.103826631274706074e+02
1.108337333573608419e+02
1.112485823773696438e+02
1.116266464925378017e+02
1.119674915053966657e+02
1.122711555034435094e+02
1.125377908366673125e+02
1.127675803250548654e+02
1.129606991710934807e+02
1.131173073422716158e+02
1.132375724235771486e+02
1.133216543824985081e+02
1.133697436565219334e+02
1.133819925956364045e+02
1.133585687848298136e+02
1.132996626615883855e+02
1.132054113409022023e+02
1.130760052602575172e+02
1.129116043871427593e+02
1.127123763065457922e+02
1.124785038384534204e+02
1.122101317153551747e+02
1.119074503747372944e+02
1.115706197840882083e+02
1.111998151458952435e+02
1.107951811926479309e+02
1.103569159793319869e+02
1.098851794734358123e+02
1.093801316424478500e+02
1.088419476888554414e+02
1.082707951976464784e+02
1.076668341363093759e+02
1.070302473248309241e+02
1.063612023481990150e+02
1.056598591739020776e+02
1.049263930044274531e+02
1.041609638072635562e+02
1.033637467848977423e+02
1.025349171398173524e+02
1.016746348395107873e+02
1.007830674689659674e+02
9.986038261317075637e+01
9.890676309211194450e+01
9.792236125577851169e+01
9.690735230665779909e+01
9.586190382973768465e+01
9.478618341000607472e+01
9.368036624995026784e+01
9.254460469955927238e+01
9.137908919631931326e+01
9.018397970771883365e+01
8.895943620124626250e+01
8.770563387938892674e+01
8.642274794463418175e+01
8.511103739196327922e+01
8.377115732632887557e+01
8.240387711517533376e+01
8.100994327344871238e+01
7.959013278609280917e+01
7.814517693305478474e+01
7.667584508177898783e+01
7.518289898221037504e+01
7.366710038429386032e+01
7.212920342047493705e+01
7.056994698820018641e+01
6.899012330741231835e+01
6.739045604055901606e+01
6.577172217258413411e+01
6.413468345343258648e+01
6.248008639805040332e+01
6.080868894763278831e+01
5.912125666087440834e+01
5.741854747897045286e+01
5.570131172561668365e+01
5.397030734200831148e+01
5.222629607809025742e+01
5.047003587505773226e+01
4.870228086535621514e+01
4.692379660768035876e+01
4.513533342572592488e+01
4.333764926068811718e+01
4.153150967126158122e+01
3.971766117239235427e+01
3.789687313152482062e+01
3.606989206360501043e+01
3.423748352732756928e+01
3.240040165513798343e+01
3.055940629260632235e+01
2.871525538092778618e+01
2.686870495692272343e+01
2.502051296178633777e+01
2.317144114546355738e+01
2.132223983165013692e+01
1.947367267466587393e+01
1.762649571133110626e+01
1.578146783502847050e+01
1.393934508257831162e+01
1.210088634736326618e+01
1.026684766620367562e+01
8.437989836857040515e+00
6.615068420049986742e+00
4.798841833071435303e+00
2.990067541022876085e+00
1.189503961193229653e+00
-6.021268507861106123e-01
-2.384244715210994681e+00
-4.156303850148223233e+00
-5.917760616086316539e+00
-7.668068219392929485e+00
-9.406683437138585901e+00
-1.113305923764407979e+01
-1.284665287407365142e+01
-1.454691683865438101e+01
-1.623330838455050795e+01
-1.790528095617654003e+01
-1.956229085450928906e+01
-2.120379342833812686e+01
-2.282924021770270784e+01
-2.443809038014212831e+01
-2.602979736007090139e+01
-2.760381650627840244e+01
-2.915959935880428233e+01
-3.069660507518764092e+01
-3.221428709984299132e+01
-3.371210078155970535e+01
-3.518949956475230323e+01
-3.664594260695987771e+01
-3.808087763947236226e+01
-3.949376762857856704e+01
-4.088406411431815712e+01
-4.225122244548050077e+01
-4.359469797085497333e+01
-4.491394223048123280e+01
-4.620841438189836481e+01
-4.747756596514603444e+01
-4.872085232901360285e+01
-4.993773263104018412e+01
-5.112765841126541488e+01
-5.229008882722840923e+01
-5.342447161021907931e+01
-5.453026591777653920e+01
-5.560692709869015005e+01
-5.665391050174929433e+01
-5.767066766699361580e+01
-5.865665394321249693e+01
-5.961133229669476918e+01
-6.053415045873033762e+01
-6.142456377810859891e+01
-6.228202379486918971e+01
-6.310599347530093439e+01
-6.389592816819321541e+01
-6.465127179608623464e+01
-6.537149113401852674e+01
-6.605603010453032198e+01
-6.670449259765021566e+01
-6.731696240587218938e+01
-6.789368328917859685e+01
-6.843489139005237121e+01
-6.894082285097644558e+01
-6.941171381443375310e+01
-6.984780042290721269e+01
-7.024931881887974328e+01
-7.061648990983539420e+01
-7.094956507325598238e+01
-7.124877283412499196e+01
-7.151435695242479085e+01
-7.174653833563941419e+01
-7.194556836125069310e+01
-7.211166793674264852e+01
-7.224508082209767679e+01
-7.234604315979868261e+01
-7.241478347482915012e+01
-7.245155314467091046e+01
-7.245656545930854975e+01
-7.243006417872445013e+01
-7.237229306290096531e+01
-7.228347301932214464e+01
-7.216385542546980503e+01
-7.201366880632743062e+01
-7.183314168687849133e+01
-7.162251782710538350e+01
-7.138202575199157707e+01
-7.111190160401999094e+01
-7.081239676067245625e+01
-7.048372451193357335e+01
-7.012613623528513074e+01
-6.973986045571064096e+01
-6.932512569819357395e+01
-6.888217572271629763e+01
-6.841124667176174512e+01
-6.791257468781286377e+01
-6.738639591335254408e+01
-6.683293125586484962e+01
-6.625243209283158308e+01
-6.564513456673569181e+01
-6.501126720256064573e+01
-6.435105852528991477e+01
-6.366475229490589527e+01
-6.295259227139095515e+01
-6.221479936222912244e+01
-6.145161351865305477e+01
-6.066327088314567817e+01
-5.985000759818991867e+01
-5.901205980626870939e+01
-5.814975125110863985e+01
-5.726372180266345424e+01
-5.635472178462890724e+01
-5.542350152070076064e+01
-5.447078467332668339e+01
-5.349731775745272699e+01
-5.250384347927518291e+01
-5.149109692749090783e+01
-5.045982080829622163e+01
-4.941075782788742288e+01
-4.834464307496136115e+01
-4.726221544696463184e+01
-4.616422526759298250e+01
-4.505140000804382794e+01
-4.392448999201291571e+01
-4.278423030819710959e+01
-4.163135985404299078e+01
-4.046662133574685782e+01
-3.929075365075530613e+01
-3.810449950526463425e+01
-3.690859779672142338e+01
-3.570378361382253729e+01
-3.449080347151399906e+01
-3.327039245849267246e+01
-3.204329708970458057e+01
-3.081025245384659073e+01
-2.957199744836528055e+01
-2.832927477945695571e+01
-2.708282715331792545e+01
-2.583339156301990513e+01
-2.458170690600948305e+01
-2.332851588848295776e+01
-2.207455740788691756e+01
-2.082057226604280586e+01
-1.956729745602234161e+01
-1.831547949277155496e+01
-1.706585156061244035e+01
-1.581915731792873814e+01
-1.457613661435446062e+01
-1.333752929952361832e+01
-1.210407522307022887e+01
-1.087651423462830280e+01
-9.655588088206716435e+00
-8.442034729064618048e+00
-7.236595435117171071e+00
-6.040010055998387806e+00
-4.853018917435995228e+00
-3.676362107110865640e+00
-2.510778998563296227e+00
-1.357010512638160415e+00
-2.157478035091244806e-01
9.125119233275301722e-01
2.027319875155225049e+00
3.128227794862812328e+00
4.214786726076498624e+00
5.286548902656779347e+00
6.343064654089289434e+00
7.383885976187665179e+00
8.408563436484399745e+00
9.416649030793129427e+00
1.040769523102121141e+01
1.138125260470113176e+01
1.233687171936538540e+01
1.327410504692132598e+01
1.419250315490144487e+01
1.509161851521309394e+01
1.597100169538876635e+01
1.683020611952324685e+01
1.766877854639929879e+01
1.848627335229914337e+01
1.928224300913013067e+01
2.005623808442475564e+01
2.080781105009036835e+01
2.153651056928460150e+01
2.224188911391480161e+01
2.292349725151346718e+01
2.358088935836281408e+01
2.421361600199533015e+01
2.482122584556864453e+01
2.540327136099011440e+01
2.595930502016708985e+01
2.648887929500692806e+01
2.699154284866725462e+01
2.746684815305542315e+01
2.791434958445365311e+01
2.833359390164470781e+01
2.872413167216108221e+01
2.908552298540957537e+01
2.941730888704837099e+01
2.971904565773454365e+01
2.999028576937545054e+01
3.023057978950357949e+01
3.043947638127656319e+01
3.061652992097661397e+01
3.076129097613622321e+01
3.087331201866274810e+01
3.095214361608868003e+01
3.099733252719678234e+01
3.100843884139386120e+01
3.098500741308781770e+01
3.092672021167664553e+01
3.083375434402254101e+01
3.070642022322806142e+01
3.054502635802090893e+01
3.034987554400418475e+01
3.012128009865531553e+01
2.985954662632713408e+01
2.956498173137247676e+01
2.923789392251903863e+01
2.887858789974479023e+01
2.848737407615228889e+01
2.806455905609437451e+01
2.761045134829874215e+01
2.712535565274335880e+01
2.660958428690565469e+01
2.606344195076359327e+01
2.548723524867001089e+01
2.488127459372746841e+01
2.424586468591393640e+01
2.358131212958225120e+01
2.288793114658469108e+01
2.216602072377465049e+01
2.141589508300440414e+01
2.063785701987706389e+01
1.983221694749519060e+01
1.899928147021161706e+01
1.813935909675404190e+01
1.725275643147529792e+01
1.633978198310308017e+01
1.540074045161536276e+01
1.443594129792727188e+01
1.344569398295393725e+01
1.243030415886076057e+01
1.139007843000057640e+01
1.032532625728851272e+01
9.236354245077402325e+00
8.123470902094943824e+00
6.986981404412825114e+00
5.827195689039887938e+00
4.644420360328966879e+00
3.438963212867185426e+00
2.211131565147951061e+00
9.612332117583872737e-01
-3.104243800288122856e-01
-1.603533742940953966e+00
-2.917787231170200446e+00
-4.252877555979001301e+00
-5.608496803756804816e+00
-6.984337656010202622e+00
-8.380092080105214336e+00
-9.795381581537952798e+00
-1.122953962910660408e+01
-1.268183208630174263e+01
-1.415151910348935438e+01
-1.563786559197258264e+01
-1.714013360649227735e+01
-1.865758520178928492e+01
-2.018948528916675400e+01
-2.173509877992781725e+01
-2.329368487225104190e+01
-2.486450847743956061e+01
-2.644683260242166156e+01
-2.803992025412561873e+01
-2.964303443947971672e+01
-3.125543626103737083e+01
-3.287639634322631821e+01
-3.450516626672565224e+01
-3.614102046471283813e+01
-3.778321242224183862e+01
-3.943101466811524602e+01
-4.108368068738703016e+01
-4.274047920011005885e+01
-4.440067130883775803e+01
-4.606352192487325681e+01
-4.772829595951969850e+01
-4.939425070658079164e+01
-5.106065488610938274e+01
-5.272676579190918744e+01
-5.439185595278277674e+01
-5.605517504503441018e+01
-5.771599559746666586e+01
-5.937357490388325232e+01
-6.102718549308675478e+01
-6.267608465888086045e+01
-6.431952969506927786e+01
-6.595679693920429543e+01
-6.758713987633991849e+01
-6.920981960902953745e+01
-7.082410485732603433e+01
-7.242926434128226276e+01
-7.402455154595220677e+01
-7.560921995638983617e+01
-7.718255352764690258e+01
-7.874380574477737582e+01
-8.029224532783412371e+01
-8.182712576187113029e+01
-8.334772338444069817e+01
-8.485328406309736238e+01
-8.634307651789396232e+01
-8.781637708638282902e+01
-8.927248495861464050e+01
-9.071093546712296529e+01
-9.213131726693757173e+01
-9.353320377808925912e+01
-9.491617603810834680e+01
-9.627982270202457471e+01
-9.762372480736820535e+01
-9.894745577417009486e+01
-1.002506118749594322e+02
-1.015327665297670450e+02
-1.027935083936226874e+02
-1.040324032690577383e+02
-1.052490474286014006e+02
-1.064430219097839370e+02
-1.076139077501356383e+02
-1.087612707521879258e+02
-1.098847300409682930e+02
-1.109838285665098141e+02
-1.120581854538400250e+02
-1.131073436529919434e+02
-1.141309070539942070e+02
-1.151284643118765842e+02
-1.160995736116709764e+02
-1.170438464609055131e+02
-1.179608334271126466e+02
-1.188501460178204781e+02
-1.197113576530598493e+02
-1.205440341353621392e+02
-1.213477793547559997e+02
-1.221221514962733607e+02
-1.228667468324434253e+02
-1.235811692532948030e+02
-1.242649540913611048e+02
-1.249177280891693158e+02
-1.255390341967524677e+02
-1.261284839216386615e+02
-1.266856430663592619e+02
-1.272101155209429351e+02
-1.277014518529221618e+02
-1.281592483348261169e+02
-1.285831012391840034e+02
-1.289725687510277510e+02
-1.293272547603859834e+02
-1.296467174522906873e+02
-1.299305607167704579e+02
-1.301783579738561514e+02
-1.303896826435785954e+02
-1.305641386159664137e+02
-1.307012840760515928e+02
-1.308007076788638585e+02
-1.308621351944229900e+02
-1.308857037377191261e+02
-1.308717332437290963e+02
-1.308205131774320193e+02
-1.307323330038069287e+02
-1.306074974228318410e+02
-1.304462958994857615e+02
-1.302490331337467353e+02
-1.300159985905937958e+02
-1.297474817350060050e+02
-1.294438025019602492e+02
-1.291052198864378227e+02
-1.287320385884166853e+02
-1.283245785428736951e+02
-1.278831139797890302e+02
-1.274079419816412297e+02
-1.268993672484082396e+02
-1.263576868625686132e+02
-1.257831826716019492e+02
-1.251761593754862218e+02
-1.245369064392005214e+02
-1.238657209452233587e+02
-1.231628923585338100e+02
-1.224287406141087473e+02
-1.216635323244288855e+02
-1.208675798069716620e+02
-1.200411801442155877e+02
-1.191846151836402896e+02
-1.182981896252237419e+02
-1.173822005514444555e+02
-1.164369298097820717e+02
-1.154627049527129117e+02
-1.144597849752182412e+02
-1.134284745772760203e+02
-1.123690784588642515e+02
-1.112818937024614314e+02
-1.101672021555472014e+02
-1.090253161355989704e+02
-1.078565174900963655e+02
-1.066611109190173607e+02
-1.054393935048404671e+02
-1.041916394775458912e+02
-1.029181763896099113e+02
-1.016192708535132851e+02
-1.002952351867334215e+02
-9.894635885424939659e+01
-9.757293893853973543e+01
-9.617527252208294897e+01
-9.475365668735756230e+01
-9.330837328184321677e+01
-9.183981079801179703e+01
-9.034859387081817772e+01
-8.883544616271002781e+01
-8.730107610113611827e+01
-8.574621496604360971e+01
-8.417156356738180989e+01
-8.257783795009898142e+01
-8.096575415914333007e+01
-7.933602823946310423e+01
-7.768937623600653808e+01
-7.602650657622241681e+01
-7.434814292255842361e+01
-7.265499370246334365e+01
-7.094777496088539692e+01
-6.922721036027228081e+01
-6.749400071057334571e+01
-6.574886205673679740e+01
-6.399252567870977515e+01
-6.222569619519134676e+01
-6.044907822488057292e+01
-5.866340304772457870e+01
-5.686937528242243189e+01
-5.506771478267208408e+01
-5.325913378467205206e+01
-5.144434833337056290e+01
-4.962407066496613339e+01
-4.779902063315671512e+01
-4.596991047414082487e+01
-4.413745623286668973e+01
-4.230236633678309488e+01
-4.046536825708744800e+01
-3.862716280372909239e+01
-3.678848125665516022e+01
-3.495002061706524898e+01
-3.311250835615678056e+01
-3.127665099700367080e+01
-2.944317029767874061e+01
-2.761277659000564100e+01
-2.578618591893260259e+01
-2.396411623378272182e+01
-2.214727786637964968e+01
-2.033638876604647905e+01
-1.853216116898171961e+01
-1.673531302450846781e+01
-1.494655847320009734e+01
-1.316660975125511612e+01
-1.139618480799662059e+01
-9.635996831810549779e+00
-7.886760915457710297e+00
-6.149192151698901654e+00
-4.423958976110801800e+00
-2.711543671627294039e+00
-1.012381506927848340e+00
6.730918922377789881e-01
2.344440900119830751e+00
4.001230129015407755e+00
5.643023120010751015e+00
7.269385437590393906e+00
8.879880027723430658e+00
1.047407316903496799e+01
1.205152780749410368e+01
1.361180974563222534e+01
1.515448097723100140e+01
1.667911111357154397e+01
1.818525643531092939e+01
1.967248750591770801e+01
2.114036822354840339e+01
2.258846058198468754e+01
2.401633038375794271e+01
2.542354152702469960e+01
2.680965790994148534e+01
2.817424723941455156e+01
2.951686770047584218e+01
3.083709080878133335e+01
3.213447855811268994e+01
3.340858913350184878e+01
3.465899785935451405e+01
3.588526292070262969e+01
3.708694250257813252e+01
3.826361764251131348e+01
3.941483509928493589e+01
4.054017210167956620e+01
4.163918302597741672e+01
4.271144129220933650e+01
4.375650889415697975e+01
4.477394401685229042e+01
4.576331627157639304e+01
4.672419526961038372e+01
4.765613538723649611e+01
4.855870242698610895e+01
4.943146980889006414e+01
5.027399190923058114e+01
5.108583833928877027e+01
5.186657109284629996e+01
5.261575216368483154e+01
5.333295497183520695e+01
5.401773770232937011e+01
5.466966234894897525e+01
5.528829852297515401e+01
5.587321202693928512e+01
5.642406388211587398e+01
5.694095692474748915e+01
5.742407397482092080e+01
5.787362451357100923e+01
5.828980278723371811e+01
5.867280685079473557e+01
5.902282714174029365e+01
5.934006552380579080e+01
5.962472386072663255e+01
5.987699258998905805e+01
6.009706976657874833e+01
6.028515725423110894e+01
6.044144168168264741e+01
6.056613253016821830e+01
6.065942023717406073e+01
6.072149524018639255e+01
6.075257463793953150e+01
6.075283744167053612e+01
6.072248932386452935e+01
6.066171691325801874e+01
6.057073349983559751e+01
6.044972190358403452e+01
6.029889160573819851e+01
6.011842923503458280e+01
5.990853665520860716e+01
5.966941192124594551e+01
5.940124927938255439e+01
5.910424297585439746e+01
5.877859868314659764e+01
5.842451064749511858e+01
5.804216930638619232e+01
5.763177652355522440e+01
5.719353035398788876e+01
5.672763647016932964e+01
5.623427007458687399e+01
5.571365207472454983e+01
5.516596148181941572e+01
5.459140396835660880e+01
5.399017378057207850e+01
5.336247659095096196e+01
5.270849521948004224e+01
5.202843533864444936e+01
5.132249500342985726e+01
5.059086846007223670e+01
4.983374995480753000e+01
4.905134135137115692e+01
4.824384070474879138e+01
4.741144226117639704e+01
4.655434407563964783e+01
4.567274420312422478e+01
4.476689782986169064e+01
4.383732675456431593e+01
4.288461371593997029e+01
4.190933383519707434e+01
4.091207746854295380e+01
3.989341211968658030e+01
3.885392433608554796e+01
3.779419685644772642e+01
3.671481241948099239e+01
3.561634233764403490e+01
3.449937315839446228e+01
3.336448381169040545e+01
3.221225703623975534e+01
3.104327366637550156e+01
2.985811072768094121e+01
2.865735476761366840e+01
2.744157900300723796e+01
2.621136998131924756e+01
2.496730472813298718e+01
2.370996788653118159e+01
2.243993457772225852e+01
2.115778944478894985e+01
1.986411141768940425e+01
1.855948133075662909e+01
1.724448192269849756e+01
1.591968926691085784e+01
1.458568800647644892e+01
1.324305707135341592e+01
1.189237729587476800e+01
1.053423046656094364e+01
9.169195513370091533e+00
7.797852794541504373e+00
6.420784572689337999e+00
5.038570253865454873e+00
3.651790910449721039e+00
2.261027138728289199e+00
8.668595944990238333e-01
-5.301312449753522449e-01
-1.929364783408688000e+00
-3.330260543538260620e+00
-4.732237274449060394e+00
-6.134715570089225523e+00
-7.537113405891457063e+00
-8.938850899710176989e+00
-1.033934721721237793e+01
-1.173802295234619564e+01
-1.313429631859118984e+01
-1.452758648161435495e+01
-1.591731355927010760e+01
-1.730289481285058173e+01
-1.868378178239542464e+01
-2.005953265293657850e+01
-2.142973988825350418e+01
-2.279399214337594159e+01
-2.415188188208335163e+01
-2.550299585503060840e+01
-2.684692462162231763e+01
-2.818326255001279890e+01
-2.951159448648206762e+01
-3.083151099043472243e+01
-3.214260643002508999e+01
-3.344446755590804798e+01
-3.473668492748819148e+01
-3.601884719979526039e+01
-3.729054683660871206e+01
-3.855137630170801799e+01
-3.980091663262346913e+01
-4.103876791063396468e+01
-4.226451117326980267e+01
-4.347774650180988942e+01
-4.467805874253424747e+01
-4.586503274172287803e+01
-4.703826858065469452e+01
-4.819735110560971947e+01
-4.934187278036741020e+01
-5.047141845120778214e+01
-5.158558058191028550e+01
-5.268395163625439892e+01
-5.376612026926985521e+01
-5.483168275348583620e+01
-5.588021631768291542e+01
-5.691131342564054307e+01
-5.792457415863763970e+01
-5.891958336295422072e+01
-5.989592969362001895e+01
-6.085320942316421622e+01
-6.179100358911711055e+01
-6.270890465525816637e+01
-6.360650127661710940e+01
-6.448339734322259176e+01
-6.533916246635570246e+01
-6.617339291854565886e+01
-6.698569258982108465e+01
-6.777563490021280757e+01
-6.854281612225004494e+01
-6.928683252846194307e+01
-7.000726515637882130e+01
-7.070370266103041956e+01
-7.137573369744644936e+01
-7.202296977315502602e+01
-7.264506048318145304e+01
-7.324203629752354061e+01
-7.381398100867524192e+01
-7.436100126162884294e+01
-7.488320370137661541e+01
-7.538067973791197574e+01
-7.585352078122829766e+01
-7.630184109381731616e+01
-7.672572446817299863e+01
-7.712527754928761681e+01
-7.750060698215347088e+01
-7.785179655926448561e+01
-7.817894530811352638e+01
-7.848217510869176294e+01
-7.876155451849423628e+01
-7.901719780001270976e+01
-7.924920398073999195e+01
-7.945767208816896243e+01
-7.964268591479353177e+01
-7.980436734060489812e+01
-7.994280777559644946e+01
-8.005809862976158797e+01
-8.015034654809258541e+01
-8.021964294058285816e+01
-8.026609445222469219e+01
-8.028979249301146126e+01
-8.029083609043600234e+01
-8.026933188949064402e+01
-8.022537130016873164e+01
-8.015906096746259379e+01
-8.007049991886503904e+01
-7.995977194687003475e+01
-7.982699131396931591e+01
-7.967224943015625627e+01
-7.949565294042315600e+01
-7.929728563726396828e+01
-7.907726178317042809e+01
-7.883566517063646018e+01
-7.857261767965327692e+01
-7.828819548521536831e+01
-7.798250523231500608e+01
-7.765564594844504143e+01
-7.730772427859777451e+01
-7.693882401526713011e+01
-7.654905942094485738e+01
-7.613851428812490951e+01
-7.570729526179955826e+01
-7.525550898696108959e+01
-7.478323925610347089e+01
-7.429058509671952493e+01
-7.377772171129657863e+01
-7.324501473980822652e+01
-7.269291361472194524e+01
-7.212186015100581926e+01
-7.153228854612844145e+01
-7.092465585005678008e+01
-7.029938864275999322e+01
-6.965693635670557171e+01
-6.899774080686161426e+01
-6.832224380819614851e+01
-6.763088717567724473e+01
-6.692410510677350999e+01
-6.620234703395244935e+01
-6.546605477218213309e+01
-6.471567013643060307e+01
-6.395163494166593665e+01
-6.317438338535674092e+01
-6.238436489997051382e+01
-6.158202130047532563e+01
-6.076779440183923242e+01
-5.994212601903029025e+01
-5.910545034951711330e+01
-5.825821682576720661e+01
-5.740086726274862627e+01
-5.653384728417916705e+01
-5.565758347002798700e+01
-5.477253287026203310e+01
-5.387913349109965111e+01
-5.297781953000944810e+01
-5.206904422820866074e+01
-5.115324178316588899e+01
-5.023085400984920312e+01
-4.930233034072610110e+01
-4.836810116451547970e+01
-4.742861591368483687e+01
-4.648431640320224290e+01
-4.553564444803574673e+01
-4.458303805440369416e+01
-4.362693903727413414e+01
-4.266779302036485433e+01
-4.170603800989418630e+01
-4.074211962957992483e+01
-3.977647969439011888e+01
-3.880955240179338261e+01
-3.784179099300694560e+01
-3.687362966549942200e+01
-3.590551023423886789e+01
-3.493788213169278833e+01
-3.397117574658008010e+01
-3.300584051136824826e+01
-3.204229538852700188e+01
-3.108090220928017544e+01
-3.012198281297951397e+01
-2.916587427397564269e+01
-2.821291747536891847e+01
-2.726343806526080016e+01
-2.631776930925219204e+01
-2.537625209044345098e+01
-2.443921586568576032e+01
-2.350699580495489016e+01
-2.257992136510202386e+01
-2.165833342922751115e+01
-2.074256145418253894e+01
-1.983294060994287378e+01
-1.892980416210942707e+01
-1.803348537628309955e+01
-1.714431942243966844e+01
-1.626263766180516868e+01
-1.538877812091766906e+01
-1.452307216100321341e+01
-1.366585209547527668e+01
-1.281745404649705833e+01
-1.197821032748203507e+01
-1.114845610840597523e+01
-1.032852465486978666e+01
-9.518750184661806557e+00
-8.719465963382940998e+00
-7.931005256634099609e+00
-7.153703710484764500e+00
-6.387892686160981270e+00
-5.633907829732233807e+00
-4.892082882893145523e+00
-4.162750635150907819e+00
-3.446245780387572566e+00
-2.742901822250905841e+00
-2.053052740482387506e+00
-1.377031919706353191e+00
-7.151737562462843201e-01
-6.781179838373121993e-02
5.647201675528978893e-01
1.182088206455908397e+00
1.783958502241035138e+00
2.369997372725370255e+00
2.939870838167433220e+00
3.493245513942888181e+00
4.029786706169682375e+00
4.549161149246907954e+00
5.051035339526801060e+00
5.535074583127307157e+00
6.000946090541236622e+00
6.448379916631854059e+00
6.877364159056269521e+00
7.287954044685490018e+00
7.680200515547085161e+00
8.054158322418343730e+00
8.409880311701696698e+00
8.747419329799575038e+00
9.066829651395552858e+00
9.368163646798343791e+00
9.651473686316663247e+00
9.916814996821518235e+00
1.016423994862162239e+01
1.039380186421312047e+01
1.060555406609215900e+01
1.079954892456744986e+01
1.097584071432257247e+01
1.113448180566623691e+01
1.127552552109458972e+01
1.139902708747863969e+01
1.150503697075223641e+01
1.159361039778638869e+01
1.166479878670237902e+01
1.171865736437121619e+01
1.175523850110161028e+01
1.177459456720227848e+01
1.177677983735679668e+01
1.176184858624873897e+01
1.172985127981196030e+01
1.168084314491746589e+01
1.161487750406140051e+01
1.153200672755247957e+01
1.143228413788684605e+01
1.131576305756064826e+01
1.118249680907002919e+01
1.103254061928599583e+01
1.086594400195497023e+01
1.068276218394795762e+01
1.048304848776110454e+01
1.026685623589055751e+01
1.003423779864502663e+01
9.785247450708091321e+00
9.519938514575896349e+00
9.238362408369724221e+00
8.940574358960580170e+00
8.626626736657181382e+00
8.296572863955672616e+00
7.950466539445911529e+00
7.588361085624045543e+00
7.210307920611357169e+00
6.816362271278853413e+00
6.406623165119375685e+00
5.981377686643419622e+00
5.540958625358174849e+00
5.085700199051981230e+00
4.615935197232029275e+00
4.131996885499225947e+00
3.634219005548193326e+00
3.122934584932981039e+00
2.598477365348210721e+00
2.061180612394789335e+00
1.511377353626766284e+00
9.494013307387639822e-01
3.755857498199745015e-01
-2.097359747494090543e-01
-8.062304881009082491e-01
-1.413564375854330146e+00
-2.031404283141196032e+00
-2.659416884848885054e+00
-3.297269153423347809e+00
-3.944626871076246655e+00
-4.601157724394105308e+00
-5.266526781448013672e+00
-5.940403157105641263e+00
-6.622450729203788633e+00
-7.312337660422695507e+00
-8.009731161255171372e+00
-8.714295585631729679e+00
-9.425700524513759504e+00
-1.014360985573805962e+01
-1.086769221807858443e+01
-1.159761339374699673e+01
-1.233304011714238868e+01
-1.307363912266385597e+01
-1.381907619252305786e+01
-1.456901901330652116e+01
-1.532313431941333803e+01
-1.608108789305516950e+01
-1.684254646863110949e+01
-1.760717963710254352e+01
-1.837464651536911830e+01
-1.914462145532937498e+01
-1.991676928700754345e+01
-2.069075484042785718e+01
-2.146624484998940474e+01
-2.224290605009128541e+01
-2.302040707950744647e+01
-2.379841276826212848e+01
-2.457659175512927874e+01
-2.535460506138340619e+01
-2.613212513454819330e+01
-2.690882823089704345e+01
-2.768442488545088054e+01
-2.845863896385467484e+01
-2.923120004487796564e+01
-3.000182628104113647e+01
-3.077024344236401276e+01
-3.153617539449155416e+01
-3.229934409869385803e+01
-3.305947532499076402e+01
-3.381629293902721400e+01
-3.456952271082305117e+01
-3.531888660164836580e+01
-3.606410276402353787e+01
-3.680490458546784538e+01
-3.754101021850165409e+01
-3.827214543314480011e+01
-3.899803599941710530e+01
-3.971840006983894256e+01
-4.043296722317985825e+01
-4.114145561196023948e+01
-4.184359862369935001e+01
-4.253910679341812795e+01
-4.322771350863583706e+01
-4.390914453937230633e+01
-4.458311422939818414e+01
-4.524935596623275558e+01
-4.590758409364666193e+01
-4.655753199915918117e+01
-4.719891402654096169e+01
-4.783145975456155696e+01
-4.845489495324078888e+01
-4.906893777509903742e+01
-4.967332160765557347e+01
-5.026775698593132802e+01
-5.085197729744557193e+01
-5.142570450346840261e+01
-5.198866056526993162e+01
-5.254056744412024926e+01
-5.308115852753863351e+01
-5.361014435054601535e+01
-5.412726210941138305e+01
-5.463222233915567472e+01
-5.512475461854843672e+01
-5.560459233510893995e+01
-5.607144221510838378e+01
-5.652504145481577780e+01
-5.696510820675149489e+01
-5.739136824093534983e+01
-5.780353590113801232e+01
-5.820135600112791252e+01
-5.858458478092268251e+01
-5.895318415302507731e+01
-5.930718077868316840e+01
-5.964658608414612218e+01
-5.997141149566311924e+01
-6.028167605698278209e+01
-6.057739500310400871e+01
-6.085857595152624810e+01
-6.112524175474785437e+01
-6.137740003026826230e+01
-6.161506601308638409e+01
-6.183826636445028413e+01
-6.204699727561024503e+01
-6.224128159906461377e+01
-6.242113837856200576e+01
-6.258657904035160158e+01
-6.273761881943229923e+01
-6.287427295080298961e+01
-6.299655286071286042e+01
-6.310447378416080255e+01
-6.319805095614570689e+01
-6.327730342041621725e+01
-6.334223879447176131e+01
-6.339287612206097577e+01
-6.342923063818275153e+01
-6.345130996033654469e+01
-6.345913694102070224e+01
-6.345272681523411507e+01
-6.343208720047623927e+01
-6.339724094924542186e+01
-6.334819567904111182e+01
-6.328497043361193164e+01
-6.320756902170760583e+01
-6.311602572207566197e+01
-6.301033672596636848e+01
-6.289052869462779682e+01
-6.275661686305884501e+01
-6.260860884875896915e+01
-6.244651988672706722e+01
-6.227036521196203722e+01
-6.208016005946277005e+01
-6.187592347297789530e+01
-6.165766307000686197e+01
-6.142540170304801705e+01
-6.117914318085109215e+01
-6.091891035591442005e+01
-6.064471465448718845e+01
-6.035657892906773725e+01
-6.005449937090634194e+01
-5.973851025875053011e+01
-5.940865729759699576e+01
-5.906514615993086892e+01
-5.870823203198370521e+01
-5.833816629123732156e+01
-5.795519269767410009e+01
-5.755956643752559643e+01
-5.715153507952390299e+01
-5.673134238365141613e+01
-5.629925115363911203e+01
-5.585549753196993805e+01
-5.540034051362516720e+01
-5.493402385858716741e+01
-5.445679894433777690e+01
-5.396892095710853710e+01
-5.347063365688183012e+01
-5.296218461238976261e+01
-5.244382520111415857e+01
-5.191580680053684205e+01
-5.137838078813963705e+01
-5.083179092390493281e+01
-5.027629620281398815e+01
-4.971213657609947489e+01
-4.913956342124320997e+01
-4.855883573322646640e+01
-4.797018965453218442e+01
-4.737388037139190544e+01
-4.677015926128745349e+01
-4.615927389295094230e+01
-4.554147945261391328e+01
-4.491701589150902407e+01
-4.428614220461754769e+01
-4.364909834317214177e+01
-4.300614330215407932e+01
-4.235752465029546698e+01
-4.170348233882894817e+01
-4.104427917148553462e+01
-4.038015890824759424e+01
-3.971136911784723367e+01
-3.903816498651600853e+01
-3.836079027423629384e+01
-3.767949635848990653e+01
-3.699453461675869193e+01
-3.630615642652445985e+01
-3.561460935651931692e+01
-3.492013716672565238e+01
-3.422299885212472503e+01
-3.352343817269892412e+01
-3.282170650593007366e+01
-3.211805903804972218e+01
-3.141273381591566860e+01
-3.070598602575945435e+01
-2.999804609693942226e+01
-2.928915778943795445e+01
-2.857954772386366926e+01
-2.786945013832462337e+01
-2.715910307967861570e+01
-2.644873888165884779e+01
-2.573858987799852116e+01
-2.502889030680570315e+01
-2.431987631056332333e+01
-2.361178212737944548e+01
-2.290484009098727469e+01
-2.219928443949487473e+01
-2.149535131538517518e+01
-2.079327114801651888e+01
-2.009328198424669409e+01
-1.939561425343404721e+01
-1.870050600243635941e+01
-1.800818575623711837e+01
-1.731889346606897107e+01
-1.663286146566512613e+01
-1.595032018438391930e+01
-1.527150957345800819e+01
-1.459665720568343872e+01
-1.392600303229286496e+01
-1.325977938701948844e+01
-1.259821860359651424e+01
-1.194155587231944082e+01
-1.129002543129633018e+01
-1.064386151863525143e+01
-1.000329742025683721e+01
-9.368568326456587769e+00
-8.739907523155135749e+00
-8.117549248460544931e+00
-7.501726788293455073e+00
-6.892675809043074864e+00
-6.290629596630041398e+00
-5.695822389162419341e+00
-5.108487472560843123e+00
-4.528860037120811199e+00
-3.957173606809814892e+00
-3.393662419735921087e+00
-2.838560714007195340e+00
-2.292102013591129861e+00
-1.754520913666077986e+00
-1.226051295269818375e+00
-7.069272179752739138e-01
-1.973828008670815981e-01
3.023478667259788533e-01
7.920306954751274997e-01
1.271466707963108789e+00
1.740596719789904379e+00
2.199396807246306373e+00
2.647843046623106655e+00
3.085911395187668660e+00
3.513577810207355601e+00
3.930817772855814685e+00
4.337608430634698031e+00
4.733924550577079948e+00
5.119743280184612999e+00
5.495039862584087054e+00
5.859790493089721330e+00
6.213970890922023038e+00
6.557556775301496721e+00
6.890525293729795386e+00
7.212851213239991566e+00
7.524512157427454717e+00
7.825482417231541810e+00
8.115738187966474726e+00
8.395255664946475349e+00
8.664012471766909584e+00
8.921981947179705941e+00
9.169142190873946774e+00
9.405467493788991717e+00
9.630935003426492003e+00
9.845520915100667736e+00
1.004919951975088033e+01
1.024194891706621213e+01
1.042374435017345213e+01
1.059456011001195819e+01
1.075437524845824555e+01
1.090316405645167386e+01
1.104090177711903209e+01
1.116756555796197148e+01
1.128313159429471391e+01
1.138757512924405013e+01
1.148087235812419848e+01
1.156299947624938262e+01
1.163393267893382088e+01
1.169364625711687466e+01
1.174211926267505568e+01
1.177932503436029243e+01
1.180524071967423794e+01
1.181984156174368295e+01
1.182310566025770626e+01
1.181500540178080882e+01
1.179551983818950234e+01
1.176462421261057756e+01
1.172229376817082525e+01
1.166850565237189485e+01
1.160326653052580603e+01
1.152671161324778559e+01
1.143900753333828391e+01
1.134032187578518780e+01
1.123082127338894942e+01
1.111067140676259157e+01
1.098004081308142865e+01
1.083909517295848524e+01
1.068800111919421347e+01
1.052692623677649664e+01
1.035603620631835931e+01
1.017549861280768653e+01
9.985479136857497551e+00
9.786146315643108551e+00
9.577665829777545881e+00
9.360206216436120386e+00
9.133931251856994393e+00
8.899009473215482302e+00
8.655607513312039814e+00
8.403891052759686175e+00
8.144029580921170464e+00
7.876187826222083466e+00
7.600531945369162656e+00
7.317230475537723322e+00
7.026449097340788263e+00
6.728354919672526968e+00
6.423115051427107147e+00
6.110895173217552490e+00
5.791863346125461831e+00
5.466186202951289985e+00
5.134029900401772650e+00
4.795561547371081090e+00
4.450947776659667454e+00
4.100354744974270105e+00
3.743950989490204329e+00
3.381901714726777364e+00
3.014374505671872928e+00
2.641535757079087166e+00
2.263552339795731783e+00
1.880591362715974713e+00
1.492818982546554540e+00
1.100402427205068756e+00
7.035083890036855081e-01
3.023036495221442244e-01
-1.030450394156728205e-01
-5.123709259858832965e-01
-9.255070798294616763e-01
-1.342286838390096992e+00
-1.762543449843907428e+00
-2.186110221878724502e+00
-2.612817546108373357e+00
-3.042485221061505651e+00
-3.474930664798196123e+00
-3.909971057331661726e+00
-4.347424530862550540e+00
-4.787107075169791059e+00
-5.228836822454029587e+00
-5.672430952728484854e+00
-6.117706169912656478e+00
-6.564480606207194313e+00
-7.012570965531597089e+00
-7.461794427899084425e+00
-7.911969125510301737e+00
-8.362911762284753081e+00
-8.814439994329367423e+00
-9.266370049469932368e+00
-9.718520059907097774e+00
-1.017070720565407704e+01
-1.062274866672408891e+01
-1.107446257531777967e+01
-1.152566515926093871e+01
-1.197617359856677766e+01
-1.242580602543594992e+01
-1.287437866769423600e+01
-1.332171060972971866e+01
-1.376761712718075259e+01
-1.421191730443541346e+01
-1.465442641713205951e+01
-1.509496164528390416e+01
-1.553334302546646128e+01
-1.596938678550551494e+01
-1.640291010541428207e+01
-1.683372730864368449e+01
-1.726166128833152769e+01
-1.768652351136644185e+01
-1.810813687088622714e+01
-1.852631283377952087e+01
-1.894087238880925739e+01
-1.935163271598865720e+01
-1.975841099533093370e+01
-2.016102440684931096e+01
-2.055929013055699528e+01
-2.095302344209235201e+01
-2.134204342584345326e+01
-2.172616726182351599e+01
-2.210521403442062294e+01
-2.247899711489826302e+01
-2.284733749201938124e+01
-2.321005044142232876e+01
-2.356695314312032252e+01
-2.391788943837465453e+01
-2.426278505656568996e+01
-2.460160191019618736e+01
-2.493429238989458696e+01
-2.526081269503905347e+01
-2.558112092938261739e+01
-2.589516757917885670e+01
-2.620291455693052640e+01
-2.650431234889120802e+01
-2.679931905881392495e+01
-2.708788898170198323e+01
-2.736998212568327915e+01
-2.764554897701138714e+01
-2.791454573506447190e+01
-2.817693050359556750e+01
-2.843265757760797641e+01
-2.868168125210500463e+01
-2.892395772646481333e+01
-2.915944510444043303e+01
-2.938809768103517328e+01
-2.960987165562719525e+01
-2.982472132321980496e+01
-3.003260478756602936e+01
-3.023347253491944997e+01
-3.042728457340795956e+01
-3.061399710240971928e+01
-3.079356060817831420e+01
-3.096594081196622383e+01
-3.113108248690243229e+01
-3.128894564111483589e+01
-3.143948647398160290e+01
-3.158266118488089802e+01
-3.171842216444116502e+01
-3.184672751641542732e+01
-3.196753344018185672e+01
-3.208079803949348019e+01
-3.218646799185415119e+01
-3.228450901851635280e+01
-3.237486779698393491e+01
-3.245751004850937704e+01
-3.253238625934626072e+01
-3.259944310699843584e+01
-3.265865393021783802e+01
-3.270996159775858558e+01
-3.275332802212344774e+01
-3.278870368956598469e+01
-3.281604670383924827e+01
-3.283531516869624767e+01
-3.284646337914029601e+01
-3.284944563017469932e+01
-3.284424287805082798e+01
-3.283093129776317198e+01
-3.280961372555431410e+01
-3.278039299766680159e+01
-3.274337195034321013e+01
-3.269865341982610119e+01
-3.264634024235804333e+01
-3.258653144543187352e+01
-3.251932986529016034e+01
-3.244484214692518975e+01
-3.236316731782981293e+01
-3.227440821424658424e+01
-3.217866767241807224e+01
-3.207604471983712102e+01
-3.196664600149601299e+01
-3.185057054488759931e+01
-3.172792118625443791e+01
-3.159880076183910091e+01
-3.146331401225901203e+01
-3.132155996500701178e+01
-3.117364336070052744e+01
-3.101966703558212757e+01
-3.085972620839492464e+01
-3.069393133288093622e+01
-3.052238334090786864e+01
-3.034518125996855531e+01
-3.016242792630556480e+01
-2.997422808053632792e+01
-2.978068455890340616e+01
-2.958189448452478132e+01
-2.937796640676760518e+01
-2.916899554437499376e+01
-2.895509235108895751e+01
-2.873635395002748183e+01
-2.851288317743312817e+01
-2.828478477392332735e+01
-2.805215776699091634e+01
-2.781510689725332597e+01
-2.757373309657825899e+01
-2.732813920120828044e+01
-2.707842995176081757e+01
-2.682470056697898642e+01
-2.656705959622994229e+01
-2.630560797138138440e+01
-2.604044662430102264e+01
-2.577168029560627360e+01
-2.549940801278998848e+01
-2.522373451646959097e+01
-2.494476454726251191e+01
-2.466259332391186021e+01
-2.437733320453452279e+01
-2.408911178224626681e+01
-2.379805855453773589e+01
-2.350430873202414972e+01
-2.320799181219615548e+01
-2.290924300566896932e+01
-2.260819371430809355e+01
-2.230497533997903403e+01
-2.199972118892214468e+01
-2.169256456737779715e+01
-2.138363497283662440e+01
-2.107306571153898744e+01
-2.076099199410011664e+01
-2.044754331801064495e+01
-2.013285489388580274e+01
-1.981705431484136071e+01
-1.950027869586741147e+01
-1.918265563007972574e+01
-1.886432223246839257e+01
-1.854540990489891428e+01
-1.822604814486192382e+01
-1.790637025859778930e+01
-1.758651145672173399e+01
-1.726660123672439795e+01
-1.694677480922100088e+01
-1.662715976732732415e+01
-1.630789322603345326e+01
-1.598910658720488698e+01
-1.567092934833226536e+01
-1.535349672003081167e+01
-1.503694010416602822e+01
-1.472139185479084489e+01
-1.440698527814562446e+01
-1.409385177609586925e+01
-1.378212179831964690e+01
-1.347193245980704646e+01
-1.316341325804870444e+01
-1.285669559491011960e+01
-1.255191277663165828e+01
-1.224919810945368148e+01
-1.194868299524168975e+01
-1.165050074023604587e+01
-1.135478274630225037e+01
-1.106166136749323314e+01
-1.077126895786192939e+01
-1.048373977583612948e+01
-1.019920331890647169e+01
-9.917792893313322367e+00
-9.639642757484471858e+00
-9.364883361097989578e+00
-9.093631823207909193e+00
-8.825948131622395110e+00
-8.561878943525574215e+00
-8.301466155164414218e+00
-8.044756423723047334e+00
-7.791793073729587071e+00
-7.542621334087015406e+00
-7.297285481510881411e+00
-7.055830744904165286e+00
-6.818300924888699655e+00
-6.584742202554897617e+00
-6.355197426337159783e+00
-6.129712777325898365e+00
-5.908332056142946875e+00
-5.691100015597569062e+00
-5.478061408499030449e+00
-5.269261463750311236e+00
-5.064743981973244935e+00
-4.864553715977095294e+00
-4.668735894664844288e+00
-4.477334794752038327e+00
-4.290395169047944712e+00
-4.107961770361826304e+00
-3.930078875409232619e+00
-3.756791951140002084e+00
-3.588144798175967765e+00
-3.424182407373252079e+00
-3.264949531541120109e+00
-3.110490923488835602e+00
-2.960850859931948520e+00
-2.816074093679723056e+00
-2.676205853635139409e+00
-2.541290178466888872e+00
-2.411371820984236525e+00
-2.286495772043303898e+00
-2.166706308359640509e+00
-2.052048420789369221e+00
-1.942566505071467109e+00
-1.838305314015199476e+00
-1.739309719453259406e+00
-1.645623998101196417e+00
-1.557293021791703591e+00
-1.474361543334045788e+00
-1.396874196514058752e+00
-1.324875496094149119e+00
-1.258410313907010636e+00
-1.197523045691621268e+00
-1.142258444257245431e+00
-1.092661500460005541e+00
-1.048776371992022005e+00
-1.010630315218511877e+00
-9.781784583067812955e-01
-9.513587900503759354e-01
-9.301088231491259073e-01
-9.143661893262899909e-01
-9.040687583519847470e-01
-8.991540429260402867e-01
-8.995596747717155006e-01
-9.052235236591269496e-01
-9.160829832646756321e-01
-9.320759233584784420e-01
-9.531400351755084932e-01
-9.792128314155957858e-01
-1.010232062825428212e+00
-1.046135480151693331e+00
-1.086860655605935699e+00
-1.132345339934843098e+00
-1.182527164861674418e+00
-1.237343643086259437e+00
-1.296732644378714827e+00
-1.360631919485728591e+00
-1.428978862083701618e+00
-1.501711341942750799e+00
-1.578766990786134583e+00
-1.660083440337112082e+00
-1.745598441342371299e+00
-1.835249506501741790e+00
-1.928974505585340227e+00
-2.026710951292996832e+00
-2.128396713394828055e+00
-2.233969066543806559e+00
-2.343366356603763911e+00
-2.456525501157385882e+00
-2.573384608021647146e+00
-2.693881070872948147e+00
-2.817953235575121784e+00
-2.945537781663995602e+00
-3.076573293050259839e+00
-3.210996687316599374e+00
-3.348746072279988883e+00
-3.489759079663687480e+00
-3.633973103144095607e+00
-3.781326726631904389e+00
-3.931756153569225365e+00
-4.085200205913605664e+00
-4.241596039294590170e+00
-4.400881285435436219e+00
-4.562994528246834491e+00
-4.727871971170896970e+00
-4.895452198118313447e+00
-5.065667127687756732e+00
-5.238427254260696664e+00
-5.413636883000302547e+00
-5.591200795163456583e+00
-5.771023772007042751e+00
-5.953010118694230357e+00
-6.137064616481902490e+00
-6.323092522720658692e+00
-6.510998142573667380e+00
-6.700685781204096081e+00
-6.892060219868828774e+00
-7.085026715918465001e+00
-7.279490050609888740e+00
-7.475353100825119945e+00
-7.672522552195907508e+00
-7.870901757697986056e+00
-8.070396926869387144e+00
-8.270911412685846287e+00
-8.472349520310533677e+00
-8.674617935375195543e+00
-8.877619534761851838e+00
-9.081258147539955417e+00
-9.285441411528683631e+00
-9.490071251422627086e+00
-9.695054352853532009e+00
-9.900293592703420131e+00
-1.010569565660403590e+01
-1.031116342143740283e+01
-1.051660262064783424e+01
-1.072191708330478477e+01
-1.092701254285256596e+01
-1.113179282836063422e+01
-1.133616272108586998e+01
-1.154002605009772786e+01
-1.174328950102795410e+01
-1.194585690294599978e+01
-1.214763208492131952e+01
-1.234852078039822665e+01
-1.254842681844617402e+01
-1.274725593250947675e+01
-1.294491099947015655e+01
-1.314129870495995789e+01
-1.333632287804833716e+01
-1.352988639561731077e+01
-1.372189784767349252e+01
-1.391225915891146769e+01
-1.410087606277555494e+01
-1.428765238833520357e+01
-1.447249101247243885e+01
-1.465530147738129685e+01
-1.483599332525581893e+01
-1.501451799453701597e+01
-1.519083168460305444e+01
-1.536489345139439422e+01
-1.553666044647663114e+01
-1.570609077360279571e+01
-1.587314253652591844e+01
-1.603777479118645743e+01
-1.619994373696257739e+01
-1.635960842979474350e+01
-1.651672506906111693e+01
-1.667125556726445268e+01
-1.682315421940805678e+01
-1.697237912924495618e+01
-1.711889030490304364e+01
-1.726264585013534969e+01
-1.740360196432003548e+01
-1.754171484683527282e+01
-1.767694641018380963e+01
-1.780925475811867997e+01
-1.793859418564318631e+01
-1.806492470088521785e+01
-1.818820440759780865e+01
-1.830838950515911989e+01
-1.842544190607190657e+01
-1.853931400096461246e+01
-1.864996960671485127e+01
-1.875736492270078770e+01
-1.886145424392573133e+01
-1.896219948289243007e+01
-1.905955683897905573e+01
-1.915348441593863527e+01
-1.924394222189905790e+01
-1.933088455186362964e+01
-1.941427141396023970e+01
-1.949406091194192214e+01
-1.957021114956169683e+01
-1.964268023057260137e+01
-1.971142435435279694e+01
-1.977640352903017984e+01
-1.983757585835777348e+01
-1.989489754171374614e+01
-1.994832668285112831e+01
-1.999782138552294697e+01
-2.004334165785709487e+01
-2.008484179485687449e+01
-2.012228561339989952e+01
-2.015562359973975859e+01
-2.018481957075405830e+01
-2.020982972582096693e+01
-2.023062359494268847e+01
-2.024722593499243573e+01
-2.025967102471772918e+01
-2.026799695161581383e+01
-2.027223989880907240e+01
-2.027243224067016669e+01
-2.026861587344606619e+01
-2.026082126713457399e+01
-2.024908650923292797e+01
-2.023344968723838022e+01
-2.021394507989845124e+01
-2.019060696596066151e+01
-2.016347533729712183e+01
-2.013258256828049042e+01
-2.009796674640801584e+01
-2.005966215042721501e+01
-2.001770877221020228e+01
-1.997213708175477365e+01
-1.992298897530789858e+01
-1.987029682724223534e+01
-1.981409491630530795e+01
-1.975442323436922720e+01
-1.969131606018151359e+01
-1.962481148123940855e+01
-1.955494187191557742e+01
-1.948174531970726520e+01
-1.940525991211172041e+01
-1.932551611912673550e+01
-1.924255583699928707e+01
-1.915641144010202979e+01
-1.906712101593221220e+01
-1.897471884323735480e+01
-1.887924300951470613e+01
-1.878072779351178667e+01
-1.867921128272584497e+01
-1.857472585152953926e+01
-1.846731149179497677e+01
-1.835700248226968156e+01
-1.824383310170117412e+01
-1.812784334196156522e+01
-1.800906748179837535e+01
-1.788753979995912502e+01
-1.776329647956619695e+01
-1.763637751249170904e+01
-1.750681527310830887e+01
-1.737464784891325209e+01
-1.723990951865405563e+01
-1.710263646545310579e+01
-1.696286677680764754e+01
-1.682063282709033913e+01
-1.667598032129788166e+01
-1.652897019942586354e+01
-1.637967101896933286e+01
-1.622815324179819285e+01
-1.607448161665776354e+01
-1.591872850979281573e+01
-1.576096152651095750e+01
-1.560124922430723515e+01
-1.543966111286412257e+01
-1.527626384530180204e+01
-1.511112788349017855e+01
-1.494432083273686551e+01
-1.477591125053690746e+01
-1.460596769438534537e+01
-1.443455967396465489e+01
-1.426175574676988234e+01
-1.408762542248349980e+01
-1.391223440203825668e+01
-1.373565409949149441e+01
-1.355795307233825220e+01
-1.337919797369871411e+01
-1.319945831325535401e+01
-1.301880360069064757e+01
-1.283730334568706866e+01
-1.265502229698993553e+01
-1.247203377303145011e+01
-1.228840347474436001e+01
-1.210419995962371154e+01
-1.191949464172683903e+01
-1.173435322198649544e+01
-1.154884616227258576e+01
-1.136304106789272161e+01
-1.117700649634194754e+01
-1.099081100511530629e+01
-1.080452505608270464e+01
-1.061821625455175599e+01
-1.043195220583007199e+01
-1.024580241960012650e+01
-1.005983545335696405e+01
-9.874120816783060306e+00
-9.688726115186026888e+00
-9.503719906060908329e+00
-9.319171699090178507e+00
-9.135149099581450827e+00
-8.951721617217199167e+00
-8.768957809492466282e+00
-8.586924329527436228e+00
-8.405694495754307383e+00
-8.225332104730966876e+00
-8.045908570514752611e+00
-7.867486261382405921e+00
-7.690109454049475879e+00
-7.513817188200638597e+00
-7.338647551333142616e+00
-7.164639107037948484e+00
-6.991830894999734980e+00
-6.820260526622032415e+00
-6.649967993776948916e+00
-6.480990907868017459e+00
-6.313368784673628831e+00
-6.147139235597316009e+00
-5.982342252511187120e+00
-5.819015446818771586e+00
-5.657197858204749963e+00
-5.496927574166366348e+00
-5.338244586575729755e+00
-5.181186030742656712e+00
-5.025790946351825106e+00
-4.872098373087910161e+00
-4.720146874541876869e+00
-4.569975014304685779e+00
-4.421621355967298328e+00
-4.275124939214394182e+00
-4.130523851543218328e+00
-3.987856894591590429e+00
-3.847162393903615474e+00
-3.708479865257686914e+00
-3.571847396151050624e+00
-3.437303312127811594e+00
-3.304887128966362386e+00
-3.174636934163949320e+00
-3.046591053264677385e+00
-2.920788764000081805e+00
-2.797268629961124464e+00
-2.676068976691909906e+00
-2.557228605830257795e+00
-2.440786319013987793e+00
-2.326780203740347108e+00
-2.215249537740870522e+00
-2.106232884606519917e+00
-1.999768331834542723e+00
-1.895895157156473720e+00
-1.794651686116417233e+00
-1.696076601328764477e+00
-1.600208823454763785e+00
-1.507086559015091032e+00
-1.416748728670994772e+00
-1.329233776990007998e+00
-1.244580624633379928e+00
-1.162827597145214442e+00
-1.084004569406164187e+00
-1.008104280987067058e+00
-9.351111398187372803e-01
-8.650088992031308432e-01
-7.977816695124902990e-01
-7.334134420956290867e-01
-6.718882678130753128e-01
-6.131901975253569725e-01
-5.573031630695731709e-01
-5.042111557945375688e-01
-4.538982860724926627e-01
-4.063485452522519470e-01
-3.615459544384863055e-01
-3.194745049800092329e-01
-2.801182477373488355e-01
-2.434611740593186913e-01
-2.094873348064467677e-01
-1.781806915716895034e-01
-1.495253100935034773e-01
-1.235051891596666285e-01
-1.001043424358854378e-01
-7.930679846579499759e-02
-6.109656719561968458e-02
-4.545766973003029232e-02
-3.237411973473332955e-02
-2.182994017414066970e-02
-1.380914657369989619e-02
-8.295753528988049005e-03
-5.273782144675933856e-03
-4.727247946211127205e-03
-6.640168783717553640e-03
-1.099656250731913427e-02
-1.778044696713979370e-02
-2.697583629382130019e-02
-3.856675252190500114e-02
-5.253721303657955116e-02
-6.887123336329252499e-02
-8.755283088723257723e-02
-1.085660304325526682e-01
-1.318948307870306813e-01
-1.575232679332660424e-01
-1.854353480980009683e-01
-2.156150923859062041e-01
-2.480465219016526335e-01
-2.827136726278395851e-01
-3.196005210353521364e-01
-3.586911179847182551e-01
-3.999694250688942687e-01
-4.434195526601227288e-01
-4.890254325955027404e-01
-5.367662060191203954e-01
-5.866011966741507822e-01
-6.384849376107557539e-01
-6.923717238322396605e-01
-7.482160883887644109e-01
-8.059723857953488002e-01
-8.655950895904401809e-01
-9.270387328242006841e-01
-9.902576104999345485e-01
-1.055206255667803683e+00
-1.121838903819397881e+00
-1.190110385563451167e+00
-1.259974638832981553e+00
-1.331386553748437285e+00
-1.404300306289693712e+00
-1.478670310483484407e+00
-1.554451218403399615e+00
-1.631597206029314906e+00
-1.710063044458250303e+00
-1.789802671623222929e+00
-1.870770858621253030e+00
-1.952922257525931071e+00
-2.036210687246845730e+00
-2.120591156927874810e+00
-2.206017842548893437e+00
-2.292445277160064077e+00
-2.379827755764690078e+00
-2.468119573366076569e+00
-2.557275739108100243e+00
-2.647250071900350221e+00
-2.737997580886704085e+00
-2.829472084976750512e+00
-2.921628355267509303e+00
-3.014420686762284252e+00
-3.107803850558095604e+00
-3.201731903611389374e+00
-3.296159617019185806e+00
-3.391041285784789139e+00
-3.486330966864644942e+00
-3.581983669402631687e+00
-3.677953450355195386e+00
-3.774195080819356285e+00
-3.870662379704702172e+00
-3.967310594201969298e+00
-4.064094019314461015e+00
-4.160965759811193543e+00
-4.257882253117190707e+00
-4.354796842048325622e+00
-4.451663821607901639e+00
-4.548438438986655896e+00
-4.645076893562753106e+00
-4.741543954401241656e+00
-4.837809151504323779e+00
-4.933838682218192773e+00
-5.029601124357620634e+00
-5.125064579643663798e+00
-5.220197149797378700e+00
-5.314965508258673310e+00
-5.409337756748604065e+00
-5.503282473081943849e+00
-5.596767282886031758e+00
-5.689759811788208665e+00
-5.782227685415814555e+00
-5.874139005489906751e+00
-5.965461397637825236e+00
-6.056162963580625558e+00
-6.146211328945648589e+00
-6.235574595453949875e+00
-6.324220864826586741e+00
-6.412116810503467157e+00
-6.499231010299363120e+00
-6.585532042029046629e+00
-6.670986103038710979e+00
-6.755562247236844620e+00
-6.839228100250785758e+00
-6.921950811614161481e+00
-7.003698959141742009e+00
-7.084441120648300227e+00
-7.164143493480028546e+00
-7.242774179357984288e+00
-7.320301756096937673e+00
-7.396693849324230463e+00
-7.471918084667202642e+00
-7.545942087753194194e+00
-7.618734436396977117e+00
-7.690262280132177608e+00
-7.760493720679849439e+00
-7.829396859761049932e+00
-7.896938846909404397e+00
-7.963088259939683944e+00
-8.027812248385512106e+00
-8.091078437874232421e+00
-8.152856358408046233e+00
-8.213111731239429503e+00
-8.271814086370588015e+00
-8.328930097241430630e+00
-8.384427389479297332e+00
-8.438275493086390355e+00
-8.490441081502618559e+00
-8.540891780355323704e+00
-8.589601880583865423e+00
-8.636569477813379692e+00
-8.681800285168453257e+00
-8.725298111398810619e+00
-8.767067717441609176e+00
-8.807114816421435677e+00
-8.845442264900581719e+00
-8.882055776003637604e+00
-8.916960110667755401e+00
-8.950160029830092512e+00
-8.981659342240373434e+00
-9.011464713210617816e+00
-9.039578999303117257e+00
-9.066006961455027380e+00
-9.090754312790936709e+00
-9.113823909873138618e+00
-9.135222418013649204e+00
-9.154954598149627643e+00
-9.173023306843363756e+00
-9.189434257219446067e+00
-9.204192210215031977e+00
-9.217301926767275333e+00
-9.228768167813331758e+00
-9.238594742102927526e+00
-9.246787362760647611e+00
-9.253349838536220062e+00
-9.258287882554226300e+00
-9.261605303564396152e+00
-9.263306862503883465e+00
-9.263398272497274988e+00
-9.261882390106865870e+00
-9.258765880644670432e+00
-9.254051600672985600e+00
-9.247745263316398123e+00
-9.239850677324630723e+00
-9.230374508009703050e+00
-9.219319611933908476e+00
-9.206691702221833751e+00
-9.192494587623203373e+00
-9.176733029075172965e+00
-9.159412739702329276e+00
-9.140536576066967456e+00
-9.120111203481103601e+00
-9.098140430694463987e+00
-9.074629018644202461e+00
-9.049580776080047073e+00
-9.023002368314012145e+00
-8.994896651908392826e+00
-8.965268387800344740e+00
-8.934123289114456412e+00
-8.901469925537606187e+00
-8.867329245193280585e+00
-8.831727909329551096e+00
-8.794693531381922114e+00
-8.756251820411035780e+00
-8.716427533290103113e+00
-8.675249235642056078e+00
-8.632740732152674568e+00
-8.588930588444895875e+00
-8.543842609204496341e+00
-8.497505360054411483e+00
-8.449943597867852318e+00
-8.401184936080323240e+00
-8.351254131565031713e+00
-8.300177845570052781e+00
-8.247982739343457936e+00
-8.194694521945887544e+00
-8.140339854625416649e+00
-8.084944446442685617e+00
-8.028534958645765940e+00
-7.971138052482729996e+00
-7.912778484826789693e+00
-7.853484345207164097e+00
-7.793280390497062449e+00
-7.732193758038273579e+00
-7.670250632985153416e+00
-7.607476724398344992e+00
-7.543898217432204234e+00
-7.479542249428519085e+00
-7.414434053354216125e+00
-7.348600290457366846e+00
-7.282067145892328952e+00
-7.214860804813460149e+00
-7.147008404562546602e+00
-7.078534225919084655e+00
-7.009465882318576924e+00
-6.939830035009096676e+00
-6.869651440863854042e+00
-6.798957713318352525e+00
-6.727774085339517818e+00
-6.656127694269138750e+00
-6.584043773074140127e+00
-6.511549459096310777e+00
-6.438670461396291067e+00
-6.365432965128439591e+00
-6.291863631540827839e+00
-6.217988169694097067e+00
-6.143833716930036104e+00
-6.069425506215569754e+00
-5.994790198798772174e+00
-5.919954932021429528e+00
-5.844949223693909346e+00
-5.769805448188870756e+00
-5.694553599410395073e+00
-5.619225099543711188e+00
-5.543850418586615092e+00
-5.468461454818052125e+00
-5.393088678235819167e+00
-5.317763511025143330e+00
-5.242515947090107709e+00
-5.167378360803372317e+00
-5.092381222162732257e+00
-5.017555477259701746e+00
-4.942932548279508786e+00
-4.868542429126234694e+00
-4.794417494172539485e+00
-4.720588213416220924e+00
-4.647085056855074114e+00
-4.573939922768045285e+00
-4.501183281152930427e+00
-4.428846554194958429e+00
-4.356960211891926171e+00
-4.285555676429061656e+00
-4.214664369991593773e+00
-4.144316762577320290e+00
-4.074543800277752759e+00
-4.005376905278120070e+00
-3.936847023669934664e+00
-3.868984863497852089e+00
-3.801821846947100347e+00
-3.735389158156050549e+00
-3.669717029075641346e+00
-3.604837357984817192e+00
-3.540780614881374966e+00
-3.477577745856827551e+00
-3.415260411143261177e+00
-3.353859318785330501e+00
-3.293405176827691072e+00
-3.233929407455570892e+00
-3.175463194807340628e+00
-3.118037246927654937e+00
-3.061682509908027150e+00
-3.006430167886827931e+00
-2.952311166955569277e+00
-2.899356691252621854e+00
-2.847597686869499434e+00
-2.797065337944571350e+00
-2.747790590569351377e+00
-2.699804390835351509e+00
-2.653137684834085075e+00
-2.607811896782752825e+00
-2.563809887307594071e+00
-2.521104281019963089e+00
-2.479668416671786613e+00
-2.439475156921277588e+00
-2.400497364426646740e+00
-2.362708139892964798e+00
-2.326080584025300269e+00
-2.290587321435008317e+00
-2.256201928920873900e+00
-2.222896793047393071e+00
-2.190645490613350788e+00
-2.159420170136386208e+00
-2.129194408415284290e+00
-2.099941306155114873e+00
-2.071633964060947353e+00
-2.044244530650420444e+00
-2.017746582722319104e+00
-1.992113220981713173e+00
-1.967317189063385596e+00
-1.943331706695834882e+00
-1.920129160443557748e+00
-1.897683365152196489e+00
-1.875966826409676935e+00
-1.854952644921068483e+00
-1.834613564321154078e+00
-1.814923042385290231e+00
-1.795853703724830774e+00
-1.777378768068274439e+00
-1.759470860026975503e+00
-1.742103437376289810e+00
-1.725249124727571859e+00
-1.708881141809319937e+00
-1.692972232256317433e+00
-1.677495496773633521e+00
-1.662424155089766931e+00
-1.647730950839500830e+00
-1.633388746681046833e+00
-1.619370881366332782e+00
-1.605649979506712288e+00
-1.592199379854112973e+00
-1.578991826043317781e+00
-1.566000418779396552e+00
-1.553198020720561123e+00
-1.540557732571880889e+00
-1.528052536014997020e+00
-1.515655293708120910e+00
-1.503339225379751731e+00
-1.491077074664671764e+00
-1.478842061291380183e+00
