# tt
1.057350484639663136e+03
9.956584894996384492e+02
9.346411001108434675e+02
8.866699277988823269e+02
8.514614187642542902e+02
8.269247217581158793e+02
8.105068166050356240e+02
8.003490943793802899e+02
7.951512174551568251e+02
7.935112002937205489e+02
7.953995479372039199e+02
7.995354235582040019e+02
8.046140409110493010e+02
8.109844642905044338e+02
8.192070369560599374e+02
8.290326971457213858e+02
8.400051261724780716e+02
8.516483826707378739e+02
8.635832370479167821e+02
8.758380873419617956e+02
8.885159221454275666e+02
9.016098552388117469e+02
9.150771676852028804e+02
9.288400391102267122e+02
9.428361888383858513e+02
9.570973666073849699e+02
9.716537377150433485e+02
9.864347336464627460e+02
1.001376915866229183e+03
1.016545002649664070e+03
1.032011146951551154e+03
1.047749753973740553e+03
1.063699091500695658e+03
1.079750564460266787e+03
1.095840429617062455e+03
1.112131518639310798e+03
1.128785810035301665e+03
1.145731028970260013e+03
1.162837129493587781e+03
1.180001366772712345e+03
1.197230566087140687e+03
1.214558731954414498e+03
1.232020356412039746e+03
1.249649443977558576e+03
1.267473539528979245e+03
1.285492155546337244e+03
1.303698101110152493e+03
1.322084307180936094e+03
1.340643582839207511e+03
1.359370565365354651e+03
1.378267204839236683e+03
1.397337523300562907e+03
1.416585055269077429e+03
1.436014066544471916e+03
1.455627604126526421e+03
1.475427130575134925e+03
1.495413255290253574e+03
1.515586587671838060e+03
1.535947980879826900e+03
1.556498653714131933e+03
1.577241653174532757e+03
1.598180635660765120e+03
1.619319013812582398e+03
1.640660444029720111e+03
1.662207729551975717e+03
1.683960139099402113e+03
1.705916088232113680e+03
1.728074358150198805e+03
1.750433608173754010e+03
1.772994935222700406e+03
1.795772355496024375e+03
1.818782444672527618e+03
1.842041778431012062e+03
1.865567176210261778e+03
1.889369241569509768e+03
1.913435420869663858e+03
1.937747066472072220e+03
1.962285530738083025e+03
1.987032531669017544e+03
2.011973931185898437e+03
2.037115579528302305e+03
2.062468324015445432e+03
2.088042890086551779e+03
2.113849515660881480e+03
2.139896001057871217e+03
2.166176496037943252e+03
2.192682225241731885e+03
2.219404657069854238e+03
2.246335259922926980e+03
2.273465745961549601e+03
2.300793921345880335e+03
2.328317592236077871e+03
2.356035539832229915e+03
2.383945814054478433e+03
2.412047196102910675e+03
2.440337248377702963e+03
2.468814752078943911e+03
2.497478244646738858e+03
2.526325532241246492e+03
2.555355396062554973e+03
2.584565886030805359e+03
2.613955539586102987e+03
2.643522650408571280e+03
2.673265512178334120e+03
2.703182418575514475e+03
2.733271663280235771e+03
2.763531783732603799e+03
2.793960829852759616e+03
2.824557339080808561e+03
2.855318142536979849e+03
2.886236171181784812e+03
2.917302162135893013e+03
2.948507340039938754e+03
2.979842929534556788e+03
3.011300155260380507e+03
3.042869754338080838e+03
3.074543438928256364e+03
3.106312189911559017e+03
3.138166744408658815e+03
3.170099058340136708e+03
3.202099625066680346e+03
3.234159912988906854e+03
3.266271146747449620e+03
3.298424307222961943e+03
3.330610619056077212e+03
3.362821063127448269e+03
3.395047107837691328e+03
3.427279734067458321e+03
3.459510166457384003e+03
3.491729629648102673e+03
3.523930323320178559e+03
3.556104203394192609e+03
3.588243957070674242e+03
3.620341540270203950e+03
3.652388908913364503e+03
3.684378993960665866e+03
3.716303507572707986e+03
3.748154161910089442e+03
3.779924375453286302e+03
3.811605372842932866e+03
3.843190328799523286e+03
3.874670711723672866e+03
3.906038965055929566e+03
3.937287044716873424e+03
3.968407637907034314e+03
3.999392700546993183e+03
4.030234432317314258e+03
4.060925520418525593e+03
4.091457677011226679e+03
4.121823345535964108e+03
4.152013506873389815e+03
4.182020848224032306e+03
4.211837081748491073e+03
4.241453432087399960e+03
4.270861611401357550e+03
4.300053819370929887e+03
4.329021280636749907e+03
4.357755707359416192e+03
4.386249299219493878e+03
4.414492793337652984e+03
4.442479364434385388e+03
4.470199262110396376e+03
4.497645173566215817e+03
4.524808323442476649e+03
4.551680911419743097e+03
4.578254162138650827e+03
4.604519300239832774e+03
4.630469500443783545e+03
4.656095012351206606e+03
4.681388523162631827e+03
4.706341257518693055e+03
4.730945415099954516e+03
4.755191733027086229e+03
4.779073386020580074e+03
4.802580623681142242e+03
4.825706620729266433e+03
4.848443089325551227e+03
4.870783204190489414e+03
4.892718677484681393e+03
4.914242196408655218e+03
4.935345960642975115e+03
4.956021194828274929e+03
4.976262048724977831e+03
4.996060234493683311e+03
5.015406976775026124e+03
5.034295937809462885e+03
5.052719317277558730e+03
5.070668827339913150e+03
5.088136667677088553e+03
5.105116013009580456e+03
5.121598575497986531e+03
5.137576554822870094e+03
5.153042638184761927e+03
5.167989512784189174e+03
5.182408403261786589e+03
5.196292484338047871e+03
5.209633955693536336e+03
5.222425017008816212e+03
5.234657867964451725e+03
5.246326170800901309e+03
5.257429437998198409e+03
5.267967669556345754e+03
5.277941352995305351e+03
5.287350488315079929e+03
5.296196050555596230e+03
5.304478527236820810e+03
5.312197430838788932e+03
5.319354223921393896e+03
5.325948418964671873e+03
5.331980503488586692e+03
5.337451452533068732e+03
5.342361266098117994e+03
5.346710919223663041e+03
5.350499436869775309e+03
5.353728281596348097e+03
5.356397453403382315e+03
5.358507439810842698e+03
5.360058728338693072e+03
5.361051806506899993e+03
5.361486674315461642e+03
5.361363819284342753e+03
5.360684216453474619e+03
5.359447378302890684e+03
5.357654279872521329e+03
5.355304921162366554e+03
5.352400277212354922e+03
5.348939860502523516e+03
5.344924646072799987e+03
5.340355121443150892e+03
5.335231774133539147e+03
5.329554116624000926e+03
5.323323123954465700e+03
5.316539283644898205e+03
5.309203083215263177e+03
5.301314522665560617e+03
5.292874089515755259e+03
5.283882271285811839e+03
5.274339067975730359e+03
5.264245942145405024e+03
5.253602406274871100e+03
5.242408460364128587e+03
5.230666054493037336e+03
5.218373726101701322e+03
5.205532450230051836e+03
5.192143689437981266e+03
5.178206468685561958e+03
5.163722250532687212e+03
5.148690059939428465e+03
5.133111846985642842e+03
5.116988586711261632e+03
5.100328079435720610e+03
5.083140075558313583e+03
5.065433837958372351e+03
5.047219604555156366e+03
5.028505663188066137e+03
5.009302251776362027e+03
4.989618633199374017e+03
4.969464070336432997e+03
4.948847338546903302e+03
4.927779163270010940e+03
4.906268319865120247e+03
4.884324558731527759e+03
4.861957142748562546e+03
4.839175334795556410e+03
4.815988397751837510e+03
4.792406082016703294e+03
4.768438137989447569e+03
4.744092853509470842e+03
4.719381441535962949e+03
4.694312189908325308e+03
4.668894361505887900e+03
4.643137706727945442e+03
4.617051975973792651e+03
4.590646432122761325e+03
4.563930338054180538e+03
4.536912469127416443e+03
4.509604038301658875e+03
4.482012845896342697e+03
4.454149129830728270e+03
4.426021665464181751e+03
4.397641178235927327e+03
4.369015468465400772e+03
4.340155261591827184e+03
4.311069332974571807e+03
4.281766945492965533e+03
4.252258337066266904e+03
4.222552283053843894e+03
4.192658533854989400e+03
4.162585864829069578e+03
4.132345001415309525e+03
4.101944231453109751e+03
4.071393549101747340e+03
4.040701973480571269e+03
4.009879254988875800e+03
3.978934900265974193e+03
3.947878172191196427e+03
3.916718577403855306e+03
3.885465866303245548e+03
3.854128570488751393e+03
3.822716684119649472e+03
3.791239226315287851e+03
3.759704241155085128e+03
3.728120747758389371e+03
3.696497521484566278e+03
3.664843337692981095e+03
3.633166240463052418e+03
3.601475980194075419e+03
3.569780600965468238e+03
3.538088634376614664e+03
3.506409343306844221e+03
3.474750771835576415e+03
3.443122182842140774e+03
3.411532107925920627e+03
3.379989078686299763e+03
3.348501870482642971e+03
3.317079258674316407e+03
3.285730018620685769e+03
3.254462438161151113e+03
3.223285780175043783e+03
3.192208088741781467e+03
3.161238626740694599e+03
3.130386169531149335e+03
3.099658517432580993e+03
3.069065420844285654e+03
3.038614923845680551e+03
3.008316045556114659e+03
2.978177317574970857e+03
2.948207515261614390e+03
2.918415413975411411e+03
2.888809545315744799e+03
2.859398684641980253e+03
2.830191363553501105e+03
2.801196357409672601e+03
2.772422441569860439e+03
2.743878391393430775e+03
2.715572738479766031e+03
2.687514501948214274e+03
2.659711969638176924e+03
2.632173673149036858e+03
2.604909119120106880e+03
2.577926107870822761e+03
2.551233902280515395e+03
2.524840790188584833e+03
2.498756034474361968e+03
2.472987679217265395e+03
2.447545231056607463e+03
2.422436490311824855e+03
2.397670719862247097e+03
2.373256451307257521e+03
2.349200997446328074e+03
2.325507039639264349e+03
2.302176040445961007e+03
2.279208487386382330e+03
2.256606330540388171e+03
2.234370544947907092e+03
2.212502593168833755e+03
2.191003206483115264e+03
2.169873847450645826e+03
2.149115978631320104e+03
2.128730575065067114e+03
2.108719099311781065e+03
2.089082526411391882e+03
2.069822318923793773e+03
2.050939695648898578e+03
2.032435753506626725e+03
2.014311833176881464e+03
1.996569031579583680e+03
1.979208689394636167e+03
1.962232025421950993e+03
1.945640502221422366e+03
1.929434972952988574e+03
1.913616900176544050e+03
1.898187380812009224e+03
1.883147877419278529e+03
1.868499486918272623e+03
1.854243306228912161e+03
1.840380797911091349e+03
1.826913180764722483e+03
1.813841307949743396e+03
1.801167007666022073e+03
1.788891133073497031e+03
1.777015146732062249e+03
1.765540145561638610e+03
1.754467348362137955e+03
1.743797973933472122e+03
1.733533241075552951e+03
1.723674612348275105e+03
1.714223306551549740e+03
1.705180176845315827e+03
1.696546807669458758e+03
1.688324295943898733e+03
1.680513860468548273e+03
1.673116963803301132e+03
1.666134580988087237e+03
1.659567930822817971e+03
1.653418475867388224e+03
1.647687434921709382e+03
1.642375783025711144e+03
1.637484982739287716e+03
1.633015034062439099e+03
1.628961183675509119e+03
1.625317703218911674e+03
1.622078742453069935e+03
1.619238329258415433e+03
1.616790735275362294e+03
1.614730110264333689e+03
1.613050360225769964e+03
1.611746000560067614e+03
1.610810937267667214e+03
1.610239563868974301e+03
1.610025786364428996e+03
1.610163754514454695e+03
1.610647739959465525e+03
1.611471770579892791e+03
1.612630118016151073e+03
1.614116932028662859e+03
1.615926240497860363e+03
1.618052315064157483e+03
1.620489305487977163e+03
1.623231239649751160e+03
1.626272267309902418e+03
1.629606781988836246e+03
1.633228689686993221e+03
1.637132140164796283e+03
1.641311526942650744e+03
1.645760756020997178e+03
1.650474099040249484e+03
1.655445462000848693e+03
1.660669360303191070e+03
1.666139821827708147e+03
1.671850874454832137e+03
1.677796667944985529e+03
1.683971473938582676e+03
1.690369442196046521e+03
1.696984600597808821e+03
1.703811342664274662e+03
1.710843452515893887e+03
1.718075323673071352e+03
1.725501105896230001e+03
1.733114827065802046e+03
1.740910880702192344e+03
1.748883172805841696e+03
1.757025731257181633e+03
1.765333071456608877e+03
1.773799099404564004e+03
1.782418208621452095e+03
1.791184183227722770e+03
1.800091416743781110e+03
1.809134180810041471e+03
1.818306137666962059e+03
1.827601558954956545e+03
1.837013741274510267e+03
1.846536834386045484e+03
1.856164500530020860e+03
1.865890280066903188e+03
1.875708078997133043e+03
1.885611681441159590e+03
1.895594627759450304e+03
1.905650945832436491e+03
1.915774054140594217e+03
1.925957980564355012e+03
1.936196387344177310e+03
1.946483180480501687e+03
1.956811656573812343e+03
1.967175843504541490e+03
1.977569525393138292e+03
1.987986364480060956e+03
1.998420388645741241e+03
2.008864894490663801e+03
2.019313909895260394e+03
2.029761097099989001e+03
2.040200118345308056e+03
2.050624757751666948e+03
2.061029165079487939e+03
2.071406271289283268e+03
2.081750713661439931e+03
2.092055666916451173e+03
2.102315037054757795e+03
2.112522486316818231e+03
2.122671676943090461e+03
2.132756758693997199e+03
2.142771150050014512e+03
2.152708513251600380e+03
2.162563241819160339e+03
2.172328022953223353e+03
2.181997737694158786e+03
2.191565073242495600e+03
2.201024666878621247e+03
2.210369449563047510e+03
2.219594058576161387e+03
2.228691424878474663e+03
2.237655698230409143e+03
2.246480540872424172e+03
2.255159858804959640e+03
2.263687314268473529e+03
2.272056325743442358e+03
2.280261286750271211e+03
2.288295372009453331e+03
2.296152731281411434e+03
2.303827514326569144e+03
2.311318258585031344e+03
2.318624476536834209e+03
2.325744705622082620e+03
2.332678458320812297e+03
2.339425003353076136e+03
2.345983121918961842e+03
2.352352326498505136e+03
2.358531642051776089e+03
2.364520337298828053e+03
2.370317193439749190e+03
2.375921722954573852e+03
2.381332950803373478e+03
2.386550389466182423e+03
2.391572576383107389e+03
2.396399267794165553e+03
2.401029244899445075e+03
2.405461776418998397e+03
2.409695887312896502e+03
2.413731333821157023e+03
2.417566409623903382e+03
2.421200870961152759e+03
2.424633499032993768e+03
2.427864050079443587e+03
2.430891061540608007e+03
2.433713802136539925e+03
2.436331540587292693e+03
2.438743545612918751e+03
2.440949085933470997e+03
2.442946942749037134e+03
2.444736384779670971e+03
2.446316924505407314e+03
2.447687099366351504e+03
2.448846665602521625e+03
2.449794404414005385e+03
2.450529828280838501e+03
2.451051718403108680e+03
2.451359343500869272e+03
2.451451972294172720e+03
2.451328629743089550e+03
2.450988584567673115e+03
2.450431105487975401e+03
2.449655217464067846e+03
2.448659945456020068e+03
2.447444801943868242e+03
2.446008568127699618e+03
2.444350512727567093e+03
2.442469904463524472e+03
2.440366012055623742e+03
2.438037616703953063e+03
2.435485205928477626e+03
2.432711217329021110e+03
2.429720526105230874e+03
2.426516301136877701e+03
2.423103173863627489e+03
2.419485044445197218e+03
2.415665325521340947e+03
2.411648648531723211e+03
2.407438426116098071e+03
2.403039289714130064e+03
2.398454895725555616e+03
2.393688900550109338e+03
2.388745935627457129e+03
2.383629657357334509e+03
2.378343965899459818e+03
2.372893005173532856e+03
2.367280919099253879e+03
2.361510876556395033e+03
2.355587996504584680e+03
2.349515691583577336e+03
2.343297861953090887e+03
2.336938651532824679e+03
2.330441960482497961e+03
2.323811932721810990e+03
2.317052224650498829e+03
2.310167467708226923e+03
2.303160830774766509e+03
2.296037189049764493e+03
2.288799467653010197e+03
2.281452541784150526e+03
2.274000067842920998e+03
2.266445945989040410e+03
2.258794320142209017e+03
2.251049090462144250e+03
2.243214400868547273e+03
2.235294151521135518e+03
2.227291998819644959e+03
2.219212330443758219e+03
2.211059046553193639e+03
2.202836291067651473e+03
2.194547720386867240e+03
2.186197234670559283e+03
2.177789221598410222e+03
2.169327581330137946e+03
2.160815970265477972e+03
2.152258776084113833e+03
2.143659898945762961e+03
2.135023239010143698e+03
2.126352696436973929e+03
2.117652415145953910e+03
2.108926295296801982e+03
2.100178480809218399e+03
2.091413115602903872e+03
2.082634099837575832e+03
2.073845089912970707e+03
2.065051204788717769e+03
2.056255613344588255e+03
2.047462947020247384e+03
2.038676740335439490e+03
2.029901624729829564e+03
2.021141256603153579e+03
2.012400023635094385e+03
2.003681582225387274e+03
1.994990441933706506e+03
1.986330259159787829e+03
1.977705665343296232e+03
1.969120073123984866e+03
1.960577992061528221e+03
1.952083444195634911e+03
1.943640207806032095e+03
1.935252792452393805e+03
1.926925098294438158e+03
1.918661025491882810e+03
1.910464596084437289e+03
1.902340319631775628e+03
1.894291852533633346e+03
1.886323582469693292e+03
1.878439165839691213e+03
1.870643234083291873e+03
1.862939199840249103e+03
1.855331694550227894e+03
1.847824618372946134e+03
1.840421749588130979e+03
1.833127597755456009e+03
1.825945819274656969e+03
1.818880923705408350e+03
1.811936933087418765e+03
1.805117381940432779e+03
1.798426901704116062e+03
1.791869392538186048e+03
1.785448754602361078e+03
1.779169253696332817e+03
1.773034911859810336e+03
1.767049873012494118e+03
1.761218037314102048e+03
1.755543548684334837e+03
1.750030794802875107e+03
1.744683310189467420e+03
1.739505360643803215e+03
1.734501211965574385e+03
1.729673911154560301e+03
1.725024555130681847e+03
1.720552778253965471e+03
1.716258458644420216e+03
1.712141718182036584e+03
1.708202556866815257e+03
1.704440852818764824e+03
1.700856606037885058e+03
1.697449572764194045e+03
1.694220118637664882e+03
1.691167878018324245e+03
1.688292850906172134e+03
1.685595037301208549e+03
1.683074437203433263e+03
1.680730928732855546e+03
1.678564511889474943e+03
1.676575186673291682e+03
1.674762831204314352e+03
1.673127445482543408e+03
1.671668907627987210e+03
1.670387217640645986e+03
1.669282375520519736e+03
1.668354381267608460e+03
1.667603113001920747e+03
1.667028570723456824e+03
1.666630632552225507e+03
1.666409420368217752e+03
1.666364568531460463e+03
1.666496320801935326e+03
1.666804677179643022e+03
1.667289393904600729e+03
1.667950592856799858e+03
1.668788030276258041e+03
1.669801828042966235e+03
1.670991864276933484e+03
1.672358138978159786e+03
1.673900530266653732e+03
1.675619281902397915e+03
1.677514028245418785e+03
1.679584769295716114e+03
1.681831626933281314e+03
1.684254235518140604e+03
1.686853082570258948e+03
1.689627558689680427e+03
1.692578029516378365e+03
1.695704251290370621e+03
1.699006224011657196e+03
1.702483947680237634e+03
1.706137300416121434e+03
1.709966282219308141e+03
1.713970283689841835e+03
1.718146135947951961e+03
1.722490304473893730e+03
1.726999010987940210e+03
1.731668599090355883e+03
1.736495412381405231e+03
1.741475672581361096e+03
1.746605967050470326e+03
1.751882273749023852e+03
1.757301180037268296e+03
1.762858907635476726e+03
1.768551922023904581e+03
1.774376323042833974e+03
1.780328698052511527e+03
1.786405146893219353e+03
1.792601891285230522e+03
1.798915518588791883e+03
1.805342250524176052e+03
1.811878552571639148e+03
1.818520524571463056e+03
1.825264632003902989e+03
1.832107218469223426e+03
1.839044627567688849e+03
1.846072959139581144e+03
1.853188678665155521e+03
1.860388129744676917e+03
1.867667655978409130e+03
1.875023844726599009e+03
1.882452430189555344e+03
1.889949999727524300e+03
1.897513140700752729e+03
1.905137831069531785e+03
1.912820536314116453e+03
1.920557600034771440e+03
1.928345122071778633e+03
1.936179933545367021e+03
1.944058012415827307e+03
1.951975580403432787e+03
1.959929346748421494e+03
1.967915167531092720e+03
1.975929630111693314e+03
1.983969078090487528e+03
1.992029855067740073e+03
2.000108304643714746e+03
2.008200404778702477e+03
2.016302864712941528e+03
2.024411784286713328e+03
2.032523994620247322e+03
2.040634986153869477e+03
2.048741711887800193e+03
2.056840393542312086e+03
2.064927374717669863e+03
2.072999242774120830e+03
2.081052341311928103e+03
2.089083501451321354e+03
2.097088823032583150e+03
2.105065137175941345e+03
2.113008787481661329e+03
2.120916361309989497e+03
2.128784202261189876e+03
2.136608897695509768e+03
2.144386791213212746e+03
2.152114713934528936e+03
2.159789009459721456e+03
2.167406021389055240e+03
2.174962580842759962e+03
2.182454787661116370e+03
2.189879229204372223e+03
2.197232736592756282e+03
2.204511653426532575e+03
2.211712079545983215e+03
2.218831089831319787e+03
2.225864784122824403e+03
2.232809993540725827e+03
2.239662817925306172e+03
2.246420088396794654e+03
2.253078148555455300e+03
2.259633585761534960e+03
2.266082499855315746e+03
2.272422209476991156e+03
2.278648326946879024e+03
2.284757927145190024e+03
2.290747353672189092e+03
2.296613193888122623e+03
2.302351547633272730e+03
2.307959489787850998e+03
2.313432876432156718e+03
2.318768782446401474e+03
2.323963551430849748e+03
2.329013526985765566e+03
2.333915052711413409e+03
2.338665203488005318e+03
2.343260079155822041e+03
2.347696267075111336e+03
2.351970110846137231e+03
2.356078197829146120e+03
2.360017359144367674e+03
2.363783450872100730e+03
2.367373547892557326e+03
2.370783750046019577e+03
2.374011619732663348e+03
2.377055694392594432e+03
2.379916461545777111e+03
2.382593677432229924e+03
2.385087098291970051e+03
2.387396480365015123e+03
2.389522067411347507e+03
2.391463615670984836e+03
2.393220637623962375e+03
2.394793620790244404e+03
2.396182077649867097e+03
2.397385764442847631e+03
2.398404681169185551e+03
2.399238827828881767e+03
2.399887960661953002e+03
2.400352079668400165e+03
2.400630697328257611e+03
2.400724301161490530e+03
2.400632159888151818e+03
2.400354517268223844e+03
2.399890885781741872e+03
2.399241509188687814e+03
2.398406143729080213e+03
2.397384789402918159e+03
2.396176958690237370e+03
2.394782651591037393e+03
2.393202111865301504e+03
2.391434851993064058e+03
2.389480871974325510e+03
2.387339928049103492e+03
2.385012020217398003e+03
2.382496904719226222e+03
2.379794825314570971e+03
2.376904806963502324e+03
2.373827824705950661e+03
2.370562903501985602e+03
2.367110287111589969e+03
2.363469488014798571e+03
2.359640993731576600e+03
2.355624316741959319e+03
2.351419457045946274e+03
2.347026170883555551e+03
2.342444214494804328e+03
2.337673831639675427e+03
2.332714291038221745e+03
2.327566323970389931e+03
2.322228955396250967e+03
2.316702672835769135e+03
2.310986988768980154e+03
2.305081903195884024e+03
2.298987903636445026e+03
2.292707427690486838e+03
2.286243644237781155e+03
2.279599478398115934e+03
2.272778342811244784e+03
2.265783406356938485e+03
2.258617594154985454e+03
2.251284075085156474e+03
2.243785774267240413e+03
2.236125860581007601e+03
2.228307502906229729e+03
2.220334357642642317e+03
2.212208618630086221e+03
2.203933698508315047e+03
2.195513009917082400e+03
2.186949477976176240e+03
2.178246271565367806e+03
2.169406315804445512e+03
2.160433023333162964e+03
2.151329075511325755e+03
2.142098128738669857e+03
2.132742864375001773e+03
2.123266451300091376e+03
2.113672302153693181e+03
2.103963098295612781e+03
2.094142252365602872e+03
2.084212689483453232e+03
2.074177822288916104e+03
2.064040575901780358e+03
2.053803875441834862e+03
2.043471133548832540e+03
2.033045153462570624e+03
2.022529347822802720e+03
2.011926885509299609e+03
2.001240691641849708e+03
1.990473691340241658e+03
1.979629297244228610e+03
1.968710434473599435e+03
1.957720515668107055e+03
1.946662344067549157e+03
1.935538966671705111e+03
1.924354039880310665e+03
1.913109879413198769e+03
1.901810263550095669e+03
1.890457995530799053e+03
1.879056122355088746e+03
1.867608178542709084e+03
1.856116723573474928e+03
1.844585291967130843e+03
1.833016808843465242e+03
1.821414321202258179e+03
1.809780997923280438e+03
1.798120007886302574e+03
1.786434398091104640e+03
1.774727337417457647e+03
1.763001629105158599e+03
1.751260563913969918e+03
1.739507554483644753e+03
1.727745160293997969e+03
1.715976915864774128e+03
1.704205502555779276e+03
1.692434454886757976e+03
1.680666454217516502e+03
1.668904913187808006e+03
1.657152756917421129e+03
1.645413154286126655e+03
1.633689152293704410e+03
1.621983919819925177e+03
1.610300625744559738e+03
1.598642073307405781e+03
1.587011675148216455e+03
1.575412234506789218e+03
1.563847164022876996e+03
1.552319388816268656e+03
1.540831955886743572e+03
1.529388034114073207e+03
1.517990670498036707e+03
1.506643033918405308e+03
1.495348171374958611e+03
1.484109251747467852e+03
1.472929200155720991e+03
1.461811429239471636e+03
1.450758742238517016e+03
1.439774308032628369e+03
1.428861295501576024e+03
1.418022751645140261e+03
1.407261723463100452e+03
1.396581379835227608e+03
1.385984767761301555e+03
1.375475056121093075e+03
1.365055291914381769e+03
1.354728644020938873e+03
1.344498037560552575e+03
1.334366641412994113e+03
1.324337746338025227e+03
1.314414277455434785e+03
1.304599159885011204e+03
1.294895806266507634e+03
1.285307141719712718e+03
1.275836457004388649e+03
1.266486067840367696e+03
1.257257314907553337e+03
1.248150685725910080e+03
1.239166545935411477e+03
1.230305748695996044e+03
1.221568659647637105e+03
1.212956131950273175e+03
1.204468531243877578e+03
1.196106588808397873e+03
1.187870670283807158e+03
1.179761506950052990e+03
1.171779708207090835e+03
1.163925883454877066e+03
1.156200398333385010e+03
1.148603862242570813e+03
1.141137128342372534e+03
1.133800562272763955e+03
1.126594773433700766e+03
1.119520371225139343e+03
1.112577843167043966e+03
1.105767920539362194e+03
1.099091090862058309e+03
1.092547963535088684e+03
1.086139147958409012e+03
1.079865131651984257e+03
1.073726645895761294e+03
1.067724056329713903e+03
1.061858094233789188e+03
1.056129369007942842e+03
1.050538368172140054e+03
1.045085701126336289e+03
1.039771977270487923e+03
1.034597684124559464e+03
1.029563431088506832e+03
1.024669949442277357e+03
1.019917787645831140e+03
1.015307372279137553e+03
1.010839251802156923e+03
1.006514218434831832e+03
1.002332759697127130e+03
9.982953631090076669e+02
9.944028208904160238e+02
9.906554377413301609e+02
9.870540058816928877e+02
9.835990737714645320e+02
9.802911289306098297e+02
9.771307807590848142e+02
9.741187605368364757e+02
9.712554339038384796e+02
9.685415321400379298e+02
9.659771771254258965e+02
9.635608453601128076e+02
9.612907695842261546e+02
9.591649387779115159e+02
9.571817075612876806e+02
9.553388820945132238e+02
9.536348779377029814e+02
9.520677450109975553e+02
9.506355941745338214e+02
9.493365362884482010e+02
9.481687431528729348e+02
9.471302037479533737e+02
9.462191508138172367e+02
9.454338170905922425e+02
9.447721915584239696e+02
9.442323850774489529e+02
9.438126303877946839e+02
9.435110383495981523e+02
9.433257198229955520e+02
9.432546637881324614e+02
9.432962248651278969e+02
9.434483310941315040e+02
9.437093370952622990e+02
9.440771709086700412e+02
9.445499433944912653e+02
9.451260701128405799e+02
9.458032962838810818e+02
9.465800374677271520e+02
9.474542217045286634e+02
9.484242036144046324e+02
9.494879112375047043e+02
9.506435163739611198e+02
9.518891908239060058e+02
9.532231063874716028e+02
9.546433739247944459e+02
9.561479214760244076e+02
9.577351036612802773e+02
9.594029704007031114e+02
9.611496934944251507e+02
9.629733228625872243e+02
9.648720303053216867e+02
9.668440485627561429e+02
9.688873056750404658e+02
9.709999734423067821e+02
9.731802846046828108e+02
9.754264109623009062e+02
9.777362805553106000e+02
9.801080651838443600e+02
9.825401804080164538e+02
9.850303105079943862e+02
9.875767491639015816e+02
9.901773634758922071e+02
9.928295939641511723e+02
9.955313077288328714e+02
9.982801281101091035e+02
1.001073678448151441e+03
1.003909825843114390e+03
1.006786193635169639e+03
1.009700222344502208e+03
1.012650022831248634e+03
1.015632974675598462e+03
1.018646762157718968e+03
1.021689252377764547e+03
1.024758068675906770e+03
1.027850773452322073e+03
1.030965294747160215e+03
1.034099073080606104e+03
1.037249914612818429e+03
1.040415503623964696e+03
1.043593646274203138e+03
1.046781783083719347e+03
1.049977720212671557e+03
1.053179263821218456e+03
1.056383854429544954e+03
1.059589298197809967e+03
1.062793401286171729e+03
1.065993726094806789e+03
1.069188078783873607e+03
1.072373899873557093e+03
1.075549117404007120e+03
1.078711293775400009e+03
1.081858235147894447e+03
1.084987382041675119e+03
1.088096662496892122e+03
1.091183760793712736e+03
1.094246239332313053e+03
1.097281904272851989e+03
1.100288318015505638e+03
1.103263286720432689e+03
1.106204372787809234e+03
1.109109382377793736e+03
1.111975999770553926e+03
1.114801787366265671e+03
1.117584551325087887e+03
1.120321854047196666e+03
1.123011623572741883e+03
1.125651300421908445e+03
1.128238812634846227e+03
1.130771600731740364e+03
1.133247348992758134e+03
1.135664351098022735e+03
1.138021388247622554e+03
1.140317729161610487e+03
1.142553130080003712e+03
1.144726494082882027e+03
1.146837577410263066e+03
1.148885526902208085e+03
1.150869733158761392e+03
1.152789464899975883e+03
1.154644234605886822e+03
1.156433432876538063e+03
1.158156084672000134e+03
1.159811946232290893e+03
1.161400164397472054e+03
1.162920129767587241e+03
1.164371232942680990e+03
1.165752864522796926e+03
1.167064293227988173e+03
1.168304909658298811e+03
1.169473982533781509e+03
1.170571024334471758e+03
1.171595425660413412e+03
1.172546333351668409e+03
1.173423138008280375e+03
1.174225352110285030e+03
1.174952244377734814e+03
1.175603205410674036e+03
1.176177625809146775e+03
1.176674774293205928e+03
1.177094041462895348e+03
1.177434696038267930e+03
1.177696250499358939e+03
1.177877973566221499e+03
1.177979255838899462e+03
1.177999487917436682e+03
1.177937938521886281e+03
1.177793998252292340e+03
1.177567057708698940e+03
1.177256507491149932e+03
1.176861494439707030e+03
1.176381652914396909e+03
1.175816129755280826e+03
1.175164559322385685e+03
1.174425844695790602e+03
1.173599742115512981e+03
1.172685520301605948e+03
1.171682447974122169e+03
1.170589915733105954e+03
1.169407192298610198e+03
1.168133912030660895e+03
1.166769465529302579e+03
1.165314827834464495e+03
1.163771217746058483e+03
1.162139732184005425e+03
1.160421833708199756e+03
1.158618253598588126e+03
1.156730576295056153e+03
1.154759776837533764e+03
1.152707074025932343e+03
1.150573808540155142e+03
1.148360955420131631e+03
1.146069855345764836e+03
1.143701727116966822e+03
1.141257545773667061e+03
1.138738651995768578e+03
1.136146264583183211e+03
1.133481480455831615e+03
1.130745640293617043e+03
1.127939841016460150e+03
1.125065179544281591e+03
1.122122874676993433e+03
1.119114267094498246e+03
1.116040331836725954e+03
1.112902409583579811e+03
1.109701719134971199e+03
1.106439357410821003e+03
1.103116543211041289e+03
1.099734373455552713e+03
1.096294310704249483e+03
1.092797208117069658e+03
1.089244528253907902e+03
1.085637124274702501e+03
1.081976580619338620e+03
1.078263872327745958e+03
1.074500218199836581e+03
1.070686715155530692e+03
1.066824825754723179e+03
1.062915403157351648e+03
1.058959909923310988e+03
1.054959321092530672e+03
1.050914977344913268e+03
1.046827975600379887e+03
1.042699656538833551e+03
1.038530995200203733e+03
1.034323332264393457e+03
1.030077764651323378e+03
1.025795511160905789e+03
1.021477851533047556e+03
1.017125882687669787e+03
1.012740823424684208e+03
1.008323892544002888e+03
1.003876552605519919e+03
9.994005708691074688e+02
9.948974708346556781e+02
9.903687150620585271e+02
9.858159489311972266e+02
9.812408178219528736e+02
9.766449061742107460e+02
9.720296765478651650e+02
9.673968962027884118e+02
9.627479667588792154e+02
9.580845945360141513e+02
9.534082420940874272e+02
9.487207376329669160e+02
9.440234218325557549e+02
9.393180619527261115e+02
9.346059986733811229e+02
9.298889992543929566e+02
9.251687090756425960e+02
9.204465297570288840e+02
9.157242285584241017e+02
9.110032070997266374e+02
9.062851717008134074e+02
9.015716458615740976e+02
8.968642749618898051e+02
8.921646434416460352e+02
8.874743357407282929e+02
8.827948144190306721e+02
8.781278467364254539e+02
8.734748343128113675e+02
8.688374834680651020e+02
8.642173786420720489e+02
8.596161652147131917e+02
8.550351838658916677e+02
8.504763237354709418e+02
8.459409864433496296e+02
8.414306954894176442e+02
8.369472790735427452e+02
8.324920778756280697e+02
8.280667982155503068e+02
8.236730245331947344e+02
8.193122803284513793e+02
8.149862719211968169e+02
8.106964009313297765e+02
8.064444346187224255e+02
8.022318355432689714e+02
7.980603100248462169e+02
7.939312596833526641e+02
7.898464517786607075e+02
7.858073488706645549e+02
7.818154135192584135e+02
7.778713160643939091e+02
7.739754830860401853e+02
7.701284630441574564e+02
7.663306825187150935e+02
7.625826899696733108e+02
7.588848510370057738e+02
7.552377751206682888e+02
7.516418278606345211e+02
7.480975577168647987e+02
7.446054522093238575e+02
7.411659379179808411e+02
7.377796242427917832e+02
7.344468158837346436e+02
7.311680613007696365e+02
7.279439089538572034e+02
7.247747244829710098e+02
7.216611172880668619e+02
7.186035139491139034e+02
7.156023410460813921e+02
7.126580860989340636e+02
7.097713585076277241e+02
7.069425239121361528e+02
7.041720088924283800e+02
7.014604837884560311e+02
6.988082533001969523e+02
6.962158658876115851e+02
6.936838090706646653e+02
6.912125703693210426e+02
6.888025763635496332e+02
6.864543755133109926e+02
6.841684553385698564e+02
6.819451814792997766e+02
6.797851633354565593e+02
6.776888274870095756e+02
6.756566005139278559e+02
6.736891527561629118e+02
6.717867279736973387e+02
6.699499355664868290e+02
6.681792630544961185e+02
6.664751370176946921e+02
6.648381059160425366e+02
6.632685353895134313e+02
6.617670348380632959e+02
6.603340308416611606e+02
6.589700109202719887e+02
6.576754016538646965e+02
6.564508124423954314e+02
6.552966089258377451e+02
6.542132786241562599e+02
6.532011262373290492e+02
6.522594814254044877e+02
6.513875519684399933e+02
6.505844237665014589e+02
6.498492436596508242e+02
6.491811584879494603e+02
6.485793150914593070e+02
6.480429212502374412e+02
6.475710019243545048e+02
6.471628258338632804e+02
6.468174179388342964e+02
6.465339250793291512e+02
6.463116159754008549e+02
6.461495765271153005e+02
6.460468926345388354e+02
6.460028330177240150e+02
6.460163616967460030e+02
6.460868083316531738e+02
6.462131978825159422e+02
6.463946771893960204e+02
6.466304540323507126e+02
6.469196752514416175e+02
6.472613658067393771e+02
6.476547944182967740e+02
6.480990469861799284e+02
6.485933312904460308e+02
6.491366722911656097e+02
6.497283996483870396e+02
6.503674164421898922e+02
6.510531132726179067e+02
6.517843932197506547e+02
6.525606468836319891e+02
6.533807773443412543e+02
6.542441142619270522e+02
6.551496825964596837e+02
6.560967510679920451e+02
6.570843446365947784e+02
6.581116710823249605e+02
6.591778772452444173e+02
6.602820490254191554e+02
6.614233332629108872e+02
6.626009986777725089e+02
6.638140092900788432e+02
6.650616947598783781e+02
6.663429581672504582e+02
6.676572510522346420e+02
6.690034764949102737e+02
6.703808422753346576e+02
6.717884952335695061e+02
6.732257040896676017e+02
6.746913719237082887e+02
6.761843408757752059e+02
6.777035140259478112e+02
6.792476725743140378e+02
6.808154758409709757e+02
6.824058269059977420e+02
6.840174460294870187e+02
6.856491144115267389e+02
6.872996132522051767e+02
6.889677237516104924e+02
6.906522271098306192e+02
6.923519654669493093e+02
6.940656590830591313e+02
6.957920891582482454e+02
6.975300978326002905e+02
6.992783444262121293e+02
7.010357320191631061e+02
7.028009808715457893e+02
7.045728721834483395e+02
7.063502480949542814e+02
7.081318288661562974e+02
7.099163956971424341e+02
7.117027907279963301e+02
7.134897342188106677e+02
7.152760073696733798e+02
7.170603913806727405e+02
7.188417283918923886e+02
7.206187386634247787e+02
7.223902643353536632e+02
7.241549647277760187e+02
7.259118038607666676e+02
7.276593801144269946e+02
7.293965965688363440e+02
7.311222344240826487e+02
7.328350139402585910e+02
7.345337163174522175e+02
7.362171227557516886e+02
7.378841363352362350e+02
7.395333554360071275e+02
7.411636221981483459e+02
7.427738397017388934e+02
7.443626672668757465e+02
7.459288860936471792e+02
7.474713383221368304e+02
7.489887442124371546e+02
7.504799459046319043e+02
7.519436636588135343e+02
7.533787396150657969e+02
7.547838940334812605e+02
7.561579690541435639e+02
7.574998677571320513e+02
7.588089198024950974e+02
7.600846986102636720e+02
7.613267166604729255e+02
7.625346692531448980e+02
7.637078251083325995e+02
7.648458795260578427e+02
7.659483449863558917e+02
7.670146730292665325e+02
7.680444980148160994e+02
7.690372714830443783e+02
7.699926277939775900e+02
7.709099575476599284e+02
7.717888951041178416e+02
7.726289529433864800e+02
7.734297044854968135e+02
7.741904793904971029e+02
7.749110338984052078e+02
7.755908804892562785e+02
7.762294097630942815e+02
7.768262560799456651e+02
7.773809928598413990e+02
7.778929497628299714e+02
7.783618830289287871e+02
7.787872441981776319e+02
7.791684848106160644e+02
7.795052392262706462e+02
7.797970808651722336e+02
7.800433393873692012e+02
7.802437100928834752e+02
7.803977664017461393e+02
7.805048989140010463e+02
7.805646810496791659e+02
7.805766862288112407e+02
7.805403659914370564e+02
7.804554156375784260e+02
7.803211648272839511e+02
7.801372479205800801e+02
7.799032383374976689e+02
7.796185876180762762e+02
7.792828082423511660e+02
7.788954736303531945e+02
7.784562181421089235e+02
7.779643714376665002e+02
7.774195678770527138e+02
7.768213199403026010e+02
7.761692619874426100e+02
7.754627846185168210e+02
7.747014612535560900e+02
7.738848653125912733e+02
7.730126311556488190e+02
7.720851853626977572e+02
7.711030763936985295e+02
7.700667917686159853e+02
7.689770018274015229e+02
7.678341331500242859e+02
7.666387951364403079e+02
7.653915362466099168e+02
7.640929049404935540e+02
7.627434496780513200e+02
7.613437189192437700e+02
7.598942611240312317e+02
7.583956247523739194e+02
7.568482973242367962e+02
7.552530101195668522e+02
7.536101287783377529e+02
7.519202627005053046e+02
7.501839603460299486e+02
7.484018311148676048e+02
7.465743015869874171e+02
7.447020421023410108e+02
7.427855401808930083e+02
7.408253442826038508e+02
7.388220638074294584e+02
7.367761253353389748e+02
7.346882601462796174e+02
7.325587729402292325e+02
7.303884559371306295e+02
7.281777966569485443e+02
7.259272216796521207e+02
7.236374013451928704e+02
7.213087622335400511e+02
7.189420356246407664e+02
7.165377090384596386e+02
7.140962090549660388e+02
7.116182060141113652e+02
7.091041874358603536e+02
7.065547627201690375e+02
7.039704803269977447e+02
7.013518277763112110e+02
6.986994144680653562e+02
6.960137279222250299e+02
6.932953775387460382e+02
6.905449117775888226e+02
6.877628181587182326e+02
6.849497670220855525e+02
6.821061240076645618e+02
6.792326203954022503e+02
6.763296827652678758e+02
6.733979205172173579e+02
6.704379430512066165e+02
6.674506035271740529e+02
6.644368160450535470e+02
6.613974337647832726e+02
6.583335536062841129e+02
6.552459068495031715e+02
6.521354685343699202e+02
6.490031527608182387e+02
6.458499345687777122e+02
6.426767280581822206e+02
6.394843254489745732e+02
6.362738236610753120e+02
6.330460149144272464e+02
6.298018133089642561e+02
6.265422548246115184e+02
6.232681316813117292e+02
6.199804189189943600e+02
6.166800306375934042e+02
6.133679418770383336e+02
6.100449448572718438e+02
6.067120146182234066e+02
6.033701261998227210e+02
6.000201327620078473e+02
5.966629484047128926e+02
5.932995481678673286e+02
5.899308461514050350e+02
5.865576955152644132e+02
5.831810712993748211e+02
5.798018266636746603e+02
5.764209366480935159e+02
5.730393153525652679e+02
5.696578768770236820e+02
5.662775353214028655e+02
5.628992047856366980e+02
5.595237993696590593e+02
5.561522941133994209e+02
5.527855421767960706e+02
5.494243967197875236e+02
5.460699546622943217e+02
5.427229472842636824e+02
5.393844715056161476e+02
5.360553195462946405e+02
5.327364664462285191e+02
5.294287653653562984e+02
5.261332522836028147e+02
5.228507194209109912e+02
5.195821418172102995e+02
5.163284335724346192e+02
5.130905087865179439e+02
5.098693120293918355e+02
5.066656659909969562e+02
5.034800886612957811e+02
5.003130980302509556e+02
4.971651206778315100e+02
4.940365831840067585e+02
4.909280340087369154e+02
4.878398083219977934e+02
4.847724850537475731e+02
4.817265212539531376e+02
4.787023130325859483e+02
4.757003783796084804e+02
4.727211438749899344e+02
4.697651275086928990e+02
4.668326949206908125e+02
4.639243945709441732e+02
4.610406835094198073e+02
4.581819578460891762e+02
4.553487355709148119e+02
4.525414737338636542e+02
4.497606598549004389e+02
4.470066595739987179e+02
4.442800518211167287e+02
4.415812631762236151e+02
4.389106592792928154e+02
4.362688495302804199e+02
4.336562300391577196e+02
4.310732883258895072e+02
4.285204509704449265e+02
4.259981750227909174e+02
4.235069480028922726e+02
4.210472879007114670e+02
4.186195298862243703e+02
4.162242224193912534e+02
4.138618225501791130e+02
4.115327568585571498e+02
4.092375433344878388e+02
4.069766085579403807e+02
4.047504095788817153e+02
4.025594034472787826e+02
4.004041081530942279e+02
3.982849198062992855e+02
3.962023563968566009e+02
3.941568140347375220e+02
3.921488107099045806e+02
3.901788034723247165e+02
3.882472493719649265e+02
3.863546054587921503e+02
3.845013287827733848e+02
3.826879068638733088e+02
3.809147358120633271e+02
3.791822422073126404e+02
3.774902432296343591e+02
3.758384646490484329e+02
3.742266627055724371e+02
3.726545631692261509e+02
3.711218613400316144e+02
3.696283439280043126e+02
3.681737367031640247e+02
3.667577349655327907e+02
3.653801254251259820e+02
3.640405729119678995e+02
3.627388946060717103e+02
3.614747553374617155e+02
3.602479113461554334e+02
3.590581188721705530e+02
3.579050732155291143e+02
3.567885306162486927e+02
3.557082473143469770e+02
3.546639186098458936e+02
3.536552398027675395e+02
3.526820585431229347e+02
3.517440091909384705e+02
3.508408784562296319e+02
3.499723616390184020e+02
3.491382454493201521e+02
3.483381947171592401e+02
3.475719961525509234e+02
3.468393755255152087e+02
3.461400281360739655e+02
3.454737406942426787e+02
3.448402085000434454e+02
3.442391877934937270e+02
3.436703738746157342e+02
3.431335839234225205e+02
3.426284522999406477e+02
3.421547657141854302e+02
3.417122804061745569e+02
3.413006612059322720e+02
3.409196948234739466e+02
3.405690765588216209e+02
3.402485931219907229e+02
3.399579398130032928e+02
3.396968424018791097e+02
3.394650571286358627e+02
3.392623097632933309e+02
3.390883260758713504e+02
3.389428623063874966e+02
3.388256442248617191e+02
3.387363976013137403e+02
3.386748177357656004e+02
3.386406608682349315e+02
3.386333175987658137e+02
3.386521785274022704e+02
3.386966647241861779e+02
3.387661363191637633e+02
3.388600143823769599e+02
3.389776285738741421e+02
3.391184304336949822e+02
3.392817496218879114e+02
3.394670376784926589e+02
3.396736242635576559e+02
3.399009304471247219e+02
3.401483772992357331e+02
3.404152640099413816e+02
3.407010421192812828e+02
3.410051022272994601e+02
3.413268349340400505e+02
3.416655698995514854e+02
3.420207586638733801e+02
3.423917918270498149e+02
3.427780295191270739e+02
3.431788623401491805e+02
3.435936504201623620e+02
3.440218757692041436e+02
3.444628071073273645e+02
3.449159569145672322e+02
3.453805939109766996e+02
3.458562001065931213e+02
3.463421051614649855e+02
3.468376996756363724e+02
3.473424351891468973e+02
3.478556413620450485e+02
3.483767392643726453e+02
3.489050585561782327e+02
3.494400507775013693e+02
3.499811065283861922e+02
3.505275554688810757e+02
3.510788491390256922e+02
3.516343476688663827e+02
3.521934416584471137e+02
3.527554912378141694e+02
3.533199784170050179e+02
3.538861414460747028e+02
3.544535232750562841e+02
3.550214230940003972e+02
3.555892315029511224e+02
3.561563695719502789e+02
3.567221974310442079e+02
3.572861666202725246e+02
3.578475458596880117e+02
3.584058780993238429e+02
3.589607062892129647e+02
3.595116343193840294e+02
3.600583574898590768e+02
3.606003882806734282e+02
3.611374219918489530e+02
3.616690929834122130e+02
3.621950356153895996e+02
3.627148233078119688e+02
3.632280904207057119e+02
3.637345017840950732e+02
3.642336308180109654e+02
3.647251728224753151e+02
3.652086707475211824e+02
3.656838198931706643e+02
3.661501632094567071e+02
3.666074264663992039e+02
3.670551830840290108e+02
3.674930369523746663e+02
3.679206224314627320e+02
3.683376348213151346e+02
3.687435866019671948e+02
3.691381730734408393e+02
3.695210285957625729e+02
3.698917265889632517e+02
3.702499014130693240e+02
3.705952483681027161e+02
3.709273104040965450e+02
3.712457523510749979e+02
3.715501780990667839e+02
3.718402220080982943e+02
3.721155489081937731e+02
3.723756712793884276e+02
3.726203453616998900e+02
3.728491141051612203e+02
3.730616728097944588e+02
3.732575644256326086e+02
3.734364537826999708e+02
3.735979447710250838e+02
3.737417022206322486e+02
3.738673300215501172e+02
3.739744320638072281e+02
3.740626731774278824e+02
3.741316572524407320e+02
3.741810186488722252e+02
3.742103612567509003e+02
3.742193499061011153e+02
3.742075580169535556e+02
3.741746199493347831e+02
3.741202005332690419e+02
3.740439950687782016e+02
3.739460035558624327e+02
3.738263478745128623e+02
3.736851803747184704e+02
3.735225924664726449e+02
3.733386755597687738e+02
3.731335820045958371e+02
3.729074336809450756e+02
3.726602915288120244e+02
3.723923078981856634e+02
3.721036046690572334e+02
3.717942732514201225e+02
3.714644659952633106e+02
3.711142438405823327e+02
3.707437591373662258e+02
3.703531032956083777e+02
3.699424286652978253e+02
3.695118266564278429e+02
3.690613886789919320e+02
3.685912670829790159e+02
3.681015837483802784e+02
3.675923996151913684e+02
3.670638670334012090e+02
3.665161078830010410e+02
3.659492440439819916e+02
3.653633364563397663e+02
3.647585679400610275e+02
3.641349994351414239e+02
3.634927528215721395e+02
3.628319804493421543e+02
3.621527737284449131e+02
3.614552545388714861e+02
3.607394838206175791e+02
3.600056748636677639e+02
3.592538581380197797e+02
3.584842164636604025e+02
3.576968107805852810e+02
3.568917934387833952e+02
3.560692558482481331e+02
3.552292894189728258e+02
3.543720465009465670e+02
3.534976489741604269e+02
3.526061882486079071e+02
3.516978166742779308e+02
3.507725647211682940e+02
3.498306456792636254e+02
3.488721204885594602e+02
3.478971110290470392e+02
3.469057087107196935e+02
3.458980963535642559e+02
3.448743653675740575e+02
3.438349118627205598e+02
3.427801014789772580e+02
3.417102693863199647e+02
3.406258726347155630e+02
3.395272768641377183e+02
3.384148781845577219e+02
3.372890117659513862e+02
3.361501651282833905e+02
3.349986125015340122e+02
3.338348109356701343e+02
3.326590956006675697e+02
3.314719235464932581e+02
3.302736299431229554e+02
3.290646109005280664e+02
3.278452320586821429e+02
3.266159504675520679e+02
3.253771012971137111e+02
3.241290501873406242e+02
3.228722237182018944e+02
3.216069875296711871e+02
3.203337377317197934e+02
3.190529009043169140e+02
3.177647817474405088e+02
3.164698068410597216e+02
3.151683418251481044e+02
3.138608437496726538e+02
3.125476173146113865e+02
3.112291195699311288e+02
3.099056856856077502e+02
3.085777117716125986e+02
3.072455634679192826e+02
3.059096978244946285e+02
3.045704500113145059e+02
3.032282161383502626e+02
3.018833313755777112e+02
3.005362832429614741e+02
2.991874069104774776e+02
2.978370680180991599e+02
2.964857236157935745e+02
2.951336479335408285e+02
2.937813284913057146e+02
2.924291004590639886e+02
2.910773599467870554e+02
2.897265335344440018e+02
2.883769563920106407e+02
2.870290246294583199e+02
2.856831038867606480e+02
2.843396512138845083e+02
2.829990017808057132e+02
2.816615516974956108e+02
2.803275447239366258e+02
2.789972855601067181e+02
2.776709874959904027e+02
2.763489552315656965e+02
2.750314629968127633e+02
2.737187545517140279e+02
2.724111041262495974e+02
2.711087554804018964e+02
2.698119828441510890e+02
2.685210909174750782e+02
2.672362929903585496e+02
2.659578632927816670e+02
2.646860760547245377e+02
2.634212055061673823e+02
2.621634954070925687e+02
2.609132199874802609e+02
2.596706534773106227e+02
2.584360396365660790e+02
2.572096526952267936e+02
2.559917668832729021e+02
2.547826564306845967e+02
2.535825346274464778e+02
2.523917214085354033e+02
2.512104452989348431e+02
2.500389957636238876e+02
2.488776317975838026e+02
2.477266276307947521e+02
2.465861965532413365e+02
2.454566432649015155e+02
2.443382572307543796e+02
2.432312669757833987e+02
2.421359619649676063e+02
2.410525707232905575e+02
2.399813522457334614e+02
2.389226264672732327e+02
2.378766523828911090e+02
2.368436280475728211e+02
2.358238733962951983e+02
2.348176626590384046e+02
2.338252243607859668e+02
2.328468327315180488e+02
2.318827620012147861e+02
2.309332559298586034e+02
2.299986039824285342e+02
2.290790651539059013e+02
2.281749136742708117e+02
2.272863933035057187e+02
2.264137478015929617e+02
2.255572971035093985e+02
2.247172240292418337e+02
2.238935438137891367e+02
2.230861650471579765e+02
2.222950115543538061e+02
2.215200681003777561e+02
2.207612737452342060e+02
2.200185370789297679e+02
2.192918276314666741e+02
2.185810692278504064e+02
2.178862009280853727e+02
2.172071617921759810e+02
2.165439365851233333e+02
2.158963729569384498e+02
2.152645013776190979e+02
2.146482152021730485e+02
2.140474534906046529e+02
2.134621857729161150e+02
2.128923206391140752e+02
2.123378276192007377e+02
2.117986305381815555e+02
2.112746684560609935e+02
2.107658804328434314e+02
2.102722055285332772e+02
2.097935980381338368e+02
2.093299817866506203e+02
2.088813110690869337e+02
2.084475249454471566e+02
2.080285472407368275e+02
2.076243322499592239e+02
2.072348037981198843e+02
2.068599314152210127e+02
2.064996389262680623e+02
2.061538653912654979e+02
2.058225498702176992e+02
2.055056314231290742e+02
2.052030491100040308e+02
2.049147572258458752e+02
2.046406948306589868e+02
2.043807857494489326e+02
2.041349690422200638e+02
2.039031990039756863e+02
2.036854146947202366e+02
2.034815551744580944e+02
2.032915595031936959e+02
2.031153515059325230e+02
2.029529159476756774e+02
2.028041461834308734e+02
2.026689965082014169e+02
2.025474059819916874e+02
2.024393288998050480e+02
2.023446586166491556e+02
2.022631666075405690e+02
2.021945786424990672e+02
2.021386357265434413e+02
2.020950483946945440e+02
2.020635728869700358e+02
2.020439197383908549e+02
2.020358451889746050e+02
2.020390597737421956e+02
2.020532892627134913e+02
2.020783051309049938e+02
2.021137874433398167e+02
2.021594924400356206e+02
2.022151611260110826e+02
2.022805040362871694e+02
2.023552774108814845e+02
2.024391765498160680e+02
2.025319576931085237e+02
2.026333618457775856e+02
2.027430995428441918e+02
2.028608965543281499e+02
2.029865243552459901e+02
2.031196477756219281e+02
2.032600687604702898e+02
2.034074826098131155e+02
2.035616303286691391e+02
2.037222224520592420e+02
2.038890152200010846e+02
2.040617344025145030e+02
2.042401057696192765e+02
2.044238703263341677e+02
2.046127386076800860e+02
2.048064820886735333e+02
2.050047808343376801e+02
2.052074063196890279e+02
2.054140538447496169e+02
2.056244948845359204e+02
2.058384247390700352e+02
2.060556148833684347e+02
2.062757758524520852e+02
2.064986181813418682e+02
2.067238981100554156e+02
2.069513414086125920e+02
2.071806738470331766e+02
2.074116364303359035e+02
2.076439549285406372e+02
2.078773703466660550e+02
2.081116084547319929e+02
2.083463797877593606e+02
2.085814558207647167e+02
2.088165470887689992e+02
2.090514403017875509e+02
2.092859221698358851e+02
2.095198098729271408e+02
2.097528444160800802e+02
2.099848582143068256e+02
2.102156227426238786e+02
2.104449247110466956e+02
2.106725812995884155e+02
2.108983487482667556e+02
2.111220442370948547e+02
2.113434240060903733e+02
2.115623052352665070e+02
2.117784593996398144e+02
2.119917036792234910e+02
2.122018095490340386e+02
2.124085637190869136e+02
2.126117681343964136e+02
2.128112095049779384e+02
2.130066745408469444e+02
2.131979499520188597e+02
2.133848224485090554e+02
2.135670939753318578e+02
2.137445512425027232e+02
2.139169809600370513e+02
2.140841850729491682e+02
2.142459198212566776e+02
2.144020176199717014e+02
2.145522499441107698e+02
2.146964035036893108e+02
2.148342650087227241e+02
2.149656364042253358e+02
2.150902891652136475e+02
2.152080404717009117e+02
2.153186617987036300e+02
2.154219398562372305e+02
2.155176765893160109e+02
2.156056587079553992e+02
2.156856729221708520e+02
2.157575059419777119e+02
2.158209597123903905e+02
2.158758209434242303e+02
2.159218763450946881e+02
2.159588973924182937e+02
2.159867317354060106e+02
2.160050746740799354e+02
2.160138043284488276e+02
2.160126769385303476e+02
2.160014792143398665e+02
2.159800131008917390e+02
2.159480957781991890e+02
2.159056815412654942e+02
2.158528160950873485e+02
2.157895146746636783e+02
2.157157620449955573e+02
2.156315734410819118e+02
2.155369640979216399e+02
2.154319644855124807e+02
2.153165746038545194e+02
2.151907792179488013e+02
2.150546392677909182e+02
2.149081242833831027e+02
2.147512647347231507e+02
2.145840758568099602e+02
2.144065728846424008e+02
2.142187253482226765e+02
2.140206094225453057e+02
2.138121794026135944e+02
2.135934962284231347e+02
2.133645294299761019e+02
2.131253094772703491e+02
2.128758516053046890e+02
2.126161558140792067e+02
2.123462525735916415e+02
2.120661418838420502e+02
2.117758085098314780e+02
2.114753133915555168e+02
2.111646412940153255e+02
2.108438074522097736e+02
2.105128271011377308e+02
2.101717154757981234e+02
2.098204573411920819e+02
2.094590984023162434e+02
2.090876234241717384e+02
2.087060781117552608e+02
2.083144319950690146e+02
2.079127155441107959e+02
2.075009592288784006e+02
2.070791325793740327e+02
2.066472965355932843e+02
2.062054358625372572e+02
2.057535505602059516e+02
2.052916863335960613e+02
2.048198127127098189e+02
2.043379601675449635e+02
2.038461744030982459e+02
2.033444097143729437e+02
2.028327118063657224e+02
2.023110806790766674e+02
2.017795315675045913e+02
2.012381101766462166e+02
2.006869536214916536e+02
2.001262599570265763e+02
1.995561662982410667e+02
1.989768859351196966e+02
1.983885712176514460e+02
1.977914202008220173e+02
1.971856157046181863e+02
1.965712948440300352e+02
1.959486556740432661e+02
1.953178810146446267e+02
1.946791536858209213e+02
1.940326412725600278e+02
1.933784961248509546e+02
1.927169467676771717e+02
1.920481303160287325e+02
1.913722295898924415e+02
1.906894121742562049e+02
1.899998913591045664e+02
1.893038042594276646e+02
1.886013489302111168e+02
1.878927081914417556e+02
1.871780343931085611e+02
1.864575255901971786e+02
1.857313341326966167e+02
1.849996733105914757e+02
1.842626954738707354e+02
1.835205529725233475e+02
1.827734895665317083e+02
1.820216271358870301e+02
1.812651485005760605e+02
1.805042517155845019e+02
1.797390891309013625e+02
1.789698588015122596e+02
1.781967283124051278e+02
1.774198804835667431e+02
1.766394676649860855e+02
1.758557031466477554e+02
1.750687240435417777e+02
1.742787436456528098e+02
1.734859295379687012e+02
1.726904340704784317e+02
1.718924552981676754e+02
1.710921760410232650e+02
1.702897486490341237e+02
1.694853711771859821e+02
1.686792264454655879e+02
1.678714515688630513e+02
1.670622598373629444e+02
1.662518188359531450e+02
1.654403113846204576e+02
1.646278898333538336e+02
1.638147065321423099e+02
1.630009595359715036e+02
1.621867707248326553e+02
1.613723381537114392e+02
1.605578141725968067e+02
1.597433511314777945e+02
1.589291166153422523e+02
1.581152934441769560e+02
1.573020187329720443e+02
1.564894600667153384e+02
1.556778002653936426e+02
1.548671916789959653e+02
1.540577866575112864e+02
1.532497527859274555e+02
1.524432576492324074e+02
1.516384688324139915e+02
1.508355539204601143e+02
1.500346500283608293e+02
1.492359552111018672e+02
1.484396065836732816e+02
1.476457717310629505e+02
1.468546334732576781e+02
1.460663289252475465e+02
1.452810409070193316e+02
1.444989217685620417e+02
1.437201238598646285e+02
1.429448300009138961e+02
1.421732077766977227e+02
1.414054095372051165e+02
1.406416028674239271e+02
1.398819248823442649e+02
1.391265888719507018e+02
1.383757167162344217e+02
1.376294912351822006e+02
1.368880647787830753e+02
1.361516049320248669e+02
1.354202945148943797e+02
1.346942554073828262e+02
1.339736856644758518e+02
1.332587376361624649e+02
1.325495789074305435e+02
1.318463465932701979e+02
1.311492387486670737e+02
1.304584077236101507e+02
1.297740058680884658e+02
1.290962160020887666e+02
1.284251904756000329e+02
1.277610892561107079e+02
1.271040494586109020e+02
1.264541244055967297e+02
1.258113445670660013e+02
1.251757175605181658e+02
1.245472814734504681e+02
1.239260439233623572e+02
1.233120277627521801e+02
1.227052710791171819e+02
1.221057891074562747e+02
1.215136047002677913e+02
1.209287407100500786e+02
1.203512123718020490e+02
1.197810501555214842e+02
1.192182921487056291e+02
1.186629231163556142e+02
1.181150192334659010e+02
1.175745424125392589e+02
1.170415688285701634e+02
1.165160908640591941e+02
1.159981313715046696e+02
1.154877208209044142e+02
1.149848972997556444e+02
1.144896608080583889e+02
1.140020494333098782e+02
1.135220707930095614e+02
1.130497629746546835e+02
1.125851412132441567e+02
1.121282283612763280e+02
1.116790320362506179e+02
1.112376207956621101e+02
1.108039717870124292e+02
1.103781154802993854e+02
1.099600975805196583e+02
1.095499333226721745e+02
1.091476303242563546e+02
1.087532190552700087e+02
1.083667299857109469e+02
1.079881783505780390e+02
1.076175946198691094e+02
1.072549864110835784e+02
1.069003918117187339e+02
1.065538260567734312e+02
1.062153119987460457e+02
1.058848801076343591e+02
1.055625532359367327e+02
1.052483390011526154e+02
1.049422754907792381e+02
1.046443779398155129e+02
1.043546768182592217e+02
1.040731873611092908e+02
1.037999171858651408e+02
1.035347748825333980e+02
1.032776690411206744e+02
1.030284930166346555e+02
1.027871401640830840e+02
1.025535190734725290e+02
1.023275154823112842e+02
1.021090303631064984e+02
1.018979570708658855e+02
1.016942041955960434e+02
1.014976574748052371e+02
1.013082178810006297e+02
1.011257863866893700e+02
1.009502563468791720e+02
1.007815134990783150e+02
1.006194892857917296e+02
1.004640389745298847e+02
1.003150940077977396e+02
1.001725248881046753e+02
1.000362554404561592e+02
9.990616378486103599e+01
9.978215089382645431e+01
9.966411012236012823e+01
9.955195006046865558e+01
9.944556406315973618e+01
9.934484548544111249e+01
9.924969529981991911e+01
9.915999924380443531e+01
9.907568114240014268e+01
9.899660388061697347e+01
9.892269890095987250e+01
9.885383670593822103e+01
9.878992588555860266e+01
9.873085979482873142e+01
9.867654702375523357e+01
9.862687330984635992e+01
9.858173200810981029e+01
9.854103932605165994e+01
9.850467338368071069e+01
9.847254277100356035e+01
9.844453322552848817e+01
9.842055333726210620e+01
9.840049646121210003e+01
9.838425595238619792e+01
9.837174040079099768e+01
9.836284316143421336e+01
9.835744997182410998e+01
9.835546942196729958e+01
9.835678724937201878e+01
9.836131966154435702e+01
9.836894477849310192e+01
9.837956357272543073e+01
9.839304654675068207e+01
9.840928705557658418e+01
9.842817845421085110e+01
9.844959886266227045e+01
9.847342640093968669e+01
9.849956204155023443e+01
9.852787628700326650e+01
9.855827010980597436e+01
9.859062162996714562e+01
9.862481658499504533e+01
9.866073309489848953e+01
9.869826451468519224e+01
9.873730419936283909e+01
9.877772265144082553e+01
9.881941322592683719e+01
9.886226927782858809e+01
9.890615369215599628e+01
9.895097505891567380e+01
9.899660388061697347e+01
9.904294112976705833e+01
9.908986492637473020e+01
9.913725339044881935e+01
9.918499987699702558e+01
9.923298250602816495e+01
9.928109463254993727e+01
9.932922961157005659e+01
9.937725794559787573e+01
9.942506537214167395e+01
9.947254524620916527e+01
9.951958330530857211e+01
9.956606528694820213e+01
9.961186931113682874e+01
9.965688873288219440e+01
9.970100928969252152e+01
9.974410148407720555e+01
9.978607390604284433e+01
9.982679705809879067e+01
9.986617191275222183e+01
9.990406135501304163e+01
9.994036635738839891e+01
9.997496503988710970e+01
1.000077583750163370e+02
1.000386168652854479e+02
1.000674262482026933e+02
1.000940722612763381e+02
1.001184482595140963e+02
1.001404323629247699e+02
1.001599179265160871e+02
1.001767983052957334e+02
1.001910277942670149e+02
1.002025683059327008e+02
1.002113817527955462e+02
1.002174300473582917e+02
1.002206751021236926e+02
1.002210940645934016e+02
1.002186412297707250e+02
1.002132785101584176e+02
1.002049678182592345e+02
1.001936786840753797e+02
1.001793730201095940e+02
1.001620127388646324e+02
1.001415673703427274e+02
1.001179912095471423e+02
1.000912614039795585e+02
1.000613246311438047e+02
1.000281580385415623e+02
9.999171592117610885e+01
9.995197542654912581e+01
9.990888323216444178e+01
9.986241648552372396e+01
9.981252186413081517e+01
9.975919175048626641e+01
9.970235758709505092e+01
9.964200413895825648e+01
9.957809331857863810e+01
9.951057942095950182e+01
9.943943197610305162e+01
9.936461289651204254e+01
9.928609171218867857e+01
9.920382271813625152e+01
9.911777544435696541e+01
9.902791180335358945e+01
9.893420132512831344e+01
9.883659830468445762e+01
9.873507227202419756e+01
9.862958513965030249e+01
9.852009882006554164e+01
9.840657522577264160e+01
9.828898388677380638e+01
9.816728671557181940e+01
9.804145324216885626e+01
9.791143014406877398e+01
9.777719456877322557e+01
9.763870842878498024e+01
9.749594125410621359e+01
9.734883972224081106e+01
9.719738098069039722e+01
9.704152694195775553e+01
9.688125475354451055e+01
9.671661773794680528e+01
9.654768445265970911e+01
9.637453107267769781e+01
9.619720330299747957e+01
9.601579255361242815e+01
9.583035976451814975e+01
9.564096587571023633e+01
9.544769467968262688e+01
9.525059949893146438e+01
9.504975650845125301e+01
9.484523426573703375e+01
9.463710132828384758e+01
9.442541863608727226e+01
9.421025474664239141e+01
9.399170106994255036e+01
9.376979569348503674e+01
9.354461479226431209e+01
9.331624215877432960e+01
9.308473111551124646e+01
9.285015021997008944e+01
9.261258326464481172e+01
9.237208357203155629e+01
9.212871969962534990e+01
9.188256782242071097e+01
9.163368888041323146e+01
9.138215143109793814e+01
9.112803164946932100e+01
9.087139809302244942e+01
9.061230408425345217e+01
9.035083341565626824e+01
9.008704702722650381e+01
8.982102109395864886e+01
8.955282417334773015e+01
8.928250958788991909e+01
8.901014589508024244e+01
8.873582450491208817e+01
8.845959873988162769e+01
8.818153715748387356e+01
8.790170831521388095e+01
8.762018838806613985e+01
8.733703069853680745e+01
8.705231142162037372e+01
8.676610673231131443e+01
8.647846995310580098e+01
8.618947725899829493e+01
8.589920482498332888e+01
8.560770597355700318e+01
8.531506449721329943e+01
8.502133371844833221e+01
8.472658219475717090e+01
8.443084039613759728e+01
8.413412355758850936e+01
8.383645453160826833e+01
8.353784093569629476e+01
8.323832847484932529e+01
8.293792476656678048e+01
8.263664504584755832e+01
8.233450454769057103e+01
8.203154135959306359e+01
8.172777071655393399e+01
8.142320023607261703e+01
8.111786800564637190e+01
8.081178164277464759e+01
8.050496399995579111e+01
8.019743792968816365e+01
7.988921866697063479e+01
7.958033668180101472e+01
7.927079959167876666e+01
7.896063786660165817e+01
7.864986674156861568e+01
7.833850906907798617e+01
7.802658008412865343e+01
7.771410263921896444e+01
7.740109958684728042e+01
7.708759377951193414e+01
7.677360045221183782e+01
7.645913483994588944e+01
7.614422741271188499e+01
7.582889340550870827e+01
7.551315567083472047e+01
7.519702944368883379e+01
7.488053757656936682e+01
7.456370292197468075e+01
7.424654071490367357e+01
7.392908142535415550e+01
7.361133267082554710e+01
7.329331730381622378e+01
7.297507341182341634e+01
7.265658575984824097e+01
7.233790767038682645e+01
7.201904676093863600e+01
7.170002588400200239e+01
7.138085265707637461e+01
7.106156516765902609e+01
7.074217865074882639e+01
7.042270834134468771e+01
7.010317709194494284e+01
6.978360013754851821e+01
6.946400794815319557e+01
