# d_a
# unit = Mpc
0.000000000000000000e+00
4.419682320133868103e+01
8.732180639251133414e+01
1.294050404358376909e+02
1.704755210932942759e+02
2.105612009079874554e+02
2.496890380838803480e+02
2.878850425626187644e+02
3.251743194816721712e+02
3.615811101845038138e+02
3.971288309411518185e+02
4.318401095261795035e+02
4.657368197905120155e+02
4.988401143540075964e+02
5.311704555367185776e+02
5.627476446385821873e+02
5.935908496697200007e+02
6.237186316264846937e+02
6.531489694019569470e+02
6.818992834135672183e+02
7.099864580249849269e+02
7.374268628342754255e+02
7.642363728955438091e+02
7.904303879368791286e+02
8.160238506332905217e+02
8.410312639895299753e+02
8.654667078841271177e+02
8.893438548226955618e+02
9.126759849454849700e+02
9.354760003313011794e+02
9.577564386372619083e+02
9.795294861113885645e+02
1.000806990012704887e+03
1.021600470471384938e+03
1.041921131819466154e+03
1.061779873420783588e+03
1.081187300027024321e+03
1.100153731685166576e+03
1.118689213220038027e+03
1.136803523314325275e+03
1.154506183206987544e+03
1.171806465029826768e+03
1.188713399800759134e+03
1.205235785091276284e+03
1.221382192384528935e+03
1.237160974139524114e+03
1.252580270576045450e+03
1.267648016194016463e+03
1.282371946040301509e+03
1.296759601735150454e+03
1.310818337269824951e+03
1.324555324586284314e+03
1.337977558949215791e+03
1.351091864120093760e+03
1.363904897342441245e+03
1.376423154146955312e+03
1.388652972984673397e+03
1.400600539695931275e+03
1.412271891822431144e+03
1.423672922769354273e+03
1.434809385824076116e+03
1.445686898037695073e+03
1.456310943975284317e+03
1.466686879340410087e+03
1.476819934479249468e+03
1.486715217769297624e+03
1.496377718897440673e+03
1.505812312031916235e+03
1.515023758892458318e+03
1.524016711722699029e+03
1.532795716168720446e+03
1.541365214067433499e+03
1.549729546148300187e+03
1.557892954651735636e+03
1.565859585867382748e+03
1.573633492595259668e+03
1.581218636532709979e+03
1.588618890589871626e+03
1.595838041136307311e+03
1.602879790181304998e+03
1.609747757490226377e+03
1.616445482639205011e+03
1.622976427010361476e+03
1.629343975729637123e+03
1.635551439549224824e+03
1.641602056676524171e+03
1.647498994551431679e+03
1.653245351573732478e+03
1.658844158782250361e+03
1.664298381487379856e+03
1.669610920858534200e+03
1.674784615467978256e+03
1.679822242792481575e+03
1.684726520674132644e+03
1.689500108741632630e+03
1.694145609793324866e+03
1.698665571143160605e+03
1.703062485930760204e+03
1.707338794396689991e+03
1.711496885124030541e+03
1.715539096247254292e+03
1.719467716629428651e+03
1.723284987008687040e+03
1.726993101114889441e+03
1.730594206757383517e+03
1.734090406884688264e+03
1.737483760616964901e+03
1.740776284252048981e+03
1.743969952245815421e+03
1.747066698167636787e+03
1.750068415631635844e+03
1.752976959204427658e+03
1.755794145290033384e+03
1.758521752992596930e+03
1.761161524957549545e+03
1.763715168191808061e+03
1.766184354863602493e+03
1.768570723082508266e+03
1.770875877660208516e+03
1.773101390852540817e+03
1.775248803083327857e+03
1.777319623650494350e+03
1.779315331414950151e+03
1.781237375472712984e+03
1.783087175810710960e+03
1.784866123946716243e+03
1.786575583553829347e+03
1.788216891069924031e+03
1.789791356292455021e+03
1.791300262959016891e+03
1.792744869314035213e+03
1.794126408661935329e+03
1.795446089907171654e+03
1.796705098081439701e+03
1.797904594858408018e+03
1.799045719056307234e+03
1.800129587128671574e+03
1.801157293643546154e+03
1.802129911751469081e+03
1.803048493642498897e+03
1.803914070992572306e+03
1.804727655399469540e+03
1.805490238808649565e+03
1.806202793929206337e+03
1.806866274640205120e+03
1.807481616387641679e+03
1.808049736572240818e+03
1.808571534928356868e+03
1.809047893894170784e+03
1.809479678973419141e+03
1.809867739088849476e+03
1.810212906927624999e+03
1.810515999278876052e+03
1.810777817363566555e+03
1.810999147156909430e+03
1.811180759703479453e+03
1.811323411425207269e+03
1.811427844422455109e+03
1.811494786768306540e+03
1.811524952796264643e+03
1.811519043381506208e+03
1.811477746215847219e+03
1.811401736076583575e+03
1.811291675089336422e+03
1.811148212985073769e+03
1.810971987351417283e+03
1.810763623878396174e+03
1.810523736598777532e+03
1.810252928123084530e+03
1.809951789869456434e+03
1.809620902288456818e+03
1.809260835082951417e+03
1.808872147423178149e+03
1.808455388157121433e+03
1.808011096016301053e+03
1.807539799817081530e+03
1.807042018657613198e+03
1.806518262110505930e+03
1.805969030411334643e+03
1.805394814643070958e+03
1.804796096916545366e+03
1.804173350547024711e+03
1.803527040226998224e+03
1.802857622195264184e+03
1.802165544402393607e+03
1.801451246672665548e+03
1.800715160862550420e+03
1.799957711015820450e+03
1.799179313515369131e+03
1.798380377231808097e+03
1.797561303668927849e+03
1.796722487106081189e+03
1.795864314737560562e+03
1.794987166809060227e+03
1.794091416751253064e+03
1.793177431310576139e+03
1.792245570677285059e+03
1.791296188610820082e+03
1.790329632562569714e+03
1.789346243796075896e+03
1.788346357504743537e+03
1.787330302927101457e+03
1.786298403459692963e+03
1.785250976767616976e+03
1.784188334892801322e+03
1.783110784360044590e+03
1.782018626280872923e+03
1.780912156455276318e+03
1.779791665471351962e+03
1.778657438802918705e+03
1.777509756905134054e+03
1.776348895308170540e+03
1.775175124708980547e+03
1.773988711061204640e+03
1.772789915663253851e+03
1.771578995244615726e+03
1.770356202050413685e+03
1.769121783924266765e+03
1.767875984389480209e+03
1.766619042728607610e+03
1.765351194061416209e+03
1.764072669421292403e+03
1.762783695830127044e+03
1.761484496371700061e+03
1.760175290263607621e+03
1.758856292927765480e+03
1.757527716059502382e+03
1.756189767695300588e+03
1.754842652279183994e+03
1.753486569782887273e+03
1.752121719520158194e+03
1.750748294626586585e+03
1.749366485814527095e+03
1.747976480516755373e+03
1.746578462945413548e+03
1.745172614149802939e+03
1.743759112073052847e+03
1.742338131607683863e+03
1.740909844650097057e+03
1.739474420153997016e+03
1.738032024182796931e+03
1.736582819960994584e+03
1.735126967924567452e+03
1.733664625770393741e+03
1.732195948504725720e+03
1.730721088490732882e+03
1.729240195495127864e+03
1.727753416733915401e+03
1.726260896917248829e+03
1.724762778293449855e+03
1.723259200692175682e+03
1.721750301566780308e+03
1.720236216035860707e+03
1.718717076924021057e+03
1.717193014801870504e+03
1.715664158025260122e+03
1.714130632773785237e+03
1.712592563088559245e+03
1.711050070909286660e+03
1.709503276110630168e+03
1.707952296537907159e+03
1.706397248042115280e+03
1.704838244514302914e+03
1.703275397919304851e+03
1.701708818328847656e+03
1.700138613954039101e+03
1.698564891177262552e+03
1.696987754583472906e+03
1.695407306990921597e+03
1.693823649481312259e+03
1.692236881429399091e+03
1.690647100532049080e+03
1.689054402836761483e+03
1.687458882769673210e+03
1.685860633163046714e+03
1.684259745282256972e+03
1.682656308852292113e+03
1.681050412083764513e+03
1.679442141698449859e+03
1.677831582954372379e+03
1.676218819670422363e+03
1.674603934250539851e+03
1.672987007707455177e+03
1.671368119686002501e+03
1.669747348486017700e+03
1.668124771084821987e+03
1.666500463159299670e+03
1.664874499107585962e+03
1.663246952070365069e+03
1.661617893951784254e+03
1.659987395440002501e+03
1.658355526027365158e+03
1.656722354030225233e+03
1.655087946608416587e+03
1.653452369784370603e+03
1.651815688461903392e+03
1.650177966444676258e+03
1.648539266454312838e+03
1.646899650148217461e+03
1.645259178137067920e+03
1.643617910002002418e+03
1.641975904311510249e+03
1.640333218638023027e+03
1.638689909574216244e+03
1.637046032749029564e+03
1.635401642843399713e+03
1.633756793605734401e+03
1.632111537867100424e+03
1.630465927556162114e+03
1.628820013713851495e+03
1.627173846507791040e+03
1.625527475246466111e+03
1.623880948393149765e+03
1.622234313579593845e+03
1.620587617619473122e+03
1.618940906521617990e+03
1.617294225502998643e+03
1.615647619001504154e+03
1.614001130688491457e+03
1.612354803481130830e+03
1.610708679554527635e+03
1.609062800353651710e+03
1.607417206605055298e+03
1.605771938328393617e+03
1.604127034847750565e+03
1.602482534802775945e+03
1.600838476159629863e+03
1.599194896221746149e+03
1.597551831640409318e+03
1.595909318425159427e+03
1.594267391954019104e+03
1.592626086983548248e+03
1.590985437658732735e+03
1.589345477522708052e+03
1.587706239526312402e+03
1.586067756037494746e+03
1.584430058850550040e+03
1.582793179195214861e+03
1.581157147745602742e+03
1.579521994628993298e+03
1.577887749434479019e+03
1.576254441221466550e+03
1.574622098528030847e+03
1.572990749379149520e+03
1.571360421294774824e+03
1.569731141297801059e+03
1.568102935921882136e+03
1.566475831219123620e+03
1.564849852767651782e+03
1.563225025679064174e+03
1.561601374605741739e+03
1.559978923748061789e+03
1.558357696861475461e+03
1.556737717263483546e+03
1.555119007840487939e+03
1.553501591054539631e+03
1.551885488949974388e+03
1.550270723159937688e+03
1.548657314912808488e+03
1.547045285038520433e+03
1.545434653974772573e+03
1.543825441773148214e+03
1.542217668105132361e+03
1.540611352268032761e+03
1.539006513190800661e+03
1.537403169439769499e+03
1.535801339224290587e+03
1.534201040402281251e+03
1.532602290485689309e+03
1.531005106645864771e+03
1.529409505718847413e+03
1.527815504210568633e+03
1.526223118301974409e+03
1.524632363854065716e+03
1.523043256412852543e+03
1.521455811214239020e+03
1.519870043188824184e+03
1.518285966966629076e+03
1.516703596881749263e+03
1.515122946976933235e+03
1.513544031008090997e+03
1.511966862448727170e+03
1.510391454494305890e+03
1.508817820066552258e+03
1.507245971817676036e+03
1.505675922134540542e+03
1.504107683142756287e+03
1.502541266710716400e+03
1.500976684453567941e+03
1.499413947737121134e+03
1.497853067681694029e+03
1.496294055165903274e+03
1.494736920830392137e+03
1.493181675081498952e+03
1.491628328094876224e+03
1.490076889819042663e+03
1.488527369978888601e+03
1.486979778079122070e+03
1.485434123407669176e+03
1.483890415039009895e+03
1.482348661837470445e+03
