# d_l
# unit = Mpc
0.000000000000000000e+00
4.508517934768558888e+01
9.084960737076879411e+01
1.372858073983802001e+02
1.843863236145070914e+02
2.321437240010561709e+02
2.805506031910479692e+02
3.295995852299422495e+02
3.792833262434224935e+02
4.295945170102090174e+02
4.805258854387938072e+02
5.320701989472058813e+02
5.842202667452183960e+02
6.369689420186322195e+02
6.903091240155196147e+02
7.442337600345248347e+02
7.987358473155750289e+02
8.538084348334947435e+02
9.094446249952848120e+02
9.656375752419523906e+02
1.022380499555978190e+03
1.079666669875662592e+03
1.137489417417727509e+03
1.195842133909704444e+03
1.254718272733747654e+03
1.314111349983640594e+03
1.374014945436840208e+03
1.434422703443525734e+03
1.495328333734682474e+03
1.556725612151318501e+03
1.618608381296972766e+03
1.680970551115754233e+03
1.743806099398137121e+03
1.807109072216833056e+03
1.870873584295033652e+03
1.935093819309378432e+03
1.999764030129983666e+03
2.064878538999889315e+03
2.130431737656240330e+03
2.196418087395608381e+03
2.262832119085695012e+03
2.329668433125799311e+03
2.396921699358250407e+03
2.464586656933150607e+03
2.532658114128559191e+03
2.601130948128349246e+03
2.670000104759898477e+03
2.739260598193649912e+03
2.808907510606676169e+03
2.878935991812207703e+03
2.949341258857106368e+03
3.020118595589186953e+03
3.091263352196268443e+03
3.162770944718727606e+03
3.234636854537333875e+03
3.306856627838060376e+03
3.379425875055501365e+03
3.452340270296501330e+03
3.525595550745517812e+03
3.599187516053204035e+03
3.673112027709635186e+03
3.747365008403508909e+03
3.821942441368737036e+03
3.896840369719534920e+03
3.972054895775389923e+03
4.047582180376912220e+03
4.123418442193787996e+03
4.199559957025810945e+03
4.276003057098074351e+03
4.352744130351200511e+03
4.429779619727602949e+03
4.507106022454582671e+03
4.584719889325131589e+03
4.662617823977178887e+03
4.740796482172087963e+03
4.819252571072982391e+03
4.897982848523722168e+03
4.976984122329008642e+03
5.056253249536276599e+03
5.135787135719919206e+03
5.215582734268333297e+03
5.295637045674299770e+03
5.375947116829122024e+03
5.456510040320982625e+03
5.537322953737854732e+03
5.618383038975404816e+03
5.699687521550132260e+03
5.781233669918186024e+03
5.863018794799984789e+03
5.945040248511069876e+03
6.027295424299308252e+03
6.109781755688733028e+03
6.192496715830203357e+03
6.275437816859077429e+03
6.358602609260008649e+03
6.441988681239118705e+03
6.525593658103565758e+03
6.609415201648687798e+03
6.693451009552783034e+03
6.777698814779672830e+03
6.862156384989017170e+03
6.946821521954552736e+03
7.031692060990247228e+03
7.116765870384349910e+03
7.202040850841527572e+03
7.287514934932901269e+03
7.373186086554152098e+03
7.459052300391606877e+03
7.545111601396296464e+03
7.631362044266053090e+03
7.717801712935513933e+03
7.804428720074034572e+03
7.891241206591526861e+03
7.978237341152112094e+03
8.065415319695594917e+03
8.152773364966635199e+03
8.240309726051624239e+03
8.328022677923223455e+03
8.415910520992372767e+03
8.503971580667870512e+03
8.592204206923308448e+03
8.680606773871379119e+03
8.769177679345439174e+03
8.857915344488254050e+03
8.946818213347825804e+03
9.035884752480251336e+03
9.125113450559536432e+03
9.214502817994211000e+03
9.304051386550700045e+03
9.393757708983379416e+03
9.483620358671243594e+03
9.573637929260952660e+03
9.663809034316362158e+03
9.754132306974328458e+03
9.844606399606698687e+03
9.935229983488456128e+03
1.002600174847185190e+04
1.011692040266643562e+04
1.020798467212501964e+04
1.029919330053531849e+04
1.039054504891721808e+04
1.048203869532566023e+04
1.057367303455897490e+04
1.066544687787256771e+04
1.075735905269792420e+04
1.084940840236682197e+04
1.094159378584057231e+04
1.103391407744440949e+04
1.112636816660670775e+04
1.121895495760309859e+04
1.131167336930530837e+04
1.140452233493472886e+04
1.149750080182057536e+04
1.159060773116245582e+04
1.168384209779751836e+04
1.177720288997187345e+04
1.187068910911623789e+04
1.196429976962587534e+04
1.205803389864455676e+04
1.215189053585262263e+04
1.224586873325898341e+04
1.233996755499697611e+04
1.243418607712410085e+04
1.252852338742542997e+04
1.262297858522077149e+04
1.271755078117533048e+04
1.281223909711398119e+04
1.290704266583902609e+04
1.300196063095124009e+04
1.309699214667437263e+04
1.319213637768285298e+04
1.328739249893270426e+04
1.338275969549563888e+04
1.347823716239621172e+04
1.357382410445198548e+04
1.366951973611667745e+04
1.376532328132623297e+04
1.386123397334770198e+04
1.395725105463096043e+04
1.405337377666312750e+04
1.414960139982571491e+04
1.424593319325436278e+04
1.434236843470118401e+04
1.443890641039965158e+04
1.453554641493194322e+04
1.463228775109872731e+04
1.472912972979132246e+04
1.482607166986621269e+04
1.492311289802187639e+04
1.502025274867778535e+04
1.511749056385568656e+04
1.521482569306300684e+04
1.531225749317833652e+04
1.540978532833909776e+04
1.550740856983113008e+04
1.560512659598028949e+04
1.570293879204610130e+04
1.580084455011717910e+04
1.589884326900864289e+04
1.599693435416130160e+04
1.609511721754269092e+04
1.619339127754983383e+04
1.629175595891378362e+04
1.639021069260581862e+04
1.648875491574531043e+04
1.658738807150931461e+04
1.668610960904358217e+04
1.678491898337533348e+04
1.688381565532743480e+04
1.698279909143414625e+04
1.708186876385833966e+04
1.718102415031015335e+04
1.728026473396710207e+04
1.737959000339551494e+04
1.747899945247342112e+04
1.757849258031470163e+04
1.767806889119461266e+04
1.777772789447656396e+04
1.787746910454018143e+04
1.797729204071058484e+04
1.807719622718890241e+04
1.817718119298393867e+04
1.827724647184509013e+04
1.837739160219630867e+04
1.847761612707125096e+04
1.857791959404952286e+04
1.867830155519396794e+04
1.877876156698908017e+04
1.887929919028037693e+04
1.897991397998695174e+04
1.908060552557452684e+04
1.918137339075834461e+04
1.928221715324204342e+04
1.938313639480224811e+04
1.948413070123385114e+04
1.958519966229616693e+04
1.968634287165993737e+04
1.978755992685530509e+04
1.988885042922056891e+04
1.999021398385175053e+04
2.009165019955313255e+04
2.019315868878844412e+04
2.029473906763290870e+04
2.039639095572610677e+04
2.049811397622552249e+04
2.059990775576094893e+04
2.070177192438947168e+04
2.080370611555140204e+04
2.090570996602665036e+04
2.100778311589205259e+04
2.110992520847915148e+04
2.121213589033289463e+04
2.131441481117072908e+04
2.141676162384253621e+04
2.151917598429112331e+04
2.162165755151334452e+04
2.172420598752184378e+04
2.182682095730737637e+04
2.192950212880178151e+04
2.203224917284140975e+04
2.213506176313127798e+04
2.223793957620964648e+04
2.234088229141323245e+04
2.244388959084288581e+04
2.254696115932990142e+04
2.265009668440268797e+04
2.275329585625413893e+04
2.285655836770933456e+04
2.295988391419385880e+04
2.306327219370249441e+04
2.316672290676847479e+04
2.327023575643317599e+04
2.337381044821624528e+04
2.347744669008618439e+04
2.358114419243143493e+04
2.368490266803174018e+04
2.378872183203016903e+04
2.389260140190533639e+04
2.399654109744413290e+04
2.410054064071490211e+04
2.420459975604090141e+04
2.430871816997426140e+04
2.441289561127026536e+04
2.451713181086199984e+04
2.462142650183541991e+04
2.472577941940477467e+04
2.483019030088829822e+04
2.493465888568440641e+04
2.503918491524810452e+04
2.514376813306779513e+04
2.524840828464243896e+04
2.535310511745896292e+04
2.545785838097005035e+04
2.556266782657233489e+04
2.566753320758465634e+04
2.577245427922684758e+04
2.587743079859883437e+04
2.598246252465977886e+04
2.608754921820782329e+04
2.619269064185993557e+04
2.629788656003203869e+04
2.640313673891951476e+04
2.650844094647790189e+04
2.661379895240389305e+04
2.671921052811656045e+04
2.682467544673887460e+04
2.693019348307948894e+04
2.703576441361473553e+04
2.714138801647090077e+04
2.724706407140667943e+04
2.735279235979596342e+04
2.745857266461082327e+04
2.756440477040468249e+04
2.767028846329577209e+04
2.777622353095072685e+04
2.788220976256857102e+04
2.798824694886469661e+04
2.809433488205525282e+04
2.820047335584159373e+04
2.830666216539507150e+04
2.841290110734186965e+04
2.851918997974815647e+04
2.862552858210547492e+04
2.873191671531612155e+04
2.883835418167892567e+04
2.894484078487514125e+04
2.905137632995449530e+04
2.915796062332146903e+04
2.926459347272167724e+04
2.937127468722847698e+04
2.947800407722982345e+04
2.958478145441510060e+04
2.969160663176233720e+04
2.979847942352550308e+04
2.990539964522180890e+04
3.001236711361948983e+04
3.011938164672540734e+04
3.022644306377309840e+04
3.033355118521073746e+04
3.044070583268942937e+04
3.054790682905152062e+04
3.065515399831920513e+04
3.076244716568302101e+04
3.086978615749086748e+04
3.097717080123666892e+04
3.108460092554970834e+04
3.119207636018370977e+04
3.129959693600619721e+04
3.140716248498788264e+04
3.151477284019250510e+04
3.162242783576626971e+04
3.173012730692794503e+04
3.183787108995868039e+04
3.194565902219222335e+04
3.205349094200499894e+04
3.216136668880661819e+04
3.226928610303019377e+04
3.237724902612298683e+04
3.248525530053703551e+04
3.259330476972005272e+04
3.270139727810618206e+04
3.280953267110711749e+04
3.291771079510318668e+04
3.302593149743459071e+04
3.313419462639266567e+04
3.324250003121142072e+04
3.335084756205900339e+04
3.345923707002931042e+04
3.356766840713375859e+04
3.367614142629309936e+04
3.378465598132934247e+04
3.389321192695767240e+04
3.400180911877871404e+04
3.411044741327063093e+04
3.421912666778140556e+04
3.432784674052126502e+04
3.443660749055509950e+04
3.454540877779500443e+04
3.465425046299296082e+04
3.476313240773345751e+04
3.487205447442642617e+04
3.498101652630000171e+04
3.509001842739351559e+04
3.519906004255059088e+04
3.530814123741215008e+04
3.541726187840972125e+04
3.552642183275864227e+04
3.563562096845138876e+04
3.574485915425104758e+04
3.585413625968481938e+04
3.596345215503747750e+04
3.607280671134511067e+04
3.618219980038880749e+04
3.629163129468831903e+04
3.640110106749611441e+04
3.651060899279109435e+04
3.662015494527262490e+04
3.672973880035460024e+04
3.683936043415956374e+04
3.694901972351285076e+04
3.705871654593676067e+04
