# d_m
# unit = Mpc
0.000000000000000000e+00
4.463879143335206834e+01
8.906824252036156508e+01
1.332871916489128239e+02
1.772945419370260538e+02
2.210892609533868267e+02
2.646703803689131860e+02
3.080369955420021029e+02
3.511882650402059767e+02
3.941234101011091866e+02
4.368417140352670458e+02
4.793425215740592762e+02
5.216252381653735029e+02
5.636893292200285259e+02
6.055343193118592353e+02
6.471597913343695154e+02
6.885653856168751190e+02
7.297507990029870371e+02
7.707157838943091974e+02
8.114601472621449147e+02
8.519837496299818440e+02
8.922865040294732353e+02
9.323683749325634835e+02
9.722293771623612884e+02
1.011869574785280292e+03
1.051289079986912384e+03
1.090488051934000168e+03
1.129466695624823387e+03
1.168225260730220725e+03
1.206764040427378632e+03
1.245083370228440572e+03
1.283183626805919175e+03
1.321065226816770519e+03
1.358728625726942028e+03
1.396174316638084747e+03
1.433402829118057980e+03
1.470414728036752877e+03
1.507210612408678344e+03
1.543791114243652373e+03
1.580156897406912321e+03
1.616308656489782379e+03
1.652247115692056013e+03
1.687973027717077912e+03
1.723487172680524964e+03
1.758790357033721648e+03
1.793883412502309966e+03
1.828767195041026298e+03
1.863442583805204094e+03
1.897910480139646097e+03
1.932171806585374270e+03
1.966227505904737427e+03
2.000078540125289237e+03
2.033725889602808138e+03
2.067170552103743375e+03
2.100413541907359559e+03
2.133455888927780961e+03
2.166298637856090409e+03
2.198942847322612124e+03
2.231389589079441521e+03
2.263639947203273096e+03
2.295695017318521877e+03
2.327555905840688865e+03
2.359223729239960903e+03
2.390699613324868096e+03
2.421984692545969210e+03
2.453080109319340863e+03
2.483987013369751821e+03
2.514706561093300024e+03
2.545239914939329992e+03
2.575588242811361397e+03
2.605752717486825077e+03
2.635734516055311360e+03
2.665534819375076495e+03
2.695154811547502504e+03
2.724595679409245804e+03
2.753858612041704419e+03
2.782944800297569600e+03
2.811855436344072587e+03
2.840591713222627277e+03
2.869154824424535946e+03
2.897545963482407387e+03
2.925766323576960986e+03
2.953817097158857905e+03
2.981699475585236087e+03
3.009414648770573422e+03
3.036963804851569876e+03
3.064348129865662941e+03
3.091568807442879915e+03
3.118627018510630478e+03
3.145523941011148054e+03
3.172260749631214821e+03
3.198838615543838841e+03
3.225258706161564533e+03
3.251522184901076344e+03
3.277630210958767293e+03
3.303583939096983613e+03
3.329384519440594886e+03
3.355033097283597726e+03
3.380530812905446055e+03
3.405878801396820563e+03
3.431078192494508585e+03
3.456130110425151088e+03
3.481035673757548011e+03
3.505795995263225905e+03
3.530412181785062330e+03
3.554885334113610497e+03
3.579216546870947695e+03
3.603406908401741930e+03
3.627457500671296202e+03
3.651369399170360794e+03
3.675143672826435250e+03
3.698781383921342695e+03
3.722283588014870929e+03
3.745651333874231113e+03
3.768885663409156223e+03
3.791987611612387809e+03
3.814958206505381440e+03
3.837798469089043010e+03
3.860509413299253993e+03
3.883092045967064223e+03
3.905547366783321650e+03
3.927876368267592625e+03
3.950080035741189022e+03
3.972159347304149833e+03
3.994115273815993078e+03
4.015948778880111604e+03
4.037660818831654069e+03
4.059252342728727399e+03
4.080724292346797938e+03
4.102077602176148503e+03
4.123313199422280377e+03
4.144432004009070624e+03
4.165434928584638328e+03
4.186322878529754234e+03
4.207096751968674653e+03
4.227757439782321853e+03
4.248305825623665442e+03
4.268742785935204665e+03
4.289069189968496175e+03
4.309285899805572626e+03
4.329393770382173898e+03
4.349393649512721822e+03
4.369286377916931997e+03
4.389072789247970832e+03
4.408753710122100529e+03
4.428329960149722865e+03
4.447802351967712639e+03
4.467171691273040778e+03
4.486438776857543417e+03
4.505604400643814188e+03
4.524669347722123348e+03
4.543634396388338246e+03
4.562500318182767842e+03
4.581267877929823953e+03
4.599937833778550157e+03
4.618510937243871922e+03
4.636987933248530680e+03
4.655369560165710027e+03
4.673656549862231259e+03
4.691849627742325538e+03
4.709949512791916277e+03
4.727956917623361733e+03
4.745872548520648706e+03
4.763697105484954591e+03
4.781431282280595042e+03
4.799075766481256323e+03
4.816631239516534151e+03
4.834098376718736290e+03
4.851477847369866140e+03
4.868770314748837336e+03
4.885976436178833865e+03
4.903096863074798421e+03
4.920132240991044455e+03
4.937083209668941890e+03
4.953950403084665595e+03
4.970734449496973866e+03
4.987435971495012382e+03
5.004055586046101780e+03
5.020593904543510689e+03
5.037051532854167817e+03
5.053429071366326752e+03
5.069727115037139811e+03
5.085946253440135479e+03
5.102087070812597631e+03
5.118150146102797407e+03
5.134136053017096856e+03
5.150045360066895228e+03
5.165878630615405200e+03
5.181636422924262661e+03
5.197319290199925490e+03
5.212927780639891353e+03
5.228462437478696302e+03
5.243923799033676914e+03
5.259312398750545981e+03
5.274628765248683521e+03
5.289873422366199520e+03
5.305046889204763829e+03
5.320149680174135028e+03
5.335182305036457365e+03
5.350145268950267564e+03
5.365039072514230611e+03
5.379864211810575398e+03
5.394621178448272985e+03
5.409310459605880169e+03
5.423932538074115655e+03
5.438487892298136103e+03
5.452976996419471106e+03
5.467400320317698061e+03
5.481758329651764143e+03
5.496051485901018168e+03
5.510280246405915932e+03
5.524445064408409962e+03
5.538546389092019126e+03
5.552584665621569911e+03
5.566560335182617564e+03
5.580473835020539809e+03
5.594325598479307700e+03
5.608116055039925413e+03
5.621845630358547169e+03
5.635514746304258551e+03
5.649123820996532231e+03
5.662673268842348989e+03
5.676163500573009514e+03
5.689594923280591502e+03
5.702967940454089330e+03
5.716282952015238152e+03
5.729540354353977818e+03
5.742740540363633045e+03
5.755883899475724320e+03
5.768970814585699372e+03
5.782001674416522292e+03
5.794976855214001262e+03
5.807896732904229793e+03
5.820761680120795063e+03
5.833572066237680701e+03
5.846328257401840347e+03
5.859030616565457422e+03
5.871679503517894773e+03
5.884275274917327806e+03
5.896818284322050204e+03
5.909308882221509521e+03
5.921747416066991718e+03
5.934134230302020114e+03
5.946469666392450563e+03
5.958754062856256496e+03
5.970987755293028385e+03
5.983171076413142146e+03
5.995304356066686523e+03
6.007387921272025778e+03
6.019422096244140448e+03
6.031407202422615228e+03
6.043343558499399478e+03
6.055231480446229398e+03
6.067071281541794633e+03
6.078863272398622030e+03
6.090607760989673807e+03
6.102305052674675608e+03
6.113955450226156245e+03
6.125559253855246425e+03
6.137116761237161882e+03
6.148628267536465501e+03
6.160094065432035677e+03
6.171514445141776378e+03
6.182889694447076181e+03
6.194220098717005385e+03
6.205505940932242993e+03
6.216747501708780874e+03
6.227945059321345070e+03
6.239098889726591551e+03
6.250209266586041849e+03
6.261276461288776773e+03
6.272300742973901833e+03
6.283282378552753471e+03
6.294221632730880629e+03
6.305118768029795319e+03
6.315974044808463987e+03
6.326787721284618783e+03
6.337560053555792365e+03
6.348291295620140772e+03
6.358981699397071679e+03
6.369631514747605252e+03
6.380240989494556743e+03
6.390810369442478077e+03
6.401339898397389334e+03
6.411829818186307421e+03
6.422280368676564649e+03
6.432691787794896300e+03
6.443064311546358113e+03
6.453398174033016403e+03
6.463693607472440817e+03
6.473950842216009733e+03
6.484170106766998288e+03
6.494351627798482696e+03
6.504495630171077210e+03
6.514602336950420067e+03
6.524671969424518466e+03
6.534704747120918000e+03
6.544700887823621997e+03
6.554660607589905339e+03
6.564584120766900924e+03
6.574471640008009672e+03
6.584323376289155931e+03
6.594139538924851877e+03
6.603920335584091845e+03
6.613665972306079311e+03
6.623376653515770158e+03
6.633052582039282242e+03
6.642693959119099418e+03
6.652300984429141863e+03
6.661873856089652691e+03
6.671412770681942675e+03
6.680917923262974909e+03
6.690389507379777569e+03
6.699827715083722069e+03
6.709232736944619319e+03
6.718604762064715032e+03
6.727943978092474936e+03
6.737250571236271753e+03
6.746524726277893933e+03
6.755766626585937047e+03
6.764976454129016020e+03
6.774154389488873676e+03
6.783300611873334674e+03
6.792415299129105733e+03
6.801498627754463087e+03
6.810550772911798049e+03
6.819571908440022526e+03
6.828562206866855377e+03
6.837521839420952347e+03
6.846450976043934133e+03
6.855349785402283487e+03
6.864218434899094063e+03
6.873057090685725598e+03
6.881865917673326294e+03
6.890645079544196051e+03
6.899394738763101486e+03
6.908115056588397238e+03
6.916806193083089056e+03
6.925468307125739557e+03
6.934101556421281202e+03
6.942706097511708322e+03
6.951282085786667267e+03
6.959829675493896502e+03
6.968349019749632134e+03
6.976840270548799708e+03
6.985303578775215101e+03
6.993739094211594420e+03
7.002146965549483866e+03
7.010527340399080458e+03
7.018880365298998186e+03
7.027206185725837713e+03
7.035504946103757902e+03
7.043776789813868163e+03
7.052021859203580789e+03
7.060240295595815041e+03
7.068432239298156674e+03
7.076597829611883753e+03
7.084737204840916093e+03
7.092850502300662811e+03
7.100937858326808964e+03
7.108999408283953017e+03
7.117035286574212478e+03
7.125045626645711309e+03
7.133030561000991838e+03
7.140990221205315720e+03
7.148924737894928512e+03
7.156834240785194197e+03
7.164718858678653305e+03
7.172578719473025558e+03
7.180413950169105192e+03
7.188224676878583523e+03
7.196011024831777831e+03
7.203773118385320231e+03
7.211511081029731031e+03
7.219225035396921157e+03
7.226915103267635459e+03
7.234581405578803242e+03
7.242224062430819686e+03
7.249843193094761773e+03
7.257438916019510543e+03
7.265011348838837876e+03
7.272560608378378674e+03
7.280086810662554853e+03
7.287590070921447477e+03
7.295070503597551578e+03
7.302528222352520970e+03
7.309963340073794825e+03
7.317375968881188783e+03
7.324766220133411480e+03
7.332134204434522871e+03
7.339480031640301604e+03
7.346803810864585103e+03
7.354105650485529623e+03
7.361385658151789357e+03
7.368643940788687360e+03
7.375880604604261862e+03
7.383095755095287132e+03
7.390289497053237938e+03
7.397461934570193080e+03
7.404613171044659794e+03
7.411743309187351770e+03
