# h
# unit = 1.0/Mpc
2.234983572352491476e-04
2.245459218828066233e-04
2.256094304252881453e-04
2.266888636198845176e-04
2.277841992483695935e-04
2.288954122027032142e-04
2.300224745711790134e-04
2.311653557249625614e-04
2.323240224048724793e-04
2.334984388082589682e-04
2.346885666758424674e-04
2.358943653783769970e-04
2.371157920030109807e-04
2.383528014392229805e-04
2.396053464642146249e-04
2.408733778276500896e-04
2.421568443356374753e-04
2.434556929338521766e-04
2.447698687897099739e-04
2.460993153735022729e-04
2.474439745384124476e-04
2.488037865993385851e-04
2.501786904104529182e-04
2.515686234414344648e-04
2.529735218523175761e-04
2.543933205669038074e-04
2.558279533446897332e-04
2.572773528512700496e-04
2.587414507271792617e-04
2.602201776551394861e-04
2.617134634256891058e-04
2.632212370011689133e-04
2.647434265780476887e-04
2.662799596475750718e-04
2.678307630547502880e-04
2.693957630556019045e-04
2.709748853727759598e-04
2.725680552494339306e-04
2.741751975014636799e-04
2.757962365680125482e-04
2.774310965603509903e-04
2.790797013090803641e-04
2.807419744096990746e-04
2.824178392665463726e-04
2.841072191351407743e-04
2.858100371629354922e-04
2.875262164285152171e-04
2.892556799792562051e-04
2.909983508674779699e-04
2.927541521851123813e-04
2.945230070969198795e-04
2.963048388722802347e-04
2.980995709155902684e-04
2.999071267952979755e-04
3.017274302716046477e-04
3.035604053228679617e-04
3.054059761707376345e-04
3.072640673040563891e-04
3.091346035015594073e-04
3.110175098534055009e-04
3.129127117815724726e-04
3.148201350591497342e-04
3.167397058285623904e-04
3.186713506187569271e-04
3.206149963613841216e-04
3.225705704060089353e-04
3.245380005343804033e-04
3.265172149737925831e-04
3.285081424095682751e-04
3.305107119966957645e-04
3.325248533706481294e-04
3.345504966574154170e-04
3.365875724827795058e-04
3.386360119808579441e-04
3.406957468019472849e-04
3.427667091196905298e-04
3.448488316375987136e-04
3.469420475949491268e-04
3.490462907720877144e-04
3.511614954951611852e-04
3.532875966402999716e-04
3.554245296372792557e-04
3.575722304726774666e-04
3.597306356925572958e-04
3.618996824046887451e-04
3.640793082803368678e-04
3.662694515556319291e-04
3.684700510325456761e-04
3.706810460794873231e-04
3.729023766315440287e-04
3.751339831903771366e-04
3.773758068237968982e-04
3.796277891650288463e-04
3.818898724116888996e-04
3.841619993244830785e-04
3.864441132256467423e-04
3.887361579971362478e-04
3.910380780785891320e-04
3.933498184650643633e-04
3.956713247045765946e-04
3.980025428954350980e-04
4.003434196834023957e-04
4.026939022586802867e-04
4.050539383527357361e-04
4.074234762349786092e-04
4.098024647092990001e-04
4.121908531104746744e-04
4.145885913004575675e-04
4.169956296645493704e-04
4.194119191074730316e-04
4.218374110493492281e-04
4.242720574215849087e-04
4.267158106626821475e-04
4.291686237139735434e-04
4.316304500152915368e-04
4.341012435005772285e-04
4.365809585934355298e-04
4.390695502026428255e-04
4.415669737176113226e-04
4.440731850038169147e-04
4.465881403981940886e-04
4.491117967045039948e-04
4.516441111886800768e-04
4.541850415741543459e-04
4.567345460371690746e-04
4.592925832020790570e-04
4.618591121366458457e-04
4.644340923473291708e-04
4.670174837745780867e-04
4.696092467881243424e-04
4.722093421822831779e-04
4.748177311712621445e-04
4.774343753844793024e-04
4.800592368618985498e-04
4.826922780493788289e-04
4.853334617940416014e-04
4.879827513396590316e-04
4.906401103220640707e-04
4.933055027645854781e-04
4.959788930735067490e-04
4.986602460335529596e-04
5.013495268034069956e-04
5.040467009112544567e-04
5.067517342503608706e-04
5.094645930746806743e-04
5.121852439944990466e-04
5.149136539721097363e-04
5.176497903175271507e-04
5.203936206842346571e-04
5.231451130649705057e-04
5.259042357875490974e-04
5.286709575107248612e-04
5.314452472200902836e-04
5.342270742240157883e-04
5.370164081496286469e-04
5.398132189388325482e-04
5.426174768443672814e-04
5.454291524259082110e-04
5.482482165462087935e-04
5.510746403672821259e-04
5.539083953466261874e-04
5.567494532334880042e-04
5.595977860651715069e-04
5.624533661633855045e-04
5.653161661306352424e-04
5.681861588466528834e-04
5.710633174648716828e-04
5.739476154089413621e-04
5.768390263692842494e-04
5.797375242996932699e-04
5.826430834139711360e-04
5.855556781826094358e-04
5.884752833295108735e-04
5.914018738287507571e-04
5.943354249013767590e-04
5.972759120122541048e-04
6.002233108669459980e-04
6.031775974086356785e-04
6.061387478150876210e-04
6.091067384956477641e-04
6.120815460882830968e-04
6.150631474566592991e-04
6.180515196872562230e-04
6.210466400865215361e-04
6.240484861780636137e-04
6.270570356998781498e-04
6.300722666016142330e-04
6.330941570418770680e-04
6.361226853855649586e-04
6.391578302012439119e-04
6.421995702585568287e-04
6.452478845256671720e-04
6.483027521667393892e-04
6.513641525394507767e-04
6.544320651925400988e-04
6.575064698633873231e-04
6.605873464756281590e-04
6.636746751368010136e-04
6.667684361360260402e-04
6.698686099417157369e-04
6.729751771993189389e-04
6.760881187290943006e-04
6.792074155239147867e-04
6.823330487471043629e-04
6.854649997303025521e-04
6.886032499713607563e-04
6.917477811322653592e-04
6.948985750370927040e-04
6.980556136699913932e-04
7.012188791731915850e-04
7.043883538450450808e-04
7.075640201380888322e-04
7.107458606571406476e-04
7.139338581574163674e-04
7.171279955426778296e-04
7.203282558634037120e-04
7.235346223149883476e-04
7.267470782359646084e-04
7.299656071062516184e-04
7.331901925454279443e-04
7.364208183110292896e-04
7.396574682968681987e-04
7.429001265313799974e-04
7.461487771759898763e-04
7.494034045235050193e-04
7.526639929965261381e-04
7.559305271458860052e-04
7.592029916491052242e-04
7.624813713088722869e-04
7.657656510515455312e-04
7.690558159256740724e-04
7.723518511005402019e-04
7.756537418647240119e-04
7.789614736246863432e-04
7.822750319033704896e-04
7.855944023388269958e-04
7.889195706828545018e-04
7.922505227996616203e-04
7.955872446645459450e-04
7.989297223625937668e-04
8.022779420873941015e-04
8.056318901397758114e-04
8.089915529265575200e-04
8.123569169593179099e-04
8.157279688531823923e-04
8.191046953256261474e-04
8.224870831952940794e-04
8.258751193808374670e-04
8.292687908997667693e-04
8.326680848673189599e-04
8.360729884953427499e-04
8.394834890911973642e-04
8.428995740566684472e-04
8.463212308868957876e-04
8.497484471693187141e-04
8.531812105826354787e-04
8.566195088957755414e-04
8.600633299668881179e-04
8.635126617423414608e-04
8.669674922557394888e-04
8.704278096269489314e-04
8.738936020611421957e-04
8.773648578478498820e-04
8.808415653600305383e-04
8.843237130531495221e-04
8.878112894642720652e-04
8.913042832111677232e-04
8.948026829914283763e-04
8.983064775815967481e-04
9.018156558363064164e-04
9.053302066874359183e-04
9.088501191432700119e-04
9.123753822876769833e-04
9.159059852792933269e-04
9.194419173507216523e-04
9.229831678077361811e-04
9.265297260285040729e-04
9.300815814628116303e-04
9.336387236313048151e-04
9.372011421247354026e-04
9.407688266032251338e-04
9.443417667955288910e-04
9.479199524983166316e-04
9.515033735754598737e-04
9.550920199573297844e-04
9.586858816401038321e-04
9.622849486850790527e-04
9.658892112180013628e-04
9.694986594283941123e-04
9.731132835689034442e-04
9.767330739546475557e-04
9.803580209625764770e-04
9.839881150308386806e-04
9.876233466581580984e-04
9.912637064032169942e-04
9.949091848840477259e-04
9.985597727774312305e-04
1.002215460818308085e-03
1.005876239799188701e-03
1.009542100569577397e-03
1.013213034035403623e-03
1.016889031158457529e-03
1.020570082955833983e-03
1.024256180499385051e-03
1.027947314915176593e-03
1.031643477382954404e-03
1.035344659135616421e-03
1.039050851458690576e-03
1.042762045689819362e-03
1.046478233218252644e-03
1.050199405484344810e-03
1.053925553979059068e-03
1.057656670243478257e-03
1.061392745868319993e-03
1.065133772493461785e-03
1.068879741807466158e-03
1.072630645547117262e-03
1.076386475496960956e-03
1.080147223488849440e-03
1.083912881401493267e-03
1.087683441160018118e-03
1.091458894735525481e-03
1.095239234144663749e-03
1.099024451449196913e-03
1.102814538755586722e-03
1.106609488214572870e-03
1.110409292020763392e-03
1.114213942412225914e-03
1.118023431670087369e-03
1.121837752118137396e-03
1.125656896122434339e-03
1.129480856090919055e-03
1.133309624473031975e-03
1.137143193759334930e-03
1.140981556481137976e-03
1.144824705210127072e-03
1.148672632558004562e-03
1.152525331176124232e-03
1.156382793755134390e-03
1.160245013024631573e-03
1.164111981752806012e-03
1.167983692746101193e-03
1.171860138848873851e-03
1.175741312943057648e-03
1.179627207947831196e-03
1.183517816819290407e-03
1.187413132550123231e-03
1.191313148169291123e-03
1.195217856741709198e-03
1.199127251367937885e-03
1.203041325183868294e-03
1.206960071360419721e-03
1.210883483103236506e-03
1.214811553652387494e-03
1.218744276282072861e-03
1.222681644300330521e-03
1.226623651048746851e-03
1.230570289902173722e-03
1.234521554268443134e-03
1.238477437588089008e-03
1.242437933334073104e-03
1.246403035011508760e-03
1.250372736157394403e-03
1.254347030340344227e-03
1.258325911160326251e-03
1.262309372248399944e-03
1.266297407266459701e-03
1.270290009906979191e-03
1.274287173892758081e-03
1.278288892976673329e-03
1.282295160941435011e-03
1.286305971599336099e-03
1.290321318792018697e-03
1.294341196390228583e-03
1.298365598293583839e-03
1.302394518430339578e-03
1.306427950757156793e-03
1.310465889258874243e-03
1.314508327948283152e-03
1.318555260865901264e-03
1.322606682079755782e-03
1.326662585685160680e-03
1.330722965804502674e-03
1.334787816587026769e-03
1.338857132208623327e-03
1.342930906871620325e-03
1.347009134804575195e-03
1.351091810262069039e-03
1.355178927524504535e-03
1.359270480897905795e-03
1.363366464713717998e-03
1.367466873328612893e-03
1.371571701124292119e-03
1.375680942507297470e-03
1.379794591908817042e-03
1.383912643784500698e-03
1.388035092614269472e-03
1.392161932902134282e-03
1.396293159176012055e-03
1.400428765987543579e-03
1.404568747911918080e-03
