# mu
-inf
3.327016900813391231e+01
3.479161527368108153e+01
3.568812821105044009e+01
3.632864352613081138e+01
3.682878473510996997e+01
3.724005603392420483e+01
3.758993328253345112e+01
3.789481875504255015e+01
3.816529364875304253e+01
3.840858393817505601e+01
3.862984467467222061e+01
3.883288309340800026e+01
3.902059128539134747e+01
3.919521806811062703e+01
3.935854683329289117e+01
3.951201588016903798e+01
3.965680220457404914e+01
3.979388130264276668e+01
3.992407078421786082e+01
4.004806278673986242e+01
4.016644847290664444e+01
4.027973682454260995e+01
4.038836925571551717e+01
4.049273111381722856e+01
4.059316083157764865e+01
4.068995728328813755e+01
4.078338575220109874e+01
4.087368281237650081e+01
4.096106035368849518e+01
4.104570892438745489e+01
4.112780052555561383e+01
4.120749096191889294e+01
4.128492183096272328e+01
4.136022221516462594e+01
4.143351012899846353e+01
4.150489376217367976e+01
4.157447255261701713e+01
4.164233811644635352e+01
4.170857505722949554e+01
4.177326167286855707e+01
4.183647057527924318e+01
4.189826923547475701e+01
4.195872046458649152e+01
4.201788283965817783e+01
4.207581108165993555e+01
4.213255639202258607e+01
4.218816675304388042e+01
4.224268719672976147e+01
4.229616004597468049e+01
4.234862513143301754e+01
4.240011998696899553e+01
4.245068002617978209e+01
4.250033870215399645e+01
4.254912765234473682e+01
4.259707683019511393e+01
4.264421462494739501e+01
4.269056797088974520e+01
4.273616244714187218e+01
4.278102236894907406e+01
4.282517087134008449e+01
4.286862998590526530e+01
4.291142071136554392e+01
4.295356307852737388e+01
4.299507621015345649e+01
4.303597837622142208e+01
4.307628704499231276e+01
4.311601893026617205e+01
4.315519003516305929e+01
4.319381569273324573e+01
4.323191060366957572e+01
4.326948887136821043e+01
4.330656403455958525e+01
4.334314909771008217e+01
4.337925655937607416e+01
4.341489843867440612e+01
4.345008630001886729e+01
4.348483127625789280e+01
4.351914409033696529e+01
4.355303507559796827e+01
4.358651419481799394e+01
4.361959105808105619e+01
4.365227493956825811e+01
4.368457479334480098e+01
4.371649926821531551e+01
4.374805672171356008e+01
4.377925523328664070e+01
4.381010261672953732e+01
4.384060643192077578e+01
4.387077399590651794e+01
4.390061239337627086e+01
4.393012848657046021e+01
4.395932892465658881e+01
4.398822015260844864e+01
4.401680841961974977e+01
4.404509978708173890e+01
4.407310013615168032e+01
4.410081517493769354e+01
4.412825044532300467e+01
4.415541132945171654e+01
4.418230305589592888e+01
4.420893070552335757e+01
4.423529921708269796e+01
4.426141339252322382e+01
4.428727790206382053e+01
4.431289728902561365e+01
4.433827597444143009e+01
4.436341826145468303e+01
4.438832833951903467e+01
4.441301028840990739e+01
4.443746808205783339e+01
4.446170559221333463e+01
4.448572659195210122e+01
4.450953475902898049e+01
4.453313367908859277e+01
4.455652684873996350e+01
4.457971767850205680e+01
4.460270949562689680e+01
4.462550554680625226e+01
4.464810900076778921e+01
4.467052295076604196e+01
4.469275041697343198e+01
4.471479434877613812e+01
4.473665762697936543e+01
4.475834306592630440e+01
4.477985341553497278e+01
4.480119136325663476e+01
4.482235953595954214e+01
4.484336050174135835e+01
4.486419677167358344e+01
4.488487080148107111e+01
4.490538499315943000e+01
4.492574169653322258e+01
4.494594321075751964e+01
4.496599178576529710e+01
4.498588962366295618e+01
4.500563888007638269e+01
4.502524166544950646e+01
4.504470004629740743e+01
4.506401604641597913e+01
4.508319164804984780e+01
4.510222879302033050e+01
4.512112938381515903e+01
4.513989528464136214e+01
4.515852832244294035e+01
4.517703028788479003e+01
4.519540293630400640e+01
4.521364798863015011e+01
4.523176713227547907e+01
4.524976202199646025e+01
4.526763428072754181e+01
4.528538550038848598e+01
4.530301724266600871e+01
4.532053103977085584e+01
4.533792839517128925e+01
4.535521078430371489e+01
4.537237965526147576e+01
4.538943642946247792e+01
4.540638250229652328e+01
4.542321924375303865e+01
4.543994799902999659e+01
4.545657008912456831e+01
4.547308681140627584e+01
4.548949944017326885e+01
4.550580922719227317e+01
4.552201740222275816e+01
4.553812517352602640e+01
4.555413372835951691e+01
4.557004423345711785e+01
4.558585783549566628e+01
4.560157566154835251e+01
4.561719881952537037e+01
4.563272839860218255e+01
4.564816546963598398e+01
4.566351108557057614e+01
4.567876628183019250e+01
4.569393207670247392e+01
4.570900947171114126e+01
4.572399945197853555e+01
4.573890298657843800e+01
4.575372102887948245e+01
4.576845451687940169e+01
4.578310437353050588e+01
4.579767150705653478e+01
4.581215681126128914e+01
4.582656116582920447e+01
4.584088543661815862e+01
4.585513047594473335e+01
4.586929712286220706e+01
4.588338620343147056e+01
4.589739853098500078e+01
4.591133490638433301e+01
4.592519611827088966e+01
4.593898294331074084e+01
4.595269614643316913e+01
4.596633648106335812e+01
4.597990468934943920e+01
4.599340150238387537e+01
4.600682764041955863e+01
4.602018381308059958e+01
4.603347071956811476e+01
4.604668904886101899e+01
4.605983947991202854e+01
4.607292268183906003e+01
4.608593931411207478e+01
4.609889002673551772e+01
4.611177546042649311e+01
4.612459624678880488e+01
4.613735300848294685e+01
4.615004635939217792e+01
4.616267690478474606e+01
4.617524524147246723e+01
4.618775195796564503e+01
4.620019763462445894e+01
4.621258284380703429e+01
4.622490815001403774e+01
4.623717411003018185e+01
4.624938127306251090e+01
4.626153018087559587e+01
4.627362136792380909e+01
4.628565536148066428e+01
4.629763268176530744e+01
4.630955384206627912e+01
4.632141934886256252e+01
4.633322970194208779e+01
4.634498539451760735e+01
4.635668691334009850e+01
4.636833473880980705e+01
4.637992934508488929e+01
4.639147119901757321e+01
4.640296076490191979e+01
4.641439849766491932e+01
4.642578484753773438e+01
4.643712025901933771e+01
4.644840517097224364e+01
4.645964001671620025e+01
4.647082522412000571e+01
4.648196121569145589e+01
4.649304840866538768e+01
4.650408721508999577e+01
4.651507804191140849e+01
4.652602129105652295e+01
4.653691735951419872e+01
4.654776663941483150e+01
4.655856951810830680e+01
4.656932637824049692e+01
4.658003759782814512e+01
4.659070355033231436e+01
4.660132460473043636e+01
4.661190112558690402e+01
4.662243347312228536e+01
4.663292200328125148e+01
4.664336706779913300e+01
4.665376901426724032e+01
4.666412818619689773e+01
4.667444492308229087e+01
4.668471956046208504e+01
4.669495242997987816e+01
4.670514385944358082e+01
4.671529417288353869e+01
4.672540369060972409e+01
4.673547272926775520e+01
4.674550160189389914e+01
4.675549061796907324e+01
4.676544008347181602e+01
4.677535030093033441e+01
4.678522156947354205e+01
4.679505418488118096e+01
4.680484843963306218e+01
4.681460462295734715e+01
4.682432302087806164e+01
4.683400391626161507e+01
4.684364758886260205e+01
4.685325431536872287e+01
4.686282436944493668e+01
4.687235802177679744e+01
4.688185554011302969e+01
4.689131718930738657e+01
4.690074323135974055e+01
4.691013392545641381e+01
4.691948952800992600e+01
4.692881029269791782e+01
4.693809647050147760e+01
4.694734830974275752e+01
4.695656605612199286e+01
4.696574995275383912e+01
4.697490024020314081e+01
4.698401715651999666e+01
4.699310093727432758e+01
4.700215181558979793e+01
4.701117002217721108e+01
4.702015578536726537e+01
4.702910933114286252e+01
4.703803088317078362e+01
4.704692066283287488e+01
4.705577888925674301e+01
4.706460577934588230e+01
4.707340154780934682e+01
4.708216640719091828e+01
4.709090056789780476e+01
4.709960423822885645e+01
4.710827762440233357e+01
4.711692093058319131e+01
4.712553435891000220e+01
4.713411810952131020e+01
4.714267238058172893e+01
4.715119736830743591e+01
4.715969326699145370e+01
4.716816026902831993e+01
4.717659856493854420e+01
4.718500834339260308e+01
4.719338979123450883e+01
4.720174309350510100e+01
4.721006843346489035e+01
4.721836599261660439e+01
4.722663595072733500e+01
4.723487848585038051e+01
4.724309377434671831e+01
4.725128199090613634e+01
4.725944330856810893e+01
4.726757789874223903e+01
4.727568593122848739e+01
4.728376757423704646e+01
4.729182299440789450e+01
4.729985235683009392e+01
4.730785582506078413e+01
4.731583356114384742e+01
4.732378572562836894e+01
4.733171247758671996e+01
4.733961397463249909e+01
4.734749037293805429e+01
4.735534182725188401e+01
4.736316849091565473e+01
4.737097051588111185e+01
4.737874805272655010e+01
4.738650125067326258e+01
4.739423025760153507e+01
4.740193522006656224e+01
4.740961628331405109e+01
4.741727359129561137e+01
4.742490728668394695e+01
4.743251751088783408e+01
4.744010440406676565e+01
4.744766810514559552e+01
4.745520875182876352e+01
4.746272648061446375e+01
4.747022142680850720e+01
4.747769372453808501e+01
4.748514350676521900e+01
4.749257090530016256e+01
4.749997605081447460e+01
4.750735907285400117e+01
4.751472009985162259e+01
4.752205925913987983e+01
4.752937667696333079e+01
4.753667247849085697e+01
4.754394678782767869e+01
4.755119972802729933e+01
4.755843142110317956e+01
4.756564198804040444e+01
4.757283154880702369e+01
4.758000022236534221e+01
4.758714812668302585e+01
4.759427537874404379e+01
4.760138209455948299e+01
4.760846838917819213e+01
4.761553437669732602e+01
4.762258017027266987e+01
4.762960588212890656e+01
4.763661162356970635e+01
4.764359750498766743e+01
4.765056363587414978e+01
4.765751012482898119e+01
4.766443707956999987e+01
4.767134460694251175e+01
4.767823281292858439e+01
4.768510180265626985e+01
4.769195168040862853e+01
4.769878254963271047e+01
4.770559451294838027e+01
4.771238767215703547e+01
4.771916212825020409e+01
4.772591798141803565e+01
4.773265533105769975e+01
4.773937427578162129e+01
4.774607491342568721e+01
4.775275734105727565e+01
4.775942165498325664e+01
4.776606795075777256e+01
4.777269632319007542e+01
4.777930686635212965e+01
4.778589967358617940e+01
4.779247483751223058e+01
4.779903245003539780e+01
4.780557260235318751e+01
4.781209538496267442e+01
4.781860088766762118e+01
4.782508919958543459e+01
4.783156040915413598e+01
4.783801460413913986e+01
4.784445187164003954e+01
