# k_h
1.000000338535756212e-05
1.019961837300797924e-05
1.040321785694686018e-05
1.061087186826626008e-05
1.082268136087805372e-05
1.103871818486368792e-05
1.125906783272512935e-05
1.148380488302792338e-05
1.171303938463097099e-05
1.194684955407865007e-05
1.218532634084113450e-05
1.242855250893627040e-05
1.267664538318057968e-05
1.292969045607605949e-05
1.318778686254518615e-05
1.345102191407932477e-05
1.371952475892613727e-05
1.399338725605048070e-05
1.427271672582719814e-05
1.455762230762047185e-05
1.484820040786871856e-05
1.514459290774538605e-05
1.544690167065709152e-05
1.575524584040976044e-05
1.606972909939940341e-05
1.639050424273591489e-05
1.671768404776231810e-05
1.705139402474741028e-05
1.739175058901310645e-05
1.773891563061626121e-05
1.809301102184691552e-05
1.845417500589973886e-05
1.882254764495882121e-05
1.919825626828242432e-05
1.958148277481086552e-05
1.997235995077062059e-05
2.037103877228218046e-05
2.077765566355081782e-05
2.119240889442152597e-05
2.161544216505716131e-05
2.204691918450407684e-05
2.248698729090391573e-05
2.293586112500634722e-05
2.339369530091060155e-05
2.386066989856772464e-05
2.433696499792858619e-05
2.482274430803956295e-05
2.531824429752305828e-05
2.582363413239363581e-05
2.633911390148568560e-05
2.686485640879254788e-05
2.740111995080952618e-05
2.794808824546633457e-05
2.850597411452326246e-05
2.907496855186766523e-05
2.965534986287818713e-05
3.024731449841054664e-05
3.085109710809774019e-05
3.146693052258341149e-05
3.209503120160662993e-05
3.273569382145068862e-05
3.338914757478048855e-05
3.405561437830330974e-05
3.473541801213284107e-05
3.542878766893408515e-05
3.613599983509627254e-05
3.685733099700884386e-05
3.759302126127295874e-05
3.834343806374815376e-05
3.910882878699342637e-05
3.988950265920721672e-05
4.068571797688491642e-05
4.149786764173766428e-05
4.232622814015487379e-05
4.317112325225028126e-05
4.403284037834965370e-05
4.491180516197346151e-05
4.580831227940509266e-05
4.672271461458879440e-05
4.765537232742642814e-05
4.860659828409552574e-05
4.957686178386215461e-05
5.056649024481887846e-05
5.157582563697361811e-05
5.260535544948654420e-05
5.365543984225952490e-05
5.472648263094011354e-05
5.581890582107008181e-05
5.693308412446641110e-05
5.806955596199263228e-05
5.922871059738104318e-05
6.041100641596132382e-05
6.161689816508446229e-05
6.284681148827081379e-05
6.410132482415067880e-05
6.538088928209617734e-05
6.668598507530992684e-05
6.801714334869758650e-05
6.937480065971614286e-05
7.075962639646608723e-05
7.217209349619226023e-05
7.361268944805482569e-05
7.508211274398496208e-05
7.658086542505774987e-05
7.810953684384004637e-05
7.966872362885621460e-05
8.125894964905462485e-05
8.288100070785733788e-05
8.453543705400079489e-05
8.622289169579747049e-05
8.794394670985643161e-05
8.969943883130329578e-05
9.148997924057769506e-05
9.331625915365299043e-05
9.517889702692630617e-05
9.707881690701464358e-05
9.901665907818815921e-05
1.009931802400388095e-04
1.030091589200310002e-04
1.050652790581806817e-04
1.071625374606810646e-04
1.093016689992509240e-04
1.114833867177366668e-04
1.137087674578650973e-04
1.159785606432705847e-04
1.182936684926971793e-04
1.206549932248891349e-04
1.230633351951838082e-04
1.255198585567995635e-04
1.280254364246501434e-04
1.305810146732256630e-04
1.331876119365915385e-04
1.358461013296619058e-04
1.385578070767223293e-04
1.413236313965172660e-04
1.441445201635361802e-04
1.470218703616411036e-04
1.499566424172371355e-04
1.529500004835428163e-04
1.560031232656910744e-04
1.591170293977484649e-04
1.622932468308134512e-04
1.655328669585287842e-04
1.688371557975187085e-04
1.722072338452561877e-04
1.756447600200773099e-04
1.791508839232848721e-04
1.827270170906559988e-04
1.863743527792395516e-04
1.900946663226932558e-04
1.938892382895572618e-04
1.977595675271004709e-04
2.017071383306758242e-04
2.057333331322297454e-04
2.098400727845728939e-04
2.140288124792278626e-04
2.183009346481411294e-04
2.226587675977498022e-04
2.271031553391368552e-04
2.316364843863994425e-04
2.362602972425520149e-04
2.409761800663547354e-04
2.457864466123282909e-04
2.506927121430633826e-04
2.556969120632856542e-04
2.608009963296351649e-04
2.660067402757704258e-04
2.713166468311102282e-04
2.767325204331426728e-04
2.822562528308481520e-04
2.878908126149324937e-04
2.936372475232928449e-04
2.994987007696179367e-04
3.054771514143792607e-04
3.115746367257086796e-04
3.177941543981432915e-04
3.241377999074759268e-04
3.306080761831252683e-04
3.372071951162069494e-04
3.439383872319013422e-04
3.508038935251533985e-04
3.578064788598566163e-04
3.649488498922438514e-04
3.722334222402421994e-04
3.796637756749986518e-04
3.872424422297626192e-04
3.949721867684276538e-04
4.028562398161737485e-04
4.108978610020131415e-04
4.191000189166515523e-04
4.274656821507961642e-04
4.359985468909144944e-04
4.447015235200522162e-04
4.535784537438303774e-04
4.626325680874286456e-04
4.718671843875200641e-04
4.812861443497242712e-04
4.908933187834919583e-04
5.006923456676305425e-04
5.106866592541335929e-04
5.208807415328920972e-04
5.312780267558990825e-04
5.418831715360283852e-04
5.526999593712388385e-04
5.637324647977949273e-04
5.749851115979252077e-04
5.864627310074867986e-04
5.981693975627422333e-04
6.101094768382608891e-04
6.222882075235246528e-04
6.347097223624583806e-04
6.473791436292232167e-04
6.603018264286218989e-04
6.734824855811891772e-04
6.869258359074594759e-04
7.006379310041663862e-04
7.146234274841842867e-04
7.288883789442478526e-04
7.434380822815003179e-04
7.582778926007452880e-04
7.734138634987176549e-04
7.888523978181182254e-04
8.045990834943952345e-04
8.206597412936389446e-04
8.370413561351594057e-04
8.537495741620663081e-04
8.707912638783453811e-04
8.881735848262908243e-04
9.059028816409410130e-04
9.239856735803186893e-04
9.424293530173596467e-04
9.612416615709663522e-04
9.804294677451252937e-04
9.999999310821294785e-04
1.019961433485150337e-03
1.040320959873497269e-03
1.061087241396307945e-03
1.082268194295465513e-03
1.103871385566890023e-03
1.125905779190361717e-03
1.148380571976304054e-03
1.171304029412567616e-03
1.194684416987001896e-03
1.218532212078570886e-03
1.242855330929160118e-03
1.267664018087088845e-03
1.292968518100678921e-03
1.318778144195676284e-03
1.345102326013148048e-03
1.371952588669956164e-03
1.399338128976523659e-03
1.427271054126322053e-03
1.455761608667671247e-03
1.484820037148892879e-03
1.514458679594099305e-03
1.544689526781439348e-03
1.575523870997131521e-03
1.606973004527390437e-03
1.639050547964871147e-03
1.671767677180468602e-03
1.705138711258768385e-03
1.739175873808562756e-03
1.773891621269285679e-03
1.809300389140843695e-03
1.845416729338466471e-03
1.882253214716910882e-03
1.919825794175267870e-03
1.958148553967475457e-03
1.997235231101512475e-03
2.037101890891789956e-03
2.077765529975294633e-03
2.119241049513219920e-03
2.161543350666760965e-03
2.204690827056765123e-03
2.248698845505713983e-03
2.293586265295744376e-03
2.339369850233198080e-03
2.386065898463129130e-03
2.433694433420896530e-03
2.482274547219276428e-03
2.531824633479118781e-03
2.582362387329339547e-03
2.633910160511732969e-03
2.686485880985855623e-03
2.740110736340284348e-03
2.794807543978095488e-03
2.850596327334643278e-03
2.907497109845279346e-03
2.965533640235661159e-03
3.024730365723372373e-03
3.085108473896980719e-03
3.146690316498279138e-03
3.209503134712576432e-03
3.273568116128444672e-03
3.338913433253765540e-03
3.405563300475477305e-03
3.473541932180522571e-03
3.542879130691288601e-03
3.613598644733429822e-03
3.685729810968040553e-03
3.759302431717516293e-03
3.834342118352652030e-03
3.910883329808712006e-03
3.988948650658130646e-03
4.068572074174882716e-03
4.149787127971650905e-03
4.232620820403099927e-03
4.317108541727066907e-03
4.403286613523959246e-03
4.491180647164584941e-03
4.580831620842218399e-03
4.672269802540538960e-03
4.765532910823823756e-03
4.860660061240197095e-03
4.957686178386213130e-03
5.056649446487427625e-03
5.157585255801678571e-03
5.260535981506109238e-03
5.365541670471428090e-03
5.472646094858644658e-03
5.581885576248168078e-03
5.693311337381603068e-03
5.806955974549054232e-03
5.922868847846983996e-03
6.041097920387980720e-03
6.161684636026623467e-03
6.284678354859351244e-03
6.410133093595503026e-03
6.538086105138060829e-03
6.668596062809228030e-03
6.801708135753870878e-03
6.937477272003890819e-03
7.075956556946040935e-03
7.217206526547668630e-03
7.361273281276226911e-03
7.508211769163605949e-03
7.658083457499741641e-03
7.810946553945543117e-03
7.966864854097364598e-03
8.125895634293557948e-03
8.288101293146610260e-03
8.453539572656151163e-03
8.622281253337861842e-03
8.794395253062249965e-03
8.969940245151519775e-03
9.148998185992244375e-03
9.331622160971168173e-03
9.517890401184555399e-03
9.707882069051265717e-03
9.901661425828930246e-03
1.009930856525897633e-02
1.030091103166341782e-02
1.050652842968701969e-02
1.071624923497438431e-02
1.093016192317009146e-02
1.114833913743495421e-02
1.137087214738130916e-02
1.159785687923431743e-02
1.182936225086450056e-02
1.206549443304538380e-02
1.230633445084095175e-02
1.255198102444410324e-02
1.280253753066063101e-02
1.305809617042541851e-02
1.331875566393136458e-02
1.358461193740367716e-02
1.385577395558357759e-02
1.413235627114772623e-02
1.441445294767618700e-02
1.470219437032937657e-02
1.499566528946160750e-02
1.529499422758817673e-02
1.560029853135347540e-02
1.591170392930507660e-02
1.622931845486164440e-02
1.655328832566737435e-02
1.688370853662491192e-02
1.722072437405586590e-02
1.756447739899158825e-02
1.791508123278617859e-02
1.827268488705157887e-02
1.863744482398032795e-02
1.900946721434593548e-02
1.938892528414726257e-02
1.977594755589962006e-02
2.017069607973099102e-02
2.057332359254360546e-02
2.098399959504604340e-02
2.140288241207599987e-02
2.183010615408420216e-02
2.226585708558559765e-02
2.271030656993389477e-02
2.316363900899887085e-02
2.362600900232791901e-02
2.409763075411320080e-02
2.457864582538605083e-02
2.506926096975804069e-02
2.556968107819557537e-02
2.608007751405239452e-02
2.660066261887550701e-02
2.713166549801826477e-02
2.767324261367321361e-02
2.822564169764519085e-02
2.878905460238456726e-02
2.936371415853500713e-02
2.994984388351440430e-02
3.054771758615971305e-02
3.115746751427651146e-02
3.177941590547561646e-02
3.241378068923949501e-02
3.306077793240546486e-02
3.372072428464889526e-02
3.439383953809738159e-02
3.508039191365242698e-02
3.578064963221549988e-02
3.649485111236572266e-02
3.722334653139115074e-02
3.796634450554848411e-02
3.872424736618996360e-02
3.949720412492751381e-02
4.028562828898430564e-02
4.108978807926177979e-02
4.190996289253234169e-02
4.274655133485794761e-02
4.359983652830123207e-02
4.447015747427941063e-02
4.535784572362899086e-02
4.626321420073509910e-02
4.718669876456261375e-02
4.812861606478690407e-02
4.908933863043785095e-02
5.006923526525498130e-02
5.106864497065544128e-02
5.208805203437805870e-02
5.312781035900116661e-02
5.418827012181282737e-02
5.527000129222870567e-02
5.637321993708611229e-02
5.749851465225220420e-02
5.864627286791800759e-02
5.981688573956488175e-02
6.101092323660851219e-02
6.222879141569138961e-02
6.347097456455230713e-02
6.473795324563980103e-02
6.603015214204789596e-02
6.734821945428849654e-02
6.869258731603622437e-02
7.006379961967466874e-02
7.146237790584564209e-02
7.288880646228788895e-02
7.434377819299697876e-02
7.582771778106689453e-02
7.734135538339614868e-02
7.888520509004592896e-02
8.045987784862519698e-02
8.206597715616226196e-02
8.370406180620192094e-02
8.537492156028746171e-02
8.707913011312484741e-02
8.881728351116180420e-02
9.059029817581176758e-02
9.239852428436279297e-02
9.424293786287306351e-02
9.612417221069337325e-02
9.804286807775498824e-02
9.999994933605191316e-02
1.019961014389991621e-01
1.040320992469787875e-01
1.061087325215339799e-01
1.082267239689826965e-01
1.103870943188667575e-01
1.125905886292457303e-01
1.148380637168884416e-01
1.171304062008857588e-01
1.194683983922004561e-01
1.218531653285026550e-01
1.242855414748191695e-01
1.267663538455963412e-01
1.292969137430191318e-01
1.318777650594711304e-01
1.345102339982986728e-01
1.371952742338180542e-01
1.399337649345397949e-01
1.427270472049713135e-01
1.455761045217514038e-01
1.484820246696472168e-01
1.514459401369094849e-01
1.544688940048217773e-01
1.575523167848587036e-01
1.606971472501754761e-01
1.639050692319869995e-01
1.671767085790634155e-01
1.705138087272644043e-01
1.739175170660018921e-01
1.773890107870101929e-01
1.809299588203430176e-01
1.845415979623794278e-01
1.882253289222717008e-01
1.919825971126556119e-01
1.958146691322326938e-01
1.997234225273132324e-01
2.037102133035659512e-01
2.077765762805938443e-01
2.119241207838058472e-01
2.161542326211929321e-01
2.204689979553222379e-01
2.248698920011520386e-01
2.293584197759628296e-01
2.339369952678680142e-01
2.386064976453781405e-01
2.433694452047347745e-01
2.482274770736694336e-01
2.531822323799133301e-01
2.582361400127410889e-01
2.633909285068511963e-01
2.686485946178436279e-01
2.740112245082855225e-01
2.794806361198425293e-01
2.850595116615294855e-01
2.907497286796569824e-01
2.965532541275024969e-01
3.024731874465942383e-01
3.085107207298278809e-01
3.146690726280212957e-01
3.209500312805175226e-01
3.273566663265228271e-01
3.338912129402160645e-01
3.405562043190001886e-01
3.473542034626007080e-01
3.542875945568084162e-01
3.613597154617309570e-01
3.685730099678039551e-01
3.759299218654632568e-01
3.834344148635864258e-01
3.910879790782928467e-01
3.988946974277496338e-01
4.068572223186492920e-01
4.149783253669738770e-01
4.232619106769561768e-01
4.317108690738677979e-01
4.403284788131713867e-01
4.491181075572967529e-01
4.580827355384826660e-01
4.672267735004425049e-01
4.765533208847045898e-01
4.860660433769226074e-01
4.957686662673950195e-01
5.056644678115844727e-01
5.157583355903625488e-01
5.260536074638366699e-01
5.365539789199829102e-01
5.472649335861206055e-01
5.581886172294616699e-01
5.693309307098388672e-01
5.806956291198730469e-01
5.922866463661193848e-01
6.041095852851867676e-01
6.161684989929199219e-01
6.284681558609008789e-01
6.410133242607116699e-01
6.538082957267761230e-01
6.668593287467956543e-01
6.801701784133911133e-01
6.937481164932250977e-01
7.075957059860229492e-01
7.217203974723815918e-01
7.361270189285278320e-01
7.508205175399780273e-01
7.658080458641052246e-01
7.810947299003601074e-01
7.966865301132202148e-01
8.125896453857421875e-01
8.288093805313110352e-01
8.453536629676818848e-01
8.622282147407531738e-01
8.794387578964233398e-01
8.969945311546325684e-01
9.148990511894226074e-01
9.331617951393127441e-01
9.517891407012939453e-01
9.707873463630676270e-01
9.901657700538635254e-01
1.009930968284606934e+00
1.030090689659118652e+00
1.050652861595153809e+00
1.071624517440795898e+00
1.093015789985656738e+00
1.114833950996398926e+00
1.137087821960449219e+00
1.159785747528076172e+00
1.182935714721679688e+00
1.206548929214477539e+00
1.230633497238159180e+00
1.255198836326599121e+00
1.280254483222961426e+00
1.305809020996093750e+00
1.331874966621398926e+00
1.358459949493408203e+00
1.385576844215393066e+00
1.413235068321228027e+00
1.441444039344787598e+00
1.470217466354370117e+00
1.499565243721008301e+00
1.529500246047973633e+00
1.560029983520507812e+00
1.591170549392700195e+00
1.622932672500610352e+00
1.655327320098876953e+00
1.688370108604431152e+00
1.722072601318359375e+00
1.756446123123168945e+00
1.791507482528686523e+00
1.827268600463867188e+00
1.863741874694824219e+00
1.900945067405700684e+00
1.938892602920532227e+00
1.977595925331115723e+00
2.017069816589355469e+00
2.057333469390869141e+00
2.098401069641113281e+00
2.140286207199096680e+00
2.183009624481201172e+00
2.226585865020751953e+00
2.271029710769653320e+00
2.316362857818603516e+00
2.362601041793823242e+00
2.409759759902954102e+00
2.457864761352539062e+00
2.506927251815795898e+00
2.556969404220581055e+00
2.608007907867431641e+00
2.660067796707153320e+00
2.713164091110229492e+00
2.767323017120360884e+00
2.822562932968140093e+00
2.878902912139892578e+00
2.936370134353637695e+00
2.994984626770019531e+00
3.054766178131103516e+00
3.115743875503540039e+00
3.177941799163817915e+00
3.241378545761108398e+00
3.306078195571899414e+00
3.372072458267212358e+00
3.439384222030639648e+00
3.508036136627197710e+00
3.578061819076538086e+00
3.649485349655151367e+00
3.722331047058105025e+00
3.796634435653686523e+00
3.872421026229858398e+00
3.949716806411742720e+00
4.028563022613525391e+00
4.108979225158691406e+00
4.191000461578369141e+00
4.274655342102050781e+00
4.359983921051025391e+00
4.447015762329101562e+00
4.535780906677246094e+00
4.626321792602539951e+00
4.718670368194580078e+00
4.812857627868652344e+00
4.908929347991943359e+00
5.006914138793945312e+00
5.106869697570799893e+00
5.208805561065673828e+00
5.312781333923339844e+00
5.418832302093505859e+00
5.526995182037353516e+00
5.637322425842285156e+00
5.749846458435058594e+00
5.864622116088867188e+00
5.981688976287840909e+00
6.101086616516112393e+00
6.222873687744139737e+00
6.347091674804687500e+00
6.473795413970947266e+00
6.603015899658204013e+00
6.734822273254394531e+00
6.869259357452391690e+00
7.006373882293702060e+00
7.146231651306151456e+00
7.288881301879882812e+00
7.434370994567871982e+00
7.582772731781006748e+00
7.734136104583741123e+00
7.888514041900633877e+00
8.045980453491209161e+00
8.206598281860353339e+00
8.370414733886720526e+00
8.537492752075197089e+00
8.707914352416993964e+00
8.881736755371095526e+00
9.059020996093750000e+00
9.239852905273437500e+00
9.424294471740724433e+00
9.612408638000488281e+00
9.804286956787109375e+00
9.999995231628419745e+00
1.019852422108797008e+01
1.040099458839250346e+01
1.060748458135538641e+01
1.081807400123667051e+01
1.103284423358351418e+01
1.125187827968288623e+01
1.147526078863869792e+01
1.170307809008577671e+01
1.193541822755328141e+01
1.217237099249049415e+01
1.241402795896810218e+01
1.266048251906844868e+01
1.291182991897832544e+01
1.316816729579835155e+01
1.342959371508309729e+01
1.369621020912652654e+01
1.396811981600747643e+01
1.424542761941033575e+01
1.452824078923623397e+01
1.481666862302055065e+01
1.511082258817262236e+01
1.541081636505405328e+01
1.571676589091224407e+01
1.602878940468616165e+01
1.634700749270160713e+01
1.667154313527363740e+01
1.700252175423425882e+01
1.734007126140361876e+01
1.768432210802351889e+01
1.803540733517231942e+01
1.839346262518069963e+01
1.875862635406824452e+01
1.913103964502099430e+01
1.951084642293064064e+01
1.989819347001659722e+01
2.029323048255222517e+01
2.069611012871729372e+01
2.110698810759896915e+01
2.152602320936411218e+01
2.195337737662624988e+01
2.238921576703077321e+01
2.283370681708266758e+01
2.328702230724144329e+01
2.374933742830833694e+01
2.422083084913151296e+01
2.470168478565542713e+01
2.519208507134095498e+01
2.569222122898369420e+01
2.620228654395793555e+01
2.672247813891477008e+01
2.725299704996326611e+01
2.779404830436395102e+01
2.834584099976473226e+01
2.890858838501004513e+01
2.948250794255402951e+01
3.006782147251011139e+01
3.066475517836905595e+01
3.127353975441877409e+01
3.189441047489978587e+01
3.252760728493056064e+01
3.317337489323797683e+01
3.383196286672894360e+01
3.450362572693922658e+01
3.518862304839738187e+01
3.588721955894131099e+01
3.659968524202638207e+01
3.732629544106483621e+01
3.806733096583644738e+01
3.882307820101178919e+01
3.959382921683010892e+01
4.037988188197437012e+01
4.118153997868716232e+01
4.199911332017221355e+01
4.283291787032629117e+01
4.368327586584856448e+01
4.455051594077384181e+01
4.543497325347829729e+01
4.633698961620668655e+01
4.725691362717098087e+01
4.819510080527141582e+01
4.915191372749256260e+01
5.012772216902649092e+01
5.112290324617840298e+01
5.213784156210894594e+01
5.317292935547002486e+01
5.422856665199166315e+01
5.530516141907805405e+01
5.640312972347280152e+01
5.752289589205464182e+01
5.866489267582482370e+01
5.982956141715057896e+01
6.101735222032889538e+01
6.222872412553599020e+01
6.346414528623066076e+01
6.472409315007959663e+01
6.600905464347411566e+01
6.731952635971060772e+01
6.865601475090686279e+01
7.001903632372790298e+01
7.140911783899858278e+01
7.282679651527784870e+01
7.427262023647580236e+01
7.574714776359139989e+01
7.725094895065454637e+01
7.878460496495523557e+01
8.034870851164420458e+01
8.194386406279328128e+01
8.357068809100316287e+01
8.522980930764846619e+01
8.692186890585307424e+01
8.864752080828951364e+01
9.040743191989699312e+01
9.220228238561736589e+01
9.403276585324792336e+01
9.589958974151223003e+01
9.780347551345245449e+01
9.974515895525098585e+01
1.017253904605858139e+02
1.037449353206317113e+02
1.058045740198190714e+02
1.079051025374644581e+02
1.100473326553886295e+02
1.122320922716424718e+02
1.144602257204613522e+02
1.167325940985706012e+02
1.190500755979699505e+02
1.214135658453247828e+02
1.238239782480943205e+02
1.262822443475324405e+02
1.287893141786965145e+02
1.313461566376025758e+02
1.339537598556705120e+02
1.366131315816030849e+02
1.393252995708457433e+02
1.420913119827781088e+02
1.449122377857925414e+02
1.477891671704129806e+02
1.507232119706156936e+02
1.537155060935150459e+02
1.567672059575799040e+02
1.598794909395486457e+02
1.630535638302180530e+02
1.662906512992808530e+02
1.695920043693904233e+02
1.729588988996382284e+02
1.763926360786299483e+02
1.798945429273489935e+02
1.834659728120048214e+02
1.871083059670625914e+02
1.908229500286560949e+02
1.946113405785893349e+02
1.984749416991413966e+02
2.024152465388825988e+02
2.064337778897247802e+02
2.105320887754280079e+02
2.147117630517915359e+02
2.189744160187580064e+02
2.233216950446719977e+02
2.277552802029314876e+02
2.322768849212772011e+02
2.368882566439738468e+02
2.415911775071376439e+02
2.463874650274693465e+02
2.512789728046622599e+02
2.562675912377553686e+02
2.613552482557058738e+02
2.665439100624680009e+02
2.718355818968635162e+02
2.772323088075371516e+02
2.827361764432954487e+02
2.883493118591413236e+02
2.940738843383055041e+02
2.999121062305996475e+02
3.058662338074133800e+02
3.119385681336866014e+02
3.181314559571897576e+02
3.244472906154618954e+02
3.308885129607538715e+02
3.374576123033318140e+02
3.441571273735107184e+02
3.509896473027867501e+02
3.579578126244456371e+02
3.650643162940387469e+02
3.723119047301177602e+02
3.797033788756308468e+02
3.872415952803879122e+02
3.949294672050227177e+02
4.027699657468651253e+02
4.107661209881674722e+02
4.189210231671277143e+02
4.272378238721605612e+02
4.357197372598759557e+02
4.443700412972405616e+02
4.531920790284001441e+02
4.621892598666485696e+02
4.713650609120495574e+02
4.807230282952172047e+02
4.902667785477706275e+02
4.999999999999998295e+02
