# bin_1
7.694598626706474010e-22
2.081176820202854123e-21
5.573000022720809324e-21
1.477495492704275413e-20
3.878111931746988212e-20
1.007793539430008269e-19
2.592864701100426146e-19
6.604579860739449889e-19
1.665588032379928980e-18
4.158598979115160285e-18
1.027977357166898817e-17
2.515805776951422365e-17
6.095758129562505252e-17
1.462296357500658139e-16
3.472962748566232715e-16
8.166235631669667043e-16
1.901081537907990813e-15
4.381639435509388828e-15
9.998378748497178956e-15
2.258809403154302993e-14
5.052271083536892575e-14
1.118795621435185520e-13
2.452855285696432555e-13
5.324148372253000191e-13
1.144156490180140951e-12
2.434320533029026971e-12
5.127753636796717468e-12
1.069383787154171496e-11
2.207989963137155157e-11
4.513543677205533914e-11
9.134720408364658588e-11
1.830332217015591018e-10
3.630961501791826549e-10
7.131328123996151852e-10
1.386679994165327087e-09
2.669556614762880353e-09
5.088140281645075477e-09
9.601433370312335873e-09
1.793783907964085989e-08
3.317884243547304986e-08
6.075882849823307098e-08
1.101576362468238681e-07
1.977319640624467250e-07
3.513955094820433776e-07
6.182620500165846441e-07
1.076976004254327581e-06
1.857361844555296241e-06
3.171349216715975610e-06
5.361035344697623422e-06
8.972435162383354538e-06
1.486719514734300431e-05
2.438960745893365559e-05
3.961299091032083097e-05
6.369825178867123770e-05
1.014085206548677866e-04
1.598374110690553357e-04
2.494247129005366611e-04
3.853519674208726628e-04
5.894306775653984816e-04
8.926165717713292237e-04
1.338302257648853622e-03
1.986554713927727017e-03
2.919469257914605528e-03
4.247802705507525839e-03
6.119019301137730051e-03
8.726826950457617152e-03
1.232219168473022014e-02
1.722568939053684134e-02
2.384088201464848802e-02
3.266819056199930099e-02
4.431848411938023313e-02
5.952532419775853623e-02
7.915451582979964040e-02
1.042093481442259995e-01
1.358296923368561837e-01
1.752830049356854381e-01
2.239453029484290980e-01
2.832703774160119647e-01
3.547459284623147302e-01
4.398359598042725360e-01
5.399096651318812112e-01
6.561581477467668400e-01
7.895015830089426867e-01
9.404907737688706915e-01
1.109208346794555489e+00
1.295175956658917382e+00
1.497274656357448830e+00
1.713685920478073665e+00
1.941860549832129967e+00
2.178521770325505980e+00
2.419707245191434541e+00
2.660852498987549275e+00
2.896915527614828623e+00
3.122539333667614159e+00
3.332246028917997815e+00
3.520653267642996020e+00
3.682701403033232790e+00
3.813878154605240933e+00
3.910426939754558795e+00
3.969525474770117857e+00
3.989422804014326918e+00
3.969525474770117857e+00
3.910426939754558795e+00
3.813878154605240933e+00
3.682701403033232790e+00
3.520653267642994244e+00
3.332246028917995595e+00
3.122539333667611938e+00
2.896915527614826402e+00
2.660852498987546610e+00
2.419707245191431877e+00
2.178521770325503315e+00
1.941860549832127303e+00
1.713685920478071445e+00
1.497274656357446387e+00
1.295175956658914940e+00
1.109208346794557487e+00
9.404907737688706915e-01
7.895015830089426867e-01
6.561581477467668400e-01
5.399096651318812112e-01
4.398359598042725360e-01
3.547459284623147302e-01
2.832703774160119647e-01
2.239453029484290980e-01
1.752830049356854381e-01
1.358296923368561837e-01
1.042093481442259995e-01
7.915451582979964040e-02
5.952532419775853623e-02
4.431848411938007354e-02
3.266819056199918303e-02
2.384088201464840476e-02
1.722568939053678236e-02
1.232219168473017677e-02
8.726826950457585927e-03
6.119019301137708367e-03
4.247802705507506757e-03
2.919469257914595120e-03
1.986554713927720078e-03
1.338302257648848852e-03
8.926165717713324763e-04
5.894306775654016258e-04
3.853519674208726628e-04
2.494247129005366611e-04
1.598374110690553357e-04
1.014085206548677866e-04
6.369825178867123770e-05
3.961299091032083097e-05
2.438960745893365559e-05
1.486719514734300431e-05
8.972435162383354538e-06
5.361035344697623422e-06
3.171349216715975610e-06
1.857361844555296241e-06
1.076976004254327581e-06
6.182620500165846441e-07
3.513955094820433776e-07
1.977319640624467250e-07
1.101576362468230873e-07
6.075882849823285922e-08
3.317884243547293075e-08
1.793783907964079372e-08
9.601433370312301132e-09
5.088140281645039081e-09
2.669556614762842302e-09
1.386679994165307441e-09
7.131328123996151852e-10
3.630961501791826549e-10
1.830332217015591018e-10
9.134720408364658588e-11
4.513543677205533914e-11
2.207989963137155157e-11
1.069383787154171496e-11
5.127753636796717468e-12
2.434320533029026971e-12
1.144156490180140951e-12
5.324148372253000191e-13
2.452855285696432555e-13
1.118795621435185520e-13
5.052271083536892575e-14
2.258809403154302993e-14
9.998378748497178956e-15
4.381639435509388828e-15
1.901081537907963597e-15
8.166235631669550686e-16
3.472962748566208063e-16
1.462296357500637431e-16
6.095758129562417738e-17
2.515805776951404492e-17
1.027977357166884180e-17
4.158598979115100967e-18
1.665588032379940920e-18
6.604579860739449889e-19
2.592864701100426146e-19
1.007793539430008269e-19
3.878111931746988212e-20
1.477495492704275413e-20
5.573000022720809324e-21
2.081176820202854123e-21
7.694598626706474010e-22
2.816566544276202471e-22
1.020730559430617357e-22
3.662345168555326396e-23
1.300961619923922254e-23
4.575375590520935586e-24
1.593111132700966736e-24
5.491897831817973339e-25
1.874372402341823178e-25
6.333537821830785830e-26
2.118819253509353758e-26
7.017759942661458598e-27
2.301230708848139081e-27
7.471002275883735843e-28
2.401345400008536099e-28
7.641655411587420703e-29
2.407561131839300974e-29
7.509728772496634571e-30
2.319146777256117235e-30
7.090702668428262126e-31
2.146383735663060416e-31
6.432540334635840597e-32
1.908599134636789310e-32
5.606656926303991449e-33
1.630610734839645376e-33
4.695195357975213068e-34
1.338486799254268813e-34
3.777735721149172886e-35
1.055616350245273874e-35
2.920368793868179500e-36
7.998827757006698868e-37
2.169062400260662680e-37
5.823375599736734209e-38
1.547870466296228313e-38
4.073347677528019187e-39
1.061268813915216294e-39
2.737514192355386536e-40
6.991082249706489005e-41
1.767622410253576688e-41
4.424779583316167306e-42
1.096606559389002533e-42
2.690711235642427217e-43
6.536426775318750390e-44
1.572065958605731911e-44
3.743330579885115833e-45
8.824754974594824377e-46
2.059701022408989553e-46
4.759515753020508458e-47
1.088875955327767873e-47
2.466329525880516024e-48
5.530709549844574010e-49
1.227913167226947018e-49
2.699053644388326798e-50
5.873709066277261181e-51
1.265524046604805760e-51
2.699513024588548824e-52
5.701084890941288142e-53
1.192028512779172807e-53
2.467589051565628989e-54
5.057269304375714017e-55
1.026163072791903592e-55
2.061454429584954375e-56
4.100040535833218950e-57
8.073458503160434782e-58
1.573939879776644883e-58
3.037901698790009272e-59
5.805188806529055286e-60
1.098287490016877676e-60
2.057182303028612279e-61
3.814930036150377406e-62
7.004182134318582583e-63
1.273166899762023576e-63
2.291238523699444156e-64
4.082369601071627194e-65
7.201308152718706344e-66
1.257672382878229374e-66
2.174606634299149680e-67
3.722639215945201694e-68
6.309257355603739805e-69
1.058674841364176130e-69
1.758749542595053995e-70
2.892693752736556915e-71
4.710402003090250100e-72
7.593999138423570144e-73
1.212104794907916487e-73
1.915432491671990030e-74
2.996750498173151388e-75
4.641852941376976337e-76
7.118512039239403211e-77
1.080796987454744934e-77
1.624636036773654401e-78
2.417826282918158049e-79
3.562469554001522425e-80
5.196779424672181792e-81
7.505410686455480581e-82
1.073177834068265289e-82
1.519238584796248933e-83
2.129302308330620949e-84
2.954647824659290990e-85
4.059113326509876972e-86
5.520948362159920693e-87
