# bin_3_2
6.420794094440491731e-12
6.409807094187264178e-12
6.399070671192230057e-12
6.388561769195370121e-12
6.378242071504764961e-12
6.368005729370588501e-12
6.357755295440076679e-12
6.347399646445310865e-12
6.336838544274321896e-12
6.326163003907433083e-12
6.315424225783575693e-12
6.304618586071460134e-12
6.293849295796032943e-12
6.283271144273485570e-12
6.272912207014337138e-12
6.262696313306257804e-12
6.252542441010454077e-12
6.242450611230230779e-12
6.232387135009810153e-12
6.222405888085510172e-12
6.212628206115308025e-12
6.203156371874853407e-12
6.194223290665892950e-12
6.185947270984303035e-12
6.178547321735344943e-12
6.172486996880329487e-12
6.168200631944808765e-12
6.165836213183170147e-12
6.164838048979255790e-12
6.165076226968700422e-12
6.166280479162489696e-12
6.168422832445509743e-12
6.171468673926545140e-12
6.175538240179781599e-12
6.180704248744576653e-12
6.186892614538798260e-12
6.193883335458181970e-12
6.201505010558776987e-12
6.209500341269382019e-12
6.218145194426811826e-12
6.227763125069796088e-12
6.238496954806687551e-12
6.250596663576592667e-12
6.263998848527175141e-12
6.278407583651394700e-12
6.293821087547588085e-12
6.310383860463806292e-12
6.328633960008174274e-12
6.349149941120155372e-12
6.372271548755052743e-12
6.398282387626331079e-12
6.427635084450539153e-12
6.460711418598605000e-12
6.497672784574513107e-12
6.538496115687886060e-12
6.583126916623445953e-12
6.631651009846538788e-12
6.683918081072507923e-12
6.739535646252301615e-12
6.798002817917093872e-12
6.860297771919951881e-12
6.926443953430933112e-12
6.996705023845446037e-12
7.071653666686318022e-12
7.151051565696917360e-12
7.234425286555886834e-12
7.322862338887193496e-12
7.417914913680346195e-12
7.518436259184941504e-12
7.623380231278348413e-12
7.732676919905524225e-12
7.846112093965336534e-12
7.963714591476913157e-12
8.085862782811304043e-12
8.212723529715599336e-12
8.345331741667954027e-12
8.484741245670692949e-12
8.630871538935988407e-12
8.783962625555083392e-12
8.944289211111109628e-12
9.111633472696041892e-12
9.286272116916679767e-12
9.468509054410762364e-12
9.657673591480808753e-12
9.853516574524612118e-12
1.005613750906283815e-11
1.026553858937015428e-11
1.048172659332154454e-11
1.070483589169784094e-11
1.093530351637947634e-11
1.117353677822002896e-11
1.142016843588800119e-11
1.167503455418378905e-11
1.193794719130666663e-11
1.220924561513767803e-11
1.252600737923712682e-11
1.281306318769334393e-11
1.310792220917081393e-11
1.341095535323107509e-11
1.372309432158772721e-11
1.404434679443862341e-11
1.437475365559227287e-11
1.471443454463703199e-11
1.506322421645655241e-11
1.542127135709145065e-11
1.578831187746965765e-11
1.616379538585703958e-11
1.654759109984910013e-11
1.693958509963348277e-11
1.733954326090082007e-11
1.774746676515549640e-11
1.816337537615171920e-11
1.858740702477377474e-11
1.901945392892859410e-11
1.945906174157696794e-11
1.990598317414707438e-11
2.036000182106424711e-11
2.082056064158894426e-11
2.128721280385917735e-11
2.175981139188176063e-11
2.223755144463351303e-11
2.271956904489167358e-11
2.320531647652413996e-11
2.369441946121522293e-11
2.418635186189023833e-11
2.468086963840556953e-11
2.517795660911228013e-11
2.567744105050137151e-11
2.617884356308776150e-11
2.668139993841515191e-11
2.718404194982763833e-11
2.768516391362800433e-11
2.818326539689729510e-11
2.867733043565129212e-11
2.916648573878490756e-11
2.964967662514902075e-11
3.012567735847450194e-11
3.059337801971480250e-11
3.105156802266494184e-11
3.149868899218816484e-11
3.193333506901635650e-11
3.235390533968912011e-11
3.275874100792806289e-11
3.314603365447756699e-11
3.351472683529692511e-11
3.386289689267408950e-11
3.418871100751045039e-11
3.449082279602557027e-11
3.476715773375798128e-11
3.501603725445963838e-11
3.523544697476638483e-11
3.542391016577154492e-11
3.557979721074806248e-11
3.570135267811342045e-11
3.578688822157991450e-11
3.583488477961885417e-11
3.584390746114448911e-11
3.581208462508000474e-11
3.573784710738919671e-11
3.561933747771498299e-11
3.545460177650857288e-11
3.524133962634425851e-11
3.497816193707595440e-11
3.466476397299596845e-11
3.430129262316110585e-11
3.388936236658522396e-11
3.343040429209460123e-11
3.292589583807906450e-11
3.237818615100289549e-11
3.178972744861372631e-11
3.116473888960138097e-11
3.050654361094419550e-11
2.981805895276932887e-11
2.910302554835915972e-11
2.836532219439366930e-11
2.760902359934540356e-11
2.683952619807384761e-11
2.606324104560309250e-11
2.528577014916076074e-11
2.451367839645902569e-11
2.375339482253616135e-11
2.300898042667434464e-11
2.228528776313912442e-11
2.158633992918342338e-11
2.091498300816223006e-11
2.027358096734761149e-11
1.966306906193789887e-11
1.908286674271020185e-11
1.853184436654660070e-11
1.800652919230204473e-11
1.750264757674860020e-11
1.701487082273120620e-11
1.653661584980326177e-11
1.606090385814041745e-11
1.558163945460446283e-11
1.509369932382322108e-11
1.459195150160269505e-11
1.407387673676076906e-11
1.353811086314557615e-11
1.298504252768396240e-11
1.241800393653996405e-11
1.184269436372451205e-11
1.126702555019519096e-11
1.069853840575945066e-11
1.014642143421924934e-11
9.618984224345849466e-12
9.123460246970858664e-12
8.664847689431322598e-12
8.243440285380363843e-12
7.857844133256031055e-12
7.504036772843360568e-12
7.175538029242107731e-12
6.864448491953294680e-12
6.561868650730629709e-12
6.261991426608921699e-12
5.962072390263426274e-12
5.661530504745508816e-12
5.362540367651495563e-12
5.069479662426858867e-12
4.787850223109560468e-12
4.522306514907589093e-12
4.276115854549708834e-12
4.050591261399791555e-12
3.844115455362062390e-12
3.651892861929892560e-12
3.469715187217920840e-12
3.293980437661424939e-12
3.121756390535982820e-12
2.953441494151625105e-12
2.791766732029839728e-12
2.639027179719621055e-12
2.496540147802770265e-12
2.364662662463968030e-12
2.242820168499305130e-12
2.128730018725120936e-12
2.019770872236353310e-12
1.914979392862503702e-12
1.814820998193504899e-12
1.720249988024500018e-12
1.631922659295101136e-12
1.549579923461056425e-12
1.472276046911695742e-12
1.399147249567076345e-12
1.329810559554072471e-12
1.264252991960010136e-12
1.202591607251084377e-12
1.144700334598672435e-12
1.090145291763616095e-12
1.038583513516515925e-12
9.898756133828328541e-13
9.439692875387099304e-13
9.006880638051759612e-13
8.598122872365568653e-13
8.211451797232495950e-13
7.845601293273313697e-13
7.499659056557851779e-13
7.172237195193354981e-13
6.861897466978204600e-13
6.567476113152300151e-13
6.288039677004628742e-13
6.022649214629266435e-13
5.770407448586257445e-13
5.530353256062283334e-13
5.301697670751799079e-13
5.083712656993984007e-13
4.875643525542519237e-13
4.676885844213136225e-13
4.486827840136140138e-13
4.304908716610342298e-13
4.130625907402010965e-13
3.963531046460501909e-13
3.803167429372898758e-13
3.649167168132241961e-13
3.501131498247526798e-13
3.358729451185198309e-13
3.221668427001170877e-13
3.089635368727366333e-13
2.962390341266544760e-13
2.839691135430592966e-13
2.721320879048417667e-13
2.607076385068627867e-13
2.496805484586668833e-13
2.390316680250324320e-13
2.287482396271016116e-13
2.188148474431450704e-13
2.092186240765086899e-13
1.999493216562728105e-13
1.909946197920142887e-13
1.823458092640091939e-13
1.739933890622727185e-13
1.659297148915530955e-13
1.581461987396653460e-13
1.506375619019364858e-13
1.433950514247809872e-13
1.364138425022895223e-13
1.296873782862691969e-13
1.232090128920219631e-13
1.169744863506504071e-13
1.109772361059814335e-13
1.052126102849195424e-13
9.967492012711145850e-14
9.435987875798473597e-14
8.926154346147648205e-14
8.437638859492251519e-14
7.969814394378605927e-14
7.522272566874207951e-14
7.094546648677400432e-14
6.686035339501623993e-14
6.296341443414515136e-14
5.924898120174990213e-14
5.571202763192403118e-14
5.234698725815430721e-14
4.914924444806997240e-14
4.611270901525096901e-14
4.323300597078482424e-14
4.050397281908581633e-14
3.792053698511145779e-14
3.547779759739425634e-14
3.316956256697848649e-14
3.099111228167975386e-14
2.893683842313983576e-14
2.700144943733279451e-14
2.517960618587918276e-14
2.346665578440318744e-14
2.185703201139222958e-14
2.034634328305843444e-14
1.892934857766610303e-14
1.760133991855453918e-14
1.635803938910273419e-14
1.519454290997309713e-14
1.410673616404897536e-14
1.309040010473981854e-14
1.214148018795773003e-14
1.125609062998608542e-14
1.043079983211987656e-14
9.661775677162281720e-15
8.945875666850914716e-15
8.279766061984927035e-15
7.660221312600740515e-15
7.084506954641836022e-15
6.549655991540499356e-15
6.053072051851881732e-15
5.592255517829191948e-15
5.164842271806979888e-15
4.768583450660028917e-15
4.401500020831929780e-15
4.061475161796256756e-15
3.746731412425404707e-15
3.455520857014638373e-15
3.186091763723574685e-15
2.936995364322910277e-15
2.706730542301922950e-15
2.493942111511328977e-15
2.297376158683038697e-15
2.115874677367697131e-15
1.948315466554364528e-15
1.793726492207215361e-15
1.651095371485984972e-15
1.519553190261341954e-15
1.398289350842836156e-15
1.286474925595590652e-15
1.183437782963471128e-15
1.088496181659089790e-15
1.001018927875096891e-15
9.204441554439475131e-16
8.462558748910151410e-16
7.779481917969065962e-16
7.150856130244423728e-16
6.572318839578637524e-16
6.039965661166498483e-16
5.550303070085903523e-16
5.099777931925536686e-16
4.685414690051643063e-16
4.304345331197558966e-16
3.953852256936262378e-16
3.631624456970621202e-16
3.335453845861493786e-16
3.063205658744207221e-16
2.813039588167469339e-16
2.583158834918589026e-16
2.371855936879510797e-16
2.177782079713062179e-16
1.999466701025699460e-16
1.835621629121680630e-16
1.685128041817180231e-16
1.546861546663437930e-16
1.419835263789059834e-16
1.303247082363130620e-16
1.196158836492656285e-16
1.097873210691154707e-16
1.007586985190073245e-16
9.247168682022207195e-17
8.486776333971398047e-17
7.788829352983045575e-17
7.147940783190025955e-17
6.559190025509481367e-17
6.019197592772195774e-17
5.523439993887664981e-17
5.068383511144387590e-17
4.650371756694290899e-17
