# bin_3_1
6.962546269071585164e-12
6.948022684124803056e-12
6.933647782675435130e-12
6.919390962620285929e-12
6.905205490793388547e-12
6.890980458604197471e-12
6.876610009740307903e-12
6.861996289577436159e-12
6.847032858468730633e-12
6.831806591756351744e-12
6.816361960187638579e-12
6.800685406792627804e-12
6.784905435479283195e-12
6.769219271397765448e-12
6.753655395401909257e-12
6.738128186570930618e-12
6.722542270174054883e-12
6.706897345681844282e-12
6.691157330339639884e-12
6.675374446250787923e-12
6.659667348409189228e-12
6.644121391914466393e-12
6.628986790597124331e-12
6.614379953686766109e-12
6.600538716675163171e-12
6.587997257019404420e-12
6.577241898443393751e-12
6.568440542031895321e-12
6.560830998555076419e-12
6.554228770118591658e-12
6.548308369047489026e-12
6.543052398437280780e-12
6.538425580448895482e-12
6.534537650105482087e-12
6.531418416314474676e-12
6.528930956612582662e-12
6.526800503232611639e-12
6.524771163544624645e-12
6.522447713717039795e-12
6.520061870679781730e-12
6.517926668586731361e-12
6.516206723308367873e-12
6.515141626642237631e-12
6.514595178913897329e-12
6.514095479562990079e-12
6.513667919799999827e-12
6.513556246748658178e-12
6.514418630796040858e-12
6.516883059665371338e-12
6.521287082211364116e-12
6.527981468736140341e-12
6.537488895238357035e-12
6.550222300443364817e-12
6.566367235372744344e-12
6.585979498679528016e-12
6.608887520355930472e-12
6.635022969616467281e-12
6.664167604681166643e-12
6.695823733410651873e-12
6.729196907626799796e-12
6.765416147936497658e-12
6.804542833063076729e-12
6.846876538281960756e-12
6.893049926279572832e-12
6.942634979450965897e-12
6.994865501539668966e-12
7.051028750593255896e-12
7.113065213117112447e-12
7.179421808855272538e-12
7.248472172845954794e-12
7.319870539165615705e-12
7.393345056715556443e-12
7.468788724211324278e-12
7.546520043262523505e-12
7.626730458680722552e-12
7.710694734275035285e-12
7.799721458474582343e-12
7.893716040007607466e-12
7.992831218764798050e-12
8.097300240086348990e-12
8.206759888612954546e-12
8.321315551856463284e-12
8.441242109129589278e-12
8.565395287291499535e-12
8.693013852274859103e-12
8.824157340056163700e-12
8.958668343594262537e-12
9.096235779504208873e-12
9.236990426771217093e-12
9.381298842942806180e-12
9.529540077680172063e-12
9.682546046801595006e-12
9.839819560908353162e-12
1.000077457511647073e-11
1.016579684903425125e-11
1.033494250772668745e-11
1.050770529196730196e-11
1.068405401539562429e-11
1.086435463394280237e-11
1.104810161870002633e-11
1.123408879469200903e-11
1.142167825811340635e-11
1.170580793392399300e-11
1.190009196697511008e-11
1.209714161249634838e-11
1.229671577847647585e-11
1.249761599673521741e-11
1.269931039402195255e-11
1.290162375378590454e-11
1.310382374418877422e-11
1.330579225684893721e-11
1.350745758038218525e-11
1.370874743474767269e-11
1.390940636706187656e-11
1.410864649840692210e-11
1.430614096402710468e-11
1.450171467559213559e-11
1.469455699390325906e-11
1.488446061131849742e-11
1.507140944280948088e-11
1.525444183518667433e-11
1.543216530703731477e-11
1.560409517642219425e-11
1.576981472253604194e-11
1.592860545227013713e-11
1.608007610275439476e-11
1.622414036366547666e-11
1.636029445287824532e-11
1.648787808106121109e-11
1.660581126729456807e-11
1.660731527004772466e-11
1.670484908634581257e-11
1.679096054426819542e-11
1.686505312853229275e-11
1.692677794832984755e-11
1.697535905993658499e-11
1.701093587827528248e-11
1.703236632119585448e-11
1.703934019976912986e-11
1.703130304423038219e-11
1.700783606418033553e-11
1.696884099123438360e-11
1.691384721129172690e-11
1.684325961733881195e-11
1.675651189650784857e-11
1.665385135643245102e-11
1.653543596796146985e-11
1.640139896832667859e-11
1.625224670907724099e-11
1.608885669021388980e-11
1.591118203831377207e-11
1.572020237460763503e-11
1.551557775916141941e-11
1.529797480308082655e-11
1.506789386973447129e-11
1.482630446473013477e-11
1.457370439779713130e-11
1.431108125180672478e-11
1.403939482749567295e-11
1.375922978835156589e-11
1.347233010403496185e-11
1.317984716196817800e-11
1.288233703620938390e-11
1.258110396180708644e-11
1.227713513897256360e-11
1.197101660251574591e-11
1.166360985791562382e-11
1.135544024365353397e-11
1.104728030854056422e-11
1.073989189209177416e-11
1.043373359186467693e-11
1.012949258429281212e-11
9.827918816785852280e-12
9.529093980071863998e-12
9.233526792024777208e-12
8.941394624600366726e-12
8.653393254795886163e-12
8.369343552920357911e-12
8.090244094123616852e-12
7.816087709500319943e-12
7.547587719879491951e-12
7.284967664367645455e-12
7.028540670206047945e-12
6.778760234076692256e-12
6.535361160161525267e-12
6.298846320998274542e-12
6.068748465729780709e-12
5.844780535627078077e-12
5.626639984044854805e-12
5.413120571878797728e-12
5.203427580839189907e-12
4.996430193190700554e-12
4.791685807296063543e-12
4.588624431456273544e-12
4.387294941111439860e-12
4.188414712997851472e-12
3.998036812820220249e-12
3.807664631941594080e-12
3.619933699320746605e-12
3.445238764338451383e-12
3.280249750560272834e-12
3.125598255398041464e-12
2.981073099672996391e-12
2.845859622405585105e-12
2.718568906281702436e-12
2.597154362284126246e-12
2.479988739636725355e-12
2.365872972276062735e-12
2.256244079339043371e-12
2.146500644449210319e-12
2.036479259768186954e-12
1.932767658802358386e-12
1.833747130040955675e-12
1.740330599950719402e-12
1.652951269777715027e-12
1.571501135603303904e-12
1.495248295608969014e-12
1.423275417041858051e-12
1.354792087790516211e-12
1.289170461726788190e-12
1.227967297013530156e-12
1.167697472167024056e-12
1.108878965265230278e-12
1.055064034379096883e-12
1.004510881860424387e-12
9.568623257354808494e-13
9.116180695585211900e-13
8.683955005574891809e-13
8.270540036916100191e-13
7.876994634059674037e-13
7.504651007126547009e-13
7.154258647276485296e-13
6.824622043945570077e-13
6.514207165990338219e-13
6.220847083329233807e-13
5.942469461794853685e-13
5.677541816715264434e-13
5.425067999086869629e-13
5.184857404907341169e-13
4.957003655106979244e-13
4.741316607045554783e-13
4.536890472950635737e-13
4.342767596067143636e-13
4.158018267612290815e-13
3.982012206271474157e-13
3.814301822148917705e-13
3.654570602825785480e-13
3.502297144969630353e-13
3.356898257164579199e-13
3.217986879617762545e-13
3.085226239464814186e-13
2.958303801488885923e-13
2.836808486946061964e-13
2.720443118861847654e-13
2.608823391607152601e-13
2.501759868232236898e-13
2.399008498622315681e-13
2.300314247006971303e-13
2.205454443458804100e-13
2.114207614933123419e-13
2.026426849295770091e-13
1.941898785774507646e-13
1.860526340597313287e-13
1.782098654896368235e-13
1.706541161571921610e-13
1.633681714723272201e-13
1.563440139226222015e-13
1.495699919085108549e-13
1.430360013101512759e-13
1.367348931602586810e-13
1.306559211936961157e-13
1.247947323067187859e-13
1.191403085282032941e-13
1.136909420442117918e-13
1.084354487564954842e-13
1.033726978988449081e-13
9.849373715892454381e-14
9.379549189199789202e-14
8.927261370042055816e-14
8.491973223080257946e-14
8.073384948099464147e-14
7.670858760677382629e-14
7.284226866329593708e-14
6.912782020969843186e-14
6.556467419805656042e-14
6.214549764127221355e-14
5.886926129983062504e-14
5.573029870303356720e-14
5.272545551129836948e-14
4.985153570488888803e-14
4.710397420270927033e-14
4.448007549122997377e-14
4.197490470508959852e-14
3.958640364359082131e-14
3.730912946804092524e-14
3.514146804461372225e-14
3.307799521195552540e-14
3.111654184239153145e-14
2.925291892804371159e-14
2.748372150529211968e-14
2.580583976162350464e-14
2.421539961681203783e-14
2.270954111800193446e-14
2.128426529899974084e-14
1.993718244292618864e-14
1.866406452508144730e-14
1.746274219205223017e-14
1.632917741192731626e-14
1.526098955994697079e-14
1.425498712335172864e-14
1.330811175794719272e-14
1.241777331198773939e-14
1.158096055105002933e-14
1.079522550073270990e-14
1.005766182306727884e-14
9.366233207401964075e-15
8.718007343454221851e-15
8.111116805808003141e-15
7.542981783798638033e-15
7.011588470273119707e-15
6.514893330840011273e-15
6.050766794481121309e-15
5.617498995534760577e-15
5.213129021720234017e-15
4.836039472150738228e-15
4.484440535500120317e-15
4.156995669889351503e-15
3.851978926928910975e-15
3.568175374442446105e-15
3.304134781943537751e-15
3.058617684650701870e-15
2.830465200408942828e-15
2.618472991713368791e-15
2.421663189997392625e-15
2.238960232042952882e-15
2.069480321639074083e-15
1.912256991014659900e-15
1.766558615724689543e-15
1.631498259347583931e-15
1.506411085336737071e-15
1.390574178739001770e-15
1.283321123013910448e-15
1.184098974140742173e-15
1.092299607292201309e-15
1.007410723700302555e-15
9.289149996008681616e-16
8.563824682891583783e-16
7.893435622622942917e-16
7.274309495118163828e-16
6.702506213585255486e-16
6.174681462291025733e-16
5.687518214214543717e-16
5.237909311960216082e-16
4.823191157537468107e-16
4.440608886527035223e-16
4.087774709656217277e-16
3.762459331490506362e-16
3.462680562488309170e-16
3.186309620161956861e-16
2.931729677305684106e-16
2.697147962770542044e-16
2.481019529687627665e-16
2.282041722345174694e-16
2.098809049629407251e-16
1.930100241671644874e-16
1.774808534962304191e-16
1.631846519924600050e-16
1.500230131279452319e-16
1.379182262573199188e-16
1.267787308572717049e-16
1.165326570618372012e-16
1.071028310220092271e-16
9.843255672734749888e-17
9.046055535908239007e-17
8.312880524675776198e-17
7.638736850312686741e-17
7.018353476529545887e-17
6.448431713104667437e-17
5.924501061057728057e-17
5.442969903132340611e-17
4.999847041124306623e-17
4.593090202860544161e-17
4.219262963148131927e-17
3.875692655637472199e-17
3.559598489134010215e-17
3.269638874621061736e-17
3.000705055678361145e-17
2.757921377648341279e-17
2.533054297893565271e-17
2.326447385504053948e-17
2.136067885667142470e-17
1.961774333607328906e-17
1.801694765068569171e-17
1.654017349042931825e-17
1.519018450195480977e-17
1.393505351942167795e-17
1.279757169406839972e-17
1.175287420175825204e-17
1.079330061988917287e-17
9.906920261614698558e-18
