# bin_3_3
7.377125429064567090e-12
7.367121588279382582e-12
7.357502967858359883e-12
7.348247879228164297e-12
7.339317189921056946e-12
7.330589752245354334e-12
7.321956632973880250e-12
7.313315492474386326e-12
7.304552845117134709e-12
7.295779801934080876e-12
7.287062031888618988e-12
7.278402500911042504e-12
7.269907342975743144e-12
7.261732441799375228e-12
7.253911364340967714e-12
7.246361009884029208e-12
7.238996016596412330e-12
7.231818222549555752e-12
7.224790787537206573e-12
7.217979213181629799e-12
7.211529289046560024e-12
7.205573632457971105e-12
7.200376603269634246e-12
7.196079749517880957e-12
7.192931228540742197e-12
7.191434369399070291e-12
7.192069349044207037e-12
7.194998668717588269e-12
7.199701712787259760e-12
7.206061165732764771e-12
7.213794886443492141e-12
7.222865381271817554e-12
7.233233185076412998e-12
7.245047783872633327e-12
7.258423801173206112e-12
7.273315021720549875e-12
7.289498753861102672e-12
7.306830555554009904e-12
7.325097456513004564e-12
7.344654637673802907e-12
7.365891745260653766e-12
7.388964893521180607e-12
7.414180515584945166e-12
7.441511871510748750e-12
7.470724084629427441e-12
7.501795887886399825e-12
7.534834083001912646e-12
7.570400453931829761e-12
7.609146318933757123e-12
7.651473977884580121e-12
7.697678921022868922e-12
7.748257667988345998e-12
7.803639329426041178e-12
7.863996585428480913e-12
7.929255881029333745e-12
7.999436588646481760e-12
8.074739654672861403e-12
8.155029715578427444e-12
8.239917474714577905e-12
8.329005648576329858e-12
8.423352068881059490e-12
8.522960086510704827e-12
8.628118983181650717e-12
8.739469011553867296e-12
8.856857392287363930e-12
8.979922045348468916e-12
9.109819482931920269e-12
9.248129981000571001e-12
9.393763085147781789e-12
9.545865633671498237e-12
9.704533880924867196e-12
9.869546919053194940e-12
1.004103231470966861e-11
1.021947314451764973e-11
1.040503823913288205e-11
1.059879239650550935e-11
1.080182671120850282e-11
1.101404665258427621e-11
1.123577902378631143e-11
1.146738261886663252e-11
1.170868818853081409e-11
1.196011504462504349e-11
1.222204657009569830e-11
1.249400560414092338e-11
1.277602205313903844e-11
1.306824424846724492e-11
1.337076421214789356e-11
1.368379205068420577e-11
1.400750725543368077e-11
1.434246293900409177e-11
1.468917582461447389e-11
1.504824682225889552e-11
1.541973821719495323e-11
1.580354540318012274e-11
1.619964659026960869e-11
1.660794804713909025e-11
1.702873114540109000e-11
1.746234407467809145e-11
1.790923204626352540e-11
1.837036110404882162e-11
1.884585022820329837e-11
1.933595427250660890e-11
1.984090725687680939e-11
2.036068171584657426e-11
2.089563029669228372e-11
2.144560716235686011e-11
2.201034109184558236e-11
2.258988128539877485e-11
2.318423688596628395e-11
2.379340545971374903e-11
2.441744471621229703e-11
2.505653342992402526e-11
2.571089965466842162e-11
2.638056315893748682e-11
2.706529705131490467e-11
2.776500100630930831e-11
2.847970742128697662e-11
2.920906121504602379e-11
2.995287102858468691e-11
3.071098471646221206e-11
3.148285129004242446e-11
3.226776613588612108e-11
3.306542937472182582e-11
3.387546207853619259e-11
3.469674104872464708e-11
3.552784808422328842e-11
3.636741848713418673e-11
3.721449962014118187e-11
3.806917657446258908e-11
3.893222089910225781e-11
3.980411969840346151e-11
4.068401930819348140e-11
4.156981603681764951e-11
4.245945120811222598e-11
4.335155634621845924e-11
4.424506827401352211e-11
4.513872018791809966e-11
4.603105907941260126e-11
4.692029707477773624e-11
4.780432184455161765e-11
4.868108496050889149e-11
4.954839565514898838e-11
5.040397014861435073e-11
5.124550874476098485e-11
5.207101805473842546e-11
5.287790884713124287e-11
5.366357717990847018e-11
5.442550518066332482e-11
5.516078384194537256e-11
5.586635283496617631e-11
5.653905680327056004e-11
5.717575063691769046e-11
5.777325333360017212e-11
5.832829510680209537e-11
5.883747183531348574e-11
5.929739110807029825e-11
5.970412647835027814e-11
6.005397559436566858e-11
6.034483201421547950e-11
6.057600858032306847e-11
6.074613042882985433e-11
6.085143721189717503e-11
6.088599418798947034e-11
6.084363024695419846e-11
6.071989144737227833e-11
6.051292150910989787e-11
6.022216718118087574e-11
5.984536965159980576e-11
5.937878363811890117e-11
5.882002628676087334e-11
5.817103116228560335e-11
5.743643787266370950e-11
5.662161872103058368e-11
5.573083164913052783e-11
5.476737292640618441e-11
5.373431964543461146e-11
5.263542665554775183e-11
5.147658914213124731e-11
5.026387541645364733e-11
4.900655116911452361e-11
4.771551133167945484e-11
4.640047094342302701e-11
4.507068424720922670e-11
4.373566607158457341e-11
4.240551079429754487e-11
4.109082979561621861e-11
3.980136582844175321e-11
3.854559653657422988e-11
3.733176131270391820e-11
3.616662118694346851e-11
3.505616750004261982e-11
3.400311159909218080e-11
3.300670959968193430e-11
3.206292589825644164e-11
3.116607798363318960e-11
3.030931053507793412e-11
2.948357341614942120e-11
2.867840339061380448e-11
2.788244943848075578e-11
2.708224927918487679e-11
2.626517358433816482e-11
2.542060611080119078e-11
2.454194436364604342e-11
2.362622139385361817e-11
2.267279874864165247e-11
2.168600694306894243e-11
2.067722645785512026e-11
1.966179661188093705e-11
1.865564987278713708e-11
1.767629984065520050e-11
1.674167563930020362e-11
1.586688194956601195e-11
1.506290282442585141e-11
1.433051289649538049e-11
1.366231395923817041e-11
1.304787249817767511e-11
1.247314989283982522e-11
1.192325973704215480e-11
1.138495538903136835e-11
1.084901845083857743e-11
1.031145047158755274e-11
9.774884606289254002e-12
9.248214300255948068e-12
8.742533645808718644e-12
8.266052723868458383e-12
7.822180894414650939e-12
7.409322189063806181e-12
7.021272560653061894e-12
6.649932381529509176e-12
6.291704005378210230e-12
5.947462683378854236e-12
5.618867628211217435e-12
5.307932888168776366e-12
5.018143734149039638e-12
4.750640066231265206e-12
4.500335761430975045e-12
4.260254840651173334e-12
4.027167874147118304e-12
3.802437863195777318e-12
3.590220476852286699e-12
3.393395280284959684e-12
3.211786230644086602e-12
3.042051767859725014e-12
2.880809015602960420e-12
2.726726672100736531e-12
2.580570066277837876e-12
2.443522801278704979e-12
2.315423865877566305e-12
2.195238744449254108e-12
2.081798583213060813e-12
1.974761885685716084e-12
1.874142653045268095e-12
1.779611199221548336e-12
1.690596623893054178e-12
1.606685929208176720e-12
1.527711509365836312e-12
1.453439456085070772e-12
1.383463221623519510e-12
1.317473931005502785e-12
1.255219025557663338e-12
1.196524848891467117e-12
1.141136632973926586e-12
1.088836995175845628e-12
1.039410195070784711e-12
9.926814221485131259e-13
9.484604390213275501e-13
9.065737961063815069e-13
8.668791104172750657e-13
8.292101281015702819e-13
7.934539747708404652e-13
7.594700185075581333e-13
7.271530654040373989e-13
6.963838360681917603e-13
6.670666717698078104e-13
6.391005953669541352e-13
6.124029220420793424e-13
5.868905840862188187e-13
5.624850334205505219e-13
5.391259676951011099e-13
5.167382168924016082e-13
4.952742160547536286e-13
4.746757599634285689e-13
4.548980342455951931e-13
4.358923321704156476e-13
4.176194860956671899e-13
4.000385800570151888e-13
3.831159302459325500e-13
3.668193505355142996e-13
3.511159050088166338e-13
3.359833140251940664e-13
3.213916682430669870e-13
3.073236662164796195e-13
2.937564068471240822e-13
2.806725290289460429e-13
2.680530828261625320e-13
2.558827626488794801e-13
2.441452332015505973e-13
2.328268754775851181e-13
2.219155073080031900e-13
2.113967612260138335e-13
2.012620587149802452e-13
1.914985868924513743e-13
1.820988068505700501e-13
1.730520818518810743e-13
1.643499382744399884e-13
1.559828165138897226e-13
1.479428784938145049e-13
1.402212813570120890e-13
1.328101835245935270e-13
1.257029634849087721e-13
1.188903909168440115e-13
1.123667689235576235e-13
1.061238357532616231e-13
1.001554152485601739e-13
9.445345161275444296e-14
8.901095126475842150e-14
8.382003402824861346e-14
7.887385827981312400e-14
7.416476961836031081e-14
6.968530489193211171e-14
6.542907669301554938e-14
6.138747299268546536e-14
5.755452684525765442e-14
5.392253936659013384e-14
5.048484566073045198e-14
4.723372304094730493e-14
4.416216468754586444e-14
4.126259013898456858e-14
3.852813160429460577e-14
3.595160598775161112e-14
3.352563976610250120e-14
3.124417341678584383e-14
2.909954902586424630e-14
2.708627293695348240e-14
2.519757724963188123e-14
2.342759727706912417e-14
2.176994590714155642e-14
2.021893880196569599e-14
1.876855814096469738e-14
1.741341779614125697e-14
1.614827785328366366e-14
1.496757677548638632e-14
1.386698882014618653e-14
1.284123484550979005e-14
1.188643704647892533e-14
1.099799264559475357e-14
1.017200753299216741e-14
9.404357333329266877e-15
8.691482063934843127e-15
8.029683834753412387e-15
7.415642441414759212e-15
6.846358995541490363e-15
6.318511673137306812e-15
5.829657025845161803e-15
5.376881377982002755e-15
4.957972190358773920e-15
4.570412505925174089e-15
4.212113408326222445e-15
3.880888309388750484e-15
3.574889773686201897e-15
3.292234367682358862e-15
3.031204596385862547e-15
2.790343361039625670e-15
2.567974421863123194e-15
2.362917852921985500e-15
2.173785652965360645e-15
1.999488247357271786e-15
1.838835134258611764e-15
1.690848796164596807e-15
1.554513457565297231e-15
1.428972894520459637e-15
1.313387069466640457e-15
1.206952053450838942e-15
1.109032393129245709e-15
1.018873899922195256e-15
9.359636602205985025e-16
8.596903689362650533e-16
7.895698409199378936e-16
7.250892701587611640e-16
6.658231698025464994e-16
6.113358994275582906e-16
5.612621223042294594e-16
5.152538720984368975e-16
4.729594364298794170e-16
4.341184606567089276e-16
3.984168755514785028e-16
3.656360157706467862e-16
3.355274820759623264e-16
3.078863119810464069e-16
2.825021521193635813e-16
2.591976801342567057e-16
2.378015421113136450e-16
2.181582730150702304e-16
2.001319075701460408e-16
1.835753046901264626e-16
1.683898604012051027e-16
1.544603990783525804e-16
1.416848695731549102e-16
1.299486973068108823e-16
1.191776119208266132e-16
