# bin_2_1
1.407872231981318794e-11
1.410662974972592039e-11
1.413615951710496449e-11
1.416733792400390340e-11
1.420017908242206147e-11
1.423464419691419911e-11
1.427070045790861086e-11
1.430832802149627492e-11
1.434750316350746258e-11
1.438836760667719521e-11
1.443102819806870727e-11
1.447554299424676219e-11
1.452212059908239807e-11
1.457104418975124804e-11
1.462242483148623031e-11
1.467626344320545553e-11
1.473255150077656096e-11
1.479138300596732137e-11
1.485282436734314310e-11
1.491702053290449278e-11
1.498417464878281404e-11
1.505445561946264129e-11
1.512820133496653608e-11
1.520560663400820805e-11
1.528699440090154587e-11
1.537300059832694761e-11
1.546420502287661844e-11
1.556089887663846892e-11
1.566241997798330383e-11
1.576871163885701958e-11
1.587957398833036598e-11
1.599515198564754325e-11
1.611557477029397612e-11
1.624108598179151585e-11
1.637184391019978205e-11
1.650784902458346733e-11
1.664898766003300692e-11
1.679516114844996325e-11
1.694611125296809154e-11
1.710218498691926528e-11
1.726382709279781545e-11
1.743138330857521205e-11
1.760525868811130232e-11
1.778549719349574889e-11
1.797178581404185346e-11
1.816438410037858633e-11
1.836380108583410428e-11
1.857093322674429304e-11
1.878660834318078676e-11
1.901136400231097761e-11
1.924577993380693136e-11
1.949061850083242516e-11
1.974654824732526535e-11
2.001406045443261887e-11
2.029354617652640461e-11
2.058505485354111516e-11
2.088872069881382934e-11
2.120463619644142320e-11
2.153263031072396879e-11
2.187213875935873420e-11
2.222455972787914087e-11
2.259027844740580051e-11
2.296994623251855773e-11
2.336454721302816113e-11
2.377388369353102936e-11
2.419735238350168665e-11
2.463657205694926254e-11
2.509386907255224237e-11
2.565720790580802513e-11
2.615009927216800965e-11
2.665826715070925369e-11
2.718128361621460554e-11
2.772009566428523884e-11
2.827561022599419985e-11
2.884797446593365506e-11
2.943674670674911835e-11
3.004290898829490269e-11
3.066812576110672985e-11
3.131339465279095220e-11
3.197970642108493802e-11
3.266789485318162101e-11
3.337849125404999764e-11
3.411156233239148101e-11
3.486703544190069762e-11
3.564446796250218379e-11
3.644303262016729498e-11
3.726336642139572500e-11
3.810590199342214766e-11
3.897112707956258699e-11
3.985963231066664544e-11
4.077049243979011302e-11
4.170510517790181405e-11
4.266458448822669767e-11
4.364719903078338218e-11
4.465110480991225411e-11
4.567586316161770224e-11
4.672211820661353135e-11
4.778940944593823675e-11
4.887770080500000397e-11
4.998900056105917201e-11
5.112267720087561715e-11
5.227755423163868537e-11
5.345431402118118353e-11
5.465211576545191635e-11
5.586977668054885474e-11
5.710720727547468031e-11
5.836223713057052251e-11
5.963351198145219694e-11
6.092054602381349573e-11
6.222141055565589373e-11
6.353528671619715695e-11
6.486092617616908912e-11
6.619696257433535084e-11
6.754101177675167795e-11
6.889069496642669180e-11
7.024317061062978403e-11
7.159729754001418767e-11
7.295121082745941575e-11
7.430469147686260976e-11
7.565856431066459602e-11
7.701004045607596790e-11
7.835681385039768871e-11
7.969465686389246266e-11
8.102054092873804509e-11
8.233003987638505534e-11
8.361989688639415179e-11
8.488744169667890559e-11
8.612930434198999476e-11
8.734225164886933931e-11
8.852166197760868430e-11
8.966426366114503207e-11
9.076587273963364738e-11
9.182080200450727831e-11
9.282724811583832649e-11
9.377986305730769639e-11
9.467484726679673543e-11
9.550766393162833682e-11
9.627426358569460907e-11
9.697025516405218551e-11
9.759046847936290820e-11
9.813126470890237415e-11
9.858621116379194191e-11
9.895362926657422870e-11
9.922496838415026921e-11
9.940195692758950032e-11
9.947803943960615831e-11
9.944938774501500907e-11
9.931941490797666499e-11
9.910362104784030285e-11
9.876368449779160311e-11
9.831501018047516223e-11
9.775614422195965235e-11
9.708220983451888518e-11
9.628979389574601533e-11
9.537664521503425318e-11
9.434307005935060537e-11
9.318988120346007008e-11
9.192061963002007749e-11
9.053948327066086064e-11
8.905138525987897480e-11
8.746507801412688615e-11
8.579000522407759745e-11
8.403519852973984949e-11
8.221088538453419789e-11
8.032564311739070093e-11
7.838631711117131682e-11
7.640042577788138048e-11
7.437626113634542048e-11
7.232391181076847468e-11
7.025526855176995543e-11
6.818268181420029466e-11
6.611860806630174230e-11
6.407535596045923619e-11
6.206302308393190715e-11
6.009077020283400615e-11
5.816668826264705258e-11
5.629846240575595546e-11
5.449125577713633224e-11
5.275071059774727886e-11
5.107925194252784730e-11
4.947837774897561008e-11
4.794581727671212473e-11
4.647696919368236199e-11
4.506492413355820666e-11
4.369851383401729533e-11
4.236757700989998371e-11
4.105869117616732924e-11
3.975897836754428768e-11
3.845591001496726436e-11
3.713586051618226230e-11
3.578856430753906141e-11
3.440664601226894633e-11
3.298828338917555167e-11
3.153677466699557536e-11
3.006163533617216354e-11
2.857878825583233402e-11
2.710875954702838943e-11
2.567565607486994466e-11
2.430361510163340604e-11
2.301449781007379816e-11
2.182518734174036198e-11
2.074342676795147359e-11
1.976794201795060550e-11
1.888708952439448580e-11
1.808086029326688505e-11
1.732349994194266369e-11
1.659009623640892495e-11
1.586031385259344639e-11
1.512133821038454056e-11
1.437067576794258821e-11
1.361545615986203947e-11
1.287074865183927072e-11
1.215471185950039943e-11
1.148418082028977279e-11
1.087022698849211035e-11
1.031414841426955695e-11
9.807925760871477435e-12
9.337983878724054739e-12
8.890365543843529434e-12
8.454606785208327842e-12
8.026970045800824996e-12
7.610681667089424816e-12
7.212186622720750531e-12
6.837948627825320981e-12
6.491021809988659242e-12
6.169737925407293895e-12
5.869337966375778333e-12
5.584487865095230447e-12
5.311965213284419753e-12
5.051732194080076343e-12
4.805264321063412464e-12
4.573672608025869057e-12
4.356503327024550567e-12
4.152280343301335853e-12
3.959243485626268693e-12
3.776322347544409694e-12
3.603222222733762755e-12
3.439708177729773416e-12
3.285381955109166878e-12
3.139602783611331917e-12
3.001680656926602605e-12
2.871080251046830249e-12
2.747435837224460276e-12
2.630326976732550828e-12
2.519320115535201001e-12
2.413984717672746570e-12
2.313936813739603163e-12
2.218871395707516066e-12
2.128445519619816281e-12
2.042345280656222028e-12
1.960283257824899648e-12
1.882006106871679897e-12
1.807266699069812930e-12
1.735850565789852636e-12
1.667525364881450371e-12
1.602093864940318214e-12
1.539376068601966177e-12
1.479188813038631906e-12
1.421386574807257130e-12
1.365816956175766791e-12
1.312348602793911527e-12
1.260857247898071630e-12
1.211240522020460998e-12
1.163384787709232038e-12
1.117208220874755801e-12
1.072616735015277942e-12
1.029534193876976419e-12
9.878935720519723095e-13
9.476237878530705338e-13
9.086725117205210525e-13
8.709821977529301894e-13
8.345079382771414021e-13
7.992027402594222516e-13
7.650358812280934310e-13
7.319615243839473585e-13
6.999557566663542246e-13
6.689832624103823801e-13
6.390171998889301381e-13
6.100351818007547029e-13
5.820100461920122434e-13
5.549236041131484069e-13
5.287531037418383548e-13
5.034822654171115857e-13
4.790896436087814555e-13
4.555643960003612561e-13
4.328827656504983072e-13
4.110337022400611211e-13
3.899994114320493642e-13
3.697634762097795332e-13
3.503140729630746365e-13
3.316336145484328021e-13
3.137083854881698876e-13
2.965218969438676501e-13
2.800602042976700703e-13
2.643046324585668574e-13
2.492428818598103849e-13
2.348543847096408145e-13
2.211244189177773073e-13
2.080364436059496134e-13
1.955714650740839105e-13
1.837146654335087222e-13
1.724469836284357347e-13
1.617505170759824705e-13
1.516067093692091460e-13
1.419981424265926218e-13
1.329039473756281957e-13
1.243074569785981149e-13
1.161878521441836197e-13
1.085264218954427030e-13
1.013055961590420676e-13
9.450477076005913990e-14
8.810698184881157968e-14
8.209328316058269930e-14
7.644537747227136977e-14
7.114577981289628645e-14
6.617810499485421196e-14
6.152409511652207682e-14
5.716850798585039887e-14
5.309495608081091900e-14
4.928753260975835450e-14
4.573252504737943182e-14
4.241452073239092169e-14
3.932044928841236015e-14
3.643690424748669637e-14
3.375107056785848511e-14
3.125101066216453693e-14
2.892575633937608671e-14
2.676361907350174191e-14
2.475465571719626508e-14
2.288901848045712045e-14
2.115696128246586511e-14
1.955027702680144511e-14
1.806018344616638302e-14
1.667899255472054485e-14
1.539928016495416600e-14
1.421403910774331220e-14
1.311669946582803616e-14
1.210137908493308921e-14
1.116201500834503450e-14
1.029330947624653050e-14
9.490334896515816382e-15
8.748103073259707108e-15
8.062520899140578390e-15
7.429297977763912050e-15
6.844584457358434245e-15
6.304842374169953928e-15
5.806753962202224350e-15
5.347158677531992787e-15
4.923276765498018532e-15
4.532363446147045095e-15
4.171904971043373959e-15
3.839693156332535266e-15
3.533452583297532247e-15
3.251309057012621364e-15
2.991364875370520934e-15
2.751884820027232247e-15
2.531330329123731724e-15
2.328254689318148728e-15
2.141252629345087435e-15
1.969118582754657904e-15
1.810677697078135815e-15
1.664823616822362015e-15
1.530640590629375961e-15
1.407157129961180841e-15
1.293553898204730640e-15
1.189053379017555239e-15
1.092910621597064414e-15
1.004480648749352332e-15
9.231711735466554787e-16
8.483904164180531986e-16
7.796321920498093177e-16
7.164115380204064696e-16
6.582811909634964696e-16
6.048548460768770515e-16
5.557381961718046196e-16
5.105894488279422979e-16
4.690839611408072526e-16
4.309382537581185879e-16
3.958813712431595753e-16
3.636685855912741345e-16
3.340569411141898124e-16
3.068534738716566125e-16
2.818608056890673006e-16
2.588931225213062772e-16
2.377927789151320631e-16
2.184187264086164248e-16
2.006236145676441068e-16
1.842661856842797228e-16
1.692450590414106578e-16
1.554442406003629058e-16
1.427524692172880204e-16
1.311073943840833392e-16
1.204148566227178022e-16
1.105832791903087817e-16
1.015668363153501810e-16
9.328593989815878397e-17
8.566642181754327706e-17
7.868208432293358822e-17
7.226722888619659607e-17
6.635620003666123954e-17
