# bin_1_1
4.053661989892458779e-11
4.070411311061831567e-11
4.087836214025276694e-11
4.105957334216999800e-11
4.124794658397371512e-11
4.144363413802838337e-11
4.164680100329367930e-11
4.185764040236923226e-11
4.207635102689660349e-11
4.230330414669382499e-11
4.253883982620625634e-11
4.278325253465353634e-11
4.303704727423015003e-11
4.330083789786266617e-11
4.357501461849193033e-11
4.385983763450754619e-11
4.415556079270487666e-11
4.446258688905251471e-11
4.478130125651179777e-11
4.511217448258851836e-11
4.545574142064712071e-11
4.581250089338942522e-11
4.618317540402668946e-11
4.656829459305964276e-11
4.696857182412365294e-11
4.738515317201811901e-11
4.781910230825915102e-11
4.827115862690176990e-11
4.874082111587525369e-11
4.922840455384292516e-11
4.973404429864468805e-11
5.025838670232451201e-11
5.080206432195885452e-11
5.136580319630946920e-11
5.195022873968720018e-11
5.255577595076601138e-11
5.318278133129815930e-11
5.383161356058411107e-11
5.450239619335109589e-11
5.519600060445554276e-11
5.591345434157251863e-11
5.665574080001546918e-11
5.742392325472344868e-11
5.821860312916722054e-11
5.903990868164456439e-11
5.988880672696682353e-11
6.076665363363840571e-11
6.167527956858604826e-11
6.261634563558897708e-11
6.359115419927050193e-11
6.460112167310694936e-11
6.564794592407263042e-11
6.673318030957176162e-11
6.785824521531684567e-11
6.902450014160092384e-11
7.023271660847932234e-11
7.148370382197111322e-11
7.277838576712053843e-11
7.411741566022782752e-11
7.550077021188995523e-11
7.693100382495824015e-11
7.840943415027339796e-11
7.993780325399768715e-11
8.151823998839209551e-11
8.315119254726668212e-11
8.483651308723374168e-11
8.657708585191813756e-11
8.837680630443918514e-11
9.023478813187102623e-11
9.214969071201828050e-11
9.412183804093923162e-11
9.615218146310949720e-11
9.824187037419038357e-11
1.003924575861981154e-10
1.026053062058606067e-10
1.048835399721838341e-10
1.072304658792357133e-10
1.096471892408033948e-10
1.121349197649626274e-10
1.146952306290795685e-10
1.173285737241386660e-10
1.200356539652775606e-10
1.228178300524526050e-10
1.256738366275318687e-10
1.286024374096443754e-10
1.316044882782920401e-10
1.346802967724081601e-10
1.378293714741726357e-10
1.410524914311526337e-10
1.443501574711604012e-10
1.477233473688911540e-10
1.511731597805578709e-10
1.546988318254585228e-10
1.582977449304683311e-10
1.619708277940949938e-10
1.657159350766134780e-10
1.695318404871069759e-10
1.734161070913884026e-10
1.773685971899803178e-10
1.813853008190732936e-10
1.854627423281433162e-10
1.895963216700169027e-10
1.937844438671381031e-10
1.980239774627514014e-10
2.023115848716423529e-10
2.066448100038626179e-10
2.110218703257037029e-10
2.154392829131766294e-10
2.198917873933948018e-10
2.243733352351607943e-10
2.288785347819878414e-10
2.333987636187156724e-10
2.379251455972150009e-10
2.424500518012994081e-10
2.469663004351941809e-10
2.514679352690021487e-10
2.559482631573031966e-10
2.604015019862205166e-10
2.648200582160308226e-10
2.691918764386823135e-10
2.735045510250946783e-10
2.777432370596111745e-10
2.818954001946897892e-10
2.859464373630418776e-10
2.898862693102811394e-10
2.937014178410302154e-10
2.973768109470896110e-10
3.009004610876863574e-10
3.042560069324716826e-10
3.074298183621581060e-10
3.104048578634754250e-10
3.131668802382524422e-10
3.157005360292407880e-10
3.179905505181825121e-10
3.200229858097812380e-10
3.217812865616644555e-10
3.232532332518192082e-10
3.244210426136215743e-10
3.252724060647461257e-10
3.257923983442386775e-10
3.259663624078108664e-10
3.257821615093679325e-10
3.252260690169863058e-10
3.242899621020258425e-10
3.229638392670118223e-10
3.212445337894903540e-10
3.191302467697847347e-10
3.166215065701482650e-10
3.137211627022467316e-10
3.104356541305794050e-10
3.067655578126202224e-10
3.027219049469859659e-10
2.983124032153939019e-10
2.935547239792077265e-10
2.884688567286832011e-10
2.830811329947011016e-10
2.774157979756319064e-10
2.715037442899393505e-10
2.653810434468541144e-10
2.590846919875016559e-10
2.526578404968384127e-10
2.461388000435377933e-10
2.395597191538313444e-10
2.329568573833384284e-10
2.263618280543832505e-10
2.198066957672378321e-10
2.133228905324877685e-10
2.069408451782030622e-10
2.006876309650330493e-10
1.945850338245300858e-10
1.886472881128077909e-10
1.828810120449637630e-10
1.772889334310400566e-10
1.718651495870075403e-10
1.666000578444471281e-10
1.614769112785434309e-10
1.564806737765542442e-10
1.515887544287053079e-10
1.467831740384035332e-10
1.420406285012360202e-10
1.373416946112968864e-10
1.326673024176738117e-10
1.280044840140287256e-10
1.233503826991889079e-10
1.187005006619221712e-10
1.140638206257642399e-10
1.094485154500185098e-10
1.048683942234070974e-10
1.003426718530768942e-10
9.588304215945761737e-11
9.150689553715392592e-11
8.723007947517905263e-11
8.307220655889630116e-11
7.904786595442564103e-11
7.517018417210565412e-11
7.145511141154049438e-11
6.791848429575000141e-11
6.457146177021096455e-11
6.142011286554150730e-11
5.846514800988464999e-11
5.569991119025046740e-11
5.310609156482178293e-11
5.065741273853884100e-11
4.832313096928642083e-11
4.607581507477243430e-11
4.388622049603670855e-11
4.174014770411284611e-11
3.963731855595200692e-11
3.758510783456960600e-11
3.560484643746019038e-11
3.372253305149942101e-11
3.196060567409510984e-11
3.032791289559797805e-11
2.882043354924502991e-11
2.742171954549844408e-11
2.610661191606639998e-11
2.485036747321619452e-11
2.363822215440853163e-11
2.246837530759819691e-11
2.134653518765842577e-11
2.028274859276043468e-11
1.928547937588088351e-11
1.835554590473901076e-11
1.748715400485046528e-11
1.666975050651699134e-11
1.589350525179853166e-11
1.515386476242720017e-11
1.445115156117933624e-11
1.378708798738394230e-11
1.316227280403357159e-11
1.257420777866857663e-11
1.201897917099220217e-11
1.149284741821187193e-11
1.099407975813672385e-11
1.052168211143300412e-11
1.007467117682308486e-11
9.651436386538305052e-12
9.250076026756689110e-12
8.869037464357311776e-12
8.507167203553376857e-12
8.163260223891298303e-12
7.836110275378677445e-12
7.524636030313987850e-12
7.227689761224168555e-12
6.944432637729807611e-12
6.673921673730949903e-12
6.415294736173198793e-12
6.167775819965631987e-12
5.930639855235606745e-12
5.703195144123795161e-12
5.484856362084669744e-12
5.275051328910772391e-12
5.073220186468264824e-12
4.878934126138206632e-12
4.691676840173764647e-12
4.511081558963653735e-12
4.336758685445887427e-12
4.168356767073182290e-12
4.005575899913007538e-12
3.848136359290984034e-12
3.695769742191405294e-12
3.548245462942792203e-12
3.405381143929209235e-12
3.266949720110703997e-12
3.132828153645677212e-12
3.002821492342683632e-12
2.876816667046145414e-12
2.754684849536788656e-12
2.636307799715876429e-12
2.521592357014335797e-12
2.410447526411907921e-12
2.302792689822689295e-12
2.198542851075958483e-12
2.097659764624909898e-12
2.000044839295328062e-12
1.905675536281301094e-12
1.814469556550391153e-12
1.726388620239851933e-12
1.641382999091745928e-12
1.559400148091174800e-12
1.480395425676868625e-12
1.404320938899606312e-12
1.331131957155709782e-12
1.260769652704259701e-12
1.193207982199752146e-12
1.128370638386926975e-12
1.066229349322251524e-12
1.006716982890940391e-12
9.497821330177546780e-13
8.953713249204267883e-13
8.434236248784830354e-13
7.938760471779006620e-13
7.466674277362247262e-13
7.017363213085670668e-13
6.590093978475988948e-13
6.184356035813131192e-13
5.799314626250421728e-13
5.434409744535387714e-13
5.088902380660523566e-13
4.762076685529593729e-13
4.453255868563072315e-13
4.161741673165600323e-13
3.886786086059483345e-13
3.627712330724227091e-13
3.383861063899382791e-13
3.154487218540520984e-13
2.939012616707135822e-13
2.736689952419464614e-13
2.546923896842646801e-13
2.369079625557099200e-13
2.202516128150844170e-13
2.046646689856033714e-13
1.900910631749562399e-13
1.764713365556704572e-13
1.637532313527580628e-13
1.518881875722302106e-13
1.408219315254610181e-13
1.305121108026731428e-13
1.209093878077976840e-13
1.119716107374545780e-13
1.036582663806500560e-13
9.592875243334501025e-14
8.874558628404190236e-14
8.207487810411044470e-14
7.588136201462446684e-14
7.013400304196422458e-14
6.480501603285621288e-14
5.986360957129940081e-14
5.528574112292688253e-14
5.104512143642718781e-14
4.711838947581514825e-14
4.348415073293335427e-14
4.012157019464547569e-14
3.701078847213929288e-14
3.413462182026525897e-14
3.147570561131144382e-14
2.901823953499529331e-14
2.674863926480473884e-14
2.465197275841826369e-14
2.271639009104837870e-14
2.092967350538161000e-14
1.928051773805437159e-14
1.775893826063637737e-14
1.635542458121270896e-14
1.506062434141675531e-14
1.386669061954296357e-14
1.276595683155661293e-14
1.175111906671545072e-14
1.081609075238513994e-14
9.954331481094740841e-15
9.160449068881258126e-15
8.429197914296020690e-15
7.755579106931811354e-15
7.135199508306656177e-15
6.564006479542025799e-15
6.037941629419941264e-15
5.553633445122151611e-15
5.107895847803856984e-15
4.697537702705789578e-15
4.319993576290384315e-15
3.972519454538736670e-15
3.652785671652628818e-15
3.358655105028454336e-15
3.088047639137102712e-15
2.839061751463909011e-15
2.610092212162241486e-15
2.399407806384648177e-15
2.205633563650165173e-15
2.027470039372818682e-15
1.863590444913006682e-15
1.712942236150327597e-15
1.574402921268848225e-15
1.447013840277697693e-15
1.329918927871836411e-15
1.222276068419249685e-15
1.123295532156404677e-15
1.032298168567472344e-15
9.486402013780417211e-16
8.717449398399888732e-16
8.010869988387759559e-16
7.361215241366052879e-16
6.764357468873486112e-16
6.215859806623185866e-16
5.711791303897102079e-16
5.248509968314068136e-16
4.822938660818771628e-16
4.431724562355073062e-16
4.071984667499415061e-16
3.741581578453201498e-16
3.438023914863328160e-16
3.158897874845957951e-16
2.902671864141330082e-16
2.667242028628970750e-16
2.450627529549465165e-16
2.251867681968548815e-16
2.069228745285200413e-16
1.901069166580618801e-16
1.746881975340457712e-16
1.605200842680210470e-16
1.474472383162522159e-16
