# bin_2_2
1.524063012349970271e-11
1.528437263993596182e-11
1.533029035953179112e-11
1.537843334142621302e-11
1.542884086842947419e-11
1.548149861401572590e-11
1.553640086963035344e-11
1.559355203519522954e-11
1.565295233596503147e-11
1.571476739557631463e-11
1.577913123936434791e-11
1.584613300028829765e-11
1.591597624469072554e-11
1.598892164570383780e-11
1.606510238981224572e-11
1.614455832672793412e-11
1.622732589148003579e-11
1.631352487411929471e-11
1.640324987720478442e-11
1.649667498461975698e-11
1.659403501647629456e-11
1.669554552456301369e-11
1.680155702977723224e-11
1.691231027923471198e-11
1.702814931250233039e-11
1.714966680469237119e-11
1.727742395235538545e-11
1.741172751413332743e-11
1.755216509465824160e-11
1.769877665140796553e-11
1.785147868923917413e-11
1.801044622133794148e-11
1.817585062921845341e-11
1.834799399644386527e-11
1.852712675931785374e-11
1.871336870555537924e-11
1.890672384039415818e-11
1.910723245681003840e-11
1.931483858339631105e-11
1.952999837504534555e-11
1.975323447911393753e-11
1.998494117137355147e-11
2.022559660482989975e-11
2.047538906096773225e-11
2.073425968226147282e-11
2.100252146721026013e-11
2.128066109699078817e-11
2.156952264886045236e-11
2.186995874722366998e-11
2.218259553152159803e-11
2.250804814103333403e-11
2.284709437235202789e-11
2.320045513581171094e-11
2.357465186676680014e-11
2.395880481228035447e-11
2.435949800843783498e-11
2.477572995268809411e-11
2.520725971275057636e-11
2.565500380769160013e-11
2.611986901332129270e-11
2.660186553748709658e-11
2.710149373840213619e-11
2.761977414160380450e-11
2.815792720473008547e-11
2.871792499323132618e-11
2.930001663246525723e-11
2.990338554678721044e-11
3.052815998159695787e-11
3.117493992208026731e-11
3.184409461723778006e-11
3.253562924666575162e-11
3.324967657579203168e-11
3.398737465421522058e-11
3.471182988344223710e-11
3.549735107313087253e-11
3.630961531116680523e-11
3.715030976009621932e-11
3.801999763876341560e-11
3.891949814098746258e-11
3.984967998615837271e-11
4.081092043367549267e-11
4.180402865992146071e-11
4.282989953307840906e-11
4.388829649216104713e-11
4.497934740281196242e-11
4.610375999356886485e-11
4.726210937483733672e-11
4.845485501077524495e-11
4.968271681113602354e-11
5.094666363627409512e-11
5.224761903803456842e-11
5.358685501071924582e-11
5.496457799802555511e-11
5.638096862433045166e-11
5.783684448203129927e-11
5.933283542087163328e-11
6.086901563497441703e-11
6.244589073169039857e-11
6.406414074846003903e-11
6.572377291070562717e-11
6.742417454890890279e-11
6.916514161121666481e-11
7.094726849152874763e-11
7.277046212561765725e-11
7.463470210388325294e-11
7.654032262698084821e-11
7.848757598200013788e-11
8.047601559902648932e-11
8.250483341487710614e-11
8.457327424874352557e-11
8.668055292130488719e-11
8.882542066912545918e-11
9.100675668025193808e-11
9.322334810761519871e-11
9.547392467706591493e-11
9.775618910782203392e-11
1.000666085816242185e-10
1.024012000077475525e-10
1.047562237166160518e-10
1.071286219588858814e-10
1.095178196628030241e-10
1.119250298510162367e-10
1.143516222146378502e-10
1.167974656828532639e-10
1.192607982165008176e-10
1.217367897824761911e-10
1.242195054197900028e-10
1.267033487034836681e-10
1.291825762138754839e-10
1.316516616960777602e-10
1.341052241660739549e-10
1.365379930502994822e-10
1.389445311348199180e-10
1.413189626225772988e-10
1.436551104080426702e-10
1.459463029541223296e-10
1.481860423964390108e-10
1.503667478807559468e-10
1.524808942440800208e-10
1.545206412800810047e-10
1.564777638010052769e-10
1.583440040932672544e-10
1.601104532775747233e-10
1.617685485941670032e-10
1.633087532397833229e-10
1.647218978578238841e-10
1.659986993730892951e-10
1.671293528861212472e-10
1.681047319364218749e-10
1.689162104703267469e-10
1.695570848582545350e-10
1.700228846985120565e-10
1.703086334848412762e-10
1.704072647448622154e-10
1.703081210226296959e-10
1.699974670748549334e-10
1.694605351734511221e-10
1.686860466747696571e-10
1.676656935957765417e-10
1.663948312710524918e-10
1.648707341650135807e-10
1.630940086601911379e-10
1.610695392294926189e-10
1.588080686105439116e-10
1.563251561664488889e-10
1.536367953011512483e-10
1.507590712623546695e-10
1.477052515752913770e-10
1.444879211010632393e-10
1.411202007167730539e-10
1.376180246507283915e-10
1.340023429444052343e-10
1.303004846079658337e-10
1.265429499314990733e-10
1.227609503449572344e-10
1.189863681270917432e-10
1.152490925134678242e-10
1.115774155402137619e-10
1.079974570002731772e-10
1.045324531235118180e-10
1.012031807801046755e-10
9.802626240988907080e-11
9.501420639029142159e-11
9.217337916661642747e-11
8.950037732648401860e-11
8.698487886558605716e-11
8.460570913186197661e-11
8.233689166512131790e-11
8.014596071720589990e-11
7.799713015408794089e-11
7.585312816896677290e-11
7.367615355695269425e-11
7.143025697248391982e-11
6.908563240137521655e-11
6.662164092219527104e-11
6.403036122066434101e-11
6.131741816043603252e-11
5.850372469561091477e-11
5.562550758003539892e-11
5.273298693827189936e-11
4.988394752060065596e-11
4.713853452283633267e-11
4.455397197740429109e-11
4.217534928519514444e-11
4.002995579876997921e-11
3.812269027909514781e-11
3.643054548667806108e-11
3.490992984698393993e-11
3.350353365203369786e-11
3.215037691247278625e-11
3.079668385346780911e-11
2.940689591128174824e-11
2.796770521501966267e-11
2.649062524576674273e-11
2.500973264887547887e-11
2.357054839052972130e-11
2.221743057669314108e-11
2.098069128439906333e-11
1.986935194106403637e-11
1.886925298070408352e-11
1.794977855776624999e-11
1.707747731346018515e-11
1.622741750983538479e-11
1.538892404225615375e-11
1.456618463025342880e-11
1.377367043569561623e-11
1.302813253033125941e-11
1.233728272214413679e-11
1.169837325177756935e-11
1.110184872306155481e-11
1.053735538024460700e-11
9.998565082352070808e-12
9.485207686430537063e-12
8.999778969887953195e-12
8.543402201140381349e-12
8.115008764742813661e-12
7.712200580928784450e-12
7.332299243349537082e-12
6.973746393442573140e-12
6.635612785221344634e-12
6.316962624145850468e-12
6.016533233376783196e-12
5.733249934266881368e-12
5.466174112304410027e-12
5.214348100368949215e-12
4.976789625164682478e-12
4.752519548457062762e-12
4.540726371739445984e-12
4.340568861127867006e-12
4.151332168224549755e-12
3.972260998232525917e-12
3.802704440627721842e-12
3.642007793961888985e-12
3.489589711023371245e-12
3.344903340203555340e-12
3.207433413802182765e-12
3.076716020565875272e-12
2.952272180039702839e-12
2.833701907811494471e-12
2.720582603345258945e-12
2.612562779129808173e-12
2.509285508562464722e-12
2.410451927272575329e-12
2.315762924747093054e-12
2.224956786303121359e-12
2.137789492394902292e-12
2.054028992149767717e-12
1.973477948603192259e-12
1.895932939508250800e-12
1.821232432613691549e-12
1.749202578912542821e-12
1.679706768384525182e-12
1.612605176062787110e-12
1.547784776654301675e-12
1.485131360039597042e-12
1.424549396280070518e-12
1.365951257443515166e-12
1.309251529520040783e-12
1.254382855352441368e-12
1.201270782314963369e-12
1.149861530264109949e-12
1.100091675327110520e-12
1.051917034994930903e-12
1.005288378601145258e-12
9.601687840304495301e-13
9.165178582503349596e-13
8.743020493085120384e-13
8.334910475264020205e-13
7.940510016978176977e-13
7.559589828463456522e-13
7.191834742313051137e-13
6.837046038618677130e-13
6.494941966251465129e-13
6.165338403067268052e-13
5.847989746870500752e-13
5.542698383120466275e-13
5.249232259654214484e-13
4.967361400873514390e-13
4.696883240492204421e-13
4.437536525248012421e-13
4.189139795725899054e-13
3.951426381999693608e-13
3.724203376721881512e-13
3.507210932661668624e-13
3.300237706237967783e-13
3.103016948681294971e-13
2.915301475084050265e-13
2.736825375711183494e-13
2.567300650174796580e-13
2.406472746685085121e-13
2.254027632345500237e-13
2.109714899133356456e-13
1.973214254509526530e-13
1.844260380020851895e-13
1.722547424316584169e-13
1.607801897918983934e-13
1.499721411977980525e-13
1.398021633448927803e-13
1.302422658572666045e-13
1.212627447444656977e-13
1.128377771211525176e-13
1.049380874860123342e-13
9.753927410490368075e-14
9.061334560358437756e-14
8.413660408721720733e-14
7.808383571755322240e-14
7.243231066124461826e-14
6.715872474932273329e-14
6.224127864824011776e-14
5.765954230652860115e-14
5.339249932740265009e-14
4.942208178995736195e-14
4.572890708001397775e-14
4.229661955591894788e-14
3.910765488016592217e-14
3.614705244226752376e-14
3.339953729650839403e-14
3.085131956321309184e-14
2.848894533696156422e-14
2.629976053456310548e-14
2.427228622542803091e-14
2.239489472866162220e-14
2.065774564649944636e-14
1.905049721087371270e-14
1.756438802679278204e-14
1.619043815065677087e-14
1.492089818428007555e-14
1.374806053102038083e-14
1.266496154587265561e-14
1.166505856522355818e-14
1.074210762752624359e-14
9.890604845988278770e-15
9.104996366040312787e-15
8.380621691619116283e-15
7.712643145644247769e-15
7.096961953944184321e-15
6.529501721253360137e-15
6.006694590770021084e-15
5.525050377763255947e-15
5.081429380656257658e-15
4.672932809052949876e-15
4.296768082504867029e-15
3.950536792168739834e-15
3.631804627046888475e-15
3.338535071251028587e-15
3.068638291690387335e-15
2.820346801926694104e-15
2.591919185811966117e-15
2.381834617236316388e-15
2.188613831494674065e-15
2.010925317946028045e-15
1.847553942106318073e-15
1.697333568082810497e-15
1.559257395397196489e-15
1.432315490440562441e-15
1.315658766460284866e-15
1.208420349068281273e-15
1.109880509315449885e-15
1.019322588898177949e-15
9.361155816066346682e-16
8.596570492861700110e-16
7.894095913073888589e-16
7.248789014801584105e-16
6.655870815793635949e-16
6.111272681373582274e-16
5.611002739856993483e-16
5.151636338807524228e-16
4.729698653293885718e-16
4.342450928348957137e-16
3.986928443316879436e-16
3.660333131903458343e-16
3.360403059048018907e-16
3.084955257836648271e-16
2.831958808125488688e-16
2.599747297213092950e-16
2.386591814710290796e-16
2.190887597200413286e-16
2.011306015508699632e-16
1.846460736296211272e-16
1.695068089890311159e-16
