# d_a
# unit = Mpc
0.000000000000000000e+00
4.399192220388016494e+01
8.691372794103334343e+01
1.287954918162557760e+02
1.696661951447288459e+02
2.095537776849508589e+02
2.484851863779175005e+02
2.864864212910436549e+02
3.235825789507135823e+02
3.597978932338610321e+02
3.951557739766632835e+02
4.296788434470312268e+02
4.633889708171342363e+02
4.963073047625610457e+02
5.284543043058199601e+02
5.598497680136805457e+02
5.905128616503128569e+02
6.204621443811394101e+02
6.497155936158906115e+02
6.782906285733336063e+02
7.062041326446203584e+02
7.334724746270604783e+02
7.601115288953508298e+02
7.861366945728968858e+02
8.115629137617421520e+02
8.364046888858219972e+02
8.606760991987164289e+02
8.843908165037855724e+02
9.075621201315183271e+02
9.302029112160564637e+02
9.523257263102234447e+02
9.739427503759100091e+02
9.950658291843536745e+02
1.015706481158721999e+03
1.035875908689387188e+03
1.055585008950423571e+03
1.074844384244101320e+03
1.093664351898543373e+03
1.112054953742150474e+03
1.130025965177027729e+03
1.147586903872262155e+03
1.164747038096711094e+03
1.181515394709736256e+03
1.197900766827304778e+03
1.213911721179776805e+03
1.229556605176816447e+03
1.244843553693924150e+03
1.259780495594275408e+03
1.274375159998749723e+03
1.288635082316313174e+03
1.302567610046218306e+03
1.316179908362841843e+03
1.329478965493383612e+03
1.342471597898058235e+03
1.355164455261907051e+03
1.367564025306824988e+03
1.379676638431960555e+03
1.391508472190174416e+03
1.403065555607842953e+03
1.414353773354903069e+03
1.425378869771662721e+03
1.436146452758553323e+03
1.446661997534697321e+03
1.456930850270819747e+03
1.466958231601793841e+03
1.476749240023797483e+03
1.486308855180832097e+03
1.495641941045098747e+03
1.504753248995519925e+03
1.513647420798451776e+03
1.522328991494468482e+03
1.530802392194882714e+03
1.539071952791502554e+03
1.547141904582953657e+03
1.555016382820735998e+03
1.562699429178030186e+03
1.570194994144150542e+03
1.577506939347362504e+03
1.584639039808711459e+03
1.591594986129342942e+03
1.598378386613712337e+03
1.604992769330965302e+03
1.611441584116659897e+03
1.617728204516919277e+03
1.623855929677016775e+03
1.629827986176287595e+03
1.635647529811198638e+03
1.641317647328336079e+03
1.646841358108962822e+03
1.652221615806784484e+03
1.657461309940438696e+03
1.662563267442196093e+03
1.667530254164298185e+03
1.672364976344281786e+03
1.677070082030606500e+03
1.681648162469850604e+03
1.686101753456657434e+03
1.690433336647633723e+03
1.694645340840280596e+03
1.698740143218060666e+03
1.702720070562621686e+03
1.706587400434180154e+03
1.710344362321033714e+03
1.713993138759109343e+03
1.717535866422460913e+03
1.720974637185568099e+03
1.724311499158264724e+03
1.727548457694103035e+03
1.730687476372929041e+03
1.733730477958414212e+03
1.736679345331258673e+03
1.739535922398775256e+03
1.742302014981520642e+03
1.744979391677622289e+03
1.747569784705442089e+03
1.750074890725170462e+03
1.752496371639954077e+03
1.754835855377117696e+03
1.757094936650034469e+03
1.759275177701185157e+03
1.761378109026907396e+03
1.763405230084356162e+03
1.765358009981144278e+03
1.767237888148143838e+03
1.769046274995890371e+03
1.770784552555051278e+03
1.772454075101369881e+03
1.774056169765502773e+03
1.775592137128160630e+03
1.777063251800937451e+03
1.778470762993203834e+03
1.779815895065439690e+03
1.781099848069355403e+03
1.782323798275151375e+03
1.783488898686255425e+03
1.784596279541854074e+03
1.785647048807543342e+03
1.786642292654407129e+03
1.787583075926811262e+03
1.788470442599220178e+03
1.789305416222300437e+03
1.790089000358599151e+03
1.790822179008058811e+03
1.791505917023617485e+03
1.792141160517168828e+03
1.792728837256099723e+03
1.793269857050665678e+03
1.793765112132416789e+03
1.794215477523915524e+03
1.794621811399950047e+03
1.794984955440472959e+03
1.795305735175445079e+03
1.795584960321818926e+03
1.795823425112829455e+03
1.796021908619802616e+03
1.796181175066650667e+03
1.796301974137243178e+03
1.796385041275832236e+03
1.796431097980694858e+03
1.796440852091160650e+03
1.796414998068191153e+03
1.796354217268665707e+03
1.796259178213520272e+03
1.796130536849904729e+03
1.795968936807482578e+03
1.795775009649034018e+03
1.795549375115493604e+03
1.795292641365545023e+03
1.795005405209923765e+03
1.794688252340543386e+03
1.794341757554564538e+03
1.793966484973543174e+03
1.793562988257759798e+03
1.793131810815855715e+03
1.792673486009879753e+03
1.792188537355859580e+03
1.791677478720006775e+03
1.791140814510639757e+03
1.790579039865960112e+03
1.789992640837743920e+03
1.789382094571065863e+03
1.788747869480147074e+03
1.788090425420406746e+03
1.787410213856818018e+03
1.786707678028645887e+03
1.785983253110665828e+03
1.785237366370917471e+03
1.784470437325105650e+03
1.783682877887702944e+03
1.782875092519841701e+03
1.782047478374067850e+03
1.781200425436025171e+03
1.780334316663141180e+03
1.779449528120390141e+03
1.778546429113190470e+03
1.777625382317513868e+03
1.776686743907249593e+03
1.775730863678915739e+03
1.774758085173750032e+03
1.773768745797256997e+03
1.772763176936261061e+03
1.771741704073526762e+03
1.770704646899995396e+03
1.769652319424699954e+03
1.768585030082405638e+03
1.767503081839017796e+03
1.766406772294831399e+03
1.765296393785647069e+03
1.764172233481810963e+03
1.763034573485225337e+03
1.761883690924373695e+03
1.760719858047408479e+03
1.759543342313328139e+03
1.758354406481316119e+03
1.757153308698248793e+03
1.755940302584437404e+03
1.754715637317632854e+03
1.753479557715327701e+03
1.752232304315410602e+03
1.750974113455175939e+03
1.749705217348766610e+03
1.748425844163050670e+03
1.747136218091980254e+03
1.745836559429464614e+03
1.744527084640791145e+03
1.743208006432617367e+03
1.741879533821579798e+03
1.740541872201530396e+03
1.739195223409448772e+03
1.737839784857608038e+03
1.736475753297823076e+03
1.735103319374683906e+03
1.733722671331097445e+03
1.732333994163636817e+03
1.730937469681038010e+03
1.729533276561544426e+03
1.728121590409139344e+03
1.726702583808675854e+03
1.725276426379936765e+03
1.723843284830638822e+03
1.722403323008414418e+03
1.720956701951778768e+03
1.719503579940123700e+03
1.718044112542731227e+03
1.716578452666854446e+03
1.715106750604868694e+03
1.713629154080512762e+03
1.712145808294256312e+03
1.710656855967785305e+03
1.709162437387643195e+03
1.707662690448044486e+03
1.706157750692864965e+03
1.704647751356833851e+03
1.703132823405954696e+03
1.701613095577148897e+03
1.700088694417152510e+03
1.698559744320685468e+03
1.697026367567891384e+03
1.695488684361077958e+03
1.693946812860770478e+03
1.692400869221077755e+03
1.690850967624412533e+03
1.689297220315549112e+03
1.687739737635048414e+03
1.686178628052068007e+03
1.684613998196548664e+03
1.683045952890820672e+03
1.681474595180602819e+03
1.679900026365449548e+03
1.678322346028618995e+03
1.676741652066397819e+03
1.675158040716885807e+03
1.673571606588250688e+03
1.671982442686459081e+03
1.670390640442510175e+03
1.668796289739160784e+03
1.667199478937165850e+03
1.665600294901044890e+03
1.663998823024371177e+03
1.662395147254606172e+03
1.660789350117485355e+03
1.659181512740954531e+03
1.657571714878682542e+03
1.655960034933141742e+03
1.654346549978274652e+03
1.652731335781755433e+03
1.651114466826846865e+03
1.649496016333866919e+03
1.647876056281273577e+03
1.646254657426362201e+03
1.644631889325611837e+03
1.643007820354644991e+03
1.641382517727852701e+03
1.639756047517659681e+03
1.638128474673449091e+03
1.636499863040153741e+03
1.634870275376519203e+03
1.633239773373036542e+03
1.631608417669571054e+03
1.629976267872669268e+03
1.628343382572569226e+03
1.626709819359906760e+03
1.625075634842131194e+03
1.623440884659634321e+03
1.621805623501596529e+03
1.620169905121553484e+03
1.618533782352699063e+03
1.616897307122910206e+03
1.615260530469528248e+03
1.613623502553857634e+03
1.611986272675444752e+03
1.610348889286084386e+03
1.608711400003593099e+03
1.607073851625352063e+03
1.605436290141603195e+03
1.603798760748529276e+03
1.602161307861097384e+03
1.600523975125692914e+03
1.598886805432533038e+03
1.597249840927862579e+03
1.595613123025949562e+03
1.593976692420878862e+03
1.592340589098122791e+03
1.590704852345953441e+03
1.589069520766620144e+03
1.587434632287367549e+03
1.585800224171253603e+03
1.584166333027783821e+03
1.582532994823375020e+03
1.580900244891631928e+03
1.579268117943459174e+03
1.577636648076997972e+03
1.576005868787399095e+03
1.574375812976429188e+03
1.572746512961920416e+03
1.571118000487057088e+03
1.569490306729509712e+03
1.567863462310420346e+03
1.566237497303227883e+03
1.564612441242359637e+03
1.562988323131770358e+03
1.561365171453339372e+03
1.559743014175132657e+03
1.558121878759526908e+03
1.556501792171195348e+03
1.554882780884972362e+03
1.553264870893571469e+03
1.551648087715197335e+03
1.550032456401012723e+03
1.548418001542494721e+03
1.546804747278669765e+03
1.545192717303225663e+03
1.543581934871509020e+03
1.541972422807410794e+03
1.540364203510136576e+03
1.538757298960868638e+03
1.537151730729319070e+03
1.535547519980172183e+03
1.533944687479433242e+03
1.532343253600662365e+03
1.530743238331113162e+03
1.529144661277774503e+03
1.527547541673307023e+03
1.525951898381893216e+03
1.524357749904986349e+03
1.522765114386970481e+03
1.521174009620726338e+03
1.519584453053111929e+03
1.517996461790354033e+03
1.516410052603348731e+03
1.514825241932887366e+03
1.513242045894784724e+03
1.511660480284941514e+03
1.510080560584312252e+03
1.508502301963801983e+03
1.506925719289084554e+03
1.505350827125341766e+03
1.503777639741925896e+03
1.502206171116956739e+03
1.500636434941834750e+03
1.499068444625690290e+03
1.497502213299762843e+03
1.495937753821705655e+03
1.494375078779825117e+03
1.492814200497260799e+03
1.491255131036083640e+03
1.489697882201346602e+03
1.488142465545061668e+03
1.486588892370117946e+03
1.485037173734137241e+03
1.483487320453269604e+03
1.481939343105932721e+03
1.480393252036486729e+03
1.478849057358857635e+03
1.477306768960100499e+03
1.475766396503909164e+03
1.474227949434073707e+03
1.472691436977875583e+03
1.471156868149441834e+03
1.469624251753037697e+03
1.468093596386315312e+03
