# d_l
# unit = Mpc
0.000000000000000000e+00
4.487615984017816118e+01
9.042504254985108503e+01
1.366391372678657490e+02
1.835109566685387392e+02
2.310330398976583410e+02
2.791979554142281472e+02
3.279983037361159290e+02
3.774267200881123472e+02
4.274758769511503260e+02
4.781384865117626646e+02
5.294073030110872651e+02
5.812751249930132644e+02
6.337347974513140798e+02
6.867792138758437659e+02
7.404013181980924401e+02
7.945941066366608538e+02
8.493506294433416315e+02
9.046639925507660109e+02
9.605273591226977032e+02
1.016933951008253189e+03
1.073877050101479199e+03
1.131349999607840118e+03
1.189346205219335616e+03
1.247859136200054763e+03
1.306882326384096814e+03
1.366409375087882154e+03
1.426433947938955725e+03
1.486949777623479577e+03
1.547950664554639616e+03
1.609430477464277601e+03
1.671383153920099403e+03
1.733802700770818092e+03
1.796683194521663609e+03
1.860018781642663953e+03
1.923803678812147382e+03
1.988032173097889427e+03
2.052698622078376502e+03
2.117797453906551254e+03
2.183323167318535525e+03
2.249270331589633315e+03
2.315633586440072122e+03
2.382407641892711581e+03
2.449587278085155049e+03
2.517167345038385065e+03
2.585142762384256457e+03
2.653508519053968485e+03
2.722259672929669705e+03
2.791391350461261027e+03
2.860898746250446948e+03
2.930777122603991302e+03
3.001021809058115650e+03
3.071628201875913419e+03
3.142591763519564665e+03
3.213908022099139089e+03
3.285572570799647565e+03
3.357581067288019767e+03
3.429929233101561294e+03
3.502612853019419617e+03
3.575627774418529498e+03
3.648969906615456694e+03
3.722635220195445527e+03
3.796619746330060480e+03
3.870919576084540950e+03
3.945530859716185205e+03
4.020449805964788084e+03
4.095672681336301594e+03
4.171195809380675200e+03
4.247015569964956740e+03
4.323128398542457944e+03
4.399530785419015047e+03
4.476219275017057043e+03
4.553190465138381114e+03
4.630441006226321406e+03
4.707967600628060609e+03
4.785767001857717332e+03
4.863836013860920502e+03
4.942171490281351907e+03
5.020770333729921731e+03
5.099629495057028180e+03
5.178745972628427808e+03
5.258116811605175826e+03
5.337739103228024760e+03
5.417609984106710726e+03
5.497726635514507507e+03
5.578086282688344909e+03
5.658686194134821562e+03
5.739523680942458668e+03
5.820596096100317482e+03
5.901900833823415269e+03
5.983435328884983392e+03
6.065197055955876749e+03
6.147183528951268272e+03
6.229392300384815826e+03
6.311820960730390652e+03
6.394467137791608366e+03
6.477328496079095203e+03
6.560402736195801481e+03
6.643687594230235845e+03
6.727180841157841314e+03
6.810880282250486744e+03
6.894783756494129193e+03
6.978889136014745418e+03
7.063194325512415162e+03
7.147697261703713593e+03
7.232395912772349220e+03
7.317288277828012724e+03
7.402372386373463996e+03
7.487646297779841007e+03
7.573108100770148667e+03
7.658755912910851293e+03
7.744587880111589584e+03
7.830602176132946624e+03
7.916797002102203805e+03
8.003170586037042995e+03
8.089721182377103105e+03
8.176447071523371051e+03
8.263346559385308865e+03
8.350417976935621482e+03
8.437659679772654272e+03
8.525070047690232968e+03
8.612647484255003292e+03
8.700390416391070175e+03
8.788297293971903855e+03
8.876366589419381853e+03
8.964596797309946851e+03
9.052986433987754936e+03
9.141534037184659610e+03
9.230238165647031565e+03
9.319097398769295978e+03
9.408110336234047281e+03
9.497275597658692277e+03
9.586591822248499739e+03
9.676057668455970997e+03
9.765671813646458759e+03
9.855432953769888627e+03
9.945339803038496029e+03
1.003539109361054034e+04
1.012558557527982884e+04
1.021592201517100693e+04
1.030639919744045255e+04
1.039701592298278229e+04
1.048777100914279617e+04
1.057866328943275585e+04
1.066969161325501591e+04
1.076085484562974125e+04
1.085215186692780844e+04
1.094358157260866028e+04
1.103514287296308976e+04
1.112683469286083346e+04
1.121865597150295616e+04
1.131060566217881933e+04
1.140268273202767887e+04
1.149488616180471217e+04
1.158721494565151988e+04
1.167966809087089314e+04
1.177224461770583730e+04
1.186494355912274659e+04
1.195776396059869694e+04
1.205070487991271330e+04
1.214376538694097326e+04
1.223694456345588151e+04
1.233024150292888953e+04
1.242365531033710431e+04
1.251718510197343130e+04
1.261083000526034448e+04
1.270458915856718886e+04
1.279846171103083361e+04
1.289244682237975576e+04
1.298654366276140718e+04
1.308075141257277755e+04
1.317506926229419878e+04
1.326949641232620706e+04
1.336403207282949188e+04
1.345867546356777530e+04
1.355342581375368900e+04
1.364828236189752170e+04
1.374324435565868953e+04
1.383831105170008959e+04
1.393348171554508372e+04
1.402875562143715433e+04
1.412413205220219061e+04
1.421961029911324658e+04
1.431518966175787136e+04
1.441086944790784401e+04
1.450664897339138588e+04
1.460252756196755945e+04
1.469850454520316453e+04
1.479457926235176274e+04
1.489075106023497210e+04
1.498701929312591346e+04
1.508338332263480515e+04
1.517984251759660583e+04
1.527639625396073461e+04
1.537304391468277208e+04
1.546978488961816583e+04
1.556661857541775862e+04
1.566354437542534470e+04
1.576056169957696875e+04
1.585766996430206018e+04
1.595486859242634819e+04
1.605215701307656309e+04
1.614953466158672018e+04
1.624700097940623164e+04
1.634455541400955917e+04
1.644219741880746005e+04
1.653992645305988481e+04
1.663774198179034283e+04
1.673564347570185055e+04
1.683363041109427650e+04
1.693170226978323262e+04
1.702985853902034069e+04
1.712809871141486292e+04
1.722642228485680243e+04
1.732482876244125509e+04
1.742331765239408196e+04
1.752188846799895327e+04
1.762054072752555658e+04
1.771927395415916180e+04
1.781808767593121593e+04
1.791698142565137459e+04
1.801595474084049056e+04
1.811500716366488996e+04
1.821413824087166358e+04
1.831334752372516959e+04
1.841263456794452213e+04
1.851199893364222226e+04
1.861144018526374202e+04
1.871095789152821453e+04
1.881055161527723612e+04
1.891022095341329623e+04
1.900996547740097230e+04
1.910978477247988849e+04
1.920967842788115377e+04
1.930964603677378545e+04
1.940968719621193304e+04
1.950980150708301881e+04
1.960998857405675153e+04
1.971024800553494788e+04
1.981057941360218683e+04
1.991098241397727179e+04
2.001145662596547845e+04
2.011200167241166491e+04
2.021261717965397838e+04
2.031330277747848595e+04
2.041405809907444927e+04
2.051488278099026866e+04
2.061577646309031479e+04
2.071673878851226618e+04
2.081776940362523601e+04
2.091886795798854655e+04
2.102003410431116936e+04
2.112126749841171477e+04
2.122256779917926542e+04
2.132393466853459904e+04
2.142536777139216792e+04
2.152686677562263867e+04
2.162843135201601763e+04
2.173006117424531840e+04
2.183175591883089146e+04
2.193351526510516851e+04
2.203533889517810530e+04
2.213722649390308288e+04
2.223917774884326718e+04
2.234119235023868168e+04
2.244326999097352018e+04
2.254541036654427808e+04
2.264761317502802194e+04
2.274987811705146669e+04
2.285220489576027830e+04
2.295459321678898777e+04
2.305704278823128698e+04
2.315955332061084846e+04
2.326212452685243625e+04
2.336475612225365694e+04
2.346744782445694727e+04
2.357019935342207827e+04
2.367301043139905960e+04
2.377588078290142948e+04
2.387881013467989033e+04
2.398179821569648993e+04
2.408484475709897015e+04
2.418794949219568662e+04
2.429111215643076139e+04
2.439433248735964298e+04
2.449761022462507026e+04
2.460094510993328367e+04
2.470433688703069129e+04
2.480778530168080397e+04
2.491129010164145438e+04
2.501485103664255439e+04
2.511846785836384879e+04
2.522214032041327300e+04
2.532586817830550717e+04
2.542965118944075584e+04
2.553348911308400056e+04
2.563738171034442348e+04
2.574132874415509650e+04
2.584532997925307427e+04
2.594938518215968361e+04
2.605349412116110761e+04
2.615765656628923534e+04
2.626187228930276979e+04
2.636614106366865599e+04
2.647046266454366196e+04
2.657483686875629064e+04
2.667926345478895746e+04
2.678374220276029882e+04
2.688827289440795357e+04
2.699285531307118436e+04
2.709748924367422296e+04
2.720217447270945922e+04
2.730691078822099007e+04
2.741169797978846691e+04
2.751653583851103031e+04
2.762142415699155026e+04
2.772636272932100837e+04
2.783135135106316011e+04
2.793638981923938627e+04
2.804147793231364267e+04
2.814661549017775178e+04
2.825180229413689813e+04
2.835703814689501814e+04
2.846232285254091403e+04
2.856765621653399285e+04
2.867303804569057684e+04
2.877846814817023915e+04
2.888394633346227056e+04
2.898947241237251728e+04
2.909504619701008414e+04
2.920066750077456891e+04
2.930633613834312928e+04
2.941205192565795733e+04
2.951781467991377576e+04
2.962362421954554520e+04
2.972948036421633515e+04
2.983538293480527864e+04
2.994133175339586887e+04
3.004732664326404119e+04
3.015336742886688444e+04
3.025945393583107943e+04
3.036558599094169040e+04
3.047176342213106182e+04
3.057798605846783539e+04
3.068425373014607248e+04
3.079056626847466760e+04
3.089692350586656539e+04
3.100332527582859620e+04
3.110977141295088950e+04
3.121626175289684761e+04
3.132279613239306127e+04
3.142937438921933790e+04
3.153599636219887543e+04
3.164266189118859984e+04
3.174937081706953177e+04
3.185612298173738964e+04
3.196291822809317819e+04
3.206975640003390072e+04
3.217663734244358420e+04
3.228356090118411157e+04
3.239052692308634869e+04
3.249753525594138409e+04
3.260458574849173601e+04
3.271167825042280674e+04
3.281881261235439888e+04
3.292598868583227886e+04
3.303320632331984962e+04
3.314046537819001242e+04
3.324776570471705054e+04
3.335510715806851658e+04
3.346248959429748356e+04
3.356991287033449044e+04
3.367737684398004785e+04
3.378488137389676558e+04
3.389242631960192375e+04
3.400001154145997134e+04
3.410763690067514108e+04
3.421530225928405707e+04
3.432300748014867713e+04
3.443075242694895132e+04
3.453853696417591709e+04
3.464636095712464885e+04
3.475422427188739675e+04
3.486212677534666000e+04
3.497006833516863117e+04
3.507804881979626953e+04
3.518606809844292002e+04
3.529412604108567757e+04
3.540222251845893334e+04
3.551035740204807371e+04
3.561853056408300472e+04
3.572674187753213482e+04
3.583499121609600843e+04
3.594327845420129597e+04
3.605160346699470392e+04
3.615996613033703761e+04
3.626836632079730771e+04
3.637680391564681486e+04
3.648527879285342351e+04
3.659379083107581391e+04
3.670233990965788689e+04
