# d_m
# unit = Mpc
0.000000000000000000e+00
4.443184142591896801e+01
8.865200249985400660e+01
1.326593565707434550e+02
1.764528429505180043e+02
2.200314665691984146e+02
2.633942975605925767e+02
3.065404707814167296e+02
3.494691852667706939e+02
3.921797036249085409e+02
4.346713513743296744e+02
4.769435162262046788e+02
5.189956473151903538e+02
5.608272543816939333e+02
6.024379069086347727e+02
6.438272332157325764e+02
6.849949195143628913e+02
7.259407089259331087e+02
7.666644004667508625e+02
8.071658480022670119e+02
8.474449591735443619e+02
8.875016942987431321e+02
9.273360652523280123e+02
9.669481343246631013e+02
1.006338013064560300e+03
1.045505861107277497e+03
1.084451884990382723e+03
1.123176336959807713e+03
1.161679513768343440e+03
1.199961755468712909e+03
1.238023444203290410e+03
1.275865002992442214e+03
1.313486894523347019e+03
1.350889619941100364e+03
1.388073717643778991e+03
1.425039762083071992e+03
1.461788362571977586e+03
1.498320162101004598e+03
1.534635836164167586e+03
1.570736091596068718e+03
1.606621665421166881e+03
1.642293323716362920e+03
1.677751860487825297e+03
1.712998096563045692e+03
1.748032878498878517e+03
1.782857077506383803e+03
1.817471588393129196e+03
1.851877328523584765e+03
1.886075236798149490e+03
1.920066272651306690e+03
1.953851415069327459e+03
1.987431661627891117e+03
2.020808027549943063e+03
2.053981544784029211e+03
2.086953261103336899e+03
2.119724239225578913e+03
2.152295555953858639e+03
2.184668301338574111e+03
2.216843577860392088e+03
2.248822499634295582e+03
2.280606191634660263e+03
2.312195788941270621e+03
2.343592436006209937e+03
2.374797285941436257e+03
2.405811499826942054e+03
2.436636246039265643e+03
2.467272699600181568e+03
2.497722041545314823e+03
2.527985458312473838e+03
2.558064141149383431e+03
2.587959285540596738e+03
2.617672090653249597e+03
2.647203758801384538e+03
2.676555494928509688e+03
2.705728506108080637e+03
2.734724001061552826e+03
2.763543189693704790e+03
2.792187282644831612e+03
2.820657490859506652e+03
2.848955025171524085e+03
2.877081095904682115e+03
2.905036912489047154e+03
2.932823683092321062e+03
2.960442614265962220e+03
2.987894910605710720e+03
3.015181774426132051e+03
3.042304405448829129e+03
3.069264000503988427e+03
3.096061753244850024e+03
3.122698853874822817e+03
3.149176488886833340e+03
3.175495840814594885e+03
3.201658087995452206e+03
3.227664404344463946e+03
3.253515959139376719e+03
3.279213916816208894e+03
3.304759436775048471e+03
3.330153673195838564e+03
3.355397774863755330e+03
3.380492885003940501e+03
3.405440141125243372e+03
3.430240674872701675e+03
3.454895611888488020e+03
3.479406071680992227e+03
3.503773167501820353e+03
3.527998006230414376e+03
3.552081688266025594e+03
3.576025307426793916e+03
3.599829950855692459e+03
3.623496698933085554e+03
3.647026625195643192e+03
3.670420796261416399e+03
3.693680271760823871e+03
3.716806104273335222e+03
3.739799339269646225e+03
3.762661015059117290e+03
3.785392162742301025e+03
3.807993806168345145e+03
3.830466961897074725e+03
3.852812639165595556e+03
3.875031839859196680e+03
3.897125558486427053e+03
3.919094782158139878e+03
3.940940490570360907e+03
3.962663655990794723e+03
3.984265243248865318e+03
4.005746209729095426e+03
4.027107505367691374e+03
4.048350072652206563e+03
4.069474846624146721e+03
4.090482754884368660e+03
4.111374717601165685e+03
4.132151647520904589e+03
4.152814449981103280e+03
4.173364022925837162e+03
4.193801256923356959e+03
4.214127035185802924e+03
4.234342233590945398e+03
4.254447720705810752e+03
4.274444357812136332e+03
4.294332998933521594e+03
4.314114490864224535e+03
4.333789673199502431e+03
4.353359378367389581e+03
4.372824431661892049e+03
4.392185651277444776e+03
4.411443848344637445e+03
4.430599826967069021e+03
4.449654384259310063e+03
4.468608310385876393e+03
4.487462388601182283e+03
4.506217395290366767e+03
4.524874100010983966e+03
4.543433265535459213e+03
4.561895647894299145e+03
4.580261996419958450e+03
4.598533053791342354e+03
4.616709556078889364e+03
4.634792232790192429e+03
4.652781806916105779e+03
4.670678994977297407e+03
4.688484507071218104e+03
4.706199046919423381e+03
4.723823311915249178e+03
4.741357993171754060e+03
4.758803775569940626e+03
4.776161337807213386e+03
4.793431352446004894e+03
4.810614485962595609e+03
4.827711398796061985e+03
4.844722745397324616e+03
4.861649174278301871e+03
4.878491328061106287e+03
4.895249843527286430e+03
4.911925351667070572e+03
4.928518477728614016e+03
4.945029841267218217e+03
4.961460056194472600e+03
4.977809730827370004e+03
4.994079467937305708e+03
5.010269864798983690e+03
5.026381513239213746e+03
5.042414999685547627e+03
5.058370905214795130e+03
5.074249805601353728e+03
5.090052271365398155e+03
5.105778867820824416e+03
5.121430155123053737e+03
5.137006688316584587e+03
5.152509017382342790e+03
5.167937687284796993e+03
5.183293238018833108e+03
5.198576204656372283e+03
5.213787117392742402e+03
5.228926501592779459e+03
5.243994877836666092e+03
5.258992761965459067e+03
5.273920665126379390e+03
5.288779093817774992e+03
5.303568549933798749e+03
5.318289530808782729e+03
5.332942529261315940e+03
5.347528033637986482e+03
5.362046527856841749e+03
5.376498491450513029e+03
5.390884399609003594e+03
5.405204723222183929e+03
5.419459928921935898e+03
5.433650479123977675e+03
5.447776832069345801e+03
5.461839441865558911e+03
5.475838758527440405e+03
5.489775228017583686e+03
5.503649292286519085e+03
5.517461389312501524e+03
5.531211953140978039e+03
5.544901413923719701e+03
5.558530197957588825e+03
5.572098727723006050e+03
5.585607421922010872e+03
5.599056695516053878e+03
5.612446959763392442e+03
5.625778622256177187e+03
5.639052086957171014e+03
5.652267754236163455e+03
5.665426020906006670e+03
5.678527280258350402e+03
5.691571922099004041e+03
5.704560332782992191e+03
5.717492892181530806e+03
5.730369985882816763e+03
5.743191987130203415e+03
5.755959268819243334e+03
5.768672200564910781e+03
5.781331148734666385e+03
5.793936476481174395e+03
5.806488543774707978e+03
5.818987707435238008e+03
5.831434321164186258e+03
5.843828735575865721e+03
5.856171298228608975e+03
5.868462353655565494e+03
5.880702243395223377e+03
5.892891306021568198e+03
5.905029877173979003e+03
5.917118289586796891e+03
5.929156873118574367e+03
5.941145954781070031e+03
5.953085858767893114e+03
5.964976906482875165e+03
5.976819416568156157e+03
5.988613704931956818e+03
6.000360084776055373e+03
6.012058866623020549e+03
6.023710358343107146e+03
6.035314865180891502e+03
6.046872689781640474e+03
6.058384132217372098e+03
6.069849490012658862e+03
6.081269058170165408e+03
6.092643129195879737e+03
6.103971993124128858e+03
6.115255937542287938e+03
6.126495247615225708e+03
6.137690206109527935e+03
6.148841093417402590e+03
6.159948187580404010e+03
6.171011764312812375e+03
6.182032097024854920e+03
6.193009456845604291e+03
6.203944112645672249e+03
6.214836331059646000e+03
6.225686376508292597e+03
6.236494511220492313e+03
6.247260995254988302e+03
6.257986086521852485e+03
6.268670040803744087e+03
6.279313111776938968e+03
6.289915551032123403e+03
6.300477608094957759e+03
6.310999530446444624e+03
6.321481563543036827e+03
6.331923950836567201e+03
6.342326933793932767e+03
6.352690751916574300e+03
6.363015642759758521e+03
6.373301841951628376e+03
6.383549583212065045e+03
6.393759098371341679e+03
6.403930617388548853e+03
6.414064368369886324e+03
6.424160577586661930e+03
6.434219469493182260e+03
6.444241266744403219e+03
6.454226190213389600e+03
6.464174459008607300e+03
6.474086290491016371e+03
6.483961900290955782e+03
6.493801502324892681e+03
6.503605308811950636e+03
6.513373530290276904e+03
6.523106375633225980e+03
6.532804052065366704e+03
6.542466765178326568e+03
6.552094718946450485e+03
6.561688115742293121e+03
6.571247156351959347e+03
6.580772039990244593e+03
6.590262964315675163e+03
6.599720125445277517e+03
6.609143717969323006e+03
6.618533934965806111e+03
6.627890968014803548e+03
6.637215007212704222e+03
6.646506241186238185e+03
6.655764857106397358e+03
6.664991040702165265e+03
6.674184976274139444e+03
6.683346846707987424e+03
6.692476833487743534e+03
6.701575116708988389e+03
6.710641875091900147e+03
6.719677285994079284e+03
6.728681525423383391e+03
6.737654768050470011e+03
6.746597187221312197e+03
6.755508954969540355e+03
6.764390242028635839e+03
6.773241217844045423e+03
6.782062050585101133e+03
6.790852907156875517e+03
6.799613953211862281e+03
6.808345353161564162e+03
6.817047270187938921e+03
6.825719866254734370e+03
6.834363302118697902e+03
6.842977737340661406e+03
6.851563330296537060e+03
6.860120238188137591e+03
6.868648617053959242e+03
6.877148621779790119e+03
6.885620406109226678e+03
6.894064122654086532e+03
6.902479922904703926e+03
6.910867957240106989e+03
6.919228374938127672e+03
6.927561324185328886e+03
6.935866952086933452e+03
6.944145404676537510e+03
6.952396826925801179e+03
6.960621362754013717e+03
6.968819155037547716e+03
6.976990345619220534e+03
6.985135075317571136e+03
6.993253483936020530e+03
7.001345710271953067e+03
7.009411892125695886e+03
7.017452166309387394e+03
7.025466668655803915e+03
7.033455534027039903e+03
7.041418896323119952e+03
7.049356888490539859e+03
7.057269642530678539e+03
7.065157289508165377e+03
7.073019959559137533e+03
7.080857781899413567e+03
7.088670884832585216e+03
7.096459395758032770e+03
7.104223441178856774e+03
7.111963146709705143e+03
7.119678637084571164e+03
7.127370036164435987e+03
7.135037466944924745e+03
7.142681051563797155e+03
7.150300911308421746e+03
7.157897166623151861e+03
7.165469937116626170e+03
7.173019341568985510e+03
7.180545497939053348e+03
7.188048523371388910e+03
7.195528534203314848e+03
7.202985645971860322e+03
7.210419973420621318e+03
7.217831630506555484e+03
7.225220730406742405e+03
7.232587385525004720e+03
7.239931707498543801e+03
7.247253807204450823e+03
7.254553794766175088e+03
7.261831779559932329e+03
7.269087870221021149e+03
7.276322174650129455e+03
7.283534800019514478e+03
7.290725852779167326e+03
7.297895438662895685e+03
7.305043662694351042e+03
7.312170629193005880e+03
7.319276441780042660e+03
7.326361203384220971e+03
7.333425016247658277e+03
7.340467981931577015e+03
