# h
# unit = 1.0/Mpc
2.245309517353497302e-04
2.256002371617728134e-04
2.266857151319529116e-04
2.277873635054885335e-04
2.289051571402376216e-04
2.300390679818512115e-04
2.311890651537495001e-04
2.323551150473800772e-04
2.335371814126069659e-04
2.347352254480808257e-04
2.359492058914500754e-04
2.371790791092746192e-04
2.384247991865124251e-04
2.396863180154550836e-04
2.409635853839927613e-04
2.422565490630981214e-04
2.435651548934224730e-04
2.448893468709061635e-04
2.462290672313100816e-04
2.475842565335811818e-04
2.489548537419738333e-04
2.503407963068518300e-04
2.517420202441036513e-04
2.531584602131108563e-04
2.545900495932112788e-04
2.560367205586110010e-04
2.574984041516970739e-04
2.589750303547149368e-04
2.604665281597760016e-04
2.619728256371668348e-04
2.634938500019366270e-04
2.650295276787445172e-04
2.665797843649509976e-04
2.681445450919453218e-04
2.697237342847002423e-04
2.713172758195539144e-04
2.729250930802189137e-04
2.745471090120238399e-04
2.761832461743943408e-04
2.778334267915858044e-04
2.794975728016797561e-04
2.811756059038613624e-04
2.828674476039956033e-04
2.845730192585239622e-04
2.862922421167025033e-04
2.880250373612080615e-04
2.897713261471371576e-04
2.915310296394254467e-04
2.933040690487176807e-04
2.950903656657167498e-04
2.968898408940445505e-04
2.987024162816452502e-04
3.005280135507649953e-04
3.023665546265407508e-04
3.042179616642317719e-04
3.060821570751298139e-04
3.079590635511803335e-04
3.098486040883509482e-04
3.117507020087823921e-04
3.136652809817551423e-04
3.155922650435090144e-04
3.175315786159476012e-04
3.194831465242654487e-04
3.214468940135285432e-04
3.234227467642462189e-04
3.254106309069635977e-04
3.274104730359113152e-04
3.294222002217440286e-04
3.314457400233988783e-04
3.334810204991074038e-04
3.355279702165911643e-04
3.375865182624702824e-04
3.396565942509187385e-04
3.417381283315901056e-04
3.438310511968482018e-04
3.459352940883258631e-04
3.480507888028421394e-04
3.501774676977039346e-04
3.523152636954162689e-04
3.544641102878296228e-04
3.566239415397460481e-04
3.587946920920095234e-04
3.609762971641034858e-04
3.631686925562770596e-04
3.653718146512237265e-04
3.675856004153323867e-04
3.698099873995298924e-04
3.720449137397389603e-04
3.742903181569656127e-04
3.765461399570387523e-04
3.788123190300176995e-04
3.810887958492849325e-04
3.833755114703422430e-04
3.856724075293241870e-04
3.879794262412457968e-04
3.902965103980000601e-04
3.926236033661168736e-04
3.949606490843009829e-04
3.973075920607570927e-04
3.996643773703226405e-04
4.020309506514105086e-04
4.044072581027830893e-04
4.067932464801624179e-04
4.091888630926891150e-04
4.115940557992428203e-04
4.140087730046297047e-04
4.164329636556506650e-04
4.188665772370563285e-04
4.213095637673989493e-04
4.237618737947904135e-04
4.262234583925718812e-04
4.286942691549039028e-04
4.311742581922856825e-04
4.336633781270076630e-04
4.361615820885462146e-04
4.386688237089053600e-04
4.411850571179115003e-04
4.437102369384691622e-04
4.462443182817793963e-04
4.487872567425287918e-04
4.513390083940524715e-04
4.538995297834771915e-04
4.564687779268476893e-04
4.590467103042405648e-04
4.616332848548692150e-04
4.642284599721860599e-04
4.668321944989822195e-04
4.694444477224897928e-04
4.720651793694893416e-04
4.746943496014267524e-04
4.773319190095405605e-04
4.799778486100028272e-04
4.826320998390761169e-04
4.852946345482912370e-04
4.879654149996428669e-04
4.906444038608098529e-04
4.933315642003996805e-04
4.960268594832191848e-04
4.987302535655748588e-04
5.014417106906010266e-04
5.041611954836205424e-04
5.068886729475371479e-04
5.096241084582624160e-04
5.123674677601778226e-04
5.151187169616312962e-04
5.178778225304716057e-04
5.206447512896216715e-04
5.234194704126885226e-04
5.262019474196140195e-04
5.289921501723651503e-04
5.317900468706644431e-04
5.345956060477629864e-04
5.374087965662536744e-04
5.402295876139266272e-04
5.430579486996680878e-04
5.458938496494010603e-04
5.487372606020697510e-04
5.515881520056653163e-04
5.544464946132977986e-04
5.573122594793098036e-04
5.601854179554337622e-04
5.630659416869929950e-04
5.659538026091476617e-04
5.688489729431820199e-04
5.717514251928381948e-04
5.746611321406901738e-04
5.775780668445645296e-04
5.805022026340018017e-04
5.834335131067634132e-04
5.863719721253789208e-04
5.893175538137391265e-04
5.922702325537286538e-04
5.952299829819033021e-04
5.981967799862091418e-04
6.011705987027412927e-04
6.041514145125476956e-04
6.071392030384719155e-04
6.101339401420373615e-04
6.131356019203718392e-04
6.161441647031740609e-04
6.191596050497178870e-04
6.221818997458982000e-04
6.252110258013148349e-04
6.282469604463956480e-04
6.312896811295595940e-04
6.343391655144154729e-04
6.373953914770000327e-04
6.404583371030547799e-04
6.435279806853366150e-04
6.466043007209684767e-04
6.496872759088233784e-04
6.527768851469470434e-04
6.558731075300138240e-04
6.589759223468185084e-04
6.620853090778041228e-04
6.652012473926207422e-04
6.683237171477212713e-04
6.714526983839901866e-04
6.745881713244035027e-04
6.777301163717233245e-04
6.808785141062236252e-04
6.840333452834484410e-04
6.871945908320009665e-04
6.903622318513644163e-04
6.935362496097521607e-04
6.967166255419910380e-04
6.999033412474296029e-04
7.030963784878811783e-04
7.062957191855927111e-04
7.095013454212424674e-04
7.127132394319685193e-04
7.159313836094209757e-04
7.191557604978458720e-04
7.223863527921935623e-04
7.256231433362550845e-04
7.288661151208247627e-04
7.321152512818882886e-04
7.353705350988371491e-04
7.386319499927082068e-04
7.418994795244473507e-04
7.451731073932002514e-04
7.484528174346241495e-04
7.517385936192253404e-04
7.550304200507202941e-04
7.583282809644201943e-04
7.616321607256364016e-04
7.649420438281119387e-04
7.682579148924708647e-04
7.715797586646944281e-04
7.749075600146142434e-04
7.782413039344296445e-04
7.815809755372453123e-04
7.849265600556296118e-04
7.882780428401927686e-04
7.916354093581843459e-04
7.949986451921143551e-04
7.983677360383873789e-04
8.017426677059632557e-04
8.051234261150293659e-04
8.085099972956989386e-04
8.119023673867195503e-04
8.153005226342084025e-04
8.187044493903963827e-04
8.221141341123987950e-04
8.255295633609948747e-04
8.289507237994314789e-04
8.323776021922375118e-04
8.358101854040594914e-04
8.392484603985102352e-04
8.426924142370356523e-04
8.461420340777964970e-04
8.495973071745641092e-04
8.530582208756351276e-04
8.565247626227574795e-04
8.599969199500728497e-04
8.634746804830745453e-04
8.669580319375778292e-04
8.704469621187066247e-04
8.739414589198919291e-04
8.774415103218859494e-04
8.809471043917880542e-04
8.844582292820855809e-04
8.879748732297072181e-04
8.914970245550883155e-04
8.950246716612503955e-04
8.985578030328928096e-04
9.020964072354963189e-04
9.056404729144388200e-04
9.091899887941245128e-04
9.127449436771212015e-04
9.163053264433157008e-04
9.198711260490717362e-04
9.234423315264080100e-04
9.270189319821819061e-04
9.306009165972868548e-04
9.341882746258563111e-04
9.377809953944850818e-04
9.413790683014545534e-04
9.449824828159734263e-04
9.485912284774231096e-04
9.522052948946194877e-04
9.558246717450791328e-04
9.594493487742972258e-04
9.630793157950367535e-04
9.667145626866238857e-04
9.703550793942551699e-04
9.740008559283109060e-04
9.776518823636835918e-04
9.813081488391057171e-04
9.849696455564969661e-04
9.886363627803094675e-04
9.923082908368922352e-04
9.959854201138532235e-04
9.996677410594389471e-04
1.003355244181915618e-03
1.007047920048961993e-03
1.010745759287066557e-03
1.014448752580939450e-03
1.018156890672922447e-03
1.021870164362412162e-03
1.025588564505292358e-03
1.029312082013367994e-03
1.033040707853811416e-03
1.036774433048612450e-03
1.040513248674036512e-03
1.044257145860090974e-03
1.048006115789994978e-03
1.051760149699660328e-03
1.055519238877174974e-03
1.059283374662295168e-03
1.063052548445943052e-03
1.066826751669712036e-03
1.070605975825375880e-03
1.074390212454405351e-03
1.078179453147492042e-03
1.081973689544076097e-03
1.085772913331880000e-03
1.089577116246449959e-03
1.093386290070701627e-03
1.097200426634470372e-03
1.101019517814069140e-03
1.104843555531849356e-03
1.108672531755772444e-03
1.112506438498977231e-03
1.116345267819364266e-03
1.120189011819173412e-03
1.124037662644577270e-03
1.127891212485270921e-03
1.131749653574072503e-03
1.135612978186525089e-03
1.139481178640505080e-03
1.143354247295834706e-03
1.147232176553901039e-03
1.151114958857274353e-03
1.155002586689338195e-03
1.158895052573917723e-03
1.162792349074916491e-03
1.166694468795955852e-03
1.170601404380016081e-03
1.174513148509090301e-03
1.178429693903829296e-03
1.182351033323204761e-03
1.186277159564165171e-03
1.190208065461300984e-03
1.194143743886514394e-03
1.198084187748690160e-03
1.202029389993370355e-03
1.205979343602437120e-03
1.209934041593792396e-03
1.213893477021049791e-03
1.217857642973219079e-03
1.221826532574405658e-03
1.225800138983505674e-03
1.229778455393908078e-03
1.233761475033198210e-03
1.237749191162867230e-03
1.241741597078023073e-03
1.245738686107102479e-03
1.249740451611593660e-03
1.253746886985753102e-03
1.257757985656331482e-03
1.261773741082300882e-03
1.265794146754584170e-03
1.269819196195789155e-03
1.273848882959945561e-03
1.277883200632241997e-03
1.281922142828770738e-03
1.285965703196272070e-03
1.290013875411879065e-03
1.294066653182874291e-03
1.298124030246436324e-03
1.302186000369401657e-03
1.306252557348020100e-03
1.310323695007715615e-03
1.314399407202854935e-03
1.318479687816508181e-03
1.322564530760222913e-03
1.326653929973791671e-03
1.330747879425030157e-03
1.334846373109550193e-03
1.338949405050541370e-03
1.343056969298550519e-03
1.347169059931266821e-03
1.351285671053305834e-03
1.355406796796000245e-03
1.359532431317189314e-03
1.363662568801011360e-03
1.367797203457699279e-03
1.371936329523375632e-03
1.376079941259856186e-03
1.380228032954447818e-03
1.384380598919752060e-03
1.388537633493473408e-03
1.392699131038223521e-03
1.396865085941333432e-03
1.401035492614664899e-03
1.405210345494420669e-03
1.409389639040964501e-03
1.413573367738636417e-03
1.417761526095570775e-03
1.421954108643520408e-03
