# mu
-inf
3.326007843112741114e+01
3.478144360896320819e+01
3.567787555620839868e+01
3.631830999630923174e+01
3.681837046264605817e+01
3.722956116797249138e+01
3.757935798868111021e+01
3.788416321491622085e+01
3.815455805961805424e+01
3.839776851252803880e+01
3.861894963982797435e+01
3.882190869108143261e+01
3.900953777127543276e+01
3.918408571145116071e+01
3.934733591646084250e+01
3.950072669823131832e+01
3.964543506486337776e+01
3.978243652432740873e+01
3.991254869787194082e+01
4.003646373391482882e+01
4.015477280570462426e+01
4.026798490519214369e+01
4.037654145615030643e+01
4.048082781525840801e+01
4.058118242412013643e+01
4.067790416549136268e+01
4.077125833068477334e+01
4.086148150142170721e+01
4.094878557484445025e+01
4.103336110608439213e+01
4.111538010272400356e+01
4.119499837561538413e+01
4.127235752800293511e+01
4.134758664776320813e+01
4.142080375441643980e+01
4.149211704237341536e+01
4.156162595392486026e+01
4.162942210922312825e+01
4.169559011554898120e+01
4.176020827420401815e+01
4.182334920019806646e+01
4.188508036734127415e+01
4.194546458927304400e+01
4.200456044526436017e+01
4.206242265824013771e+01
4.211910243132163600e+01
4.217464774824101426e+01
4.222910364219064405e+01
4.228251243701151907e+01
4.233491396407275431e+01
4.238634575772935875e+01
4.243684323185327401e+01
4.248643983959958348e+01
4.253516721828723490e+01
4.258305532103209146e+01
4.263013253656350798e+01
4.267642579847836970e+01
4.272196068503392041e+01
4.276676151044882346e+01
4.281085140856791327e+01
4.285425240964712401e+01
4.289698551092907053e+01
4.293907074160442505e+01
4.298052722268895565e+01
4.302137322228838912e+01
4.306162620667284102e+01
4.310130288753831707e+01
4.314041926579336916e+01
4.317899067217482667e+01
4.321703180496560037e+01
4.325455676506059888e+01
4.329157908860275228e+01
4.332811177738968667e+01
4.336416732723244394e+01
4.339975775443066652e+01
4.343489462051348937e+01
4.346958905538161844e+01
4.350385177897388900e+01
4.353769312157069749e+01
4.357112304283667470e+01
4.360415114969619310e+01
4.363678671312720780e+01
4.366903868395169752e+01
4.370091570769445610e+01
4.373242613857595273e+01
4.376357805269976353e+01
4.379437926049006080e+01
4.382483731843018404e+01
4.385495954014950826e+01
4.388475300690183190e+01
4.391422457747545849e+01
4.394338089757187760e+01
4.397222840868725058e+01
4.400077335652834165e+01
4.402902179899226098e+01
4.405697961373699201e+01
4.408465250536819724e+01
4.411204601226537392e+01
4.413916551306935787e+01
4.416601623285119871e+01
4.419260324898134940e+01
4.421893149671663537e+01
4.424500577452128880e+01
4.427083074913736027e+01
4.429641096041870441e+01
4.432175082594169169e+01
4.434685464540527278e+01
4.437172660483177822e+01
4.439637078057948827e+01
4.442079114317699862e+01
4.444499156098904535e+01
4.446897580372257153e+01
4.449274754578159730e+01
4.451631036947855335e+01
4.453966776810971595e+01
4.456282314890142970e+01
4.458577983583384707e+01
4.460854107234827381e+01
4.463111002394381899e+01
4.465348978066892727e+01
4.467568335951292369e+01
4.469769370670226749e+01
4.471952369990624021e+01
4.474117615035636675e+01
4.476265380488349876e+01
4.478395934787662469e+01
4.480509540316687378e+01
4.482606453584019590e+01
4.484686925398204949e+01
4.486751201035706771e+01
4.488799520402670851e+01
4.490832118190756717e+01
4.492849224027309418e+01
4.494851062620105608e+01
4.496837853896924742e+01
4.498809813140152869e+01
4.500767151116648535e+01
4.502710074203058355e+01
4.504638784506781946e+01
4.506553479982767385e+01
4.508454354546307741e+01
4.510341598182004930e+01
4.512215397049059362e+01
4.514075933583035294e+01
4.515923386594236888e+01
4.517757931362842072e+01
4.519579739730914980e+01
4.521388980191419904e+01
4.523185817974363232e+01
4.524970415130162849e+01
4.526742930610362237e+01
4.528503520345784494e+01
4.530252337322229295e+01
4.531989531653803027e+01
4.533715250653969520e+01
4.535429638904410865e+01
4.537132838321775807e+01
4.538824988222394552e+01
4.540506225385038874e+01
4.542176684111787210e+01
4.543836496287082127e+01
4.545485791435020673e+01
4.547124696774965003e+01
4.548753337275516628e+01
4.550371835706916102e+01
4.551980312691928532e+01
4.553578886755260413e+01
4.555167674371558917e+01
4.556746790012055470e+01
4.558316346189874224e+01
4.559876453504080018e+01
4.561427220682487160e+01
4.562968754623280176e+01
4.564501160435482063e+01
4.566024541478311960e+01
4.567538999399468480e+01
4.569044634172371389e+01
4.570541544132389333e+01
4.572029826012111187e+01
4.573509574975655312e+01
4.574980884652080704e+01
4.576443847167905687e+01
4.577898553178781071e+01
4.579345091900323439e+01
4.580783551138154053e+01
4.582214017317161137e+01
4.583636575510001165e+01
4.585051309464880376e+01
4.586458301632619339e+01
4.587857633193038964e+01
4.589249384080673622e+01
4.590633633009851167e+01
4.592010457499128506e+01
4.593379933895144518e+01
4.594742137395859061e+01
4.596097142073237052e+01
4.597445020895374057e+01
4.598785845748078316e+01
4.600119687455936912e+01
4.601446615802867512e+01
4.602766699552182672e+01
4.604080006466170971e+01
4.605386603325217720e+01
4.606686555946467365e+01
4.607979929202049618e+01
4.609266787036883528e+01
4.610547192486055224e+01
4.611821207691803437e+01
4.613088893920107125e+01
4.614350311576893660e+01
4.615605520223871849e+01
4.616854578594009695e+01
4.618097544606661131e+01
4.619334475382343896e+01
4.620565427257196234e+01
4.621790455797098929e+01
4.623009615811490391e+01
4.624222961366874785e+01
4.625430545800024618e+01
4.626632421730904809e+01
4.627828641075304006e+01
4.629019255057194471e+01
4.630204314220820550e+01
4.631383868442537732e+01
4.632557966942375316e+01
4.633726658295374534e+01
4.634889990442669472e+01
4.636048010702335631e+01
4.637200765663504853e+01
4.638348301659102191e+01
4.639490664087959004e+01
4.640627897879921449e+01
4.641760047392698141e+01
4.642887156421419803e+01
4.644009268207995689e+01
4.645126425450281715e+01
4.646238670311058172e+01
4.647346044426826950e+01
4.648448588916427582e+01
4.649546344389480623e+01
4.650639350954660500e+01
4.651727648227800671e+01
4.652811275339841046e+01
4.653890270944610563e+01
4.654964673226461969e+01
4.656034519907753122e+01
4.657099848256176244e+01
4.658160695091954295e+01
4.659217096794885293e+01
4.660269089311256607e+01
4.661316708160624955e+01
4.662359988442458558e+01
4.663398964842662764e+01
4.664433671639969248e+01
4.665464142712212947e+01
4.666490411542479677e+01
4.667512511225147875e+01
4.668530474471808134e+01
4.669544333617072596e+01
4.670554120624279903e+01
4.671559867091087881e+01
4.672561604254967449e+01
4.673559362998589961e+01
4.674553173855116484e+01
4.675543067013392573e+01
4.676529072323042158e+01
4.677511219299472600e+01
4.678489537128790232e+01
4.679464054672619255e+01
4.680434800472840351e+01
4.681401802756241182e+01
4.682365089439085182e+01
4.683324688131591529e+01
4.684280626142347614e+01
4.685232930482633407e+01
4.686181627870669075e+01
4.687126744735795114e+01
4.688068307222570752e+01
4.689006341194804861e+01
4.689940872239516523e+01
4.690871925670823828e+01
4.691799526533770148e+01
4.692723699608075094e+01
4.693644469411833597e+01
4.694561860205137549e+01
4.695475895993647697e+01
4.696386600532096622e+01
4.697293997327736292e+01
4.698198109643720244e+01
4.699098960502443134e+01
4.699996572688804264e+01
4.700890968753434151e+01
4.701782171015857159e+01
4.702670201567601538e+01
4.703555082275264709e+01
4.704436834783517440e+01
4.705315480518067517e+01
4.706191040688572258e+01
4.707063536291495609e+01
4.707932988112931127e+01
4.708799416731370968e+01
4.709662842520427262e+01
4.710523285651518677e+01
4.711380766096504402e+01
4.712235303630284022e+01
4.713086917833344813e+01
4.713935628094279195e+01
4.714781453612258133e+01
4.715624413399457637e+01
4.716464526283461822e+01
4.717301810909614801e+01
4.718136285743339897e+01
4.718967969072425461e+01
4.719796879009269475e+01
4.720623033493093601e+01
4.721446450292119579e+01
4.722267147005712218e+01
4.723085141066493264e+01
4.723900449742416185e+01
4.724713090138811822e+01
4.725523079200406329e+01
4.726330433713300749e+01
4.727135170306929268e+01
4.727937305455975547e+01
4.728736855482276269e+01
4.729533836556679205e+01
4.730328264700884944e+01
4.731120155789255932e+01
4.731909525550599227e+01
4.732696389569923667e+01
4.733480763290165783e+01
4.734262662013900069e+01
4.735042100905015161e+01
4.735819094990365130e+01
4.736593659161404446e+01
4.737365808175789539e+01
4.738135556658964731e+01
4.738902919105716904e+01
4.739667909881715957e+01
4.740430543225025417e+01
4.741190833247598846e+01
4.741948793936744977e+01
4.742704439156581486e+01
4.743457782649461052e+01
4.744208838037380360e+01
4.744957618823365664e+01
4.745704138392845550e+01
4.746448410014994579e+01
4.747190446844066258e+01
4.747930261920700445e+01
4.748667868173219375e+01
4.749403278418897401e+01
4.750136505365221495e+01
4.750867561611126177e+01
4.751596459648215642e+01
4.752323211861970265e+01
4.753047830532931073e+01
4.753770327837872856e+01
4.754490715850957372e+01
4.755209006544875194e+01
4.755925211791966944e+01
4.756639343365328898e+01
4.757351412939911484e+01
4.758061432093594334e+01
4.758769412308248548e+01
4.759475364970787581e+01
4.760179301374200378e+01
4.760881232718573131e+01
4.761581170112096117e+01
4.762279124572057754e+01
4.762975107025823007e+01
4.763669128311803291e+01
4.764361199180407880e+01
4.765051330294988929e+01
4.765739532232767317e+01
4.766425815485751372e+01
4.767110190461639974e+01
4.767792667484718550e+01
4.768473256796736592e+01
4.769151968557781629e+01
4.769828812847131871e+01
4.770503799664109579e+01
4.771176938928912392e+01
4.771848240483442538e+01
4.772517714092116137e+01
4.773185369442674642e+01
4.773851216146972831e+01
4.774515263741763249e+01
4.775177521689475668e+01
4.775837999378971688e+01
4.776496706126305014e+01
4.777153651175467530e+01
4.777808843699115471e+01
4.778462292799306965e+01
4.779114007508208317e+01
4.779763996788810232e+01
4.780412269535619174e+01
4.781058834575352279e+01
4.781703700667617341e+01
4.782346876505585698e+01
