# d_z
7.759451580838052642e-01
7.720099889541450766e-01
7.680876900752346970e-01
7.641787583565173847e-01
7.602836722077943588e-01
7.564028918808465285e-01
7.525368598040679258e-01
7.486860009111956371e-01
7.448507304354202718e-01
7.410314327987223004e-01
7.372284778513485959e-01
7.334422249625600632e-01
7.296730170445603347e-01
7.259211809225202261e-01
7.221870276982870207e-01
7.184708531083853211e-01
7.147729378768308273e-01
7.110935554793292868e-01
7.074329501077813998e-01
7.037913568080416127e-01
7.001690006039613667e-01
6.965660928409956876e-01
6.929828315545317752e-01
6.894194018317115757e-01
6.858759761670323307e-01
6.823527148119742369e-01
6.788497661188527266e-01
6.753672741943962388e-01
6.719053555815129863e-01
6.684641245980270652e-01
6.650436859404825762e-01
6.616441338184924081e-01
6.582655522901705858e-01
6.549080155905750988e-01
6.515715884533119784e-01
6.482563264254272983e-01
6.449622761757053402e-01
6.416894765916794086e-01
6.384379639261495987e-01
6.352077503461516228e-01
6.319988505917680799e-01
6.288112718122748079e-01
6.256450138521623128e-01
6.225000695299298670e-01
6.193764249097901686e-01
6.162740595664143450e-01
6.131929468428382046e-01
6.101330541016527498e-01
6.070943429695880855e-01
6.040767695756089628e-01
6.010802870514373453e-01
5.981048438914142729e-01
5.951503742831714128e-01
5.922168150422522093e-01
5.893040984929552861e-01
5.864121526780280425e-01
5.835409015619837936e-01
5.806902652281809019e-01
5.778601600698068941e-01
5.750504989748985718e-01
5.722611915055342280e-01
5.694921440713304195e-01
5.667432600973671963e-01
5.640144401866765689e-01
5.613055822774158932e-01
5.586165817948489654e-01
5.559473371581734602e-01
5.532977339109104165e-01
5.506676595241072336e-01
5.480570010263585701e-01
5.454656435760700806e-01
5.428934705886270251e-01
5.403403638589263647e-01
5.378062036794084566e-01
5.352908689537103637e-01
5.327942373060662318e-01
5.303161851865776377e-01
5.278565879724698151e-01
5.254153200654537725e-01
5.229922549853073255e-01
5.205872654597848426e-01
5.182002235109683941e-01
5.158310005381651075e-01
5.134794673974585333e-01
5.111454944780100540e-01
5.088289554533139691e-01
5.065297166949505048e-01
5.042476464938897562e-01
5.019826141945463727e-01
4.997344889923118760e-01
4.975031399939141008e-01
4.952884362750792913e-01
4.930902469355970541e-01
4.909084411518718216e-01
4.887428882270490327e-01
4.865934576387984101e-01
4.844600190848370458e-01
4.823424425262716753e-01
4.802405982288339148e-01
4.781543568020891199e-01
4.760835889778798902e-01
4.740281661999891094e-01
4.719879605058511229e-01
4.699628442327184463e-01
4.679526770864041452e-01
4.659573640403344430e-01
4.639767600102528977e-01
4.620107396278334555e-01
4.600591781329891883e-01
4.581219513970545831e-01
4.561989359445860481e-01
4.542900089738364233e-01
4.523950483759536234e-01
4.505139327529557036e-01
4.486465414345304215e-01
4.467927544937068673e-01
4.449524527614438507e-01
4.431255178401791173e-01
4.413118321163839175e-01
4.395112787721604519e-01
4.377237417959257693e-01
4.359491059922168121e-01
4.341872569906557455e-01
4.324380812541106511e-01
4.307014660860858379e-01
4.289772996373750757e-01
4.272654709120095040e-01
4.255658697725305806e-01
4.238783869446202668e-01
4.222029140211130960e-01
4.205393434654213780e-01
4.188875686143973542e-01
4.172474836806608911e-01
4.156189837544148613e-01
4.140019648047718603e-01
4.123963236806179045e-01
4.108019581110328167e-01
4.092187667052885613e-01
4.076466489524463999e-01
4.060855052205732951e-01
4.045352368358017814e-01
4.029957458702850825e-01
4.014669352665432567e-01
3.999487088981213967e-01
3.984409715078994774e-01
3.969436287054549095e-01
3.954565869641572529e-01
3.939797536180087434e-01
3.925130368582458451e-01
3.910563457297142054e-01
3.896095901270304473e-01
3.881726807905419574e-01
3.867455293020992668e-01
3.853280480806496877e-01
3.839201503776639712e-01
3.825217502724068686e-01
3.811327626670612534e-01
3.797531032817161867e-01
3.783826886492261954e-01
3.770214361099532008e-01
3.756692638063962586e-01
3.743260906777216013e-01
3.729918364541959241e-01
3.716664216515343511e-01
3.703497675651667431e-01
3.690417962644323424e-01
3.677424305867063037e-01
3.664515941314668845e-01
3.651692112543066804e-01
3.638952070608957312e-01
3.626295074009003860e-01
3.613720388618645862e-01
3.601227287630557328e-01
3.588815051492836306e-01
3.576482967846934535e-01
3.564230329332093161e-01
3.552056439108043362e-01
3.539960607143848859e-01
3.527942149204129629e-01
3.516000387935861449e-01
3.504134652805661054e-01
3.492344280037072979e-01
3.480628612547903566e-01
3.468986999887622713e-01
3.457418798174854979e-01
3.445923370034996713e-01
3.434500084537979725e-01
3.423148317136197605e-01
3.411867449602631885e-01
3.400656869969180818e-01
3.389515972465223514e-01
3.378444157456431673e-01
3.367440831383850530e-01
3.356505406703259586e-01
3.345637301824830878e-01
3.334835941053105879e-01
3.324100754527297141e-01
3.313431178161917456e-01
3.302826653587779826e-01
3.292286628093346046e-01
3.281810554566448879e-01
3.271397891436401695e-01
3.261048102616498912e-01
3.250760657446903346e-01
3.240535030637964886e-01
3.230370702213929412e-01
3.220267157457080698e-01
3.210223886852313635e-01
3.200240386032121576e-01
3.190316155722047742e-01
3.180450701686546866e-01
3.170643534675323671e-01
3.160894170370097678e-01
3.151202127212092696e-01
3.141566931805276908e-01
3.131988115512932547e-01
3.122465213196865541e-01
3.112997764393296563e-01
3.103585313262327561e-01
3.094227408537880697e-01
3.084923603478095244e-01
3.075673455816204105e-01
3.066476527711860522e-01
3.057332385702946631e-01
3.048240600657838306e-01
3.039200747728142971e-01
3.030212406301898143e-01
3.021275159957239609e-01
3.012388596416527009e-01
3.003552307500938490e-01
2.994765889085521104e-01
2.986028941054704178e-01
2.977341067258266194e-01
2.968701875467759654e-01
2.960110977333394455e-01
2.951567988341362025e-01
2.943072527771620761e-01
2.934624218656114447e-01
2.926222687737451977e-01
2.917867565428012844e-01
2.909558485769503378e-01
2.901295086392939315e-01
2.893077008479076340e-01
2.884903896719249183e-01
2.876775399276664813e-01
2.868691167748093629e-01
2.860650857126003088e-01
2.852654125761101556e-01
2.844700635325289051e-01
2.836790050775034322e-01
2.828922040315152153e-01
2.821096275362982575e-01
2.813312430512979745e-01
2.805570183501693848e-01
2.797869215173149349e-01
2.790209209444611260e-01
2.782589851922160906e-01
2.775010832857282561e-01
2.767471846456240336e-01
2.759972588579058805e-01
2.752512757994560744e-01
2.745092056348377163e-01
2.737710188131322608e-01
2.730366860648138494e-01
2.723061783986595596e-01
2.715794670986950710e-01
2.708565237211758014e-01
2.701373200916031836e-01
2.694218283017748572e-01
2.687100207068700564e-01
2.680018699225676926e-01
2.672973488221993543e-01
2.665964305339338369e-01
2.658990884379960895e-01
2.652052961639169704e-01
2.645150275878171420e-01
2.638282568297201647e-01
2.631449582508996188e-01
2.624651064512550924e-01
2.617886762667205880e-01
2.611156427667020163e-01
2.604459812515454442e-01
2.597796672500350401e-01
2.591166765169198305e-01
2.584569850304703764e-01
2.578005689900632058e-01
2.571474048137944446e-01
2.564974691361208148e-01
2.558507388055290543e-01
2.552071908822318713e-01
2.545668026358921532e-01
2.539295515433729333e-01
2.532954152865142805e-01
2.526643717499361674e-01
2.520363990188675407e-01
2.514114753770006483e-01
2.507895793043707355e-01
2.501706894752602772e-01
2.495547847561286336e-01
2.489418442035658818e-01
2.483318470622697949e-01
2.477247727630477458e-01
2.471206009208420651e-01
2.465193113327773244e-01
2.459208839762324628e-01
2.453252990069340334e-01
2.447325366586076967e-01
2.441425774629175927e-01
2.435554021858995777e-01
2.429709916772173350e-01
2.423893269557271801e-01
2.418103892077010098e-01
2.412341597850698460e-01
2.406606202036881692e-01
2.400897521416184843e-01
2.395215374374360939e-01
2.389559580885536605e-01
2.383929962495653365e-01
2.378326342306102403e-01
2.372748544957553052e-01
2.367196396613967246e-01
2.361669724946804105e-01
2.356168359119402422e-01
2.350692129771554395e-01
2.345240869004248108e-01
2.339814410364601804e-01
2.334412588830956370e-01
2.329035240798159323e-01
2.323682204063003132e-01
2.318353317809845049e-01
2.313048422596387932e-01
2.307767360339625373e-01
2.302509974301952811e-01
2.297276109077437400e-01
2.292065610578247481e-01
2.286878326021237751e-01
2.281714103914692093e-01
2.276572794045214065e-01
2.271454247464777254e-01
2.266358316477909696e-01
2.261284854629049823e-01
2.256233716690018154e-01
2.251204758647659954e-01
2.246197837691610022e-01
2.241212812202210136e-01
2.236249541738557223e-01
2.231307887026696968e-01
2.226387709947938442e-01
2.221488873527317776e-01
2.216611241922182285e-01
2.211754680410910334e-01
2.206919055381757477e-01
2.202104234321830001e-01
2.197310085806183921e-01
2.192536479487048884e-01
2.187783286083169187e-01
2.183050377369274153e-01
2.178337626165659235e-01
2.173644906327889814e-01
2.168972092736621282e-01
2.164319061287529600e-01
2.159685688881361476e-01
2.155071853414091687e-01
2.150477433767192248e-01
2.145902309798014274e-01
2.141346361493843831e-01
2.136809471161582596e-01
2.132291521912852705e-01
2.127792397410384895e-01
2.123311982246462726e-01
2.118850161933927001e-01
2.114406822897276217e-01
2.109981852463866936e-01
2.105575138855217687e-01
2.101186571178398077e-01
2.096816039417525590e-01
2.092463434425348712e-01
2.088128647914926084e-01
2.083811572451396976e-01
2.079512101443846406e-01
2.075230129137251300e-01
2.070965550604525751e-01
2.066718261738643980e-01
2.062488159244861008e-01
2.058275140633006040e-01
2.054079104209871054e-01
2.049899949071677108e-01
2.045737575096623906e-01
2.041591882937524860e-01
2.037462774014513200e-01
2.033350150507837462e-01
2.029253915350733017e-01
2.025173972222362173e-01
2.021110225540847238e-01
2.017062580456362997e-01
2.013030942844314941e-01
2.009015219298586619e-01
2.005015317124859975e-01
2.001031144334009804e-01
1.997062609635566754e-01
1.993109622431253891e-01
