# f_z
5.079540137250755372e-01
5.139975390470326033e-01
5.199944469209429876e-01
5.259438225922017374e-01
5.318448042585981472e-01
5.376965820248333916e-01
5.434983968603285254e-01
5.492495395577938755e-01
5.549493203933955066e-01
5.605971519591599339e-01
5.661924860681359917e-01
5.717347976603689430e-01
5.772236083662520834e-01
5.826584852330782827e-01
5.880390394615728766e-01
5.933649251515978884e-01
5.986358380564935633e-01
6.038514845559874722e-01
6.090116701348042838e-01
6.141162190810418586e-01
6.191649778856644915e-01
6.241578300343753050e-01
6.290946946763305014e-01
6.339755253131710289e-01
6.388003085083349131e-01
6.435690626167296369e-01
6.482818365349092282e-01
6.529386783160107122e-01
6.575397312659103655e-01
6.620851301174982551e-01
6.665750313919086567e-01
6.710096171283914668e-01
6.753890936798192524e-01
6.797136905369314253e-01
6.839836591812418209e-01
6.881992719665444014e-01
6.923608210289553533e-01
6.964686138662554704e-01
7.005229516668431966e-01
7.045242203865353936e-01
7.084727783818388636e-01
7.123689994089049682e-01
7.162132716480679173e-01
7.200059967600148658e-01
7.237475889731439516e-01
7.274384742016657412e-01
7.310790891939871194e-01
7.346698807109036666e-01
7.382113047331202438e-01
7.417038256976049571e-01
7.451479058338301709e-01
7.485440124450468691e-01
7.518926608226172981e-01
7.551943403759318052e-01
7.584495459404899664e-01
7.616587771462970391e-01
7.648225378133562957e-01
7.679413353735524694e-01
7.710156803182319774e-01
7.740460856707782611e-01
7.770330664834921297e-01
7.799771393580826606e-01
7.828788219890869815e-01
7.857386327295331485e-01
7.885570901781757680e-01
7.913347127876306786e-01
7.940719938748438400e-01
7.967694745882502039e-01
7.994276766998100747e-01
8.020471135330573542e-01
8.046282967831112076e-01
8.071717362226821235e-01
8.096779394254289830e-01
8.121474115060146604e-01
8.145806548762222210e-01
8.169781690165140997e-01
8.193404502624249686e-01
8.216679916051974342e-01
8.239612825060830259e-01
8.262208087237490339e-01
8.284470521542414145e-01
8.306404906829759627e-01
8.328015980482365022e-01
8.349308437156843787e-01
8.370286927633859841e-01
8.390955878159059855e-01
8.411320008148681637e-01
8.431383885959319313e-01
8.451151971782699945e-01
8.470628678418924418e-01
8.489818370607262743e-01
8.508725364435576477e-01
8.527353926824403629e-01
8.545708275081925764e-01
8.563792576526145783e-01
8.581610948170805830e-01
8.599167456471582538e-01
8.616466117129419899e-01
8.633510894947749037e-01
8.650305703740712726e-01
8.666854419288086975e-01
8.683160851704376793e-01
8.699228752773933149e-01
8.715061832469170877e-01
8.730664426611797202e-01
8.746038519619336871e-01
8.761188645923664309e-01
8.776118309546565577e-01
8.790830964921613200e-01
8.805330017147576793e-01
8.819618822268380232e-01
8.833700687577704658e-01
8.847578871946539802e-01
8.861256586171937233e-01
8.874736993345417879e-01
8.888023209239479527e-01
8.901118302710759878e-01
8.914025296118502917e-01
8.926747165756975244e-01
8.939286842300629976e-01
8.951647211260806980e-01
8.963831113452875865e-01
8.975841345472732602e-01
8.987680660181673886e-01
8.999351767198661145e-01
9.010857333399108215e-01
9.022199983419320057e-01
9.033382300165774259e-01
9.044406825328498156e-01
9.055276059897819918e-01
9.065992464683805263e-01
9.076558460837762521e-01
9.086976430375198754e-01
9.097248716699674054e-01
9.107377625127021092e-01
9.117365423409427017e-01
9.127214342258929136e-01
9.136926575869857015e-01
9.146504282439853473e-01
9.155949584689062615e-01
9.165264566785248368e-01
9.174451284375866322e-01
9.183511759270900354e-01
9.192447977208383358e-01
9.201261891039773655e-01
9.209955421228572803e-01
9.218530456345289670e-01
9.226988853558535375e-01
9.235332439122043713e-01
9.243563008857424990e-01
9.251682328632508945e-01
9.259692134835098010e-01
9.267594134842013220e-01
9.275390007483284016e-01
9.283081403501395323e-01
9.290669946005475355e-01
9.298157230920329752e-01
9.305544827430261012e-01
9.312834278417583267e-01
9.320027100895796890e-01
9.327124786437344106e-01
9.334128801595927838e-01
9.341040588323351601e-01
9.347861564380842703e-01
9.354593123744858740e-01
9.361236637007345207e-01
9.367793451770451973e-01
9.374264893035695323e-01
9.380652263587583306e-01
9.386956844371689979e-01
9.393179894867226265e-01
9.399322653454090792e-01
9.405386337774445105e-01
9.411372145088834351e-01
9.417281252626877874e-01
9.423114833323682493e-01
9.428874015972045219e-01
9.434559911671752674e-01
9.440173621100435009e-01
9.445716226568389162e-01
9.451188792337424927e-01
9.456592364934580663e-01
9.461927973460768637e-01
9.467196629894396587e-01
9.472399329390012168e-01
9.477537050572027999e-01
9.482610755823573934e-01
9.487621391570547624e-01
9.492569888560894453e-01
9.497457162139198994e-01
9.502284112516624637e-01
9.507051625036274656e-01
9.511760570434026896e-01
9.516411805094894261e-01
9.521006171304990939e-01
9.525544497499137675e-01
9.530027598504189346e-01
9.534456275778129264e-01
9.538831317644997920e-01
9.543153499525713901e-01
9.547423584164851373e-01
9.551642321853420770e-01
9.555810450647737042e-01
9.559928696584404362e-01
9.563997773891501630e-01
9.568018385196016551e-01
9.571991221727592647e-01
9.575916963518630309e-01
9.579796279600834019e-01
9.583629828198223510e-01
9.587418256916693249e-01
9.591162202930173519e-01
9.594862293163428646e-01
9.598519161402079281e-01
9.602133405017377887e-01
9.605705611671517818e-01
9.609236369234811503e-01
9.612726256182801965e-01
9.616175841760371545e-01
9.619585686142879677e-01
9.622956340594386315e-01
9.626288347622991015e-01
9.629582241133356479e-01
9.632838546576459882e-01
9.636057781096615260e-01
9.639240453675821385e-01
9.642387065275479507e-01
9.645498108975530949e-01
9.648574070111055612e-01
9.651615426406381371e-01
9.654622648106742089e-01
9.657596198107538665e-01
9.660536532081237526e-01
9.663444098601954302e-01
9.666319339267759325e-01
9.669162688820756024e-01
9.671974575264955520e-01
9.674755419982017379e-01
9.677505637844855402e-01
9.680225637329186172e-01
9.682915820623029246e-01
9.685576583734220035e-01
9.688208316595949832e-01
9.690811403170388472e-01
9.693386221550411852e-01
9.695933144059480924e-01
9.698452537349686597e-01
9.700944762498027174e-01
9.703410175100919410e-01
9.705849125366988739e-01
9.708261958208178610e-01
9.710649013329196722e-01
9.713010625315338098e-01
9.715347123718710565e-01
9.717658833142894803e-01
9.719946073326073410e-01
9.722209171375024717e-01
9.724448435033132832e-01
9.726664158507649649e-01
9.728856643003014337e-01
9.731026185244566751e-01
9.733173077553223251e-01
9.735297607918792506e-01
9.737400060071970120e-01
9.739480713555044300e-01
9.741539843791313658e-01
9.743577722153269338e-01
9.745594616029539248e-01
9.747590788890634350e-01
9.749566500353515908e-01
9.751522006245004759e-01
9.753457558664043736e-01
9.755373406042864293e-01
9.757269793207041797e-01
9.759146961434488343e-01
9.761005148513384189e-01
9.762844588799083345e-01
9.764665513270002206e-01
9.766468149582514524e-01
9.768252722124867171e-01
9.770019452070142219e-01
9.771768557428279767e-01
9.773500253097177071e-01
9.775214750912878392e-01
9.776912259698891106e-01
9.778592985314618069e-01
9.780257130702937340e-01
9.781904895936951450e-01
9.783536478265905112e-01
9.785152072160303582e-01
9.786751869356226097e-01
9.788336058898883252e-01
9.789904827185388347e-01
9.791458358006794871e-01
9.792996832589400125e-01
9.794520429635317216e-01
9.796029325362350937e-01
9.797523693543174206e-01
9.799003705543823939e-01
9.800469530361533010e-01
9.801921334661896079e-01
9.803359282815404807e-01
9.804783536933339150e-01
9.806194256903050244e-01
9.807591600422621569e-01
9.808975723034949468e-01
9.810346788218504699e-01
9.811704944832141395e-01
9.813050333330471942e-01
9.814383101041294077e-01
9.815703393295150958e-01
9.817011353456129852e-01
9.818307122952137922e-01
9.819590841304665085e-01
9.820862646158030618e-01
9.822122673308147922e-01
9.823371056730784145e-01
9.824607928609355723e-01
9.825833419362240972e-01
9.827047657669639724e-01
9.828250770499977751e-01
9.829442883135860454e-01
9.830624119199599109e-01
9.831794600678298579e-01
9.832954447948533128e-01
9.834103779800599243e-01
9.835242713462373221e-01
9.836371364622756852e-01
9.837489847454747860e-01
9.838598274638109542e-01
9.839696757381677372e-01
9.840785405445285905e-01
9.841864327161333748e-01
9.842933629455996591e-01
9.843993417870080531e-01
9.845043796579537876e-01
9.846084868415645452e-01
9.847116734884842071e-01
9.848139496188249575e-01
9.849153251240867490e-01
9.850158097690455694e-01
9.851154131936108449e-01
9.852141449146519792e-01
9.853120143277959153e-01
9.854090307091949441e-01
9.855052032172652021e-01
9.856005408943983026e-01
9.856950526686441005e-01
9.857887473553659241e-01
9.858816336588709373e-01
9.859737201740114143e-01
9.860650153877628110e-01
9.861555276807747461e-01
9.862452653288975579e-01
9.863342365046846583e-01
9.864224492788704612e-01
9.865099116218246644e-01
9.865966314049834374e-01
9.866826164022580725e-01
9.867678742914204326e-01
9.868524126554670817e-01
9.869362389839614336e-01
9.870193606743546955e-01
9.871017850332861610e-01
9.871835192778620760e-01
9.872645715129290123e-01
9.873449481711653597e-01
9.874246557617057940e-01
9.875037011601465187e-01
9.875820911584702877e-01
9.876598324662139161e-01
9.877369317116176939e-01
9.878133954427558150e-01
9.878892301286503752e-01
9.879644421603672733e-01
9.880390378520955696e-01
9.881130234422093039e-01
9.881864050943142130e-01
9.882591888982765749e-01
9.883313808712376192e-01
9.884029869586115069e-01
9.884740130350679888e-01
9.885444649055006305e-01
9.886143483059788295e-01
9.886836689046867299e-01
9.887524323028470397e-01
9.888206440356303029e-01
9.888883095730515160e-01
9.889554343208517562e-01
9.890220236213673743e-01
9.890880827543854226e-01
9.891536169379866461e-01
9.892186313293749311e-01
9.892831310256950950e-01
9.893471210648376868e-01
9.894106064262320199e-01
9.894735920316273248e-01
9.895360827458614672e-01
9.895980833776193419e-01
9.896595986801787204e-01
9.897206333521461064e-01
