# ximinus_1_1
2.775196683913141599e-07
-2.663250517751906540e-07
2.612463962872094860e-07
-2.502273447909525750e-07
2.459838471851905870e-07
-2.350094642619417089e-07
2.316834766518784392e-07
-2.206088114490186931e-07
2.183018147080013615e-07
-2.069640045019915492e-07
2.058005696902517306e-07
-1.940143711328397819e-07
1.941467956816233959e-07
-1.816993928914027934e-07
1.833131353793237026e-07
-1.699580943806156205e-07
1.732781432095522065e-07
-1.587283681686817693e-07
1.640266933680242632e-07
-1.479462288860256060e-07
1.555504816990133419e-07
-1.375449889492458304e-07
1.478486259926107584e-07
-1.274543502627581402e-07
1.409283668714681609e-07
-1.175994089045443312e-07
1.348058712540923395e-07
-1.078995743111981279e-07
1.295071331419228872e-07
-9.826740842316339334e-08
1.250689601832368709e-07
-8.860740082022883024e-08
1.215400267975019050e-07
-7.881470507011854866e-08
1.189819576765680323e-07
-6.877387730322192130e-08
1.174703927885797709e-07
-5.835767912365589062e-08
1.170959601523850974e-07
-4.742602808758623716e-08
1.179650545813479428e-07
-3.582521380519851599e-08
1.202002896275232940e-07
-2.338753406222484131e-08
1.239404447921902168e-07
-9.931545477528515254e-09
1.293396891670786275e-07
4.736823502537508532e-09
1.365658103553132011e-07
2.082200354136875387e-08
1.457971263755713638e-07
3.853501496079859600e-08
1.572177184032304926e-07
5.808781785041728888e-08
1.710105916457801363e-07
7.968538704121873033e-08
1.873483745097237792e-07
1.035151404983892255e-07
2.063812198045152820e-07
1.297334381970098464e-07
2.282216991674065697e-07
1.584490447262519971e-07
2.529267167684948623e-07
1.897037514410398772e-07
2.804768472300357569e-07
2.234508153132780183e-07
3.107540545593977524e-07
2.595325239644905714e-07
3.435195055889508484e-07
2.976590543955641112e-07
3.783941458216289369e-07
3.373918349527571261e-07
4.148458179170303263e-07
3.781357735575718146e-07
4.521878533181970009e-07
4.191458039014879675e-07
4.895950264538512639e-07
4.595539429232877913e-07
5.261431689985848522e-07
4.984229944262987060e-07
5.608780726997911698e-07
5.348315887426136591e-07
5.929169095925047368e-07
5.679917205207452001e-07
6.215805795004385736e-07
5.973936974338777992e-07
6.465476322823015383e-07
6.229641378015393764e-07
6.680097350544765558e-07
6.452108365628960696e-07
6.867961502214418807e-07
6.653158133113208022e-07
7.044231307394667799e-07
6.851284753286628339e-07
7.230184510446600414e-07
7.070105989305207246e-07
7.450784624450519470e-07
7.335013834231172939e-07
7.730428133929565099e-07
7.668111714145743285e-07
8.087255005332070793e-07
8.082185284108297474e-07
8.527173140983812084e-07
8.575276849713076024e-07
9.039560983629498422e-07
9.128142265487244700e-07
9.597096155737576079e-07
9.706988072515239888e-07
1.016176531051810676e-06
1.027284740335996172e-06
1.069732829031804475e-06
1.079640380188685854e-06
1.118527740007623302e-06
1.127338533002439780e-06
1.163758909874757500e-06
1.173242274166213784e-06
1.209756834372818751e-06
1.222728721242369647e-06
1.262285651791508359e-06
1.281143563851818740e-06
1.325396608108038232e-06
1.350472634319707578e-06
1.398480515245671294e-06
1.427408107626516770e-06
1.475933440770789070e-06
1.505003768107797542e-06
1.550842038223912806e-06
1.577962830525715259e-06
1.620943811713655766e-06
1.647933756538052249e-06
1.691764841849746511e-06
1.723228451297563573e-06
1.772344314548946574e-06
1.811056986775851625e-06
1.865719054775663926e-06
1.909006558276159555e-06
1.964456693982157067e-06
2.006946999203196138e-06
2.059382691070153945e-06
2.100429596164855520e-06
2.153065598349345308e-06
2.198578042898366719e-06
2.257663266253192491e-06
2.311174940904832505e-06
2.375679635551810944e-06
2.431756571168033404e-06
2.494698015437685340e-06
2.548750438456404701e-06
2.611080273782606976e-06
2.669400059510857975e-06
2.739100881933953644e-06
2.805924965108911847e-06
2.880322033550764502e-06
2.947699206614242502e-06
3.019770221848266811e-06
3.087592860369548008e-06
3.164855926126785132e-06
3.241953719735745504e-06
3.326448382952298806e-06
3.405812731254142689e-06
3.488531425252649704e-06
3.568948270045887391e-06
3.658444694072971163e-06
3.748771167878352542e-06
3.843659589402199182e-06
3.933907696488005863e-06
4.028925054650992377e-06
4.126227439921474112e-06
4.231274270882220060e-06
4.333842844762283808e-06
4.438459216860627207e-06
4.544353151773168339e-06
4.658850529756057365e-06
4.773071272144297210e-06
4.888641890790624153e-06
5.005728657117983507e-06
5.131333867507962730e-06
5.256845422424073003e-06
5.383847565713152276e-06
5.514691381416567287e-06
5.652795116119346915e-06
5.789264967284805794e-06
5.930097231383934621e-06
6.076883735921023155e-06
6.226203912167944184e-06
6.376225814526524021e-06
6.535067007492963621e-06
6.694617302778392477e-06
6.857637039755558889e-06
7.027579001117876297e-06
7.199409486050372996e-06
7.375267553232566306e-06
7.558593329130243791e-06
7.741825945716213501e-06
7.934248798699857134e-06
8.128161179265327408e-06
8.328455758656773880e-06
8.533905243168966349e-06
8.743132082998747879e-06
8.959667712905330556e-06
9.179283835790531885e-06
9.406716479492184833e-06
9.637700582565321498e-06
9.876352663902604156e-06
1.011931688860421666e-05
1.036976290712712062e-05
1.062519895397112862e-05
1.088806791206484678e-05
1.115645942239411110e-05
1.143235958682503439e-05
1.171419929807329398e-05
1.200369691554232458e-05
1.229946879005941789e-05
1.260307663867274813e-05
1.291322850392132032e-05
1.323138923727265301e-05
1.355630153302108484e-05
1.388936253707113923e-05
1.422931255009303076e-05
1.457749194571066031e-05
1.493261194862822878e-05
1.529595575333030099e-05
1.566618387589026475e-05
1.604451444823379314e-05
1.642953785188360039e-05
1.682239416105158893e-05
1.722158505078934934e-05
1.762815617461300759e-05
1.804050246586502080e-05
1.845955707843764052e-05
1.888359125320952404e-05
1.931340775932926490e-05
1.974713966460570235e-05
2.018544407609999998e-05
2.062630612760046767e-05
2.107022767148468876e-05
2.151504398556176119e-05
2.196110154551309581e-05
2.240609558869922333e-05
2.285023093275755256e-05
2.329108872887892739e-05
2.372876427276067256e-05
2.416077106416840545e-05
2.458714948990686300e-05
2.500541565165725314e-05
2.541563451082826805e-05
2.581541979444758894e-05
2.620496453129269056e-05
2.658209664959702441e-05
2.694725872219362695e-05
2.729862165745131094e-05
2.763700395948812255e-05
2.796104337019896807e-05
2.827204430777412078e-05
2.856920487972638455e-05
2.885437996003825409e-05
2.912735941967605624e-05
2.939053444684973655e-05
2.964422319611242980e-05
2.989123059331427179e-05
3.013222105522307537e-05
3.037016820431602085e-05
3.060578165019398858e-05
3.084185308767724607e-05
3.107875497961288077e-05
3.131870209289497846e-05
3.156135176869076666e-05
3.180801119713786655e-05
3.205737652543303985e-05
3.230971951429826514e-05
3.256279854282070565e-05
3.281604605464367910e-05
3.306666176734304372e-05
3.331378999943483124e-05
3.355476357748215876e-05
3.378921302345369912e-05
3.401538141211741015e-05
3.423406637493153629e-05
3.444490030086129120e-05
3.465002581616804617e-05
3.485026837514415657e-05
3.504851719539974847e-05
3.524582532105964848e-05
3.544460408892350462e-05
3.564483002459606484e-05
3.584728576788855743e-05
3.605012360810300333e-05
3.625236865204831198e-05
3.645095955441540200e-05
3.664448603728847026e-05
3.683049673212508940e-05
3.700908971906592112e-05
3.717999500405196788e-05
3.734553285435838398e-05
3.750714088559339187e-05
3.766767416001132787e-05
3.782773812010818871e-05
3.798805429651310963e-05
3.814650866133525113e-05
3.830138039048171185e-05
3.844943999228912123e-05
3.858966126678264311e-05
3.872126086280448592e-05
3.884638845665875371e-05
3.896682431024429581e-05
3.908528422050040920e-05
3.920173775573528653e-05
3.931541165755021646e-05
3.942300668195069976e-05
3.952256544907728280e-05
3.961265532488207337e-05
3.969519823875542001e-05
3.977226476225044499e-05
3.984633698263482122e-05
3.991654169064781757e-05
3.998085882727597876e-05
4.003593326976371468e-05
4.008144334473159100e-05
4.011876921545931140e-05
4.015116507663922968e-05
4.017901040063273681e-05
4.020065584790842670e-05
4.021261181252598231e-05
4.021457947580781077e-05
4.020843379715903379e-05
4.019709750795417969e-05
4.017957954904286672e-05
4.015323946992742853e-05
4.011614950174919664e-05
4.007071505527753626e-05
4.001904113829699684e-05
3.996058474753076835e-05
3.989205922538583646e-05
3.981351631571971125e-05
3.972716919794171651e-05
3.963414137473604207e-05
3.953191726069332909e-05
3.941985827603019924e-05
3.929932598569648946e-05
3.917122795639259433e-05
3.903420456781732232e-05
3.888848441564830496e-05
3.873396471596473630e-05
3.857053808939663996e-05
3.839934659295305070e-05
3.822065129003965719e-05
3.803130552187376659e-05
3.783359148446284399e-05
3.763064633341930461e-05
3.741774188252969052e-05
3.719446475613471029e-05
3.696667738386046124e-05
3.673054926049667266e-05
3.648489097316498216e-05
3.623264622451150555e-05
3.597270813800982644e-05
3.570713643717990198e-05
3.543252297259199884e-05
3.515052773765620163e-05
3.486405709804613669e-05
3.456993122313613287e-05
3.426947247349649753e-05
3.396178218889388489e-05
3.365028656413076018e-05
3.333221454018618608e-05
3.300814147348772999e-05
3.267871488288003989e-05
3.234536968690906528e-05
3.200680691734670701e-05
3.166292779387723733e-05
3.131514647594862646e-05
3.096383759969215512e-05
3.060835562039957195e-05
3.024875360103060384e-05
2.988637958862783853e-05
2.952122465176305058e-05
2.915294443860272372e-05
2.878186257025903204e-05
2.840892410512757386e-05
2.803419036870370378e-05
2.765725829800243566e-05
2.727873213354902623e-05
2.689938629635395533e-05
2.651930718584902480e-05
2.613801383865289966e-05
2.575651448953628298e-05
2.537516987108383025e-05
2.499433173257390383e-05
2.461321301666653095e-05
2.423310227494563998e-05
2.385397885543712223e-05
2.347627433642557570e-05
2.309915703458101765e-05
2.272401240115160282e-05
2.235068530674796228e-05
2.197950537451506424e-05
2.160977697171433907e-05
2.124278887951424146e-05
2.087828004523867610e-05
2.051647883744514651e-05
2.015698313106683280e-05
1.980100358181839052e-05
1.944824273649015976e-05
1.909883383177666866e-05
1.875256387558434364e-05
1.841043892369963037e-05
1.807210741113233877e-05
1.773757963170155983e-05
1.740683939292753295e-05
1.708077215301611999e-05
1.675891773528920948e-05
1.644114467667540192e-05
1.612771036635679515e-05
1.581940066407999334e-05
1.551568537708569533e-05
1.521617045927637477e-05
1.492128564385616681e-05
1.463163112337866369e-05
1.434666407633906382e-05
1.406593622445318760e-05
1.379014954340688514e-05
1.351982325640264156e-05
1.325433905756791103e-05
1.299323791714154320e-05
1.273727105767918611e-05
1.248668479324000046e-05
1.224071340412070843e-05
1.199908168315669831e-05
1.176266542387524051e-05
1.153149532067745400e-05
1.130474117082636153e-05
1.108235612311603436e-05
1.086518173419212802e-05
1.065301189639371559e-05
1.044502924355991783e-05
1.024140249394457847e-05
1.004284990133035500e-05
9.848903870041482284e-06
9.658649880107408691e-06
9.472637562796165485e-06
9.291715087998549886e-06
9.115174108671338072e-06
8.941894691912517280e-06
8.772691674709124084e-06
8.608229288498824857e-06
8.447764568055721258e-06
8.290066534689880792e-06
8.136352799865144336e-06
7.987131748183038435e-06
7.841555542628958706e-06
7.698385870334081279e-06
7.559017675938084565e-06
7.423681068087911965e-06
7.291444656201992341e-06
7.161398228442934368e-06
7.035089556343918680e-06
6.912346847431706519e-06
6.792151195149880835e-06
6.674028724655818202e-06
6.559463523780768259e-06
6.447881949259795361e-06
6.338393254443238411e-06
6.230906986208479862e-06
6.126694361372465284e-06
6.025043512140965121e-06
5.924965502526328940e-06
5.826696985078503032e-06
5.731561543386199000e-06
5.638553920751382838e-06
5.546610709404592234e-06
5.456422364873649467e-06
5.369010047548160221e-06
5.283484189296933787e-06
5.198526250658831973e-06
5.115331928912159357e-06
5.034551539237221435e-06
4.955346689141500321e-06
4.876432600831764443e-06
4.799292443780912448e-06
4.724199490962735180e-06
4.650298984546962094e-06
4.576600112533900883e-06
4.504644489525410256e-06
4.434349543863573683e-06
4.364860331237877040e-06
4.295583332214040248e-06
4.227986423017085069e-06
4.161635117751141522e-06
4.095820388094880054e-06
4.030337778216422645e-06
3.966361966467908769e-06
3.903395795487341960e-06
3.840731274670767162e-06
3.778468463065276979e-06
3.717648082304386714e-06
3.657615234944431070e-06
3.597634905284557715e-06
3.538162232400265488e-06
3.479908948396356130e-06
3.422390488398054087e-06
3.364702813247860144e-06
3.307708348538163978e-06
3.251745275736307262e-06
3.196504947396159071e-06
3.141041645170887897e-06
3.086404282455372825e-06
3.032622734876446244e-06
2.979458337738974812e-06
2.926111009353614493e-06
2.873650863803078992e-06
2.821867629265021605e-06
2.770519364269495316e-06
2.719019365076037702e-06
2.668271787028583313e-06
2.617886844007713173e-06
2.567682347227127244e-06
2.517339126860602700e-06
2.467570371024281134e-06
2.418011195204588134e-06
2.368551314135216388e-06
2.319081380334489249e-06
2.270172552314775494e-06
2.221568109729219429e-06
2.173184757872999887e-06
2.125100462643170724e-06
2.077691434873885671e-06
2.030819090738132572e-06
1.984327021859496483e-06
1.938467009520673928e-06
1.893349548648406790e-06
1.848988397936734104e-06
1.805131536461587989e-06
1.762101500470410095e-06
1.719815746721568923e-06
1.678356778259004690e-06
1.637474094498335356e-06
1.597454078198222462e-06
1.558136732040172237e-06
1.519621457673473186e-06
1.481706710882154032e-06
1.444583631738643354e-06
1.408087714728251423e-06
1.372330798578615926e-06
1.337174656308225605e-06
1.302706622991368974e-06
1.268802967323128771e-06
1.235559825013107340e-06
1.202885914438348121e-06
1.170795652200086737e-06
1.139234833082134958e-06
1.108285555868614979e-06
1.077868970818468004e-06
1.047924408730581142e-06
1.018502809375472335e-06
9.896709726712623604e-07
9.613589236141198356e-07
9.334490176569955651e-07
9.060475406819419512e-07
8.792272419450850738e-07
8.529278901308067396e-07
8.270078149904564336e-07
8.015940548593352622e-07
7.767433983665535049e-07
7.523919663032924956e-07
7.284325921704069859e-07
7.049932070658820655e-07
6.821040669655011250e-07
6.596688881048850390e-07
6.376522922837107194e-07
6.161856942501009942e-07
5.952539640530518104e-07
5.747352531118126461e-07
5.546559831819429467e-07
5.351279587882203319e-07
5.161226004567960278e-07
4.975284118234576268e-07
4.793600137069788220e-07
4.617176406597608944e-07
4.445955449425115927e-07
4.278763785656630356e-07
4.115720196491041021e-07
3.957639867224861739e-07
3.804332990788118914e-07
3.655101315979672972e-07
3.509997905666679921e-07
3.369587815844177335e-07
3.233131939147214048e-07
3.100866002590962554e-07
2.972611342695658404e-07
2.848616637676856223e-07
2.727996645370297475e-07
2.611470606639242318e-07
2.498621785191665060e-07
2.389593694546707203e-07
2.283683462864361637e-07
2.181402433202262068e-07
2.082300906635766898e-07
1.986748627236713331e-07
1.894067807367747935e-07
1.804406308805341347e-07
1.717555606108029872e-07
1.633995020520971989e-07
1.552950607885958476e-07
1.474370172256269529e-07
1.398324452151115912e-07
1.325117167285879539e-07
1.254272204513000603e-07
1.185563622673224823e-07
1.118980964265751672e-07
1.054713095964094121e-07
9.928739989184784492e-08
9.330781842911561852e-08
8.748532367495027560e-08
8.186353034134444432e-08
7.649451249995188076e-08
7.132840487112239050e-08
6.627544076072048598e-08
6.142193154183851285e-08
5.683542690088084592e-08
5.244459877552047843e-08
4.815835526558026953e-08
4.409343190608177617e-08
4.030739215582577017e-08
3.670530173749076550e-08
3.323437703636087722e-08
3.002090714410363885e-08
2.708700697376246810e-08
2.433853010281468836e-08
2.176293604407140599e-08
1.946874977052992066e-08
1.743395811188846213e-08
1.559273576471730701e-08
1.394517843834940255e-08
1.257075887332844601e-08
1.141746785803834102e-08
1.043470016835916617e-08
9.616940274200069786e-09
9.021952662113628563e-09
8.572224820649296211e-09
8.215223088260557874e-09
7.953885915828658188e-09
7.802315218760192131e-09
7.698031584371729925e-09
7.566666378183115046e-09
7.439935103578915149e-09
7.302032555912093359e-09
7.119661644882096144e-09
6.823260491821999076e-09
6.479078503899036444e-09
6.075769259668704250e-09
5.610578790666103383e-09
5.049028254333240385e-09
4.488338501980494314e-09
3.933100221224868105e-09
3.395266786958562324e-09
2.872311563000994203e-09
2.457162375315335471e-09
2.141893264278608654e-09
1.914995063241588080e-09
1.765328998054558296e-09
1.736161603378975751e-09
1.779281621952481524e-09
1.835456024392525757e-09
1.879752039849938514e-09
1.930473128399471212e-09
1.930038793956265772e-09
1.828110722137522497e-09
1.651521536664205516e-09
1.454145365311637938e-09
1.234731517591370911e-09
9.832440555615257462e-10
7.774474284121443714e-10
6.680449106740212510e-10
6.393419503539781788e-10
6.384463408986266157e-10
6.917974677587030824e-10
7.742754432639835516e-10
8.239660795003376329e-10
7.802472200365038858e-10
6.934088639378615233e-10
5.793351165841674446e-10
4.501088428315738729e-10
3.239306106642964097e-10
2.789496143929806881e-10
3.048409318504817268e-10
3.606612967285045282e-10
3.968821482899562758e-10
4.148708398290699035e-10
3.805950731282614904e-10
2.945963766974856955e-10
1.947094469399392328e-10
1.527890058372864693e-10
1.675262747882036003e-10
2.062257552176039806e-10
2.350338134064297259e-10
2.372530323680566765e-10
1.953462482707933239e-10
1.229096676544797896e-10
8.371073159654092132e-11
1.024179127278164108e-10
1.493124491114486396e-10
1.558118366716900472e-10
1.254252695949132106e-10
7.931761907747679212e-11
6.244054733765312799e-11
7.163318209986121533e-11
1.011534145098173780e-10
1.003362049280950887e-10
6.869670982277150668e-11
3.502239873545743052e-11
4.946316776652804230e-11
7.510290054506431680e-11
6.992478906421359918e-11
3.382002526988927926e-11
2.766263024705732373e-11
4.913412587894386188e-11
5.562835975567228535e-11
2.920120135508908370e-11
2.006371831746266230e-11
3.726086567199548500e-11
4.012826644583581183e-11
1.880194980924938190e-11
1.826282372545351556e-11
3.279360681475430287e-11
2.305781307747531944e-11
1.175975558365005409e-11
2.239619587674677631e-11
2.255843453026383272e-11
8.769379636678758420e-12
1.784194206322232192e-11
1.718575521197357803e-11
8.220851048693518562e-12
1.448420368143575165e-11
1.296593042539018904e-11
6.353934748893513537e-12
1.424261275029822931e-11
6.068324470292388608e-12
9.667055604793693093e-12
8.235743974710931149e-12
6.140852790212082108e-12
8.309268751576605722e-12
4.974844180859311878e-12
7.040270983192542601e-12
4.650643865761045940e-12
5.734391286600654847e-12
4.318170434401211200e-12
4.752101275915157658e-12
3.877224189032569691e-12
4.024254434941729163e-12
3.410194563496019808e-12
3.449290943067671392e-12
2.972372099342026075e-12
2.971724329695539070e-12
2.581535136520392320e-12
2.565637621226028243e-12
2.238711461490522893e-12
2.217227375482462315e-12
1.939867023131819243e-12
1.917272052965532909e-12
1.680018751943180171e-12
1.658616595660485209e-12
1.454380274611778719e-12
1.435356425824488046e-12
1.258621332577487865e-12
1.242512774635806987e-12
1.088896836929131809e-12
1.075851838583781041e-12
9.418195416135650010e-13
9.317571450992140014e-13
8.144192681779099524e-13
8.071301740986819266e-13
7.040998305084727709e-13
6.993101677113027541e-13
6.085972306523989326e-13
6.060083251915764254e-13
5.259405872651604902e-13
5.252531869993067581e-13
4.544164295319756613e-13
4.553448984606034079e-13
3.925365535294995903e-13
3.948166329203593768e-13
3.390093865024134021e-13
3.424018680826580594e-13
2.927146641607000189e-13
2.970065044315900543e-13
2.526811558516604836e-13
2.576850283418958475e-13
2.180671457237398206e-13
2.236200799640384401e-13
1.881433768539493183e-13
1.941049045305420546e-13
1.622781785980296498e-13
1.685282569823352403e-13
1.399245180123953706e-13
1.463614014685733190e-13
1.206087398704963809e-13
1.271469045753078223e-13
1.039207840601470828e-13
1.104889677361955487e-13
8.950569261624672393e-14
9.604508257516258209e-14
7.705624053849503037e-14
8.351882478988329797e-14
6.630654457983241835e-14
7.265362889212279926e-14
5.702652224037154004e-14
6.322740864218457544e-14
4.901708928109289662e-14
5.504790710402904484e-14
4.210599834831927757e-14
4.794867651969364922e-14
3.614423385747240378e-14
4.178560208080908812e-14
3.100288931243258760e-14
3.643389554911122814e-14
2.657046289609909793e-14
3.178549489376949100e-14
2.275051559713703401e-14
2.774681485284847816e-14
1.945964349999320728e-14
2.423680087397863847e-14
1.662572225444457436e-14
2.118524536817845558e-14
1.418638732405128457e-14
1.853133080658235437e-14
1.208771844764113807e-14
1.622236900883930511e-14
1.028310094880953792e-14
1.421271013223355211e-14
8.732240188837122822e-15
1.246279846236409541e-14
7.400308614596037736e-15
1.093835520380625524e-14
6.257207605390603099e-15
9.609671152248686274e-15
5.276928703570271430e-15
8.450994440926172083e-15
4.437000874861971387e-15
7.440000556291652547e-15
3.718012241192880192e-15
6.557333541410326860e-15
3.103196268266183815e-15
5.786208811308224858e-15
2.578073744638626978e-15
5.112069283885053568e-15
2.130143042013505321e-15
4.522287657214648101e-15
1.748612165547991333e-15
4.005908628006042731e-15
1.424166961125701535e-15
3.553425677556062202e-15
1.148770620277999923e-15
3.156587782607191887e-15
9.154902586522350529e-16
2.808232029376858958e-15
7.183469281902486462e-16
2.502138648153988878e-15
5.521859008844991020e-16
2.232905461308845531e-15
4.125644928596171060e-16
1.995839134053072534e-15
2.956550641991307160e-16
1.786860976220378698e-15
1.981611476753754789e-16
1.602425338979600865e-15
1.172449347170908204e-16
1.439448919419302673e-15
5.046458773059013573e-17
1.295249508434538452e-15
-4.279950816162772651e-18
1.167492916885242898e-15
-4.879379606047288943e-17
1.054146982254939701e-15
-8.462760171451246797e-17
9.534417092703766869e-16
-1.131125414596332172e-16
8.638347213359159405e-16
-1.353905340663506712e-16
7.839813117723164722e-16
-1.524403564744250633e-16
7.127084804723852693e-16
-1.651002011992979117e-16
6.489924209842869740e-16
-1.740871573929724837e-16
5.919389980553448574e-16
-1.800140352396220995e-16
5.407668158438586021e-16
-1.834038904922513219e-16
4.947925294000515971e-16
-1.847025631121906794e-16
4.534181014151954869e-16
-1.842894987586720706e-16
4.161197443432339931e-16
-1.824870856346547358e-16
3.824383219219713564e-16
-1.795687091331701661e-16
3.519710175574570215e-16
-1.757656981357472240e-16
3.243640990676397351e-16
-1.712733135347728017e-16
2.993066349583904870e-16
-1.662559105206180832e-16
2.765250356378164607e-16
-1.608513852295909039e-16
2.557783089406961249e-16
-1.551750054265618185e-16
2.368539370263295779e-16
-1.493227078924750235e-16
2.195642902628142652e-16
-1.433739364711211451e-16
2.037435081776953591e-16
-1.373940824453899005e-16
1.892447857166931198e-16
-1.314365830675418821e-16
1.759380103587033057e-16
-1.255447241336831618e-16
1.637077045886244659e-16
-1.197531881645045185e-16
1.524512335232322120e-16
-1.140893821101612689e-16
1.420772420502695467e-16
-1.085745761732705162e-16
1.325042920355588074e-16
-1.032248792785344406e-16
1.236596732035649072e-16
-9.805207360575367203e-17
1.154783648200523261e-16
-9.306432839768822362e-17
1.079021284806288987e-16
-8.826680931612330238e-17
1.008787150292376469e-16
-8.366219800549263762e-17
9.436117082514168353e-17
-7.925113492551486459e-17
8.830723033903719944e-17
-7.503259547174886411e-17
8.267878376435756828e-17
-7.100420934213164341e-17
7.744141042724367631e-17
-6.716253120571226760e-17
7.256396908425120259e-17
-6.350326909850547247e-17
6.801823795919397625e-17
-6.002147722282748874e-17
6.377859846974656691e-17
-5.671171770592826889e-17
5.982175648345928835e-17
-5.356819628308490535e-17
5.612649674730101012e-17
-5.058487536922047131e-17
5.267346657322516724e-17
-4.775556785768590485e-17
4.944498430411054134e-17
-4.507401472255201392e-17
4.642487016454648957e-17
-4.253394858585479843e-17
4.359829659990976318e-17
-4.012914546093650955e-17
4.095165528907360083e-17
-3.785346648729586799e-17
3.847243933008172787e-17
-3.570089113447075276e-17
3.614913832415859804e-17
-3.366554323852672473e-17
3.397114500854649191e-17
-3.174171105559593410e-17
3.192867210034548915e-17
-2.992386208535975887e-17
3.001267778451105322e-17
-2.820665387960942625e-17
2.821479937423471749e-17
-2.658494106812445719e-17
2.652729361240401838e-17
-2.505377967829977614e-17
2.494298322214766316e-17
-2.360842885068201468e-17
2.345520893095355802e-17
-2.224435067606599674e-17
2.205778614972864453e-17
-2.095720838915750335e-17
2.074496597380857592e-17
-1.974286329881657380e-17
1.951140002536405907e-17
-1.859737060696922356e-17
1.835210857423583798e-17
-1.751697449614775590e-17
1.726245169064555282e-17
-1.649810255037707302e-17
1.623810309207430717e-17
-1.553735971298021011e-17
1.527502638839237760e-17
-1.463152192242560909e-17
1.436945348372525492e-17
-1.377752951071126538e-17
1.351786489191617949e-17
-1.297248037709361784e-17
1.271697183448223486e-17
-1.221362324255666987e-17
1.196369991870420340e-17
-1.149835070844374676e-17
1.125517421117102351e-17
-1.082419242423655332e-17
1.058870569399937873e-17
-1.018880828810832214e-17
9.961778865371603419e-18
-9.589981667836297053e-18
9.372040461835929533e-18
-9.025612725863804020e-18
8.817289276395653664e-18
-8.493711796336498344e-18
8.295466853015243208e-18
-7.992392820691137668e-18
7.804649136102674276e-18
-7.519866832708267978e-18
7.343039047278680043e-18
-7.074435433603408288e-18
6.908959833988868861e-18
-6.654484269635759327e-18
6.500849303137992151e-18
-6.258476442054419587e-18
6.117254895748852245e-18
-5.884945792615732680e-18
5.756829561652087747e-18
-5.532490004952157435e-18
