# xiplus_1_1
7.117150530296839682e-04
7.111882286472454191e-04
7.116725125630839893e-04
7.111749617932562216e-04
7.116282788137266203e-04
7.111580976107266137e-04
7.115820635580182149e-04
7.111374429713449670e-04
7.115335633778310191e-04
7.111127830816039736e-04
7.114824587108731484e-04
7.110838809442189892e-04
7.114284130307673088e-04
7.110504769506071189e-04
7.113710722002239114e-04
7.110122886504746317e-04
7.113100640501057595e-04
7.109690107575450174e-04
7.112449982422586929e-04
7.109203154570115091e-04
7.111754664887915854e-04
7.108658530893072897e-04
7.111010432053841562e-04
7.108052532976960863e-04
7.110212866881169798e-04
7.107381267321663575e-04
7.109357409119992834e-04
7.106640674123831415e-04
7.108439380535226193e-04
7.105826558555331527e-04
7.107454018449922174e-04
7.104934630767043447e-04
7.106396518647125965e-04
7.103960555626234784e-04
7.105262088568035494e-04
7.102900013057153331e-04
7.104046011557746659e-04
7.101748769570508622e-04
7.102743722547001518e-04
7.100502761146444339e-04
7.101350895024543608e-04
7.099158186991169454e-04
7.099863538409258677e-04
7.097711612772638875e-04
7.098278103866552478e-04
7.096160080766954984e-04
7.096591595246167861e-04
7.094501222758494178e-04
7.094801680086279148e-04
7.092733369623448105e-04
7.092906793469460009e-04
7.090855649209103218e-04
7.090906225083930346e-04
7.088868061482401107e-04
7.088800177039591239e-04
7.086771517109270290e-04
7.086589777205185101e-04
7.084567822863001860e-04
7.084277030200315925e-04
7.082259594949196499e-04
7.081864686349858239e-04
7.079850080098420897e-04
7.079356008442101375e-04
7.077342864890992730e-04
7.076754418107865808e-04
7.074741457338429990e-04
7.074063009078552155e-04
7.072048732443879469e-04
7.071283924890561312e-04
7.069266246676426729e-04
7.068417614972134213e-04
7.066393446055677227e-04
7.065462006395189501e-04
7.063426819498765542e-04
7.062411658907464824e-04
7.060359082377143511e-04
7.059257006519018820e-04
7.057178512235859954e-04
7.055983825748312873e-04
7.053868593382891248e-04
7.052573100950197986e-04
7.050408149935523394e-04
7.049001469037994043e-04
7.046772143854240344e-04
7.045242403545805233e-04
7.042933268179423249e-04
7.041268223190349281e-04
7.038864358421317293e-04
7.037052867260427556e-04
7.034541465136401458e-04
7.032575164041072937e-04
7.029947182501314340e-04
7.027822046337648971e-04
7.025073544778773910e-04
7.022790893309319637e-04
7.019923560724448822e-04
7.017489999982702564e-04
7.014510378369825331e-04
7.011936238082675400e-04
7.008853314882837037e-04
7.006149430243540374e-04
7.002970687046130779e-04
7.000143911947997490e-04
6.996870565098548987e-04
6.993919126957682999e-04
6.990542035727739323e-04
6.987452517192750548e-04
6.983950740855578761e-04
6.980698688270118007e-04
6.977042469615957589e-04
6.973597890843219070e-04
6.969756494339066771e-04
6.966093534177198376e-04
6.962045851274137158e-04
6.958153083537415391e-04
6.953896082893456848e-04
6.949781520293844828e-04
6.945330359497481690e-04
6.941015698841251609e-04
6.936391910206301040e-04
6.931895553622199500e-04
6.927106989346603922e-04
6.922424152850987665e-04
6.917449244823543810e-04
6.912544455381485625e-04
6.907336155640060333e-04
6.902159936989913551e-04
6.896673607366252861e-04
6.891196784571489414e-04
6.885423221202232854e-04
6.879659474630724254e-04
6.873628627761753287e-04
6.867614766773931208e-04
6.861354313937682988e-04
6.855096550196989073e-04
6.848581770025140942e-04
6.842027561224762284e-04
6.835189505954259804e-04
6.828275417126633334e-04
6.821076202026153321e-04
6.813803713496918669e-04
6.806279520382450604e-04
6.798699753307028580e-04
6.790884651833421510e-04
6.782989290971319423e-04
6.774825065925123811e-04
6.766527706785475894e-04
6.757939051315340132e-04
6.749214250832125377e-04
6.740234764770128414e-04
6.731146656195377250e-04
6.721815716104372540e-04
6.712336885177063112e-04
6.702563736012634660e-04
6.692596432037101932e-04
6.682343302939910230e-04
6.671931888761669380e-04
6.661272571732621516e-04
6.650434712936501925e-04
6.639291755783327488e-04
6.627912576672249359e-04
6.616236480084759439e-04
6.604370194886697307e-04
6.592236344198685411e-04
6.579864467322673336e-04
6.567156106050083854e-04
6.554191120750411633e-04
6.540944917080884465e-04
6.527469309719689501e-04
6.513660331755103099e-04
6.499548442357147614e-04
6.485120575326946057e-04
6.470446949010013726e-04
6.455439307723452071e-04
6.440100568571767176e-04
6.424425119629911113e-04
6.408480192920960926e-04
6.392179277648115656e-04
6.375524582023498659e-04
6.358534098197304776e-04
6.341240860852746667e-04
6.323550761647736248e-04
6.305510831195603079e-04
6.287137447842542715e-04
6.268391834985928600e-04
6.249245265860306486e-04
6.229775354731986953e-04
6.209900053627797484e-04
6.189634548381611019e-04
6.169013220365111676e-04
6.147981138831073219e-04
6.126550782792009736e-04
6.104756860452722122e-04
6.082517022105387141e-04
6.059918901043635396e-04
6.036885862545229115e-04
6.013457448466614369e-04
5.989624188763320329e-04
5.965364154508380609e-04
5.940714054669588885e-04
5.915626788410159641e-04
5.890149444893163014e-04
5.864237394778769145e-04
5.837930998480896343e-04
5.811196662005283951e-04
5.784065720093811095e-04
5.756514673551714305e-04
5.728568587027598911e-04
5.700211105692052499e-04
5.671464017099069098e-04
5.642315766124284850e-04
5.612786934257615965e-04
5.582869329366509613e-04
5.552583576013842568e-04
5.521924039735433797e-04
5.490912102982906410e-04
5.459544238193113222e-04
5.427842973243938779e-04
5.395806609757614362e-04
5.363458996365669858e-04
5.330800050239421035e-04
5.297854959769695204e-04
5.264625041137307960e-04
5.231136708328548322e-04
5.197392413053319093e-04
5.163419554066900905e-04
5.129221377706479372e-04
5.094825899596220741e-04
5.060236722009901593e-04
5.025481981872804028e-04
4.990565090770840906e-04
4.955513688585168634e-04
4.920330344086811013e-04
4.885041474857395065e-04
4.849648068007403117e-04
4.814174519018322952e-04
4.778619447345132192e-04
4.743004406050315000e-04
4.707324878218747651e-04
4.671598813180834848e-04
4.635817897755654406e-04
4.599995881144400126e-04
4.564120219858833899e-04
4.528200159492855033e-04
4.492218852582018410e-04
4.456181168521528469e-04
4.420066377451217364e-04
4.383875656321959639e-04
4.347585416608345534e-04
4.311194461736435942e-04
4.274678009637308384e-04
4.238034432233258740e-04
4.201239984731386986e-04
4.164295021921123378e-04
4.127179397188211491e-04
4.089898007773970934e-04
4.052436775698700666e-04
4.014807336016821258e-04
3.977003474034789400e-04
3.939044755208390017e-04
3.900933289530179762e-04
3.862696132174543652e-04
3.824342300006252260e-04
3.785903869185858672e-04
3.747393295455763384e-04
3.708843303826475451e-04
3.670264754439243621e-04
3.631685632088611435e-04
3.593109902327294193e-04
3.554556089451607528e-04
3.516017683558802739e-04
3.477501825936038884e-04
3.438991729041754558e-04
3.400485747019790610e-04
3.361961865246863531e-04
3.323416885310458125e-04
3.284832378183064625e-04
3.246213017417083689e-04
3.207552756133681617e-04
3.168870908018466361e-04
3.130177203507606646e-04
3.091504572389924431e-04
3.052872611298540202e-04
3.014317412241760666e-04
2.975854734881856214e-04
2.937509092566117463e-04
2.899279495123606009e-04
2.861170823910819789e-04
2.823164639484694984e-04
2.785254053503663984e-04
2.747418863244290022e-04
2.709660971762398543e-04
2.671978961594075833e-04
2.634398243860096756e-04
2.596939885235570325e-04
2.559642816244442690e-04
2.522528261751068529e-04
2.485619917188313581e-04
2.448913329383218878e-04
2.412404056358407678e-04
2.376068732920673377e-04
2.339901047420351416e-04
2.303895803269210456e-04
2.268077535513210452e-04
2.232471680279010402e-04
2.197117147557138821e-04
2.162029360307303569e-04
2.127215527545398379e-04
2.092654656148496646e-04
2.058333361528625640e-04
2.024240517634475986e-04
1.990398134335674685e-04
1.956834304408481564e-04
1.923585572137947758e-04
1.890657705478847826e-04
1.858041926133183598e-04
1.825711245884714272e-04
1.793664399470233412e-04
1.761918463188356715e-04
1.730513516407914299e-04
1.699465546519981335e-04
1.668768792684144180e-04
1.638394226151402178e-04
1.608339887324534512e-04
1.578627365728903686e-04
1.549293397171282280e-04
1.520338389193854700e-04
1.491741951223975605e-04
1.463485946522658258e-04
1.435595241353817967e-04
1.408097011365467568e-04
1.380993405531935083e-04
1.354255107507278154e-04
1.327881687430492678e-04
1.301896955201356358e-04
1.276317204397091766e-04
1.251120865847482459e-04
1.226300670713352308e-04
1.201870241352916044e-04
1.177840768725001012e-04
1.154200000924546926e-04
1.130949515154567702e-04
1.108087958536053215e-04
1.085612706945075464e-04
1.063534286857894926e-04
1.041856089913912708e-04
1.020543741150413099e-04
9.996142792522237088e-05
9.791004357711174336e-05
9.589541491540031209e-05
9.391622356686537860e-05
9.197812225000682237e-05
9.007732330003802507e-05
8.821182674247577532e-05
8.638410468275336976e-05
8.459261558883144824e-05
8.283903317707604704e-05
8.111948007051287732e-05
7.943461460999398725e-05
7.778708766709694928e-05
7.617315771946711568e-05
7.459342618114317371e-05
7.304617972950122498e-05
7.153426918710156074e-05
7.005442063000522296e-05
6.860627010359491315e-05
6.718970376509266688e-05
6.580547497746501743e-05
6.445165703459910102e-05
6.312717839486319297e-05
6.183265045348130596e-05
6.056773135093883938e-05
5.933100814032485180e-05
5.812157714963883919e-05
5.693996063660805302e-05
5.578540648575251010e-05
5.465671936072488446e-05
5.355330417740909786e-05
5.247526449369314353e-05
5.142190067281215092e-05
5.039192141461210946e-05
4.938502508108212456e-05
4.840115686352975381e-05
4.743966026196945181e-05
4.649916217229316218e-05
4.557982384500501805e-05
4.468123000594164860e-05
4.380303585872415302e-05
4.294361823691158749e-05
4.210346924892843746e-05
4.128186064845162847e-05
4.047854403920650136e-05
3.969190591458696788e-05
3.892257678706619267e-05
3.816976608493319507e-05
3.743314811732314043e-05
3.671130473925669828e-05
3.600482288240592889e-05
3.531286139710837019e-05
3.463501128381520056e-05
3.397020848111513146e-05
3.331904235124436882e-05
3.268071906017648570e-05
3.205479938114359019e-05
3.144050270664583912e-05
3.083830924713798694e-05
3.024745074547469085e-05
2.966742688526150017e-05
2.909773506991309997e-05
2.853883132337645411e-05
2.798992002577042770e-05
2.745041262859257607e-05
2.692015796471299228e-05
2.639961679604452258e-05
2.588801673256867957e-05
2.538456889483943596e-05
2.488935142084752216e-05
2.440270782986178198e-05
2.392389494809728307e-05
2.345211304781448221e-05
2.298777434329093310e-05
2.253124146385803136e-05
2.208176953600712576e-05
2.163862734182288043e-05
2.120235930239886319e-05
2.077313155506865669e-05
2.035007060214331974e-05
1.993266324119632332e-05
1.952164451393676296e-05
1.911703214124563162e-05
1.871791170039231904e-05
1.832405325836845519e-05
1.793623331478714331e-05
1.755428632796051234e-05
1.717732961933823786e-05
1.680540675159565442e-05
1.643923649535256054e-05
1.607842429684469611e-05
1.572197191677601069e-05
1.537032135842990798e-05
1.502439392998523060e-05
1.468362350270065827e-05
1.434681374931101548e-05
1.401469915156034431e-05
1.368805128337199385e-05
1.336627996035873071e-05
1.304806780388857128e-05
1.273457036940792047e-05
1.242646025835171941e-05
1.212305648185444705e-05
1.182304468338077997e-05
1.152778064786683465e-05
1.123768498617643565e-05
1.095195742320639371e-05
1.066961231577675566e-05
1.039220691467081165e-05
1.011979272493140034e-05
9.851436984554050750e-06
9.586598955542870572e-06
9.326818538158845271e-06
9.071743981919885494e-06
8.820518015913594807e-06
8.573007221837769537e-06
8.330567168430606808e-06
8.092705485367783323e-06
7.858426282437380131e-06
7.627911411902606196e-06
7.402594877332868719e-06
7.181699741110185441e-06
6.964098168803625978e-06
6.750431653174322912e-06
6.541839044262642424e-06
6.337650572410630733e-06
6.136452022146942697e-06
5.939382304987019135e-06
5.747230477015843033e-06
5.559338952736933196e-06
5.374313455932433925e-06
5.193585354404031058e-06
5.017584296311458072e-06
4.845576927998165310e-06
4.676457136770107508e-06
4.511731500426116716e-06
4.351475120360411810e-06
4.194886776988221219e-06
4.041254720513501683e-06
3.892032004337204466e-06
3.746925921746358398e-06
3.605214404713038226e-06
3.466594270901537981e-06
3.332235596854526646e-06
3.201764143332453277e-06
3.074418368843963174e-06
2.950203758295254947e-06
2.830170756797740957e-06
2.713779063445101978e-06
2.600191443041849448e-06
2.489775506038774787e-06
2.383247861345983080e-06
2.280221202044569853e-06
2.179665866604377193e-06
2.082359237698649297e-06
1.988658822541656853e-06
1.898327813386018418e-06
1.810301547049619671e-06
1.725550583131788626e-06
1.644138349265535244e-06
1.565858826929575087e-06
1.489801344430380105e-06
1.416966143020650716e-06
1.347180656997808750e-06
1.280187228042695206e-06
1.215286191581224504e-06
1.153299334438148495e-06
1.093835281049480264e-06
1.036621958205154116e-06
9.812061362728391015e-07
9.281894051611610025e-07
8.771625675060459595e-07
8.278799840018341114e-07
7.800934686742548222e-07
7.342536167415942744e-07
6.900515359796068628e-07
6.472675961008176860e-07
6.058725896450298629e-07
5.661481331228523627e-07
5.279255863399297989e-07
4.909391404011685992e-07
4.553764499280988988e-07
4.212908534929369181e-07
3.886864941877857312e-07
3.572417931266207125e-07
3.272448360113365604e-07
2.985869002239462006e-07
2.713449692553922578e-07
2.452286227199087705e-07
2.205037050753122824e-07
1.969989624298536272e-07
1.748041626588269778e-07
1.536950321467960089e-07
1.338442283623708300e-07
1.150753308369734606e-07
9.748213458331161680e-08
8.091246475171351648e-08
6.543207138944404989e-08
5.089966164151412749e-08
3.738602612962271229e-08
2.478584484519394373e-08
1.308467826733661232e-08
2.204323811512823083e-09
-7.800355739748450016e-09
-1.702275685118481948e-08
-2.556259286198447934e-08
-3.340044289214642818e-08
-4.049307484123422699e-08
-4.692413670644505987e-08
-5.285333769927064538e-08
-5.821203779685106986e-08
-6.294753541903193339e-08
-6.713151779425451300e-08
-7.094465875989005984e-08
-7.429748884342047438e-08
-7.714913129739294707e-08
-7.957678158245706920e-08
-8.172226844804162594e-08
-8.348875728107163705e-08
-8.485553990686952277e-08
-8.593503474512155532e-08
-8.679465431244171422e-08
-8.732232168227265687e-08
-8.753513294769258086e-08
-8.757235548364140234e-08
-8.743609596414814638e-08
-8.702423769382287021e-08
-8.636327272508415585e-08
-8.557648913915280778e-08
-8.467245255780882645e-08
-8.355768581478690094e-08
-8.223205744629817886e-08
-8.081758259167552439e-08
-7.932082013611894394e-08
-7.766201955450306502e-08
-7.585552210350012142e-08
-7.397133634672316531e-08
-7.201454608950686574e-08
-6.992368335205694884e-08
-6.777229882908346083e-08
-6.553692215255306382e-08
-6.323554522081783831e-08
-6.083664491477360957e-08
-5.843034864370106652e-08
-5.594464066809297558e-08
-5.341566096242362112e-08
-5.082431037983826538e-08
-4.824042260690057846e-08
-4.561291342670530280e-08
-4.298319292709871358e-08
-4.031119928602319052e-08
-3.766083435767993343e-08
-3.502011578945390291e-08
-3.240964625505268812e-08
-2.977864388071123882e-08
-2.719973612356880653e-08
-2.468538081094525847e-08
-2.223055880137299805e-08
-1.980444296050331899e-08
-1.745125285641280762e-08
-1.520034106218497011e-08
-1.305783300356291992e-08
-1.100994749439808354e-08
-9.043581060746458618e-09
-7.198454784770176768e-09
-5.530847416412584548e-09
-4.008016662242295138e-09
-2.575401690332604671e-09
-1.278646304158300202e-09
-2.188653541869198215e-10
6.769997210271093732e-10
1.484188999198689370e-09
2.139382470529378377e-09
2.541224628860586609e-09
2.797631043002169797e-09
2.981914674524296221e-09
3.010291544959345427e-09
2.824801455635035215e-09
2.554737004392794843e-09
2.246981911697762212e-09
1.823370883706517197e-09
1.276533409294040253e-09
7.325356832187169522e-10
2.012245629107276261e-10
-3.615600111722783309e-10
-9.385878208759813428e-10
-1.422576735751646094e-09
-1.829374590675457114e-09
-2.185412943728271425e-09
-2.473831626637958262e-09
-2.607951326365625026e-09
-2.631734203436945438e-09
-2.581427825115478939e-09
-2.436686659682814905e-09
-2.165986831691727482e-09
-1.812540005315931657e-09
-1.451141215339082788e-09
-1.049704110921896423e-09
-6.246513102384956638e-10
-2.110632053148862313e-10
1.037265185824115942e-10
3.699316767527956662e-10
5.639587397206656112e-10
6.697772776551747999e-10
6.318874585869599645e-10
5.329041560689495733e-10
3.734384296407691506e-10
1.618442387505280445e-10
-1.081558493218987757e-10
-3.379978892325070144e-10
-5.185302358513873084e-10
-6.473750587205681161e-10
-7.223890785683972325e-10
-6.830572015439781636e-10
-5.568349106478727570e-10
-3.947958538820689834e-10
-2.205807998499743546e-10
-1.548780748932121521e-11
1.620147494606365779e-10
2.456524138921428186e-10
2.445143741890816189e-10
2.011768835340293422e-10
1.101743044203330519e-10
-4.819052958836750042e-11
-1.977825067143753041e-10
-2.763230467790142952e-10
-2.818376691289251438e-10
-2.584064568806361891e-10
-1.714610736191222131e-10
-3.638821679150207750e-11
8.674865706990435293e-11
1.245240053364467236e-10
1.132234324840010201e-10
6.182262140985439062e-11
-2.298271397441172413e-11
-1.265520994497796602e-10
-1.641130021062496730e-10
-1.301959110871074161e-10
-5.574790628738549362e-11
1.135327284578173974e-11
6.890413466885532015e-11
7.732152552567592152e-11
2.544494360232218565e-11
-5.634985555508701236e-11
-9.350678938074991429e-11
-7.483170860718574305e-11
-2.577110380695883390e-11
2.240012971430255583e-11
4.892838213264503101e-11
3.044750944303992528e-11
-2.900590205690845395e-11
-6.553190664342918023e-11
-4.605379019080928256e-11
1.007838731645426573e-11
3.255632113879409964e-11
1.729737284028702378e-11
-2.078227154298664835e-11
-3.525415940749800912e-11
-2.410041898032129471e-11
1.228016986451768505e-11
2.251611328382819469e-11
-4.782005233501279081e-13
-3.211075408971062141e-11
-1.749787249505088537e-11
1.352048066255541438e-11
1.679468310925717519e-11
-1.481252025334760410e-11
-2.112357164570433715e-11
2.542392334389621335e-12
1.495480942650562769e-11
-7.216892777607173876e-12
-1.623846383285048164e-11
2.587506935905856955e-12
9.856621335156584829e-12
-8.804556313485006602e-12
-9.406558638132753464e-12
7.425399818113233640e-12
8.178142705385906325e-13
-9.771811430042065040e-12
1.596439184862013738e-12
4.508059073545660528e-12
-8.414870915605646571e-12
1.171434467831519471e-12
2.560542663395146581e-12
-5.652732316779872484e-12
1.135663415547058101e-12
1.261524037281547546e-12
-5.033161147517451036e-12
3.724541550027077126e-12
-3.432737319579235275e-12
3.829866243537794215e-13
3.214630178955545383e-14
-1.812581775234967511e-12
1.103992392693554035e-12
-1.814414207599328827e-12
7.436544836897762130e-13
-1.188463941952500604e-12
2.712728429374035349e-13
-7.291449444188229704e-13
2.669514095550092743e-14
-4.918269667715171623e-13
-6.076963014299925838e-14
-3.714932270175083664e-13
-8.258213908117970663e-14
-2.998665754603033477e-13
-8.231148875767108869e-14
-2.491417665439961924e-13
-7.529588283810001409e-14
-2.095072325444336552e-13
-6.638271546908699967e-14
-1.772110082245199660e-13
-5.718110784982011130e-14
-1.504025078935083198e-13
-4.831985756830882881e-14
-1.279143799366150906e-13
-4.008019277088779636e-14
-1.089083136684897501e-13
-3.258431663080126726e-14
-9.274937498127421046e-14
-2.586751264479593121e-14
-7.894420154941393798e-14
-1.991499810832221111e-14
-6.710262563930621885e-14
-1.468396630115345913e-14
-5.691147662448558597e-14
-1.011733834188899838e-14
-4.811610544863509397e-14
-6.152291614715872944e-15
-4.050712824640404411e-14
-2.725419808873512992e-15
-3.391075840387553471e-14
2.242673166761491037e-16
-2.818162942442444281e-14
2.753713730594805511e-15
-2.319736770272548497e-14
4.915043565058866023e-15
-1.885441392064146729e-14
6.755314067661791596e-15
-1.506475145515745174e-14
8.316583859433431454e-15
-1.175330614312123386e-14
9.636161951626749930e-15
-8.855852281757465451e-15
1.074695238020446446e-14
-6.317307155946062558e-15
1.167784102747479418e-14
-4.090328630691625709e-15
1.245409172614466171e-14
-2.134152568480653610e-15
1.309773185518512790e-14
-4.136225326630132660e-16
1.362791617477692895e-14
1.101624670788432247e-15
1.406126301909847268e-14
2.437845889187564296e-15
1.441216045634137139e-14
3.617773269298647255e-15
1.469304211588835898e-14
4.661108450846193745e-15
1.491463372335649750e-14
5.584943646363189237e-15
1.508617207294845439e-14
6.404121309086242082e-15
1.521559858954305630e-14
7.131541987981422042e-15
1.530972975372740213e-14
7.778428299845555206e-15
1.537440667910947414e-14
8.354551635077394103e-15
1.541462604197535277e-14
8.868427125304144679e-15
1.543465443478880226e-14
9.327481513215910186e-15
1.543812805205502626e-14
9.738197853477113435e-15
1.542813944044396537e-14
1.010624035925103401e-14
1.540731288823652685e-14
1.043656221180124843e-14
1.537786984858406722e-14
1.073349874138744699e-14
1.534168565019961831e-14
1.100084801308038748e-14
1.530033860415539178e-14
1.124194057958235071e-14
1.525515247170123509e-14
1.145969988987596547e-14
1.520723316842658243e-14
1.165669464328073332e-14
1.515750044358749386e-14
1.183518418598820921e-14
1.510671520774210451e-14
1.199715790429375715e-14
1.505550307465977103e-14
1.214436942102621324e-14
1.500437463036085540e-14
1.227836630520657175e-14
1.495374286320819334e-14
1.240051589174261873e-14
1.490393813986764107e-14
1.251202773954896357e-14
1.485522105819910454e-14
1.261397317212311693e-14
1.480779346668958636e-14
1.270730229371271390e-14
1.476180790020496296e-14
1.279285881316378306e-14
1.471737565102252795e-14
1.287139296825937974e-14
1.467457366313384369e-14
1.294357279819792467e-14
1.463345041097967876e-14
1.300999398700934379e-14
1.459403090684301578e-14
1.307118845795786669e-14
1.455632095832229763e-14
1.312763188916056872e-14
1.452031077858471582e-14
1.317975028605876689e-14
1.448597804591103724e-14
1.322792573678423883e-14
1.445329048596278356e-14
1.327250145339569353e-14
1.442220804906660249e-14
1.331378619281365902e-14
1.439268473783770242e-14
1.335205813615871105e-14
1.436467013767530259e-14
1.338756829693032394e-14
1.433811069271407561e-14
1.342054351683151129e-14
1.431295076550552638e-14
1.345118910221516494e-14
1.428913351119282838e-14
1.347969114675350933e-14
1.426660159547525009e-14
1.350621857962185465e-14
1.424529777880171730e-14
1.353092497273271759e-14
1.422516538831815251e-14
1.355395013903707857e-14
1.420614869424501766e-14
1.357542154529522856e-14
1.418819320543603668e-14
1.359545556448844604e-14
1.417124589830161326e-14
1.361415858570912895e-14
1.415525538880397527e-14
1.363162799991953911e-14
1.414017205659997084e-14
1.364795307653703145e-14
1.412594813119535250e-14
1.366321574352935300e-14
1.411253774415747364e-14
1.367749128250601731e-14
1.409989695612563190e-14
1.369084894983179256e-14
1.408798376089619955e-14
1.370335253102439273e-14
1.407675807258799541e-14
1.371506083755656478e-14
1.406618169794124798e-14
1.372602815166425260e-14
1.405621829840489147e-14
1.373630462594544855e-14
1.404683334262989158e-14
1.374593664226793022e-14
1.403799405285877119e-14
1.375496713519594917e-14
1.402966934625074525e-14
1.376343588282743941e-14
1.402182977282507197e-14
1.377137977038851576e-14
1.401444745136453771e-14
1.377883302735154560e-14
1.400749600345539186e-14
1.378582744303498997e-14
1.400095048788026089e-14
1.379239256144335237e-14
1.399478733484495180e-14
1.379855585846299750e-14
1.398898428077408277e-14
1.380434290264521713e-14
1.398352030447888995e-14
1.380977750184922150e-14
1.397837556477384834e-14
1.381488183660043058e-14
1.397353133981436313e-14
1.381967658191526552e-14
1.396896996830720259e-14
1.382418101847903471e-14
1.396467479267939496e-14
1.382841313449597511e-14
1.396063010447161998e-14
1.383238971861367949e-14
1.395682109187067247e-14
1.383612644539122779e-14
1.395323378933933830e-14
1.383963795346808317e-14
1.394985502948802528e-14
1.384293791745931770e-14
1.394667239704335193e-14
1.384603911382644932e-14
1.394367418498344227e-14
1.384895348165375509e-14
1.394084935260997336e-14
1.385169217823342219e-14
1.393818748557339050e-14
1.385426563053347290e-14
1.393567875795365567e-14
1.385668358230184516e-14
1.393331389599462037e-14
1.385895513748102116e-14
1.393108414358195153e-14
1.386108880020415405e-14
1.392898122943510219e-14
1.386309251154479215e-14
1.392699733569684086e-14
1.386497368322560125e-14
1.392512506816937178e-14
1.386673922867585311e-14
1.392335742772618138e-14
1.386839559141987419e-14
1.392168778307762686e-14
1.386994877114812070e-14
1.392010984466398837e-14
1.387140434742049086e-14
1.391861763961399792e-14
1.387276750133002625e-14
1.391720548773916450e-14
1.387404303511068070e-14
1.391586797834145764e-14
1.387523538990924734e-14
1.391459994781634402e-14
1.387634866157566545e-14
1.391339645802194536e-14
1.387738661494886080e-14
1.391225277520685343e-14
1.387835269623073098e-14
1.391116434940131239e-14
1.387925004394372319e-14
1.391012679436070956e-14
1.388008149816801200e-14
1.390913586776453720e-14
1.388084960835325286e-14
1.390818745168421385e-14
1.388155663953158752e-14
1.390727753320598781e-14
1.388220457720674826e-14
1.390640218516108315e-14
1.388279513059735070e-14
1.390555754687333475e-14
1.388332973460755666e-14
1.390473980474721943e-14
1.388380955027879800e-14
1.390394517279908590e-14
1.388423546386472207e-14
1.390316987290722054e-14
1.388460808447973299e-14
1.390241011475794297e-14
1.388492774036252675e-14
1.390166207552957888e-14
1.388519447376752109e-14
1.390092187909015380e-14
1.388540803453248840e-14
1.390018557484458333e-14
1.388556787225788648e-14
1.389944911610754024e-14
1.388567312732041553e-14
1.389870833808650437e-14
1.388572262061924937e-14
1.389795893542981414e-14
1.388571484227704985e-14
1.389719643949335343e-14
1.388564793937119809e-14
1.389641619536215835e-14
1.388551970285566397e-14
