# bin_3_2
1.285896099841867255e-08
1.290471749659816483e-08
1.295204995043630566e-08
1.300099957793359227e-08
1.305161352133874771e-08
1.310403804579840801e-08
1.315806992211359690e-08
1.321390669616378127e-08
1.327157379693494457e-08
1.333122477544918438e-08
1.339283929885249496e-08
1.345919329765889062e-08
1.352477933418293388e-08
1.358994634269318926e-08
1.365987324706310982e-08
1.373200259277920557e-08
1.380638511123801130e-08
1.388307767185320196e-08
1.396162172890258369e-08
1.404318331251910654e-08
1.412746858895000872e-08
1.421385613277493359e-08
1.430278375285842896e-08
1.439430692967162033e-08
1.448846804954111485e-08
1.458531589036722470e-08
1.468484974660266969e-08
1.478714644007027067e-08
1.489224477203881762e-08
1.500049944112725366e-08
1.511105288430342146e-08
1.522476199115998291e-08
1.534139573204824621e-08
1.546096713969588776e-08
1.558350302110846422e-08
1.570902398740752475e-08
1.583753327491724122e-08
1.596903226286868051e-08
1.610284376343602802e-08
1.624032811402566011e-08
1.638160751527806529e-08
1.652511446282786565e-08
1.667330666327417008e-08
1.682107419480442501e-08
1.697349729472829579e-08
1.712858388373210898e-08
1.728661730774644385e-08
1.744746751288393936e-08
1.761104323470151234e-08
1.777726041842344762e-08
1.794599122724842576e-08
1.811727646402937592e-08
1.829110764085505201e-08
1.846674044914324603e-08
1.865034041117721274e-08
1.882524318325454535e-08
1.900738145932472704e-08
1.919037463983886663e-08
1.937682883230546314e-08
1.956380230240972324e-08
1.975204390339997657e-08
1.994132918057181911e-08
2.013149461361455469e-08
2.032249705854232931e-08
2.051385248483552801e-08
2.070541533061469644e-08
2.089692514616454903e-08
2.108808789797115743e-08
2.127721917716320718e-08
2.146844329917815446e-08
2.166033263285499872e-08
2.184419982444975269e-08
2.202937866346307653e-08
2.221246275383967488e-08
2.239313414391531201e-08
2.257097241519040289e-08
2.274542054062317032e-08
2.291638791822250874e-08
2.308299765273753675e-08
2.324580637002351690e-08
2.340361098660047221e-08
2.355405100934829573e-08
2.370306127799708032e-08
2.384383820160537857e-08
2.397811430437438229e-08
2.410522154283243377e-08
2.422535274277588362e-08
2.433744900441015546e-08
2.444124935311489040e-08
2.453627791855627806e-08
2.462203027875278578e-08
2.469824570503707773e-08
2.477101190186966252e-08
2.482033245154146513e-08
2.486464439352334499e-08
2.489785679615473481e-08
2.491958610052415744e-08
2.492876169515006096e-08
2.492563742399494244e-08
2.490888073017538158e-08
2.489980239499121410e-08
2.483733600189813853e-08
2.478062215276715391e-08
2.470985055661156406e-08
2.462454782712983524e-08
2.452439937352388423e-08
2.441015027179710642e-08
2.428068520411281785e-08
2.413620397760665981e-08
2.397654434050426409e-08
2.380175219042052794e-08
2.361171629000549148e-08
2.340673319504839767e-08
2.318676993117034151e-08
2.295177464295990662e-08
2.270236940981240589e-08
2.243818624554342164e-08
2.216002614358534551e-08
2.186838019091814891e-08
2.156249721415277353e-08
2.124394988962213620e-08
2.090611206318759050e-08
2.056996702030457515e-08
2.021553531082357851e-08
1.984956205845381159e-08
1.947483816827635500e-08
1.909003914682948879e-08
1.869658760632853999e-08
1.829514756836745212e-08
1.788666666391887924e-08
1.747188839051416409e-08
1.705198429989387543e-08
1.662765853504118102e-08
1.619938256258119247e-08
1.576891083917953724e-08
1.533650810540835896e-08
1.490352655292569095e-08
1.447067650790804067e-08
1.403888768173373262e-08
1.360901534013418745e-08
1.318220124093391749e-08
1.275899996998729033e-08
1.234024867219177916e-08
1.192683285908634942e-08
1.151933531188422442e-08
1.111841372566269308e-08
1.072478626767871476e-08
1.033881291671008637e-08
9.961029935865762489e-09
9.591869520155794731e-09
9.231572379171280060e-09
8.880116501877084423e-09
8.538475720489628913e-09
8.206062568026636328e-09
7.883166610357151957e-09
7.569530847958969352e-09
7.265474466713765689e-09
6.970644959738915330e-09
6.685020403122552077e-09
6.408316447950631246e-09
6.140428857242083006e-09
5.881051186783281334e-09
5.629957646270583769e-09
5.386937658191666062e-09
5.151819132480561786e-09
4.924311532381358187e-09
4.704237124772287305e-09
4.491549544005788672e-09
4.286045324297759497e-09
4.087555389761206849e-09
3.896116677078285663e-09
3.711656522959893550e-09
3.534115847572088535e-09
3.363567069179528416e-09
3.199983745016652367e-09
3.043194834959520928e-09
2.893363020604638252e-09
2.750314787621795587e-09
2.613976862166502839e-09
2.484233544292903870e-09
2.360879448265269958e-09
2.243698438668101174e-09
2.132465654394356512e-09
2.026874412941002257e-09
1.926636080563696899e-09
1.831478717155286016e-09
1.741082531679334686e-09
1.655191232963889721e-09
1.573550639256309174e-09
1.495956444243290891e-09
1.422190751372426286e-09
1.352192751708325360e-09
1.285762117240055480e-09
1.222744363739456325e-09
1.163029158964621797e-09
1.106473738515420407e-09
1.052945104656939848e-09
1.002277367065503412e-09
9.543129010287451717e-10
9.088800401838411402e-10
8.658785976941497534e-10
8.251015536114112582e-10
7.864484003662737298e-10
7.498374346639544815e-10
7.151293971646048812e-10
6.822318448492019544e-10
6.510370369448783096e-10
6.214579951012336766e-10
5.933968990395380320e-10
5.667616666651624342e-10
5.414595441780748271e-10
5.174119796131952551e-10
4.945429114432211688e-10
4.727836774159626775e-10
4.520707165302777760e-10
4.323354298046049355e-10
4.135187701916574747e-10
3.955747477161780319e-10
3.784380802483340089e-10
3.620639482844933323e-10
3.464072292140712073e-10
3.314282006145108818e-10
3.170832579845751097e-10
3.033424123864513174e-10
2.901637565356407859e-10
2.775196672002541547e-10
2.653819383537786724e-10
2.537237048880466781e-10
2.425225362776443326e-10
2.317515907355523439e-10
2.213937226713419183e-10
2.114297905883126511e-10
2.018412290074577340e-10
1.926123354569900738e-10
1.837288540455562154e-10
1.751783055281109613e-10
1.669448854374948856e-10
1.590210632185838827e-10
1.513948438750320716e-10
1.440561664173769208e-10
1.369974860867408747e-10
1.302086337362573474e-10
1.236832541197243746e-10
1.174121669094376061e-10
1.113898138839544556e-10
1.056094692910343169e-10
1.000632574349577137e-10
9.474633142232843952e-11
8.965231974423659816e-11
8.477458116874909377e-11
8.010882087955238895e-11
7.564773133244417958e-11
7.138710168155982012e-11
6.731957479048028209e-11
6.344102120252068843e-11
5.974505682944849905e-11
5.622653189084137933e-11
5.287904042605417734e-11
4.969843018516530939e-11
4.667806877418783924e-11
4.381252901630769891e-11
4.109578566630254164e-11
3.852366058544861328e-11
3.608970712844046355e-11
3.378893858904420121e-11
3.161535471882777465e-11
2.956387978022315494e-11
2.762950635718349512e-11
2.580707305967580421e-11
2.409118394520278644e-11
2.247722062373737360e-11
2.096021228991419095e-11
1.953532629878428806e-11
1.819806992678079605e-11
1.694406633973513615e-11
1.576887327819207454e-11
1.466811940221526032e-11
1.363824313744907028e-11
1.267492164710441470e-11
1.177477123865710474e-11
1.093402830540127477e-11
1.014924046722946730e-11
9.417130399805724951e-12
8.734657625995285387e-12
8.098721022434760080e-12
7.506646018876128536e-12
6.955581350518139499e-12
6.442954772249802638e-12
5.966395463741145238e-12
5.523530992704199308e-12
5.112207204918452357e-12
4.730385035528006230e-12
4.376105975595060847e-12
4.047484675614224730e-12
3.742826433125395634e-12
3.460478035456653751e-12
3.198923499557856883e-12
2.956748973830647435e-12
2.732533087017059036e-12
2.525023414768128866e-12
2.333063744448659138e-12
2.155519808270655397e-12
1.991346163952220374e-12
1.839576405494701977e-12
1.699255952516783504e-12
1.569620170839244593e-12
1.449827176977855970e-12
1.339144875612503892e-12
1.236886624017138043e-12
1.142423828601361906e-12
1.055164588212563936e-12
9.745622071278911671e-13
9.000502626706244159e-13
8.312298786819471219e-13
7.677221377046452169e-13
7.090649060890346258e-13
6.548880504001138202e-13
6.048498593085096150e-13
5.586343539297030520e-13
5.159496854312408357e-13
4.764787039167507502e-13
4.400575347024931288e-13
4.064162378799381291e-13
3.753463017252459141e-13
3.466483735954902977e-13
3.201439475539876449e-13
2.956645746948769725e-13
2.730532159839722238e-13
2.521696804091047618e-13
2.328830863894471494e-13
2.150688893601764746e-13
1.986100474383944123e-13
1.834175010115979762e-13
1.693769678413862211e-13
1.564125712873859252e-13
1.444377497815200394e-13
1.333745402396399706e-13
1.231576124568070128e-13
1.137210461944601404e-13
1.050042168305775033e-13
9.695346325347303201e-14
8.951542701114775607e-14
8.264579827308153755e-14
7.629997799150483082e-14
7.043749403513687202e-14
6.502190858826827575e-14
6.002011895737976708e-14
5.539924533928455001e-14
5.112984572609790262e-14
4.718575326518465559e-14
4.354220246006800075e-14
4.017825073869058704e-14
3.706539948175076796e-14
3.419186488170418185e-14
3.153678091322178790e-14
2.908306541594679590e-14
2.681557737572099822e-14
2.472077837837012466e-14
2.278477679237876117e-14
2.099546988130071210e-14
1.934173916226883216e-14
1.781331786817237583e-14
1.640030451070453981e-14
1.509413750935611913e-14
1.388714252401628002e-14
1.277156961274691016e-14
1.174021107121688315e-14
1.078708070971511158e-14
9.905654348629018467e-15
9.090338781561970957e-15
8.335910801922187444e-15
7.638647663423149893e-15
6.994435100854166963e-15
6.398714700092768602e-15
5.847879927560917704e-15
5.338637270961828923e-15
4.867898302929397488e-15
4.433033002116854227e-15
4.031268732794295171e-15
3.660261298932420932e-15
3.317748303024353706e-15
3.001283133816682962e-15
2.709590562716965359e-15
2.440753424282398720e-15
2.192878981368172778e-15
1.965146398414648968e-15
1.755720071548565558e-15
1.563566817562589471e-15
1.387394318118453796e-15
1.226004634962771836e-15
1.078638685948835735e-15
9.444714029141696119e-16
8.225253039833855182e-16
7.119850222365469511e-16
6.122928127355985575e-16
5.226162824802412815e-16
4.425337753707373852e-16
3.712142324090913225e-16
3.081206665828510275e-16
2.529420399600448871e-16
