# bin_4_3
1.501805818748063920e-08
1.507619123418930721e-08
1.513636725444512248e-08
1.519864951232560167e-08
1.526325625811824721e-08
1.532989081773461061e-08
1.539882114575364137e-08
1.547011594585669396e-08
1.554382117393821169e-08
1.562011000650820965e-08
1.569898372748138535e-08
1.578324866904071547e-08
1.586740167314917774e-08
1.595181837062865727e-08
1.604171511448519231e-08
1.613455172054193492e-08
1.623040425486539140e-08
1.632935569779393518e-08
1.643097297671501599e-08
1.653645245226865146e-08
1.664552788198246673e-08
1.675760495904513980e-08
1.687315235151635081e-08
1.699225617795399538e-08
1.711499017861652909e-08
1.724143519011673529e-08
1.737162346729632168e-08
1.750566543350605642e-08
1.764363424768792339e-08
1.778592046082336371e-08
1.793197116877626994e-08
1.808187079163702325e-08
1.823623565241589528e-08
1.839484674695025148e-08
1.855776967451636943e-08
1.872506456870926422e-08
1.889677467097299787e-08
1.907294196630698101e-08
1.925292672119697821e-08
1.943813944570799873e-08
1.962874267372036174e-08
1.982320565810217961e-08
2.002403608511773809e-08
2.022615639079086803e-08
2.043470148073103590e-08
2.064771849686769724e-08
2.086553671865426541e-08
2.108806640323903211e-08
2.131526301471005434e-08
2.154708491835523696e-08
2.178347179536713552e-08
2.202443390613220112e-08
2.227007710589777129e-08
2.251967680806523136e-08
2.277947006066905509e-08
2.303273306687653619e-08
2.329553573770707605e-08
2.356149989959704778e-08
2.383329534107760615e-08
2.410793645017926027e-08
2.438628276898775966e-08
2.466810804204230261e-08
2.495327763959031432e-08
2.524177450148672602e-08
2.553313359201669856e-08
2.582722839226345610e-08
2.612381194810917263e-08
2.642260143117913035e-08
2.672190707440436286e-08
2.702588963393266048e-08
2.730861364882130732e-08
2.763480613992404600e-08
2.794037710967491635e-08
2.824636941641220856e-08
2.855244082364433716e-08
2.885813837366160035e-08
2.916286450340434383e-08
2.946648320029645074e-08
2.976806009175900791e-08
3.007861513435395791e-08
3.036530878224086248e-08
3.065724879324905582e-08
3.094979543176505917e-08
3.123600994294415097e-08
3.151752050753977021e-08
3.179355452993491060e-08
3.206414953441285237e-08
3.232813894012681902e-08
3.258507187461275998e-08
3.283431711385902891e-08
3.307240583216016044e-08
3.330727465041775013e-08
3.353640553433874072e-08
3.374230022933200822e-08
3.394329359880122592e-08
3.413300011172282384e-08
3.431077726314262404e-08
3.447527698444549223e-08
3.462646957913872926e-08
3.476271404444332226e-08
3.490547149803086376e-08
3.499199516506174221e-08
3.508242748985366864e-08
3.515616206504119764e-08
3.521235608001693828e-08
3.525032045006797612e-08
3.527042353866620553e-08
3.527114255832308827e-08
3.525227692254611209e-08
3.521324809773456446e-08
3.515389945183470003e-08
3.507304942569627804e-08
3.497121305160996333e-08
3.484771108336009829e-08
3.470205442052739956e-08
3.453444850846436295e-08
3.434408864981526971e-08
3.413136281114607963e-08
3.389627655574225065e-08
3.363789751242012874e-08
3.335719986569142815e-08
3.304709142471222337e-08
3.272869295639782052e-08
3.238114323683937191e-08
3.201124962493476538e-08
3.162131179175030857e-08
3.120994515596658389e-08
3.077823630830152534e-08
3.032672185422332847e-08
2.985663427145473309e-08
2.936744230209163990e-08
2.886149621669797624e-08
2.833913164756561040e-08
2.780086118489987485e-08
2.724912795804283420e-08
2.668284939708587885e-08
2.610522604539918298e-08
2.551657154454427835e-08
2.491839646610196729e-08
2.431192199894915756e-08
2.369880096773744355e-08
2.308013734281703039e-08
2.245735987511990712e-08
2.183211889080072893e-08
2.120563750347080024e-08
2.057960321693162834e-08
1.995491474873633021e-08
1.933346843919905250e-08
1.871628618022256374e-08
1.810515075531221667e-08
1.750089043931007164e-08
1.690443189821407146e-08
1.631796061607919496e-08
1.574100964285850548e-08
1.517541046656415069e-08
1.462142397377285417e-08
1.408011469405903782e-08
1.355175242342130472e-08
1.303688546520931227e-08
1.253576251776513893e-08
1.204862721390551441e-08
1.157551886331231908e-08
1.111640423899411122e-08
1.067120016862795206e-08
1.023976092256093523e-08
9.821718347091585574e-09
9.416742630073279334e-09
9.024636329680242540e-09
8.644752056646368290e-09
8.276708381643616429e-09
7.920300606191197721e-09
7.574988423462622000e-09
7.240592138678218460e-09
6.916431645836766040e-09
6.602744860347011396e-09
6.299001380554077636e-09
6.005376938557171413e-09
5.721540208589397712e-09
5.447872315543294501e-09
5.184120506173050219e-09
4.930435137780799370e-09
4.686901529769614905e-09
4.453621535367604943e-09
4.230598939876240219e-09
4.017777757844368259e-09
3.815232108075618028e-09
3.622686511030888306e-09
3.439793972564042219e-09
3.266360974543767478e-09
3.101943671664701142e-09
2.946029081771684849e-09
2.798269645271824439e-09
2.658130331715594742e-09
2.524924513928550838e-09
2.398404790977900723e-09
2.278116073928991749e-09
2.163743785359678006e-09
2.055036228858655701e-09
1.951756917236266551e-09
1.853717907303057106e-09
1.760827577461460023e-09
1.672855466345482382e-09
1.589607388917251814e-09
1.510941866441760806e-09
1.436564762393325050e-09
1.366171888844732457e-09
1.299708731545982761e-09
1.236746274615678183e-09
1.177140654365818463e-09
1.120704049481874863e-09
1.067257966939476554e-09
1.016651115029953764e-09
9.687291786542684340e-10
9.233488613931359434e-10
8.803691050191896336e-10
8.396362761423341092e-10
8.010288691264757720e-10
7.644047205259061329e-10
7.296575083696013840e-10
6.966550827370629483e-10
6.653083170519677049e-10
6.355196821762881154e-10
6.071902969124802677e-10
5.802223966715794099e-10
5.545296449320046344e-10
5.300407666399016506e-10
5.066884876347223568e-10
4.843972563033010954e-10
4.631085651030633273e-10
4.427531246073036140e-10
4.232839366695884968e-10
4.046474718055843101e-10
3.867960905760966613e-10
3.696862542792643571e-10
3.532761216460886207e-10
3.375322680716708708e-10
3.224144827667416437e-10
3.078961054061754705e-10
2.939460513148638495e-10
2.805396577395770130e-10
2.676494174130614477e-10
2.552551848092084767e-10
2.433369587597108747e-10
2.318724992913256943e-10
2.208478088489172581e-10
2.102445765184918726e-10
2.000476724073578335e-10
1.902449378969477724e-10
1.808225834701742945e-10
1.717675220376549121e-10
1.630717695741608674e-10
1.547213066140591830e-10
1.467089778725922602e-10
1.390225919314463457e-10
1.316544865592589032e-10
1.245953714673991917e-10
1.178369399049175997e-10
1.113707156995943796e-10
1.051891517945456443e-10
9.928346353162883189e-11
9.364560087677544185e-11
8.826725013232600670e-11
8.314219015631042766e-11
7.826089848602479144e-11
7.361734297179434102e-11
6.920222621893446461e-11
6.500857877213543613e-11
6.102965008687689249e-11
5.725535173970397122e-11
5.368090743960077688e-11
5.029745052866593302e-11
4.709735273203036979e-11
4.407384102686659700e-11
4.121972821937879225e-11
3.852746454561488303e-11
3.598964387378130318e-11
3.360020710113922057e-11
3.135174635117424941e-11
2.923750519880380146e-11
2.725157642069062574e-11
2.538686973647075013e-11
2.363819185131210245e-11
2.199896143376869188e-11
2.046359450355918715e-11
1.902671714648389544e-11
1.768266112399134164e-11
1.642633371483263607e-11
1.525273655703261557e-11
1.415727127550264979e-11
1.313527529390470545e-11
1.218240287234437250e-11
1.129463240868580930e-11
1.046796454720797297e-11
9.698491749893109127e-12
8.982770064549044455e-12
8.317382290852501585e-12
7.699096417284249216e-12
7.125009239449434194e-12
6.592039969369063134e-12
6.097414660435531909e-12
5.638857522699897333e-12
5.213733777616061275e-12
4.819802442975022358e-12
4.455005472976687778e-12
4.117198867690593094e-12
3.804520814445064414e-12
3.515230763025511915e-12
3.247652490098177962e-12
3.000189462480660266e-12
2.771438206863379190e-12
2.560009288426441182e-12
2.364549432319964112e-12
2.184015654213097160e-12
2.017227797834788327e-12
1.863108590026605124e-12
1.720784082426985517e-12
1.589310616192390033e-12
1.467871987224773040e-12
1.355709153361176324e-12
1.252120755521849378e-12
1.156436403079030196e-12
1.068061999083682132e-12
9.863730361136080370e-13
9.110081213755008468e-13
8.414013225062138161e-13
7.771127992981341285e-13
7.177362416955080076e-13
6.628963670613408260e-13
6.122465584232873809e-13
5.653995943745829182e-13
5.219812783022003171e-13
4.820965580128546329e-13
4.452593868734365989e-13
4.112369100192259272e-13
3.798140552459808984e-13
3.507922070476671415e-13
3.239879157713014863e-13
2.992140262959607844e-13
2.763219025048453332e-13
2.551857473259071022e-13
2.356571590372715602e-13
2.176219584490364890e-13
2.009610850155396099e-13
1.855746364970583880e-13
1.713614604862156721e-13
1.582338658432373049e-13
1.461068583429620300e-13
1.349056266159291098e-13
1.245600100365149068e-13
1.150043042919417673e-13
1.061741785345585249e-13
9.802330069070159928e-14
9.048739571148756908e-14
8.352915062683300268e-14
7.710100029000457133e-14
7.116156871498069086e-14
6.567658989951325641e-14
6.060755507208431565e-14
5.592494231967051795e-14
5.159905093570645688e-14
4.760216071035446783e-14
4.390779787491102483e-14
4.049446364376059207e-14
3.734112006988541047e-14
3.442863680092588670e-14
3.173495428318919928e-14
2.924685537572495741e-14
2.694792712555316325e-14
2.482233542808420967e-14
2.285803476368511671e-14
2.104120412684891766e-14
1.936228225544839714e-14
1.781023548009267902e-14
1.637561126795488918e-14
1.504897316171359668e-14
1.382232508563147528e-14
1.268833006602212157e-14
1.163974478269759034e-14
1.067044007241552195e-14
9.773860034627601465e-15
8.945106685423544670e-15
8.178265900874197723e-15
7.469504732736936665e-15
6.814279384710137868e-15
6.208205905349047980e-15
5.648479671575986210e-15
5.131189188521553780e-15
4.653431182995811453e-15
4.212108077048317647e-15
3.804394843303144606e-15
3.428289608648037176e-15
3.081631808075642466e-15
2.762178523188119146e-15
2.467992029396458816e-15
2.197644516407347504e-15
1.949270571491313651e-15
1.721805531205917351e-15
1.513452683225207798e-15
1.322998624400845009e-15
1.149839664617696731e-15
