# bin_1_1
1.006231705458104735e-08
1.009282577022332817e-08
1.012433913947752636e-08
1.015688126114952836e-08
1.019047873849469705e-08
1.022525661346656950e-08
1.026099065212221080e-08
1.029785540018123778e-08
1.033585201496878760e-08
1.037511243845062027e-08
1.041559116224989798e-08
1.046002073415136160e-08
1.050290744996783848e-08
1.054456652722480715e-08
1.059012062854659315e-08
1.063700054482722826e-08
1.068522870118215144e-08
1.073483287578114049e-08
1.078532606136377334e-08
1.083823306782262358e-08
1.089203878941406180e-08
1.094730819861365125e-08
1.100402728843098006e-08
1.106221243696670647e-08
1.112188187491748567e-08
1.118303862472162670e-08
1.124567735086206858e-08
1.130981053703557843e-08
1.137545130430556033e-08
1.144291689783570205e-08
1.151131617974551939e-08
1.158146694158209597e-08
1.165309614800197028e-08
1.172619353372962030e-08
1.180073873354706282e-08
1.187671321056475969e-08
1.195408470517973343e-08
1.203281686522620930e-08
1.211220113922679305e-08
1.219354590688530488e-08
1.227694024511201903e-08
1.236078875371542430e-08
1.244749961810983671e-08
1.253195094420194473e-08
1.261903361147528754e-08
1.270712219917826734e-08
1.279607389242448272e-08
1.288585751019947075e-08
1.297635184988083671e-08
1.306744386786352998e-08
1.315897891405762892e-08
1.325097185434632537e-08
1.334339206480433515e-08
1.343547404829786969e-08
1.352804527559840353e-08
1.362038368884157715e-08
1.371245402005659514e-08
1.380318885502269633e-08
1.389517697077592719e-08
1.398548786687235864e-08
1.407486680099146616e-08
1.416310342190215017e-08
1.425014194053162415e-08
1.433565710266990741e-08
1.441947752258485467e-08
1.450140120011954162e-08
1.458119698817533727e-08
1.465861151757765354e-08
1.473203275980669982e-08
1.480554865361617018e-08
1.487458397178881224e-08
1.494045465419201928e-08
1.500258185500041132e-08
1.506098211435690496e-08
1.511543237983054630e-08
1.516551532600184448e-08
1.521109970405338687e-08
1.525190848978620422e-08
1.528764384019294742e-08
1.531805137409096788e-08
1.534291425526419440e-08
1.536196966400369456e-08
1.537502625091570511e-08
1.538171247415773056e-08
1.538188018818284472e-08
1.537526847142890860e-08
1.536171554407248660e-08
1.534097830104037109e-08
1.531284998123563746e-08
1.527711586723159470e-08
1.523354403293971456e-08
1.518215129469809667e-08
1.512267092253584606e-08
1.505535618156452894e-08
1.497902609658587956e-08
1.489458699602862091e-08
1.480186187234644862e-08
1.470025666735029784e-08
1.459032204849887518e-08
1.447176370862817499e-08
1.434465193192052458e-08
1.420905828055376178e-08
1.406496953701162816e-08
1.391260004456932201e-08
1.375197318159446479e-08
1.358297029041291092e-08
1.340675414632541632e-08
1.322252590491163612e-08
1.303087691834084063e-08
1.283198891769455810e-08
1.262622358019575610e-08
1.241378544968552392e-08
1.219526053538183808e-08
1.197089526243192307e-08
1.174085668728685903e-08
1.150602952993567802e-08
1.126640368994430385e-08
1.102270916928629461e-08
1.077532291598786358e-08
1.052466513774689574e-08
1.027130330476916825e-08
1.000936889871245099e-08
9.758739506690740957e-09
9.500459771296768252e-09
9.240859817350343112e-09
8.982432863827029160e-09
8.723793561678048637e-09
8.466064701317568303e-09
8.209620379301658212e-09
7.955047753267051007e-09
7.702693959893998730e-09
7.453205353467474041e-09
7.206806348029204894e-09
6.963808205478875052e-09
6.724779561724378465e-09
6.489872006629448390e-09
6.259390851702185183e-09
6.033567575153785628e-09
5.812658911031351090e-09
5.596721758781472037e-09
5.386182103339286312e-09
5.180890219851222914e-09
4.980965757604607109e-09
4.786515109147321610e-09
4.597486809935056467e-09
4.413924857955483046e-09
4.235836581339670485e-09
4.063105629941561154e-09
3.895690953936977405e-09
3.733573426779494438e-09
3.576604494529008840e-09
3.424654973614872510e-09
3.277731430326064643e-09
3.135675368706770035e-09
2.998503053338105639e-09
2.865829090417015762e-09
2.737867205534351268e-09
2.614398352002133473e-09
2.495353998338187640e-09
2.380657233162567694e-09
2.270298079878767206e-09
2.164142538088669407e-09
2.062145772834519175e-09
1.964243997246527360e-09
1.870386177330171726e-09
1.780491203302137152e-09
1.694474461882768392e-09
1.612339027782945087e-09
1.533943473731037991e-09
1.459151361145797899e-09
1.387929862953770130e-09
1.320151508233714353e-09
1.255675865728475048e-09
1.194447486707063187e-09
1.136264184182638325e-09
1.081013360772830554e-09
1.028556884090465381e-09
9.787571523139758911e-10
9.314856345083374410e-10
8.866055781838747752e-10
8.439948630604133113e-10
8.035321355776474294e-10
7.651281707664041782e-10
7.286642422363034776e-10
6.940438014859306939e-10
6.612090017376235985e-10
6.300557645749525682e-10
6.004894065895318732e-10
5.724974308001037503e-10
5.459401585838688262e-10
5.207674454604585087e-10
4.968981561947674362e-10
4.742761878650461415e-10
4.528092762918659554e-10
4.324375147847224733e-10
4.130943569337040264e-10
3.947264071680331501e-10
3.772743908218499447e-10
3.606848193702992517e-10
3.449077115238742435e-10
3.299013885716171840e-10
3.156102961547748234e-10
3.019966135346884821e-10
2.890235989146838330e-10
2.766480508968403042e-10
2.648294182088806999e-10
2.535448864808052198e-10
2.427544644562131722e-10
2.324323714284573503e-10
2.225506354640839002e-10
2.130844332310328593e-10
2.040079898889816519e-10
1.953035109618625320e-10
1.869442870311539766e-10
1.789146476970744402e-10
1.711990845293939913e-10
1.637796339751881594e-10
1.566420171275344315e-10
1.497750400462591241e-10
1.431626777194702075e-10
1.367946811220742625e-10
1.306622503778750362e-10
1.247538867790268778e-10
1.190626421362470258e-10
1.135786002156830310e-10
1.082951112631069778e-10
1.032056341793062077e-10
9.830327731609882253e-11
9.358307151167787160e-11
8.903921270021967922e-11
8.466664675762951478e-11
8.046092411744522576e-11
7.641699567771700837e-11
7.253036199342014929e-11
6.879786065478185540e-11
6.521524536085730672e-11
6.177794493151130811e-11
5.848292275558993486e-11
5.532645476678944151e-11
5.230471088399871945e-11
4.941530491222453683e-11
4.665323077900984522e-11
4.401595104790164380e-11
4.149918598222450328e-11
3.910001939458069804e-11
3.681538497684668499e-11
3.464026333828032533e-11
3.257206212650706256e-11
3.060744065091319352e-11
2.874246589623160511e-11
2.697408456416784847e-11
2.529825785115224973e-11
2.371206631626257627e-11
2.221137417734304652e-11
2.079300766643713812e-11
1.945392050098129415e-11
1.819053669250005705e-11
1.699928536511817861e-11
1.587751281249814639e-11
1.482170198157026781e-11
1.382875046827339704e-11
1.289537732633487887e-11
1.201920052401339872e-11
1.119709165755599808e-11
1.042619628717545118e-11
9.703586127793724203e-12
9.027067825167773657e-12
8.394059912776315715e-12
7.802183090374690470e-12
7.248983820924281458e-12
6.732385208961801791e-12
6.250222092156029619e-12
5.800420900906664421e-12
5.381035206134155657e-12
4.990417972165588181e-12
4.626505148166739834e-12
4.287761857257393662e-12
3.972740870131352233e-12
3.679769890392365972e-12
3.407601692106466549e-12
3.154664934502086053e-12
2.919820022524236700e-12
2.701786809850646439e-12
2.499602396479011760e-12
2.312191369182175867e-12
2.138374083138152474e-12
1.977262945704856273e-12
1.828062571029363887e-12
1.689902584395150689e-12
1.561997799885514599e-12
1.443618508861549960e-12
1.334092099685435112e-12
1.232779138687913987e-12
1.139080060144252891e-12
1.052388371030066196e-12
9.722961792233069530e-13
8.982619527674039930e-13
8.298393943954512731e-13
7.666074397439928091e-13
7.081792244938686350e-13
6.541921951401862902e-13
6.043124383289728746e-13
5.582293609836326059e-13
5.156557337855942391e-13
4.762963184388588151e-13
4.399571334231393152e-13
4.063876637439638357e-13
3.753696464943309602e-13
3.467238111672133568e-13
3.202624379113528534e-13
2.958126780386410211e-13
2.732343750672931312e-13
2.523730050512628039e-13
2.331041149940866571e-13
2.153026917757379482e-13
1.988603727982406320e-13
1.836704390866897973e-13
1.696416812017963157e-13
1.566796007514025241e-13
1.447074412604372871e-13
1.336516240482405245e-13
1.234353579550523639e-13
1.139986867165047308e-13
1.052828472975670857e-13
9.723035194549058784e-14
8.979316496409369561e-14
8.292351977981521305e-14
7.657592184431160068e-14
7.071451541397627743e-14
6.529797494074427943e-14
6.029523687139227022e-14
5.567226902585843083e-14
5.140334149815074764e-14
4.745896302363390454e-14
4.381584056523449043e-14
4.044897137833533268e-14
3.733822414542649485e-14
3.446480362698105495e-14
3.181050963335263078e-14
2.935766847266895538e-14
2.709169048657047904e-14
2.499729207661047531e-14
2.306251562104232181e-14
2.127476122746466414e-14
1.962225121991127314e-14
1.809573241600172305e-14
1.668457146948726269e-14
1.538009826053961981e-14
1.417525800103226027e-14
1.306096001511498745e-14
1.203133098011173310e-14
1.107924154787159595e-14
1.019946807617592853e-14
9.385881760989925633e-15
8.633924418214997569e-15
7.938844883139690214e-15
7.295951443940750999e-15
6.701616811746985333e-15
6.152098960116377602e-15
5.644104312503594800e-15
5.174189272987139263e-15
4.739762817375195317e-15
4.338006015835187932e-15
3.966503049987657784e-15
3.623412184183424680e-15
3.306473228743093005e-15
3.013584408702823502e-15
2.743181718955806338e-15
2.493374190705871319e-15
2.262475115271508694e-15
2.049102690147022389e-15
1.852483162998608904e-15
1.671433620176939691e-15
1.504704135761941836e-15
1.351285890421628270e-15
1.210279720856492581e-15
1.080855614830751052e-15
9.622981640034097455e-16
8.539134292909456668e-16
7.550221962393275884e-16
6.649078289159242572e-16
5.829253041858875046e-16
5.087562418427941559e-16
4.417594487605042789e-16
3.814319151718889139e-16
3.275085073832043541e-16
2.793778437646319494e-16
2.367191161249740664e-16
1.990597022890102551e-16
1.659824953547936499e-16
1.371903339420724999e-16
1.123391768776820457e-16
9.105045173958785983e-17
7.298045842440824528e-17
5.781843749061726975e-17
4.523067947324345355e-17
3.494783900530875582e-17
2.664239608183613882e-17
2.005182788560996572e-17
1.494653819623786126e-17
