# bin_4_4
1.567963219664782145e-08
1.574169858015186025e-08
1.580595861142566325e-08
1.587248115838216373e-08
1.594149030748088851e-08
1.601269525937436061e-08
1.608637025936042112e-08
1.616259042202705110e-08
1.624140845759696073e-08
1.632300420890052758e-08
1.640738613845388457e-08
1.649736901446087462e-08
1.658745482331318985e-08
1.667802763539740203e-08
1.677431346909419721e-08
1.687377958233846835e-08
1.697651065530125903e-08
1.708259856412034537e-08
1.719161884135837246e-08
1.730477844753322975e-08
1.742182077506400637e-08
1.754216055426158148e-08
1.766627732880096471e-08
1.779426788982943197e-08
1.792621695530787242e-08
1.806221665609339979e-08
1.820231089542124559e-08
1.834662204184460621e-08
1.849523553201559727e-08
1.864855465118155297e-08
1.880603938876302180e-08
1.896778735407557750e-08
1.913442878168610429e-08
1.930575859557336291e-08
1.948185675815091716e-08
1.965870191512674796e-08
1.984864110479758899e-08
2.003952106683410134e-08
2.023457877748194039e-08
2.043547739226707292e-08
2.064231750709217124e-08
2.085356339928274089e-08
2.107180080015134863e-08
2.129190926457336865e-08
2.151906196715315971e-08
2.175132377120339575e-08
2.198904244831943405e-08
2.223214679778446022e-08
2.248061112767421881e-08
2.273441288418343439e-08
2.299351100116050157e-08
2.325793530344133582e-08
2.352781052521405140e-08
2.380243376583242762e-08
2.408806659416869275e-08
2.436798639546113675e-08
2.465830216862116673e-08
2.495264855879066821e-08
2.525371749522004746e-08
2.555854070079307589e-08
2.586799806675531156e-08
2.618188263254943609e-08
2.650067783248697268e-08
2.682258813118547747e-08
2.714897390071983282e-08
2.747909686808803723e-08
2.781275758628999201e-08
2.814967950516235746e-08
2.848818595739952658e-08
2.883245996952030431e-08
2.915653799842998730e-08
2.952526488515480271e-08
2.987446055531678653e-08
3.022521067932847227e-08
3.057718245723076213e-08
3.092993006199485480e-08
3.128286113037960097e-08
3.163584341962411812e-08
3.198794315644130758e-08
3.235020212794204370e-08
3.268971547452130572e-08
3.303564448252925691e-08
3.338332631181633958e-08
3.372580615915700581e-08
3.406470003578236882e-08
3.439921703158292265e-08
3.472937697057336460e-08
3.505398602029181867e-08
3.537256650110810864e-08
3.568445493508751087e-08
3.598613771805575928e-08
3.628553647064892959e-08
3.658007171501472309e-08
3.685217827921137656e-08
3.712015973259242870e-08
3.737756357583700092e-08
3.762368182646553890e-08
3.785709550825810978e-08
3.807769808312788781e-08
3.828376485556892652e-08
3.849674445474653373e-08
3.865357374393817448e-08
3.881451428985667078e-08
3.895877923725932573e-08
3.908541116194077248e-08
3.919360113344699215e-08
3.928359147593714730e-08
3.935372464723745031e-08
3.940366057310156978e-08
3.943267336357209566e-08
3.943448394416317423e-08
3.942566107222839160e-08
3.938864467373953061e-08
3.932855393031099070e-08
3.924472173355080695e-08
3.913717397961952458e-08
3.900491532414287289e-08
3.884814437392162032e-08
3.866665265370183908e-08
3.845936272512818061e-08
3.822699510084648920e-08
3.796223401742008079e-08
3.768610552483345387e-08
3.737743665972949574e-08
3.704286634445529832e-08
3.668450031074853556e-08
3.630074894548162896e-08
3.589250843999901797e-08
3.546012732331831785e-08
3.499316156618964061e-08
3.452539708764455438e-08
3.402453670320753327e-08
3.350226465560373537e-08
3.295895024868168823e-08
3.239693029064129655e-08
3.181500446466782762e-08
3.121630373751423452e-08
3.060107199669335573e-08
2.997078317230787365e-08
2.932664147711042852e-08
2.867031113769649941e-08
2.800293224052164351e-08
2.732600036572248851e-08
2.664126235860479286e-08
2.595006416271488820e-08
2.525425094076963591e-08
2.455489841333246193e-08
2.385412602584708153e-08
2.315319910771433060e-08
2.245418983972034750e-08
2.175824005771296284e-08
2.106662582821585114e-08
2.038193241004177586e-08
1.970408763713100984e-08
1.903537430680741512e-08
1.837649971037138313e-08
1.772895134630876244e-08
1.709359686853337745e-08
1.647130593138444901e-08
1.586281780970559731e-08
1.526880348467693692e-08
1.468979879507856974e-08
1.412589220772103679e-08
1.357758308021039239e-08
1.304505858752822319e-08
1.252802380776082264e-08
1.202656617531595589e-08
1.154060610776589824e-08
1.106960828927126900e-08
1.061325020248431371e-08
1.017133066792181682e-08
9.743248388637433248e-09
9.328718509884454243e-09
8.926894254421435557e-09
8.537839045411155235e-09
8.160790470456500432e-09
7.795715066590970113e-09
7.442028675967243989e-09
7.099917730820087998e-09
6.768926663982487242e-09
6.449064741065874002e-09
6.140256374536904726e-09
5.842781542760115377e-09
5.556470954720149659e-09
5.281435162622645472e-09
5.017922301039708010e-09
4.765862585456948382e-09
4.525144628141115987e-09
4.295849331720741974e-09
4.077778051910342765e-09
3.870626851670021957e-09
3.674217217519771909e-09
3.488092928096324595e-09
3.311544642053470817e-09
3.144252330857979868e-09
2.985586341387921446e-09
2.835008429173727167e-09
2.692017948877605806e-09
2.556122657421118773e-09
2.426915926979925115e-09
2.304152096018419472e-09
2.187501076887578673e-09
2.076741740824856548e-09
1.971767189199236020e-09
1.872330458653834967e-09
1.778168902642493952e-09
1.689298810719959002e-09
1.605234316888484294e-09
1.525752200624163305e-09
1.450690332692442395e-09
1.379649410554430984e-09
1.312406341367385854e-09
1.248771572565501481e-09
1.188506522466399749e-09
1.131452770127941256e-09
1.077430121961600287e-09
1.026301776993158491e-09
9.778784137286972342e-10
9.320356542829655167e-10
8.885804926975173074e-10
8.473904608564990871e-10
8.083427898174286682e-10
7.712757758000817058e-10
7.360846755133679822e-10
7.026429664626696036e-10
6.708538234054116667e-10
6.406337799557829309e-10
6.118694208927012566e-10
5.844818891482211812e-10
5.583712493928428042e-10
5.334772324990534253e-10
5.097135969330839501e-10
4.870247044595405674e-10
4.653408326458309127e-10
4.446023885121126389e-10
4.247615390580253550e-10
4.057599607433233484e-10
3.875572631423906451e-10
3.701077019115726931e-10
3.533747094275596173e-10
3.373179355545415547e-10
3.219066341162360258e-10
3.071106584820156090e-10
2.928976506986782257e-10
2.792462106768917841e-10
2.661290175803484031e-10
2.535236977878419986e-10
2.414115587484623098e-10
2.297724593976499959e-10
2.185874968183068712e-10
2.078444321275886310e-10
1.975238272610583039e-10
1.876149692512513076e-10
1.781016573116700526e-10
1.689731646313790549e-10
1.602170862279774149e-10
1.518224923821976546e-10
1.437786008806955143e-10
1.360758833849746312e-10
1.287033437697050046e-10
1.216514354806141365e-10
1.149101833901708355e-10
1.084720827821357955e-10
1.023259191728724634e-10
9.646505746135393831e-11
9.087873038333685154e-11
8.555901295869046317e-11
8.049830581430494257e-11
7.568512167430943493e-11
7.111429860908438871e-11
6.677579352304373256e-11
6.266108117452370036e-11
5.876251595659883252e-11
5.507204717583082555e-11
5.158108215781739054e-11
4.828119013477343767e-11
4.516537616659235022e-11
4.222533360530971782e-11
3.945362094978481814e-11
3.684270878018862886e-11
3.438529796895263860e-11
3.207429814509896144e-11
2.990220738377420866e-11
2.786271730560387673e-11
2.594911676778995103e-11
2.415480228272151708e-11
2.247347105645328485e-11
2.089956280006543437e-11
1.942701684337936871e-11
1.805001963886461260e-11
1.676352427684940630e-11
1.556230807609253540e-11
1.444139758398131106e-11
1.339592282545171468e-11
1.242141855149200014e-11
1.151395611959797355e-11
1.066904056332629877e-11
9.883220642458854807e-12
9.152347242175860044e-12
8.472743248523684112e-12
7.841570532347792045e-12
7.255795406500236085e-12
6.712060540136506820e-12
6.208295342754580675e-12
5.740361850849700934e-12
5.307067740904765703e-12
4.905717302462920862e-12
4.534417904778092868e-12
4.190319521569992182e-12
3.871949446265173270e-12
3.577436799584846938e-12
3.304985229652469789e-12
3.053152547512581089e-12
2.820373748729839705e-12
2.605194826482499597e-12
2.406406617039486529e-12
2.222713820927909109e-12
2.053017256091972457e-12
1.896284819228027422e-12
1.751467419778054570e-12
1.617712909167955586e-12
1.494167915177681073e-12
1.379992262000758890e-12
1.274613269709792879e-12
1.177280561672915848e-12
1.087370686369530095e-12
1.004320717839829420e-12
9.275686590614298736e-13
8.567360176090646582e-13
7.913124209677267283e-13
7.306519900087896820e-13
6.748547542037011897e-13
6.234609511433903887e-13
5.758251160660756729e-13
5.318301778450714265e-13
4.911909198694628175e-13
4.536575806700404937e-13
4.189869701695116356e-13
3.869615184103166127e-13
3.573885337651290512e-13
3.300663974626881632e-13
3.048319401673307051e-13
2.815207424304398968e-13
2.599910852322574992e-13
2.401031125132030690e-13
2.217334304819624902e-13
2.047640271701465093e-13
1.890896267534790767e-13
1.746119186890407391e-13
1.612391851931251571e-13
1.488831433025866097e-13
1.374750129672486851e-13
1.269311332508855732e-13
1.171925319308273767e-13
1.081968278956621886e-13
9.988677567280982076e-14
9.220958702873517130e-14
8.511654277161809602e-14
7.856420493774607808e-14
7.251114017819374035e-14
6.691867007520766998e-14
6.175029230488181502e-14
5.697526262111214077e-14
5.256398246567837048e-14
4.848942160437899870e-14
4.472239093334339564e-14
4.124219137597084192e-14
3.802693558639526637e-14
3.505478846943716085e-14
3.230896582508680552e-14
2.976881946366630060e-14
2.742217673344949233e-14
2.525277379721946296e-14
2.324855061710798639e-14
2.139496468703903742e-14
1.968177259643214370e-14
1.809731334489411278e-14
1.663316891034051640e-14
1.527929037958798797e-14
1.402741866849519152e-14
1.286998836862227514e-14
1.179924140614680748e-14
1.080974757482434022e-14
9.894288811908557757e-15
9.047742800701167243e-15
8.265334319120855301e-15
7.542085748388712381e-15
6.873704344237674460e-15
6.255870882779786743e-15
5.684550142758879713e-15
5.156462821202125867e-15
4.669221502902836453e-15
4.219346482814882963e-15
3.803917657687018134e-15
3.421034585355587197e-15
3.068093848203156120e-15
2.743536649691382840e-15
2.444743086056923531e-15
2.170094905012698324e-15
1.918536652973767794e-15
