# bin_1_1
4.212353449415323138e-07
4.157487990382447401e-07
4.086095491837371256e-07
3.998089664818434661e-07
3.893830215072084740e-07
3.773936625774139055e-07
3.639333732755451748e-07
3.491342769590171119e-07
3.331475686841942589e-07
3.161743490491796906e-07
2.984273956428822107e-07
2.801512049072769519e-07
2.615917027578461302e-07
2.430101903154626556e-07
2.246577770225321988e-07
2.067726470841994537e-07
1.895556899346365790e-07
1.731658392214405664e-07
1.577073000110778942e-07
1.432434498140352122e-07
1.297840631605080414e-07
1.172987928542829506e-07
1.057274933350315931e-07
9.499857201128145819e-08
8.504858945578068728e-08
7.583358708146613333e-08
6.733917972921344940e-08
5.957748906435922936e-08
5.257129986773626625e-08
4.633230416980346924e-08
4.084067486621225162e-08
3.603593200663635496e-08
3.182807672834711082e-08
2.811881175406505727e-08
2.483450274960238737e-08
2.193482351158967309e-08
1.939701323482068321e-08
1.718977680248669225e-08
1.526571405377751037e-08
1.357746138780854023e-08
1.209321317638008719e-08
1.079036206052287868e-08
9.643846837486039644e-09
8.629634711118058055e-09
7.729737019202199796e-09
6.928584283068800899e-09
6.212414116196841718e-09
5.569956877307345358e-09
4.991084987848936456e-09
4.468990709893221272e-09
3.996505116499204620e-09
3.568182145981955120e-09
3.179408464010939698e-09
2.826422343281001899e-09
2.506032795003498169e-09
2.215541979044586243e-09
1.952597166049796985e-09
1.715108688952075737e-09
1.501179710281567453e-09
1.309085259087167372e-09
1.137230044856534317e-09
9.841096475091800066e-10
8.482439910148572944e-10
7.282774741258634597e-10
6.227859212630092552e-10
5.304817663435605347e-10
4.500115633651212281e-10
3.803414022854769059e-10
3.202727867686045560e-10
2.687298345843005389e-10
2.247074914769334949e-10
1.872476190600009949e-10
1.555506517011282291e-10
1.288334090324067968e-10
1.064086069875935069e-10
8.765587265140356202e-11
7.203193484830312256e-11
5.906100965039706647e-11
4.831930241820526834e-11
3.945515606986738452e-11
3.215722545427163953e-11
2.616318803856061901e-11
2.125054501639059242e-11
1.723173797296460647e-11
1.395020106995936641e-11
1.127442592934345767e-11
9.095524388073499212e-12
7.322840092959376267e-12
5.882260871756966232e-12
4.712527925988083729e-12
3.762997647269809889e-12
2.992901454014300979e-12
2.368609338750338792e-12
1.862970681230871324e-12
1.453793750844091117e-12
1.123010037699230267e-12
8.564253767939637790e-13
6.423307077329687905e-13
4.714076730694532239e-13
3.361416767496387871e-13
