# ximinus_3_2
2.392437748629899980e-08
6.087273385850090925e-09
2.168752641736210742e-08
5.147831428438316460e-09
1.979642848573682543e-08
4.463165269192673611e-09
1.822402008939842617e-08
4.015238869023523641e-09
1.695011544309344967e-08
3.792293551754992127e-09
1.596113944904309636e-08
3.788698773431153926e-09
1.525001170559850033e-08
4.004947665354516117e-09
1.481617656764538968e-08
4.447793789573677865e-09
1.466578178618387225e-08
5.130532880407507295e-09
1.481200251552015626e-08
6.073427488673706848e-09
1.527551422363340500e-08
7.304277981955633667e-09
1.608511408026657061e-08
8.859139807073075847e-09
1.727849043026234489e-08
1.078318514312113291e-08
1.890313667108550083e-08
1.313170385484128013e-08
2.101740084267418915e-08
1.597123077883832971e-08
2.369165402833536326e-08
1.938077873016183466e-08
2.700955042282803815e-08
2.345314202228612232e-08
3.106933534745578302e-08
2.829621867283164582e-08
3.598513868866338763e-08
3.403427527858248304e-08
4.188816365444227852e-08
4.080904930719741349e-08
4.892764721023051008e-08
4.878054621753406785e-08
5.727142921580399527e-08
5.812734459403026627e-08
6.710591713814723113e-08
6.904616947340368271e-08
7.863517863851428013e-08
8.175043712050008281e-08
9.207883501352159444e-08
9.646741309235683509e-08
1.076683670537423640e-07
1.134335681748309518e-07
1.256413940252008777e-07
1.328876723300242259e-07
1.462334513341494467e-07
1.550611484727123280e-07
1.696667972623769899e-07
1.801652380684657943e-07
1.961358407775614544e-07
2.083746353671612384e-07
2.257889389587447059e-07
2.398074610378750544e-07
2.587065947860942716e-07
2.745018105244810317e-07
2.948765433209214713e-07
3.123896697299639120e-07
3.341668812643661782e-07
3.532697780106666610e-07
3.762993070609014857e-07
3.967820534870567223e-07
4.208256921790308758e-07
4.423874552953979879e-07
4.671125458555127785e-07
4.893585472345328411e-07
5.143393244958684611e-07
5.367873450857376627e-07
5.615176956364297106e-07
5.836179221609898483e-07
6.075393582552649722e-07
6.287111798677423849e-07
6.512592147340639288e-07
6.709474460946690170e-07
6.916177953278259344e-07
7.093683068642739336e-07
7.278010181654717301e-07
7.433515345228718519e-07
7.594260008054939886e-07
7.728017809368497102e-07
7.867287505046882991e-07
7.983254388026916169e-07
8.107144671254458866e-07
8.213429779088693376e-07
8.332172367842370727e-07
8.440807358845068408e-07
8.568090247517050144e-07
8.693838612357250308e-07
8.845065231692977563e-07
9.003120747353414350e-07
9.192578984452854179e-07
9.395285978146323909e-07
9.632560796682160088e-07
9.885723722839014018e-07
1.017217440332028369e-06
1.047203045836393619e-06
1.079862928706291663e-06
1.113093764748261936e-06
1.147897103691998841e-06
1.182161198042343333e-06
1.216733170204287170e-06
1.249696823317598488e-06
1.281997057306542054e-06
1.312155842041613269e-06
1.341453484025645852e-06
1.369015120098928094e-06
1.396545115669989042e-06
1.423721824288712231e-06
1.452494791612747360e-06
1.482756926439637671e-06
1.516255068236499066e-06
1.552563268051863533e-06
1.592710693405844771e-06
1.635528240966139547e-06
1.681120703021900583e-06
1.727649053402930762e-06
1.774713867899937076e-06
1.820529220759895161e-06
1.865135265439102370e-06
1.907759327189491142e-06
1.949638955258272946e-06
1.991308219877643189e-06
2.034875073553445705e-06
2.081183453159951674e-06
2.131730488833797543e-06
2.186059898609441611e-06
2.243844546089871500e-06
2.302994758300130513e-06
2.362216104799413590e-06
2.419724527067506436e-06
2.475732998945525433e-06
2.530833113299320825e-06
2.587445449554972606e-06
2.647274788096097653e-06
2.711967180472973025e-06
2.780789809135440889e-06
2.852250955721826083e-06
2.923499772299420707e-06
2.993228095228525619e-06
3.061343656634031891e-06
3.130404975416257898e-06
3.202948252843637599e-06
3.280885242535663468e-06
3.362925094982950603e-06
3.446408852385237440e-06
3.528289889529253097e-06
3.608730435232381621e-06
3.690244057264224187e-06
3.776582291020777088e-06
3.868285602052659144e-06
3.962832546738310016e-06
4.056145451507001553e-06
4.147856463151160507e-06
4.241162650849814582e-06
4.340158004320668979e-06
4.443963593534384300e-06
4.548337329533986009e-06
4.650368882010714932e-06
4.753496806547230667e-06
4.862098107831968906e-06
4.975611753920613028e-06
5.088312727715432144e-06
5.199221734957015499e-06
5.313310411859218560e-06
5.433632275703875305e-06
5.554711280913085204e-06
5.673324681574901188e-06
5.794297928997044863e-06
5.921449577544548504e-06
6.048439134175060803e-06
6.173054482089494196e-06
6.301652318322840879e-06
6.434699750738115238e-06
6.564487667519141247e-06
6.695019942964541809e-06
6.830780679787467684e-06
6.964799161400100702e-06
7.096999560150998950e-06
7.234690736933439430e-06
7.369824195314864947e-06
7.503568497623267175e-06
7.641463038515606304e-06
7.775568475160502397e-06
7.909502285923558949e-06
8.045825109362329813e-06
8.176142124710640604e-06
8.310319267902146402e-06
8.439516526628841774e-06
8.568539117549918898e-06
8.696113493033255551e-06
8.819704530989097040e-06
8.943568138378990971e-06
9.061948257868113522e-06
9.180374982310937645e-06
9.293264286665181610e-06
9.405254369261159252e-06
9.512075806637419040e-06
9.617115977751031547e-06
9.717369500031200697e-06
9.815274585276943662e-06
9.908754209639136459e-06
9.999657555697648133e-06
1.008655095173024550e-05
1.017095299153205353e-05
1.025188678134619534e-05
1.033069781920793967e-05
1.040674767813951753e-05
1.048129423022669519e-05
1.055395364267166013e-05
1.062593162143902609e-05
1.069702661698781683e-05
1.076839065313436565e-05
1.083993100107533117e-05
1.091271608273349605e-05
1.098668268860347632e-05
1.106276567941701200e-05
1.114084855150626371e-05
1.122167366629197187e-05
1.130499382899459141e-05
1.139130610858044566e-05
1.148017527171142422e-05
1.157182506491807887e-05
1.166561278537561661e-05
1.176150463397426252e-05
1.185868516746927546e-05
1.195693622921579843e-05
1.205536582025435882e-05
1.215370217360418388e-05
1.225112424457723915e-05
1.234747379346197861e-05
1.244216567116599363e-05
1.253531286863685417e-05
1.262669185843601917e-05
1.271677155171501416e-05
1.280571106827306985e-05
1.289428719743102074e-05
1.298291269124775567e-05
1.307247039109193912e-05
1.316335983577366479e-05
1.325626701041601007e-05
1.335126951353783143e-05
1.344858859741020568e-05
1.354779443152409394e-05
1.364858531470630176e-05
1.375011827562127175e-05
1.385182597783079594e-05
1.395284870852100968e-05
1.405283938480410371e-05
1.415141334228904328e-05
1.424884494440691827e-05
1.434543393019944487e-05
1.444202095424981834e-05
1.453924249390051159e-05
1.463790985517168588e-05
1.473826757364418041e-05
1.484041431294520710e-05
1.494376182590712473e-05
1.504766376032805140e-05
1.515114125833952980e-05
1.525364458146149552e-05
1.535481440226889175e-05
1.545504243079398265e-05
1.555493063631228632e-05
1.565545078023285194e-05
1.575715301965249280e-05
1.586027054596996939e-05
1.596422489989901216e-05
1.606821144220562864e-05
1.617124730379932427e-05
1.627299850232714250e-05
1.637366053589672511e-05
1.647414984334502958e-05
1.657526013122774921e-05
1.667740969196424228e-05
1.678005514681383116e-05
1.688227206859431307e-05
1.698314487386033106e-05
1.708267986855468648e-05
1.718157400153483099e-05
1.728083795962764119e-05
1.738067454809695805e-05
1.748042330510477004e-05
1.757893309144501525e-05
1.767583375012500010e-05
1.777173203352841227e-05
1.786769203016061707e-05
1.796382937162460780e-05
1.805922447977769335e-05
1.815282387290351169e-05
1.824484500567010459e-05
1.833632254015252365e-05
1.842771763767610604e-05
1.851806155115629342e-05
1.860640924254427259e-05
1.869313931228157164e-05
1.877930212435323604e-05
1.886463600975864024e-05
1.894797185009029186e-05
1.902922224853831240e-05
1.910948227416898776e-05
1.918866971886910348e-05
1.926558242085870591e-05
1.934028546158126770e-05
1.941381029934945079e-05
1.948559145137171179e-05
1.955468885644138756e-05
1.962192145886111893e-05
1.968754798153596122e-05
1.975040864309199619e-05
1.981092551973299463e-05
1.986969408537210256e-05
1.992550453122636075e-05
1.997874340778400210e-05
2.002991536266759907e-05
2.007787081547984944e-05
2.012325202721061118e-05
2.016603744290182306e-05
2.020533731919854777e-05
2.024219769762909766e-05
2.027558075253787858e-05
2.030598736973754492e-05
2.033321200456928525e-05
2.035693183830076568e-05
2.037760205814558124e-05
2.039457036415941076e-05
2.040832021078480669e-05
2.041823653612521010e-05
2.042480425613073093e-05
2.042744831634644813e-05
2.042649786442356379e-05
2.042154504539426830e-05
2.041277023560229904e-05
2.039990074302439367e-05
2.038306097914009728e-05
2.036201329148616649e-05
2.033689223675503273e-05
2.030750461242031741e-05
2.027390317023539156e-05
2.023589916768279043e-05
2.019355079171238434e-05
2.014670037466959949e-05
2.009540020932338376e-05
2.003953047362352981e-05
1.997916267665220838e-05
1.991419654411772489e-05
1.984468633675868520e-05
1.977049958794540666e-05
1.969171623526891728e-05
1.960827425735039387e-05
1.952028785846109330e-05
1.942774852376666676e-05
1.933077824093762175e-05
1.922934507537274785e-05
1.912351947156985154e-05
1.901330540063883885e-05
1.889882819245085869e-05
1.878012378966387286e-05
1.865729555006353618e-05
1.853033852148079256e-05
1.839933232185035755e-05
1.826426865654075981e-05
1.812527612483917346e-05
1.798237530063515841e-05
1.783563156485347263e-05
1.768504140801948043e-05
1.753077595751897948e-05
1.737297510469156412e-05
1.721178455812938534e-05
1.704726340333985815e-05
1.687959975670871553e-05
1.670896403389731018e-05
1.653558159202390311e-05
1.635952093560301805e-05
1.618094354248059816e-05
1.599999186208576763e-05
1.581679866781125369e-05
1.563141635676828641e-05
1.544401479357626240e-05
1.525466387000872470e-05
1.506352117590707245e-05
1.487079173541011236e-05
1.467670324312568405e-05
1.448132941229522245e-05
1.428490958195880333e-05
1.408758409145901437e-05
1.388944136198392444e-05
1.369064360098219021e-05
1.349130874966821178e-05
1.329141256714434953e-05
1.309121718728645119e-05
1.289086010502220679e-05
1.269049217127210294e-05
1.249032472017328216e-05
1.229056385883934917e-05
1.209126268978906141e-05
1.189256177194548252e-05
1.169452615702070352e-05
1.149721451364835569e-05
1.130086941825626929e-05
1.110571484302656548e-05
1.091186169973364124e-05
1.071941304373768460e-05
1.052834939671646419e-05
1.033865336195711199e-05
1.015041942178154066e-05
9.963897392965851633e-06
9.779287762810324217e-06
9.596605265040719930e-06
9.415714231632318532e-06
9.236737977694376459e-06
9.059867369210515607e-06
8.885310933816502527e-06
8.713151764343450478e-06
8.543253589546208457e-06
8.375498473823169034e-06
8.210225012002016220e-06
8.047504760576854781e-06
7.887104015529089075e-06
7.729050539093628141e-06
7.573566701704191870e-06
7.420739174086283822e-06
7.270555195881885491e-06
7.122939520956719711e-06
6.978012272275048946e-06
6.835801167744510989e-06
6.696142543576798936e-06
6.558983827889254256e-06
6.424503449471579856e-06
6.292710110454009184e-06
6.163564810850616520e-06
6.037085798421598494e-06
5.913281413012639437e-06
5.791991490390267073e-06
5.673234461879886518e-06
5.557067939985863737e-06
5.443431252226629298e-06
5.332421210401624525e-06
5.223973570016534856e-06
5.117815190891774696e-06
5.014162493239220307e-06
4.912836234633674389e-06
4.813873607449990760e-06
4.717382983268152560e-06
4.623199682000292608e-06
4.531148670590782888e-06
4.441282245704326544e-06
4.353695376363475903e-06
4.268150299413867371e-06
4.184791257590735270e-06
4.103460283848229593e-06
4.024028699749801142e-06
3.946661353331020200e-06
3.871274270009663528e-06
3.797617270297550007e-06
3.725814346324050795e-06
3.655849244672557415e-06
3.587613306736393878e-06
3.521028450800163133e-06
3.456033884059950152e-06
3.392678998547826163e-06
3.330930970537842265e-06
3.270586427715428666e-06
3.211727686393496723e-06
3.154344414550514650e-06
3.098238973846385035e-06
3.043486862474087037e-06
2.990066093983473122e-06
2.937772695935270285e-06
2.886710452428908306e-06
2.836866873287762401e-06
2.788067025786635857e-06
2.740359519744668868e-06
2.693730345578470989e-06
2.648079360168150638e-06
2.603368520402104410e-06
2.559631800611737117e-06
2.516788346049102561e-06
2.474780794157014078e-06
2.433668121921198696e-06
2.393304368523265389e-06
2.353689858183085181e-06
2.314850656459045485e-06
2.276665123520820609e-06
2.239151969193215235e-06
2.202327504590588534e-06
2.166060053711724240e-06
2.130377110942849044e-06
2.095324091151084752e-06
2.060754803042414201e-06
2.026736435266790537e-06
1.993271873840022875e-06
1.960218679565448264e-06
1.927680323600534575e-06
1.895638604542303704e-06
1.863946895257302376e-06
1.832701708843738302e-06
1.801889992674072176e-06
1.771364735501689116e-06
1.741238419330833363e-06
1.711492622466910147e-06
1.681995194826216778e-06
1.652883275686924328e-06
1.624128138887991908e-06
1.595595026655565150e-06
1.567428858995779649e-06
1.539598391960059153e-06
1.511975482175681502e-06
1.484715427901415326e-06
1.457800405008504136e-06
1.431128257376820032e-06
1.404850733595619800e-06
1.378941178266236772e-06
1.353286215816646168e-06
1.327999258683442816e-06
1.303020659611455018e-06
1.278225295717784253e-06
1.253698594009451556e-06
1.229361155789554614e-06
1.205116255097102906e-06
1.181042798458811521e-06
1.157056833710772357e-06
1.133084099846119447e-06
1.109196273862311555e-06
1.085357010826943369e-06
1.061541418685743921e-06
1.037867519744046303e-06
1.014335423330843693e-06
9.909440892232343300e-07
9.677955858420371960e-07
9.449136582154277326e-07
9.223252021873519224e-07
9.001185663251436310e-07
8.782704574239060086e-07
8.567769606636681649e-07
8.357125668778135433e-07
8.150732785359989400e-07
7.948369915330178550e-07
7.750170467318933158e-07
7.555804987825575405e-07
7.365188992670096765e-07
7.178309075769774801e-07
6.995015261786592203e-07
6.815491264270548125e-07
6.639584298300021750e-07
6.466704772454873431e-07
6.296915860521857579e-07
6.130346501946278532e-07
5.966899913324343312e-07
5.806862415737761645e-07
5.650125131005988858e-07
5.496129703047852547e-07
5.344971870514617928e-07
5.196816778786598876e-07
5.051542900233788949e-07
4.908703237739349117e-07
4.768070792776210683e-07
4.629974018771422674e-07
4.494468333412337782e-07
4.361588603439389490e-07
4.231344035691331254e-07
4.103417391434945964e-07
3.978058858169056680e-07
3.855229827058085648e-07
3.734508101787759111e-07
3.616233250863334851e-07
3.500953773733872145e-07
3.388236930218610355e-07
3.277852788448468306e-07
3.169851549507183880e-07
3.063986725386630764e-07
2.960218511691035279e-07
2.858993305976317629e-07
2.760519041535496679e-07
2.664749721195047682e-07
2.571177340003131915e-07
2.479398508103801579e-07
2.390026349797446221e-07
2.303644710918077292e-07
2.219738596679376419e-07
2.137834809290898961e-07
2.057608137869260023e-07
1.979462436092213791e-07
1.904140061533724896e-07
1.831863170071234893e-07
1.761365792115549678e-07
1.692100288237780151e-07
1.625271663462857864e-07
1.560895471371062466e-07
1.498612012434293899e-07
1.438195074279224860e-07
1.379707581849858620e-07
1.323376228714533394e-07
1.268877968948173768e-07
1.215948675046349580e-07
1.165032011917678578e-07
1.116081904999727680e-07
1.068781700067035317e-07
1.023095305303605313e-07
9.790550654859703291e-08
9.366202674594711903e-08
8.958981476393891964e-08
8.567534663362978800e-08
8.190088938502913052e-08
7.825960145916031738e-08
7.477417226879332636e-08
7.144012269069533732e-08
6.820573783581801361e-08
6.511810529584577653e-08
6.214752714665316671e-08
5.929958891418802480e-08
5.657174836753080297e-08
5.394276733039127973e-08
5.144190121669621046e-08
4.903413841174822653e-08
4.673937967206009821e-08
4.452854275954561486e-08
4.243089371840406596e-08
4.040736444731365518e-08
3.847862061383622841e-08
3.663080424506989458e-08
3.486267975033123841e-08
3.317501062674471228e-08
3.156186160908332709e-08
3.002826891913232094e-08
2.856110606864891430e-08
2.716061065812294665e-08
2.582491638878355774e-08
2.454414895846656575e-08
2.332488883732195881e-08
2.216546098382443845e-08
2.106101926946522358e-08
2.001046772791014627e-08
1.901041244963187430e-08
1.805316475664321488e-08
1.713550418622984112e-08
1.627079055614662940e-08
1.544275972112944122e-08
1.465903421320687328e-08
1.391370463834709382e-08
1.319792345784103334e-08
1.251613948368647714e-08
1.187470411038520504e-08
1.126178325191745074e-08
1.068234124013243150e-08
1.013105013101309487e-08
9.601594195001025190e-09
9.102844245916473684e-09
8.634919371825015703e-09
8.184182300068711484e-09
7.753808009365404564e-09
7.347085586363179369e-09
6.961966337844343264e-09
6.597049182345937725e-09
6.247872593427083738e-09
5.915248036449850180e-09
5.606231690712953036e-09
5.311738669572492144e-09
5.027394406049310893e-09
4.762715900386654623e-09
4.513628164658918122e-09
4.270421817036226408e-09
4.042118130557212683e-09
3.829269404146899361e-09
3.621271120439434192e-09
3.427128644880080727e-09
3.248290365433377739e-09
3.072548538622697351e-09
2.909073457122219905e-09
2.756031787924814729e-09
2.604251424337626456e-09
2.465046076054071573e-09
2.333321081025817507e-09
2.205807916628136057e-09
2.089927926219434001e-09
1.978791531681196970e-09
1.871538323331519438e-09
1.770266844016322229e-09
1.674893370462309292e-09
1.583049233757858476e-09
1.499576967066240022e-09
1.420604819773840964e-09
1.342153752949369052e-09
1.269378050148342449e-09
1.200788513747835753e-09
1.135544226664305272e-09
1.076099293375956494e-09
1.018482893975400280e-09
9.612768855331237914e-10
9.097670144285154859e-10
8.618292945705012252e-10
8.150145518414011998e-10
7.712699308781759494e-10
7.292088066631182339e-10
6.897043572230964612e-10
6.541279900275106155e-10
6.185671888986719409e-10
5.838001621013601978e-10
5.536232935160028185e-10
5.243910199817301447e-10
4.950113389894686038e-10
4.688910549766610641e-10
4.445096025996142964e-10
4.199966734194391283e-10
3.973739869696337355e-10
3.764634504294873469e-10
3.559433156693091552e-10
3.368422122733833548e-10
3.190423693842368022e-10
3.017097537850072652e-10
2.857789744008040681e-10
2.708261764092025780e-10
2.560599131187576361e-10
2.428741632416494064e-10
2.300375778247883336e-10
2.172836039362709145e-10
2.063784908174914161e-10
1.949115511090790916e-10
1.846264302287974148e-10
1.751590283952724178e-10
1.653980164182972069e-10
1.567464794417932019e-10
1.486724535796100334e-10
1.407508121761237440e-10
1.333107116900040103e-10
1.267312419467184188e-10
1.197285300131901196e-10
1.134146576269558382e-10
1.075501726903051515e-10
1.016866353772881952e-10
9.639343988164344172e-11
9.161519835581087099e-11
8.661069395473490485e-11
8.223931765373800703e-11
7.813479163210406161e-11
7.387049376864112413e-11
6.995920415033033364e-11
6.640623607062686991e-11
6.284396137469431428e-11
5.972265179773914818e-11
5.676271341153278042e-11
5.367872549648483787e-11
5.089039006184065309e-11
4.831139165741730870e-11
4.566210169194657809e-11
4.343976660833512589e-11
4.135858091982730418e-11
3.910950499330802460e-11
3.706443276546144735e-11
3.520698364590674438e-11
3.338000221452490381e-11
3.175132550278487115e-11
3.017773645513477190e-11
2.850693208778319503e-11
2.704162420647468682e-11
2.574953097437594695e-11
2.441804164998871368e-11
2.317215222798905919e-11
2.196975466418441400e-11
2.086698834936512230e-11
1.988747494264498455e-11
1.883693129404343579e-11
1.783243946607117497e-11
1.699426636191024725e-11
1.615308834664476928e-11
1.525895814255412926e-11
1.449146544923917564e-11
1.382277614065745097e-11
1.308670597895559807e-11
1.240705173437530456e-11
1.182718607831762067e-11
1.121165675462098881e-11
1.061266283091106916e-11
1.011769101510559556e-11
9.583847340303766531e-12
9.089050858993649665e-12
8.668423345415492263e-12
8.195980273266063169e-12
7.773597681473188506e-12
7.387337659344416396e-12
6.975457046139749383e-12
6.642113143393001545e-12
6.287686037269414492e-12
5.963476889752701767e-12
5.647488279507719551e-12
5.336400867109210977e-12
5.053743081115208529e-12
4.780147870244419881e-12
4.524146340684364014e-12
4.264319535975117062e-12
4.029657706793723937e-12
3.802371151517428443e-12
3.588652937227091932e-12
3.374451650973945565e-12
3.162755753288762796e-12
2.968599037895956115e-12
2.792512001490864742e-12
2.613210629951475971e-12
2.437433389291480126e-12
2.273682396116628386e-12
2.121421769293889502e-12
1.967372052745925704e-12
1.823775967174392615e-12
1.693127986486647937e-12
1.561543462576833091e-12
1.428515255726174492e-12
1.312280558199762100e-12
1.203840345748274130e-12
1.095742483199758158e-12
9.987626741152733921e-13
9.066479679047134194e-13
8.189749623009432367e-13
7.440283434171407488e-13
6.680242499117298168e-13
5.987941255098055624e-13
5.429488510013709619e-13
4.903066380163100790e-13
4.466580975365846975e-13
4.039726256405960960e-13
3.694905174815329905e-13
3.414129087681792319e-13
3.160139525924697584e-13
2.995414327191199958e-13
2.851148152217951290e-13
2.736639147579378170e-13
2.619792719801568441e-13
2.555450157933204071e-13
2.489331389769391366e-13
2.435305204154318541e-13
2.372960081941428546e-13
2.282133398636397743e-13
2.177699598809721452e-13
2.086000991098270109e-13
1.959353143498724021e-13
1.813764680990672582e-13
1.635476538407345375e-13
1.478482296301821330e-13
1.322890342151672968e-13
1.148095398277434235e-13
9.931838968938971619e-14
8.668490960062566370e-14
7.693974739596638340e-14
6.788607115085085008e-14
6.272572661662109177e-14
6.086009581841767499e-14
6.023575948012907395e-14
5.994132293539340552e-14
6.171121006039335402e-14
6.205647718110005971e-14
6.050100627363397733e-14
5.859166474642578911e-14
5.393904115068070407e-14
4.756176044871505751e-14
4.133767036527682331e-14
3.407025016020239583e-14
2.843426113136238771e-14
2.445775827986928296e-14
2.211575081484817617e-14
2.230175169934851493e-14
2.316351322980850499e-14
2.479416290688317036e-14
2.546576994541607488e-14
2.481348757503072580e-14
2.276851608229325589e-14
1.921451111866703619e-14
1.559790617815602754e-14
1.232247959128962023e-14
1.060966724229990030e-14
1.033644787442827281e-14
1.140712016388305405e-14
1.257150826498424581e-14
1.307160988414581928e-14
1.207712055061709907e-14
9.969317678393123936e-15
7.546917448122807300e-15
5.943898863196902616e-15
5.603620327215646083e-15
6.414147159381582774e-15
7.339518030111956869e-15
7.489951540100108691e-15
6.462653986189605676e-15
4.753960531433771603e-15
3.422596521944779850e-15
3.397207302817005262e-15
4.240219664663326948e-15
4.859453477981198322e-15
4.412532401048820054e-15
3.149421905134184312e-15
2.143763446402877616e-15
2.265919606583699818e-15
3.053160405308437931e-15
3.305646861430593095e-15
2.468439304474049533e-15
1.486532204308397081e-15
1.510379073108537233e-15
2.218578914895166746e-15
2.294273244823253656e-15
1.490270160204456601e-15
9.435617986064412823e-16
1.381819868895322440e-15
1.775499779207946770e-15
1.239300133306719748e-15
7.089669408668056083e-16
1.022934377182933570e-15
1.329631131745431338e-15
8.429924033031245742e-16
5.417345594674555794e-16
9.334151603724365899e-16
9.090239687341547455e-16
4.590582264942540482e-16
5.879281019184474185e-16
7.958798234320857610e-16
4.228312198479900899e-16
4.211573127318549122e-16
6.470847429291217836e-16
3.379494821510509713e-16
3.609061505472412254e-16
5.133968613696087602e-16
2.293584692910924381e-16
3.713551001190551622e-16
3.464002290734981769e-16
1.909199366688714251e-16
3.636471401198032947e-16
1.689700615085340513e-16
2.689517519655925814e-16
2.050792405824231408e-16
1.806925192745885071e-16
2.142980285187582311e-16
1.352100979704698047e-16
1.945436393212640399e-16
1.156742822696055869e-16
1.656225073447418293e-16
1.044878016072617666e-16
1.387571476617302230e-16
9.453904795535923674e-17
1.166941684085927520e-16
8.449437537080433424e-17
9.895058558557485562e-17
7.465989993140417604e-17
8.450302915834905472e-17
6.544850125253742749e-17
7.252820436265734182e-17
5.708040048236873146e-17
6.245969107159930561e-17
4.961787125668663831e-17
5.391042263688466799e-17
4.303572356834413531e-17
4.660447197161075122e-17
3.726864888796971648e-17
4.033489152912567497e-17
3.223681520664859886e-17
3.493967766965776652e-17
2.785851998035529844e-17
3.028798149656781405e-17
2.405605505154600641e-17
2.627183047144513077e-17
2.075816261783235528e-17
2.280084311616970787e-17
1.790080796717461822e-17
1.979863380314447338e-17
1.542713525447495395e-17
1.720022414035404848e-17
1.328704273280932245e-17
1.495009047745319468e-17
1.143659912699177009e-17
1.300063753189851147e-17
9.837414075083018907e-18
1.131097275183561765e-17
8.456019425483991690e-18
9.845903137153302373e-18
7.263288927505234025e-18
8.575102318360679208e-18
6.233907908343218580e-18
7.472412065887617163e-18
5.345896468196136190e-18
6.515252181061063502e-18
4.580185265595627926e-18
5.684119191258668980e-18
3.920240634956173185e-18
4.962158825521010371e-18
3.351735097023747533e-18
4.334800305514767051e-18
2.862258637275429640e-18
3.789442755429448775e-18
2.441066522900083418e-18
3.315185899190379262e-18
2.078859347509804992e-18
2.902598444930428929e-18
1.767591607500989146e-18
2.543518693056921502e-18
1.500305218253988035e-18
2.230882771752773358e-18
1.270984985060231145e-18
1.958576577629279519e-18
1.074433133916849997e-18
1.721308106973251156e-18
9.061606288485601953e-19
1.514497396892897942e-18
7.622930114839376999e-19
1.334181591642249632e-18
6.394889526810133204e-19
1.176933176265198938e-18
5.348699119570148417e-19
1.039789498037392039e-18
4.459594389604098924e-19
9.201921972861426848e-19
3.706309402865644731e-19
8.159351507490079525e-19
3.070628306145143492e-19
7.251199149325405993e-19
2.537001855326635258e-19
6.461176817029930519e-19
2.092221079654648159e-19
5.775369984511787436e-19
1.725141398683223019e-19
5.181965570823698587e-19
1.426452241452050936e-19
