# ximinus_2_1
5.355221841484523228e-09
1.725424769776156131e-08
4.180125906111972669e-09
1.557315873703657106e-08
3.211163488798219417e-09
1.411236805179671894e-08
2.423167836872437458e-09
1.284809045632188021e-08
1.795241591189023272e-09
1.176054369162303145e-08
1.310331972225165324e-09
1.083358174327132854e-08
9.548907054037643676e-10
1.005440629380771175e-08
7.186116080566237294e-10
9.413350474029856225e-09
5.942395792913083551e-10
8.903729438978123209e-09
5.774464283154689397e-10
8.521754356782950925e-09
6.667687285738489027e-10
8.266505584209729328e-09
8.636054789569635101e-10
8.139962223961362625e-09
1.172270801955814763e-09
8.147084833789380730e-09
1.600099145341786792e-09
8.295947142293264939e-09
2.157597532614205098e-09
8.597912074203982567e-09
2.858639801724306690e-09
9.067844851868018547e-09
3.720693829095993542e-09
9.724353560246058900e-09
4.765070013012409615e-09
1.059004324539254502e-08
6.017175057607792443e-09
1.169176425840454863e-08
7.506748292884944574e-09
1.306082918811915401e-08
9.268050147639103394e-09
1.473316302734464981e-08
1.133996337755401158e-08
1.674934197207220848e-08
1.376595560518120431e-08
1.915446291632180309e-08
1.659383899078987777e-08
2.199777267970414910e-08
1.987524875896643602e-08
2.533197146691608154e-08
2.366474807067266997e-08
2.921209140192317157e-08
2.801845411545338223e-08
3.369384054014466424e-08
3.299207289438994889e-08
3.883129852848226003e-08
3.863823031763937237e-08
4.467385712444357023e-08
4.500300286405087481e-08
5.126232367706037413e-08
5.212158725945640825e-08
5.862415676904518068e-08
6.001311670723545992e-08
6.676788922518013601e-08
6.867473853869801264e-08
7.567692655310263424e-08
7.807522761152014017e-08
8.530309529449174990e-08
8.814862551631149425e-08
9.556056187392122752e-08
9.878866991133343091e-08
1.063210413869008733e-07
1.098450967890543554e-07
1.174115457234197614e-07
1.211232281370956957e-07
1.286162337533464081e-07
1.323885330495025462e-07
1.396841379273774263e-07
1.433779671723101799e-07
1.503445264019139456e-07
1.538197044527703664e-07
1.603312460082902825e-07
1.634621888879012334e-07
1.694163816057320199e-07
1.721120531036640809e-07
1.774517775654005322e-07
1.796782283395168606e-07
1.844143103965329279e-07
1.862165107308487219e-07
1.904474152094203279e-07
1.919652661075180982e-07
1.958877848022835589e-07
1.973596414785456199e-07
2.012634693704053647e-07
2.030100181596071877e-07
2.072495344992303235e-07
2.096324897260342720e-07
2.145721701718548375e-07
2.179270917197670964e-07
2.238636928698385614e-07
2.284148372004221453e-07
2.354898139342488160e-07
2.412664959789328982e-07
2.493941279465282700e-07
2.561793672688539634e-07
2.650250915111333682e-07
2.723721690252222354e-07
2.814141940041603050e-07
2.887569484833773437e-07
2.974442870075380459e-07
3.042959065679524958e-07
3.122740460876872750e-07
3.184584659242361337e-07
3.257789428491127008e-07
3.315866715042455039e-07
3.387765872514791859e-07
3.449197400143698650e-07
3.528048229145736649e-07
3.601078132735162768e-07
3.693930408568834811e-07
3.783110006389369949e-07
3.891089320688888308e-07
3.993549878469409093e-07
4.110041811762864429e-07
4.216346105891221530e-07
4.330877103617487931e-07
4.431684940529757238e-07
4.538394040584468629e-07
4.633056622904836208e-07
4.737268354370226269e-07
4.836246594355729272e-07
4.951254401547479328e-07
5.067101641712794604e-07
5.200955796623351454e-07
5.334283924942101839e-07
5.479420386370163189e-07
5.616468789554723889e-07
5.757581077633606280e-07
5.887318921148458481e-07
6.022612434871912790e-07
6.154097225890536846e-07
6.300534055478541048e-07
6.451514061161580698e-07
6.619247782544142420e-07
6.786631671733600800e-07
6.960123192064930716e-07
7.123762391397468235e-07
7.289861960037262402e-07
7.452307689670911756e-07
7.628998435872595842e-07
7.812924527456331285e-07
8.012290735362962182e-07
8.209846894962172049e-07
8.409047713139623056e-07
8.599906041552075982e-07
8.798515945948283503e-07
9.003949284805673326e-07
9.227099983766506977e-07
9.452672720430520880e-07
9.680110824453475348e-07
9.899713231223029795e-07
1.012771495448618195e-06
1.036546443083176692e-06
1.061908862532612741e-06
1.087059848775846153e-06
1.112088305230568873e-06
1.137058958349935222e-06
1.163750358836221528e-06
1.191318202409490977e-06
1.219107326153262569e-06
1.246211520995050150e-06
1.274478110311415304e-06
1.303993559915497944e-06
1.334093685190969855e-06
1.363409729146132216e-06
1.393689972759491813e-06
1.425268541495955424e-06
1.457215415679582699e-06
1.488464449499972123e-06
1.521069832632818501e-06
1.554630299464312774e-06
1.587836772992770736e-06
1.621154319112091501e-06
1.656141535983754138e-06
1.690686082609573066e-06
1.725240748332159334e-06
1.761105224367804428e-06
1.796818229286577980e-06
1.832245493771841166e-06
1.869127207982698339e-06
1.905189719761202320e-06
1.941695741697686730e-06
1.978882047217374498e-06
2.015140626020572920e-06
2.052458784013233440e-06
2.089102036962963183e-06
2.125872612030159047e-06
2.162809972370053481e-06
2.198988356365698155e-06
2.235737523676935068e-06
2.271378702096884480e-06
2.307521904410587128e-06
2.342537914067673817e-06
2.377802479343135287e-06
2.412004693520280170e-06
2.446200269039376441e-06
2.479382538066281922e-06
2.512358351775062337e-06
2.544344021879651610e-06
2.575983095901680303e-06
2.606646373013712335e-06
2.636876366676255155e-06
2.666154312378020064e-06
2.694961210203567992e-06
2.722862320029002318e-06
2.750301103117159938e-06
2.776910344390173319e-06
2.803109852471120206e-06
2.828588059650487315e-06
2.853748021366593228e-06
2.878323384535344888e-06
2.902702034940608209e-06
2.926652126053529995e-06
2.950543745487073308e-06
2.974167939050726366e-06
2.997871289257962674e-06
3.021455536810316886e-06
3.045236500911250677e-06
3.069015041908311122e-06
3.093069460368083510e-06
3.117190702527556188e-06
3.141615733224073166e-06
3.166121324969777673e-06
3.190904563290564012e-06
3.215730404033648536e-06
3.240764212368734772e-06
3.265768604677704462e-06
3.290891643683248519e-06
3.315908434595589293e-06
3.340967358538390060e-06
3.365871723160480404e-06
3.390785457477738734e-06
3.415550216762181632e-06
3.440351657819787703e-06
3.465068194398543935e-06
3.489899642807981348e-06
3.514745530032987468e-06
3.539799492553829352e-06
3.564957310299555429e-06
3.590382213640566682e-06
3.615944547654597115e-06
3.641763664956289951e-06
3.667680769542724993e-06
3.693780936858207416e-06
3.719897368735878864e-06
3.746112334248073155e-06
3.772286129938501334e-06
3.798531169694368830e-06
3.824756491930702896e-06
3.851109648689562448e-06
3.877532072334629702e-06
3.904171437590294161e-06
3.930953873381725561e-06
3.957979938448437787e-06
3.985126897561863871e-06
4.012441768301114928e-06
4.039778474835538185e-06
4.067184482033031777e-06
4.094556360203321606e-06
4.121997752149899404e-06
4.149469340801697196e-06
4.177105833483886714e-06
4.204864578238933817e-06
4.232827610458809310e-06
4.260885915138796498e-06
4.289061049730374269e-06
4.317234849489239911e-06
4.345467067967151763e-06
4.373716865984031025e-06
4.402101615104125966e-06
4.430587446039518293e-06
4.459225138832419021e-06
4.487891498966381711e-06
4.516582646958607546e-06
4.545218472332827410e-06
4.573909303795101277e-06
4.602684465383039174e-06
4.631648193756322980e-06
4.660696900853699403e-06
4.689764799885322515e-06
4.718708111295719229e-06
4.747607531803101137e-06
4.776542174040093265e-06
4.805656923243328970e-06
4.834843069356710267e-06
4.863968328289997638e-06
4.892872053291598227e-06
4.921678016018981703e-06
4.950516084528197653e-06
4.979472561644051056e-06
5.008358935071821608e-06
5.037079254443018498e-06
5.065642126019998414e-06
5.094200048257495088e-06
5.122673010827505686e-06
5.150969256727511272e-06
5.179086756974828958e-06
5.207207960131886376e-06
5.235263301576479876e-06
5.263109049005557127e-06
5.290718952906183105e-06
5.318248418295772310e-06
5.345589701452531507e-06
5.372649383697624080e-06
5.399469676443923447e-06
5.426071052602235389e-06
5.452307942527010019e-06
5.478317654106939190e-06
5.504106985017963649e-06
5.529484289509364355e-06
5.554530347936960744e-06
5.579395017145783187e-06
5.603842622803317848e-06
5.627963041174542387e-06
5.651759930743612716e-06
5.675073562582387361e-06
5.697992141464429530e-06
5.720412270751056641e-06
5.742296881310983141e-06
5.763669279016297363e-06
5.784420923265951224e-06
5.804676027694390042e-06
5.824363777879480959e-06
5.843468337716804871e-06
5.861928826114112177e-06
5.879782136104182947e-06
5.896872923456212327e-06
5.913239390281804831e-06
5.928794241228733265e-06
5.943552724656417681e-06
5.957559447576991535e-06
5.970811005544351309e-06
5.983248044145252549e-06
5.994836304906747240e-06
6.005482191238874111e-06
6.015144773680843294e-06
6.023811170171089116e-06
6.031546740047645935e-06
6.038324787012008051e-06
6.044160482714828985e-06
6.048977816020504991e-06
6.052744623341816191e-06
6.055419697835715166e-06
6.057102331811657549e-06
6.057789532628071098e-06
6.057424798405450294e-06
6.055870662629946445e-06
6.053162635625389839e-06
6.049315699346324802e-06
6.044401678353252172e-06
6.038362193183336934e-06
6.031062428731783343e-06
6.022447303327509838e-06
6.012636325475564308e-06
6.001655919949952045e-06
5.989379911818384033e-06
5.975664246176916726e-06
5.960594751151862276e-06
5.944229731777293490e-06
5.926478049410581669e-06
5.907318069449785900e-06
5.886861765123846829e-06
5.865038288053071423e-06
5.841789490430185492e-06
5.817184536759127648e-06
5.791360237873493209e-06
5.764222984402976938e-06
5.735729394047785041e-06
5.705993593022704751e-06
5.674983336276372017e-06
5.642581972904508599e-06
5.608890482436583421e-06
5.573814228068408337e-06
5.537355011054146669e-06
5.499643377315103826e-06
5.460546059261850880e-06
5.420118254069966970e-06
5.378535695419904553e-06
5.335782285524401296e-06
5.291943461332066667e-06
5.246987756287893755e-06
5.201014060091450356e-06
5.154003548683231884e-06
5.105927334502558993e-06
5.056768167466954710e-06
5.006611275309783648e-06
4.955535825104317261e-06
4.903564432583596052e-06
4.850774915475563214e-06
4.797270316157283117e-06
4.743064649759603416e-06
4.688139124366882259e-06
4.632485327135144042e-06
4.576136849598269805e-06
4.519106717796224709e-06
4.461471294809886981e-06
4.403354910291976674e-06
4.344835076549744784e-06
4.285992880267618079e-06
4.226779507181403341e-06
4.167220754522606832e-06
4.107364126922686058e-06
4.047221118868248296e-06
3.986950489366305728e-06
3.926671901431210560e-06
3.866357391154304911e-06
3.805908236136310125e-06
3.745413002511478843e-06
3.684939976185478861e-06
3.624549639002460156e-06
3.564429768384373924e-06
3.504514522150822711e-06
3.444662382953872542e-06
3.385054904457576828e-06
3.325816099245416834e-06
3.266930460934980345e-06
3.208389934266664366e-06
3.150196323638368744e-06
3.092438266133967504e-06
3.035212516634820542e-06
2.978484836056721554e-06
2.922247888394063676e-06
2.866531362182840582e-06
2.811445346181902282e-06
2.757017738241809484e-06
2.703142930665646862e-06
2.649922412794106744e-06
2.597471777620696551e-06
2.545604625832242878e-06
2.494371669061075980e-06
2.443972365353418822e-06
2.394312287410578775e-06
2.345353430273467839e-06
2.297213938559193952e-06
2.249796168681130651e-06
2.203087510088531391e-06
2.157242871855751085e-06
2.112259428244934273e-06
2.068079199111937713e-06
2.024681638146379530e-06
1.982007525653130079e-06
1.940226188415281824e-06
1.899274781994322730e-06
1.859147886638230832e-06
1.819800119979002412e-06
1.781173458323441282e-06
1.743475653616518224e-06
1.706616057818247600e-06
1.670445785445697609e-06
1.635028614489675304e-06
1.600512184906916599e-06
1.566765514845898372e-06
1.533710340076174576e-06
1.501412780789776189e-06
1.469972906087174388e-06
1.439238651006485141e-06
1.409155892175596575e-06
1.379863287404032845e-06
1.351297580852803352e-06
1.323323008665972587e-06
1.296119092155686962e-06
1.269613223828369942e-06
1.243660036935796632e-06
1.218429174579224430e-06
1.193837559013540762e-06
1.169781235847691532e-06
1.146412002269144153e-06
1.123606956258283172e-06
1.101370771493151170e-06
1.079702723734983238e-06
1.058576599021307370e-06
1.038025965488432350e-06
1.017954463865671612e-06
9.984135418195388255e-07
9.793523044117459827e-07
9.607442565232325727e-07
9.426115703692937908e-07
9.249434477971292398e-07
9.076960319455742296e-07
8.908827438666434457e-07
8.745001808398511336e-07
8.584898347883122689e-07
8.428735030890852389e-07
8.276362636562750541e-07
8.127547360780775874e-07
7.982176445029503633e-07
7.839960378912674991e-07
7.701237957654906392e-07
7.565834621200571009e-07
7.433062832392866684e-07
7.303353970761373487e-07
7.176642773072590168e-07
7.052179007252093502e-07
6.930583310677294104e-07
6.811670061377206712e-07
6.694541239920149478e-07
6.579962418626020600e-07
6.467828865028065517e-07
6.357245622034188361e-07
6.248982702521200069e-07
6.142859153089999833e-07
6.038169328722840097e-07
5.935428633316772067e-07
5.834569229554597452e-07
5.735222671500540913e-07
5.637658066543609617e-07
5.541729161905276025e-07
5.447115814661784821e-07
5.354024103601796351e-07
5.262308769171105464e-07
5.171824776154166202e-07
5.082642380566576574e-07
4.994494948225177025e-07
4.907399492306037530e-07
4.821564130999769753e-07
4.736765823977677104e-07
4.653049632142570581e-07
4.570700340908895140e-07
4.489541695905042965e-07
4.409399221298788553e-07
4.330735424830677969e-07
4.253208000749200011e-07
4.176360303462820222e-07
4.100690143746585961e-07
4.025992380935697251e-07
3.951653338134026377e-07
3.878141493913180437e-07
3.805345369881915936e-07
3.732664943071409170e-07
3.660483283110172586e-07
3.588696009797755187e-07
3.516992145893196396e-07
3.445878001780665525e-07
3.375297088361241473e-07
3.305200393666382709e-07
3.235923770913853734e-07
3.167172270272118790e-07
3.098945129526544484e-07
3.031474305352024854e-07
2.964615732846132719e-07
2.898511734090550121e-07
2.833325474867693583e-07
2.768773232647010307e-07
2.704889393146196925e-07
2.641806243824976997e-07
2.579579226657865787e-07
2.518319400981571910e-07
2.458093080572291259e-07
2.398701695742237726e-07
2.340158445056799789e-07
2.282693834492453943e-07
2.226305695439987859e-07
2.170895475495285510e-07
2.116451093342913848e-07
2.062995763277652073e-07
2.010597110994606855e-07
1.959155924885365701e-07
1.908497801262124497e-07
1.858802840433985987e-07
1.810291501425862846e-07
1.762758686082218882e-07
1.716025416800034043e-07
1.670157036744452985e-07
1.625160430083223052e-07
1.580949001943993505e-07
1.537576059082681512e-07
1.495034675509545777e-07
1.453186068867465958e-07
1.412126598866081951e-07
1.372074571191854592e-07
1.332756594079144334e-07
1.294017677464286850e-07
1.256051526934256540e-07
1.218778338420310896e-07
1.182225868444028632e-07
1.146496600214281023e-07
1.111445429589297714e-07
1.077188248892712213e-07
1.043540791204474147e-07
1.010458698237201305e-07
9.781389316206678482e-08
9.466575465728598964e-08
9.159033540787178749e-08
8.857250278677822804e-08
8.562088291854458226e-08
8.273377199990159694e-08
7.992313976941910161e-08
7.718842189431346073e-08
7.451276602056247764e-08
7.188912943401898815e-08
6.934614527062471148e-08
6.687542390302015164e-08
6.446516845312030408e-08
6.211509603687000897e-08
5.982285497509702869e-08
5.760786694347378173e-08
5.545574882039683435e-08
5.335384524454403280e-08
5.131804097685533410e-08
4.935344993099261271e-08
4.744031785067540574e-08
4.557637903026971729e-08
4.378587111364962102e-08
4.204873301259144829e-08
4.036038545239479049e-08
3.873581148901714717e-08
3.716556116016450619e-08
3.563942779071610175e-08
3.417346159971057207e-08
3.275699380262506904e-08
3.138481200893855250e-08
3.006675600255927909e-08
2.879028947421182353e-08
2.755918367931662619e-08
2.637829343650601880e-08
2.523562199981086389e-08
2.414211934818647885e-08
2.308616004506081320e-08
2.207165870643167281e-08
2.109614183773199384e-08
2.015866424234295292e-08
1.925839562337517435e-08
1.839296673192131571e-08
1.756429311325376948e-08
1.676603662103272587e-08
1.599982592204596153e-08
1.526553936587689185e-08
1.456218798185681103e-08
1.388791742164320405e-08
1.324420541427715918e-08
1.262746347800027633e-08
1.203527399210008226e-08
1.146795885701066652e-08
1.092545871289136586e-08
1.040634020175377172e-08
9.910245306426388852e-09
9.435831463818876959e-09
8.983191608576448441e-09
8.552124866752030673e-09
8.139784477456646150e-09
7.744167237041197548e-09
7.365989787968488061e-09
7.006295255259108276e-09
6.663471409675728058e-09
6.336679636845373574e-09
6.025474671373576211e-09
5.726859835911668841e-09
5.442026003686863146e-09
5.171733142197406346e-09
4.913791808005552404e-09
4.669754140785984708e-09
4.437434859191443966e-09
4.213025442296819413e-09
4.000404872910408454e-09
3.799584183613202912e-09
3.607197654468709451e-09
3.424552422835611281e-09
3.250720468208849100e-09
3.084304508210689034e-09
2.928143448052519928e-09
2.780162017012966793e-09
2.636144084828832195e-09
2.500577660946892653e-09
2.373457822603093133e-09
2.250925999965031527e-09
2.134615148121236174e-09
2.024750012045721782e-09
1.920605836636701131e-09
1.821629101524304618e-09
1.726914840047231845e-09
1.637021276251877051e-09
1.552380003752243221e-09
1.471512040420607907e-09
1.395150479195169346e-09
1.323356781180814589e-09
1.253820129721642225e-09
1.187973075218029022e-09
1.126247564226385043e-09
1.067333829021946581e-09
1.011741549727712347e-09
9.588773025131741230e-10
9.085691686730440172e-10
8.606644490415470397e-10
8.155515106225099144e-10
7.733742908741133627e-10
7.322503617113445399e-10
6.940157498572326979e-10
6.577055429081337496e-10
6.228309981156216812e-10
5.904984034316842799e-10
5.596503365747143502e-10
5.299822693970929122e-10
5.021865379976770747e-10
4.759013659373621676e-10
4.507098071699300254e-10
4.272085250277771504e-10
4.045182583726380210e-10
3.832323899841456628e-10
3.635133800539601770e-10
3.441778632881986256e-10
3.260548261757918633e-10
3.093774913982391795e-10
2.928299065901972921e-10
2.773538259699575263e-10
2.632216677372374997e-10
2.490738976568616104e-10
2.359959494023502338e-10
2.239759406561632639e-10
2.120538051577241883e-10
2.009429833310759667e-10
1.906844322222451877e-10
1.804652700464166921e-10
1.709789737159805342e-10
1.621973234836393261e-10
1.535617882601193600e-10
1.455672129625509566e-10
1.381462286791236351e-10
1.307919959747683387e-10
1.238821489465555078e-10
1.176171322507353512e-10
1.113381861268167786e-10
1.056255355635793372e-10
1.003188612038174749e-10
9.497659738851297993e-11
9.003923483643078323e-11
8.552792060169985221e-11
8.097462854460425304e-11
7.686674836978177278e-11
7.303270736013292959e-11
6.907773162074816288e-11
6.553846651945445187e-11
6.232099821076448792e-11
5.897743668027741278e-11
5.592334949026258222e-11
5.312047268151029478e-11
5.028485105297118787e-11
4.775004975132997833e-11
4.537576908844347876e-11
4.293819003435370711e-11
4.082042203575391161e-11
3.882561442421754603e-11
3.673390801056529300e-11
3.491422574659152184e-11
3.321820701997733749e-11
3.142666691944388847e-11
2.982961669901790113e-11
2.835849844176047683e-11
2.684513492740935251e-11
2.548941329820279302e-11
2.426397441004890570e-11
2.300165851584449832e-11
2.186484259577947879e-11
2.079295695334154729e-11
1.969065135231331225e-11
1.872121187865421922e-11
1.777796305412037813e-11
1.683396118985481132e-11
1.600801199768477731e-11
1.521170853299582342e-11
1.446834299186649241e-11
1.377418079322841136e-11
1.307746666766307650e-11
1.238473196922783252e-11
1.174836047713914652e-11
1.114931221781597470e-11
1.058516169685215719e-11
1.008834451705739963e-11
9.603282201167739018e-12
9.111242851025920336e-12
8.637187011271371599e-12
8.179362864433784727e-12
7.755180110056668559e-12
7.394849460831099129e-12
7.048852270824232224e-12
6.682166591750342006e-12
6.313424036758807276e-12
5.972465972640936625e-12
5.670656034763491984e-12
5.407172342642991831e-12
5.137578592456902033e-12
4.846989779373971540e-12
4.578501663817382141e-12
4.345794499782468843e-12
4.129015955637219107e-12
3.902684535401458822e-12
3.668140806097810500e-12
3.467845783223648700e-12
3.292742007265342099e-12
3.103654375803366564e-12
2.908909573271127622e-12
2.747407258923557332e-12
2.586973400112708383e-12
2.417302813234122609e-12
2.266899133364816147e-12
2.139388463426579365e-12
1.992495111138289710e-12
1.844707641564245283e-12
1.731208546082597850e-12
1.608931483250798176e-12
1.476465338986565944e-12
1.381509619677750527e-12
1.276751798816505297e-12
1.157831926195498356e-12
1.073974406877900803e-12
9.829216174227403825e-13
8.890845400866646374e-13
8.182654708125998136e-13
7.324786769914273964e-13
6.680687498756692460e-13
6.048620293761294264e-13
5.434116395416547610e-13
4.895640144303657885e-13
4.399465487158134951e-13
4.001148274384939702e-13
3.604315487356763412e-13
3.287326675602441020e-13
2.987528791507461261e-13
2.796705616107216003e-13
2.561707297258538620e-13
2.439377706055304424e-13
2.302016448248101428e-13
2.224237797190267806e-13
2.127266358899630602e-13
2.092408446437892328e-13
2.021502718383761617e-13
1.976617033207411914e-13
1.924467315728012858e-13
1.864370053867479713e-13
1.777508203202584724e-13
1.701172936315683138e-13
1.587020139769216646e-13
1.480415953228937590e-13
1.337258865008318830e-13
1.206809629184143959e-13
1.070712863693670799e-13
9.348981660841645412e-14
8.122847552287922370e-14
7.056540763232190578e-14
6.204512459687987080e-14
5.550377424581521030e-14
5.129008616384340475e-14
4.915756825231270953e-14
4.872597706164707169e-14
4.904160176144776848e-14
4.982828375871991274e-14
5.040584467059124355e-14
4.951317769906867167e-14
4.763128605806992249e-14
4.384641370693981389e-14
3.903158062854204598e-14
3.346949926448018106e-14
2.794984305326665254e-14
2.319049410423982398e-14
1.981046216737409668e-14
1.803260342555568049e-14
1.796690557995709850e-14
1.878722167301316281e-14
2.013789610447850853e-14
2.066623742371925908e-14
2.029174166234582616e-14
1.848641735875717176e-14
1.582015014169703276e-14
1.271116447873899522e-14
1.011732075721654369e-14
8.502600438866601405e-15
8.383253511835388291e-15
9.157538234791614132e-15
1.023004612133627728e-14
1.062558166712735974e-14
9.969259463249848089e-15
8.159041899140782760e-15
6.176375601557929680e-15
4.758177916706332882e-15
4.524270192432719648e-15
5.128652460083378431e-15
5.996177475743874537e-15
6.162564866802901769e-15
5.351776848495813573e-15
3.833990823254797157e-15
2.751228752604240639e-15
2.668921734348764234e-15
3.473623552143380815e-15
4.016548593448695972e-15
3.648552994291964153e-15
2.521909032629387554e-15
1.698739391081140754e-15
1.800621849266839106e-15
2.554901094102485695e-15
2.724024452772609053e-15
1.997161540741216481e-15
1.136348542996929597e-15
1.250127161205567194e-15
1.846181106830646545e-15
1.885040624713418119e-15
1.153229072924014093e-15
7.690629307638487708e-16
1.157023812807545823e-15
1.463538997533241313e-15
9.537077446943482315e-16
5.938192993246958008e-16
8.578332523385469784e-16
1.072593031541778337e-15
6.543869170599715454e-16
4.785934969857622973e-16
7.527687423732369870e-16
7.207656344468491283e-16
3.866788988866957455e-16
4.902750843397290909e-16
6.187541921164741499e-16
3.695195301299952280e-16
3.339489430022584457e-16
5.199435997528521135e-16
2.868363960187930539e-16
2.866801966802252334e-16
4.153792664156301142e-16
1.974610963680000898e-16
2.868515479259954738e-16
2.976922247416051152e-16
1.417579323077257424e-16
3.062880275595822731e-16
1.302041776247806254e-16
2.238226312692009985e-16
1.634083070874291839e-16
1.497289730906171098e-16
1.720037575565447838e-16
1.123761135376736731e-16
1.558680321662792382e-16
9.670368609843148319e-17
1.320819441033437305e-16
8.781144686237523211e-17
1.100741403170802998e-16
7.979547236788999339e-17
9.209808574957443144e-17
7.159772471710544226e-17
7.771803016757993428e-17
6.351049807785502678e-17
6.606375376460059234e-17
5.589984402916119458e-17
5.644218139375785782e-17
4.896228937840920938e-17
4.837960184630006998e-17
4.275786574608520584e-17
4.155422377788693780e-17
3.727102347051445164e-17
3.573792618969586690e-17
3.245120363290028663e-17
3.076045096965913981e-17
2.823475658373658421e-17
2.648905295520630085e-17
2.455581265244357432e-17
2.281686016060297622e-17
2.135136183274200263e-17
1.965591059118500423e-17
1.856342072518214283e-17
1.693272523039506820e-17
1.613975647438907437e-17
1.458531010786841826e-17
1.403390606787035120e-17
1.256100728152924154e-17
1.220486356058160451e-17
1.081488041903034180e-17
1.061662510869741947e-17
9.308456969797266556e-18
9.237688946858331714e-18
8.008721185498378652e-18
8.040559527470343764e-18
6.887291714495500077e-18
7.001279936326560868e-18
5.919740144420183962e-18
6.099003183012960272e-18
5.085020368563315032e-18
5.315605816185070508e-18
4.364987129868575069e-18
4.635343521584862014e-18
3.743987437196652688e-18
4.044546434764256852e-18
3.208512433870848781e-18
3.531350933804163467e-18
2.746899790316754670e-18
3.085464486166340135e-18
2.349078720446483724e-18
2.697959992899285893e-18
2.006351093187129557e-18
2.361096311930373542e-18
1.711203265653386919e-18
2.068161879012295080e-18
1.457144155697184340e-18
1.813338612232056323e-18
1.238565785599670888e-18
1.591583600792048958e-18
1.050623064321348508e-18
1.398526317077788214e-18
8.891301470811778520e-19
1.230379391091474668e-18
7.504710170884989422e-19
1.083861208163798920e-18
6.315223479522561613e-19
9.561287901532949884e-19
5.295869301119144097e-19
8.447196354168090404e-19
4.423362374775061174e-19
7.475013514857130738e-19
3.677608688580810101e-19
6.626280699491668396e-19
3.041278189183129502e-19
5.885027630669540510e-19
2.499436466635792037e-19
5.237446965710201630e-19
2.039227717594868047e-19
4.671613578582128516e-19
1.649602047385504041e-19
4.177242986682258671e-19
1.321081561015727143e-19
3.745483903201174929e-19
