# ximinus_2_2
2.437440476128121449e-08
3.011749507355057892e-09
2.212186924771225004e-08
2.175335000783842672e-09
2.018375852429933847e-08
1.557327384439254130e-09
1.853205119906426009e-08
1.138367123008624696e-09
1.714463766221425494e-08
9.043761211229902404e-10
1.600497554923689415e-08
8.463161786109927028e-10
1.510186969351515049e-08
9.600658076254782966e-10
1.442937128962740553e-08
1.246409472164833775e-09
1.398679229627637177e-08
1.711138418014943071e-09
1.377883492754054090e-08
2.365262404258055407e-09
1.381583322818845829e-08
3.225330669417518804e-09
1.411410679721571418e-08
4.313861807632888083e-09
1.469642410905156041e-08
5.659879766023713958e-09
1.559257210332494212e-08
7.299551604708880505e-09
1.684002494299651430e-08
9.276916719121140991e-09
1.848469960604522116e-08
1.164469351891024310e-08
2.058177854295769858e-08
1.446513813430393622e-08
2.319657012406226328e-08
1.781092010901719758e-08
2.640536262164534494e-08
2.176596177203437896e-08
3.029621024275824926e-08
2.642617069419767311e-08
3.496956741918247644e-08
3.189996662197805029e-08
4.053865888988748080e-08
3.830847598819672245e-08
4.712944135819058254e-08
4.578523080402873038e-08
5.487997400321798808e-08
5.447516977737914567e-08
6.393897495058932859e-08
6.453269741096262371e-08
7.446329973404807854e-08
7.611851929896134785e-08
8.661404266771376022e-08
8.939493970802617624e-08
1.005509382659094617e-07
1.045192967515121545e-07
1.164247429583921859e-07
1.216352304181835583e-07
1.343673202644009085e-07
1.408615493090451716e-07
1.544792571114865516e-07
1.622786085115033454e-07
1.768150333143034064e-07
1.859123586202681510e-07
2.013660745687878735e-07
2.117166041779044561e-07
2.280424756284387846e-07
2.395545464222177315e-07
2.566547981847092979e-07
2.691813880565371576e-07
2.868981338052578235e-07
3.002306350170202896e-07
3.183415345245467881e-07
3.322076751148810850e-07
3.504268576388540889e-07
3.644951095136834559e-07
3.824818599224172266e-07
3.963749202798960569e-07
4.137527109979261951e-07
4.270725112106185821e-07
4.434605468897096407e-07
4.558264729534476417e-07
4.708847175972993151e-07
4.819850294299084063e-07
4.954714256455920581e-07
5.051249931525785523e-07
5.169600836090918912e-07
5.251814450991724132e-07
5.355109538580931047e-07
5.425666536701983577e-07
5.518073695831472451e-07
5.582464811808521810e-07
5.670963459172861961e-07
5.737348228360174011e-07
5.831267166414898211e-07
5.909664298852514117e-07
6.019498108415185105e-07
6.120220454062399170e-07
6.255704547266887975e-07
6.387128838698422300e-07
6.554800083804409503e-07
6.720857326414090365e-07
6.921658508495109594e-07
7.119775130715258756e-07
7.347585084267692759e-07
7.568063291010892361e-07
7.810173396348789579e-07
8.037958190289623975e-07
8.278234932771899725e-07
8.497443686890447858e-07
8.722026312268818014e-07
8.922415419485803714e-07
9.126346462253334806e-07
9.309315048680505759e-07
9.501003475464107955e-07
9.681581933404595643e-07
9.881511016813186681e-07
1.008328643908865695e-06
1.031514676683714485e-06
1.055824220939807297e-06
1.083513033494796873e-06
1.112268892094202078e-06
1.143642929892872173e-06
1.174941504575868651e-06
1.207300641030650907e-06
1.238133158313458787e-06
1.268805368130899224e-06
1.297485896330284770e-06
1.326290119780334352e-06
1.354338718522086490e-06
1.384277105363050271e-06
1.415497012785303095e-06
1.450169817099447378e-06
1.486860458420453849e-06
1.526444076655594731e-06
1.566429354078368247e-06
1.606980650225352199e-06
1.645866107615558291e-06
1.684224680630188766e-06
1.721489005063235862e-06
1.760251333831170635e-06
1.800747991936832726e-06
1.844999200288458738e-06
1.891628220351353191e-06
1.940478506789322107e-06
1.988775265107904243e-06
2.036445661642615135e-06
2.082630704991138419e-06
2.129847803073363854e-06
2.179063441526473190e-06
2.232318297745840869e-06
2.288012913878843366e-06
2.345044821841258993e-06
2.400655116162138169e-06
2.455626126252758392e-06
2.511012510151025587e-06
2.570005513628016007e-06
2.632349487332761792e-06
2.696940113240009850e-06
2.760411228510790025e-06
2.823094115738340469e-06
2.886597477780460479e-06
2.954259354432715646e-06
3.024943968548280484e-06
3.096295244691403360e-06
3.165821701484783304e-06
3.236365215600625737e-06
3.310413985295604239e-06
3.388067099080020038e-06
3.464967046928016459e-06
3.540906264746445364e-06
3.618822804437101303e-06
3.701230365695010184e-06
3.783984208067610591e-06
3.865310349128220700e-06
3.948088859199415142e-06
4.035314737481815765e-06
4.122294946697694677e-06
4.207905749679136170e-06
4.296106077499376066e-06
4.387576954232531058e-06
4.476730552430170476e-06
4.566636376091316356e-06
4.660014216223397492e-06
4.752455750349042394e-06
4.843595864341371979e-06
4.938720950945639243e-06
5.032059731130826144e-06
5.124709038530526592e-06
5.220150893609109087e-06
5.313275293183723637e-06
5.406270473588423788e-06
5.501152606248290106e-06
5.591954152708193781e-06
5.685645395586870866e-06
5.775967249001636830e-06
5.866435818907024457e-06
5.955947017942797431e-06
6.043012774168393071e-06
6.130297775305319449e-06
6.214110756710288781e-06
6.297990607082526428e-06
6.378349825939856102e-06
6.458127509432090773e-06
6.534616671505758389e-06
6.609911485223150056e-06
6.682151004374168214e-06
6.752788667451519841e-06
6.820581384699344062e-06
6.886586084995697581e-06
6.949984104002122974e-06
7.011611345988377222e-06
7.070947518862328808e-06
7.128714912995739664e-06
7.184612575397910861e-06
7.239308331998198813e-06
7.292665685824101652e-06
7.345323952564441012e-06
7.397264859434338163e-06
7.449100830341246928e-06
7.500885515809476053e-06
7.553187390893223508e-06
7.606082198192979429e-06
7.660064021459035501e-06
7.715178388534380598e-06
7.771808019684058979e-06
7.829918720802849511e-06
7.889747716482624031e-06
7.951143333515530033e-06
8.014177626589130273e-06
8.078566568622922318e-06
8.144223866719833011e-06
8.210751492561609127e-06
8.277946998915658281e-06
8.345354970306140250e-06
8.412735110391554989e-06
8.479663916596662999e-06
8.545965316254877265e-06
8.611349457089607803e-06
8.675802645613944910e-06
8.739248318829591957e-06
8.801890369621795518e-06
8.863882551705947621e-06
8.925621307238505034e-06
8.987416308770048657e-06
9.049737064941796162e-06
9.112889326230843643e-06
9.177232472117093030e-06
9.242880371683227046e-06
9.309917587748217194e-06
9.378150490482718176e-06
9.447349564272958871e-06
9.517066972937172448e-06
9.586911568031949334e-06
9.656419248380475274e-06
9.725330583449846874e-06
9.793463715370978519e-06
9.860935513891881936e-06
9.927975483363949482e-06
9.995045368844899538e-06
1.006257675903258206e-05
1.013101534650650415e-05
1.020055218092175562e-05
1.027120086831996859e-05
1.034264315032096950e-05
1.041444044788678129e-05
1.048603502318931583e-05
1.055705029378649561e-05
1.062730719046305758e-05
1.069700893967607095e-05
1.076656596044975983e-05
1.083654154058501670e-05
1.090731586681787078e-05
1.097900307850256051e-05
1.105128919979603295e-05
1.112364880149440720e-05
1.119550954571003892e-05
1.126662474879633827e-05
1.133713334628742866e-05
1.140755306392612416e-05
1.147839445582269851e-05
1.154988735766044846e-05
1.162174264125488242e-05
1.169338545908264798e-05
1.176430031357647107e-05
1.183446790906071733e-05
1.190432956456545017e-05
1.197445342215944220e-05
1.204496718042727120e-05
1.211543548323468164e-05
1.218519446207592068e-05
1.225402030564164204e-05
1.232232576682700171e-05
1.239073326746690943e-05
1.245931415989499840e-05
1.252746718240266981e-05
1.259457476716712905e-05
1.266076502792218706e-05
1.272669375018250261e-05
1.279260307389833239e-05
1.285790668914491228e-05
1.292202584491604353e-05
1.298524300219166209e-05
1.304817601163126758e-05
1.311063591495751901e-05
1.317186658004569271e-05
1.323187382518284193e-05
1.329135136699370972e-05
1.335022859316908001e-05
1.340769023539460959e-05
1.346381078265724430e-05
1.351927120461276358e-05
1.357372749781575314e-05
1.362651646736737218e-05
1.367815100642527164e-05
1.372883151647764117e-05
1.377787112140211830e-05
1.382547688076359428e-05
1.387199740290746792e-05
1.391666884289934606e-05
1.395976429309045689e-05
1.400160512363623945e-05
1.404146804321272085e-05
1.407968431410532740e-05
1.411625242558466318e-05
1.415065788822674523e-05
1.418352387730472257e-05
1.421413116251946091e-05
1.424285559174441743e-05
1.426956402675549016e-05
1.429398789548936957e-05
1.431643037332136495e-05
1.433647807451506777e-05
1.435441446696026591e-05
1.436986747246308816e-05
1.438309417862949735e-05
1.439375030830551112e-05
1.440202665524114366e-05
1.440766644217884016e-05
1.441073588870711041e-05
1.441110401876902284e-05
1.440879867077613423e-05
1.440370728931810102e-05
1.439587996243064896e-05
1.438522161188304675e-05
1.437174467886942304e-05
1.435534541358134741e-05
1.433606195359896685e-05
1.431376481185030716e-05
1.428852641017130178e-05
1.426026286147069232e-05
1.422900043676634453e-05
1.419468036126209490e-05
1.415732361207785298e-05
1.411685177068669602e-05
1.407328693996249005e-05
1.402658500826987690e-05
1.397679017946583827e-05
1.392389526287835090e-05
1.386794030921682882e-05
1.380888692732932869e-05
1.374674098508815151e-05
1.368148541347217907e-05
1.361318610598323272e-05
1.354186991880992468e-05
1.346757826244915674e-05
1.339028830233560002e-05
1.331001915543587698e-05
1.322679043024680883e-05
1.314068436597856463e-05
1.305171955349443092e-05
1.295990795937483915e-05
1.286523845004656777e-05
1.276780801807461602e-05
1.266769850287605117e-05
1.256496285552046322e-05
1.245958410849064940e-05
1.235162570954400312e-05
1.224120047667277395e-05
1.212843865914131341e-05
1.201336209939408196e-05
1.189604931779195905e-05
1.177663159912168390e-05
1.165521739185540831e-05
1.153186028454832255e-05
1.140671170159961163e-05
1.127987006820611492e-05
1.115141979895916709e-05
1.102149929945610644e-05
1.089024981846346807e-05
1.075769777553193035e-05
1.062398154886249281e-05
1.048918460486898797e-05
1.035335450098187420e-05
1.021661355858827284e-05
1.007905161689091478e-05
9.940688061175374107e-06
9.801699071401455732e-06
9.662143283451899475e-06
9.522107470851328309e-06
9.381719203608787768e-06
9.241125472874110465e-06
9.100430115237382906e-06
8.959783186566230468e-06
8.819322971332117377e-06
8.679109017165233722e-06
8.539264346568066640e-06
8.399836355846842663e-06
8.260844644532302098e-06
8.122360166017708144e-06
7.984450697514612901e-06
7.847173750204714185e-06
7.710618191843592243e-06
7.574924034346215227e-06
7.440242504360473037e-06
7.306678643867788211e-06
7.174277357244789125e-06
7.043131863884196967e-06
6.913226085641941506e-06
6.784539959801353108e-06
6.657143591161518611e-06
6.531074814485401908e-06
6.406348105447099866e-06
6.283169780468726331e-06
6.161626387412754617e-06
6.041695057095685360e-06
5.923448838904014792e-06
5.806860112255300371e-06
5.691827842444701893e-06
5.578431285815855054e-06
5.466776935919534507e-06
5.356969740029289177e-06
5.249051717404536520e-06
5.142981228794479443e-06
5.038667031881399698e-06
4.936065299406052840e-06
4.835235436738239293e-06
4.736321200016499892e-06
4.639348103339027792e-06
4.544266020300047692e-06
4.451001641047206579e-06
4.359485942917783465e-06
4.269785810575884315e-06
4.182031770618515941e-06
4.096186549556139886e-06
4.012092085840002648e-06
3.929675279740101438e-06
3.849104536073284933e-06
3.770418187103685247e-06
3.693453502685954783e-06
3.618148314430423877e-06
3.544525930218309132e-06
3.472608327547796361e-06
3.402449001837647405e-06
3.333872647827945855e-06
3.266789135320756002e-06
3.201412411335844099e-06
3.137626983557418810e-06
3.075191776911283395e-06
3.014345234483422520e-06
2.955065253607494931e-06
2.897095143107778621e-06
2.840541463722047211e-06
2.785443186578363205e-06
2.731616544822052366e-06
2.679126121161406039e-06
2.627969719051826591e-06
2.578002241726936493e-06
2.529290418663161411e-06
2.481766389137212189e-06
2.435348449159394757e-06
2.390136633084718967e-06
2.345945642911202079e-06
2.302838377818265572e-06
2.260823856835823898e-06
2.219738798197052928e-06
2.179680783622237949e-06
2.140607349673815312e-06
2.102435461557914103e-06
2.065133360085062678e-06
2.028760657561340451e-06
1.993202595250056432e-06
1.958416033288384853e-06
1.924440539119899144e-06
1.891216156932718743e-06
1.858677969247097202e-06
1.826858372528303990e-06
1.795703660161183548e-06
1.765161745756890737e-06
1.735250844145544316e-06
1.705904898672696231e-06
1.677089663124783080e-06
1.648845664427728813e-06
1.621093890074617986e-06
1.593842759652018738e-06
1.567130291822751982e-06
1.540855859480086424e-06
1.515056316554122858e-06
1.489738166576557608e-06
1.464793763854762832e-06
1.440290583587631052e-06
1.416223046638314973e-06
1.392475786339301757e-06
1.369113860861584796e-06
1.346108509931438688e-06
1.323354303897393761e-06
1.300937992851597472e-06
1.278845682760269933e-06
1.256967321594580424e-06
1.235402733457352183e-06
1.214136391327487001e-06
1.193074293163343618e-06
1.172332392900941470e-06
1.151885942452823784e-06
1.131621793928079452e-06
1.111634425335382186e-06
1.091891437859565266e-06
1.072295813873996804e-06
1.052940804112534794e-06
1.033807268849191882e-06
1.014837424797604366e-06
9.961445587302270397e-07
9.776901498147001376e-07
9.594020106389677347e-07
9.413678866516294072e-07
9.235360138056979640e-07
9.058323358654868889e-07
8.883393719305952030e-07
8.710197938229693934e-07
8.538162418336394782e-07
8.367931695278824455e-07
8.198936054415630062e-07
8.030320530794499906e-07
7.862574359267024977e-07
7.695498879016308043e-07
7.529061248472453460e-07
7.364216881731523360e-07
7.200716079254622900e-07
7.038157557323026707e-07
6.877189569800601513e-07
6.717821255104719528e-07
6.560308427877955020e-07
6.405346207799493764e-07
6.252813124341838405e-07
6.102499413718976500e-07
5.954679118267743712e-07
5.809477927018405499e-07
5.666946750772718169e-07
5.527004640307646684e-07
5.389392279960512772e-07
5.254574633224018661e-07
5.122641856525004454e-07
4.993015551139089447e-07
4.865699612947580552e-07
4.740778443066945713e-07
4.618182893107214662e-07
4.498175764867050078e-07
4.380393724779416445e-07
4.264486373419389846e-07
4.150817929608529704e-07
4.039354444254050853e-07
3.929984529032966159e-07
3.822675513931719465e-07
3.717111146028590265e-07
3.613365450687379335e-07
3.511845848024785948e-07
3.412405338108018324e-07
3.314581105056255756e-07
3.218437590057759764e-07
3.124252915489476703e-07
3.031941889313243213e-07
2.941394483076230649e-07
2.852597596860806737e-07
2.765637597073563276e-07
2.680401899966014501e-07
2.596728434296575533e-07
2.514965717440152096e-07
2.434983741966320361e-07
2.356624524164673675e-07
2.279989529834804659e-07
2.205088448358688902e-07
2.131901035704466153e-07
2.060366150206288128e-07
1.990427455979660250e-07
1.922279213510711457e-07
1.855885169858167013e-07
1.790943256246121173e-07
1.727694599681039730e-07
1.666129843301931687e-07
1.606220758377903103e-07
1.547794258567021119e-07
1.491034774670832873e-07
1.435878871701435499e-07
1.382151807214216289e-07
1.330152051739643739e-07
1.279544786430432423e-07
1.230442888090985625e-07
1.182903235346066474e-07
1.136747918653196872e-07
1.092011572391685406e-07
1.048790424796344205e-07
1.006857568846628565e-07
9.663150967934392255e-08
9.271322299014655114e-08
8.892575309444493034e-08
8.526375502662325108e-08
8.173091504099547000e-08
7.832090669496555252e-08
7.502769285896218506e-08
7.185724253874520511e-08
6.879592654370594797e-08
6.584809704750785743e-08
6.300882267943047986e-08
6.027309874051865796e-08
5.764306427652750708e-08
5.511023742205851280e-08
5.267477319282729921e-08
5.033601588973835962e-08
4.808604846253229349e-08
4.592645135963718474e-08
4.385301684578691627e-08
4.186187049123960937e-08
3.995030222535599491e-08
3.811732175236546420e-08
3.636006632701443730e-08
3.467597709116992961e-08
3.306199532828595259e-08
3.151788923021880282e-08
3.003685998503057989e-08
2.861915963990915271e-08
2.726320048084808551e-08
2.596609851918924588e-08
2.472581056804089934e-08
2.354085246094303929e-08
2.240783088992280129e-08
2.132526340221632652e-08
2.029123326852951268e-08
1.930498758176819732e-08
1.836268329598184148e-08
1.746350342092380881e-08
1.660742422257386212e-08
1.578828606960909217e-08
1.500626611197139387e-08
1.426348774983540019e-08
1.355262294140264081e-08
1.287460775853580513e-08
1.223067380017131312e-08
1.161425903543407369e-08
1.102832031445267246e-08
1.047291811980633278e-08
9.940415901401829832e-09
9.435515268633041774e-09
8.958027870734716042e-09
8.500540365617443969e-09
8.066657184560235744e-09
7.656147273344126105e-09
7.262342155720385549e-09
6.888542608736632286e-09
6.534291764922832412e-09
6.194910714847461737e-09
5.873594797424245662e-09
5.569269779300124545e-09
5.278326559724541298e-09
5.004242279161391372e-09
4.744629766928000503e-09
4.496634916116061537e-09
4.262722478449339331e-09
4.040779756978588339e-09
3.827743320951832762e-09
3.626341092049753772e-09
3.435563719850163367e-09
3.252492400990190764e-09
3.081101055463715265e-09
2.920345101709509606e-09
2.765804530656354808e-09
2.620651234963843794e-09
2.482899369020580997e-09
2.349405511266880164e-09
2.224265846840211970e-09
2.106446388899859863e-09
1.993575483158437984e-09
1.889142310903006713e-09
1.790385725748660430e-09
1.694137763147917560e-09
1.603485515913659232e-09
1.517505384599117961e-09
1.435438238933797045e-09
1.360513625123645517e-09
1.289395241690089023e-09
1.219299868930482928e-09
1.153504002928742178e-09
1.091670543787920940e-09
1.033085055902955725e-09
9.794228504201878922e-10
9.272850510095252208e-10
8.757724177836835881e-10
8.290568934776466179e-10
7.858550649560255814e-10
7.437676352160970244e-10
7.040124241899019900e-10
6.658196462713551495e-10
6.301482110330474918e-10
5.978011529796549045e-10
5.655388329306154548e-10
5.340520637195115161e-10
5.066368639571225440e-10
4.801447550427729350e-10
4.534195639671154381e-10
4.295266050134567684e-10
4.074156375079873908e-10
3.851440929032565017e-10
3.644524325857449196e-10
3.454722590604793515e-10
3.267815719850017527e-10
3.092381070239856876e-10
2.930633954879705895e-10
2.772639329820916913e-10
2.626437175255736855e-10
2.490574961646944188e-10
2.355693693069371905e-10
2.234565422651847248e-10
2.117326236098249454e-10
2.000467221978121571e-10
1.900830646302769522e-10
1.795674698067904677e-10
1.701079109153063314e-10
1.614230060882335595e-10
1.525212991538689199e-10
1.445738290384206831e-10
1.371078823148021783e-10
1.298930630791135902e-10
1.230778165465907989e-10
1.169965224685515776e-10
1.105636860579893667e-10
1.047712766040496411e-10
9.934629880460784251e-11
9.396390597392483456e-11
8.909393915714913487e-11
8.469833320169884447e-11
8.010751765063447519e-11
7.606794933486343090e-11
7.229690150546316272e-11
6.836400494416347533e-11
6.473657384561887554e-11
6.146977161268385122e-11
5.818207481242359550e-11
5.531396258228845456e-11
5.258843298919295924e-11
4.973245883055111785e-11
4.716017623857745499e-11
4.476397054233084853e-11
4.231895574539505526e-11
4.027463263247612453e-11
3.835400934203009349e-11
3.627959180703471868e-11
3.437466553079432024e-11
3.265893242494508968e-11
3.096816005232728560e-11
2.947052491500886134e-11
2.801414023642266325e-11
2.646388241028720290e-11
2.509942222726068882e-11
2.390824807485211454e-11
2.267697731744447275e-11
2.152421186687595174e-11
2.040549721843387731e-11
1.938505407733960525e-11
1.848113006260029531e-11
1.750650956447334966e-11
1.657079106562563253e-11
1.579564856957206590e-11
1.501768052283561870e-11
1.418640332278164752e-11
1.347147159637396923e-11
1.285405857550181494e-11
1.217113812526444930e-11
1.153924515961536409e-11
1.100098455767250453e-11
1.043065693599105591e-11
9.873455415816333071e-12
9.413908233029139694e-12
8.917344170607368059e-12
8.459547535396575051e-12
8.068553923556244119e-12
7.628116283662750226e-12
7.236369200937037443e-12
6.876979750149111728e-12
6.493205113701910355e-12
6.184871415636699263e-12
5.853841888252808174e-12
5.554104350330979297e-12
5.258893116244220320e-12
4.969275972462203928e-12
4.706701424895316964e-12
4.452486700165396396e-12
4.214475408217839256e-12
3.971903651139136509e-12
3.754203269603248885e-12
3.542489154578266267e-12
3.343792782606682856e-12
3.144370190950768473e-12
2.946357205583259086e-12
2.765478835584540690e-12
2.602252174844953503e-12
2.434850732030654619e-12
2.270885370670856546e-12
2.118424884276494287e-12
1.976797478963934288e-12
1.833201494103360974e-12
1.699265879414891060e-12
1.577824663894209794e-12
1.455159852868276992e-12
1.330797485001101009e-12
1.222325839084551829e-12
1.121415533190900272e-12
1.020695841241727169e-12
9.303366374388095663e-13
8.445175554994173251e-13
7.628017927808995155e-13
6.929972531276384610e-13
6.219436594519308923e-13
5.572291393028777544e-13
5.052327142625174224e-13
4.562345659669977595e-13
4.159182598907457122e-13
3.758863593031709914e-13
3.438229232218473545e-13
3.177252029165525130e-13
2.938479758787849872e-13
2.786683292859570342e-13
2.653903818642790561e-13
2.547537283400838031e-13
2.438117284022049508e-13
2.379456164106391259e-13
2.317546735300341352e-13
2.268257465813754165e-13
2.211920931028968053e-13
2.126383151752045403e-13
2.028837295635406411e-13
1.943758787666582176e-13
1.825491470530663050e-13
1.690177437213376726e-13
1.523484788171779683e-13
1.377318317724816179e-13
1.232687915593570701e-13
1.068727102423351618e-13
9.240400930389796704e-14
8.065749637950238013e-14
7.160680405479851149e-14
6.310268112443285623e-14
5.838438606359325078e-14
5.669588830008883153e-14
5.606599223058301724e-14
5.575532523755348003e-14
5.752661521031339001e-14
5.783446024640155872e-14
5.635164106318133616e-14
5.462973764265610072e-14
5.025793405233436232e-14
4.425770443832181723e-14
3.853008708325725502e-14
3.169849665595331007e-14
2.643270708857232985e-14
2.275858632653770169e-14
2.057840821708647336e-14
2.077706066709283448e-14
2.158129103723503847e-14
2.308544946078834474e-14
2.374764251842213127e-14
2.311797832313814993e-14
2.119270628653185454e-14
1.787620036748376050e-14
1.453019299026319299e-14
1.147180142136544851e-14
9.872144163580078332e-15
9.624568482068343198e-15
1.063353986532912426e-14
1.170516581326414156e-14
1.217837296273226173e-14
1.124330403406557410e-14
9.276870721098164863e-15
7.027298594043498932e-15
5.541989223919839675e-15
5.216640817190318995e-15
5.978664836251594014e-15
6.824413186769662132e-15
6.974625043988425123e-15
6.019860343699797781e-15
4.430960058943186425e-15
3.189664144631429087e-15
3.161723874931808222e-15
3.944605308757603311e-15
4.522872641155168849e-15
4.110020900705666364e-15
2.940350294250508864e-15
1.995291207071378250e-15
2.106793989195335188e-15
2.837632617101123769e-15
3.082701193507299607e-15
2.302541992721017699e-15
1.384522254962207894e-15
1.401233268097764179e-15
2.065264235460085358e-15
2.139627283539570088e-15
1.391064743700082362e-15
8.744432725765355495e-16
1.284730112596630582e-15
1.656389894099673542e-15
1.156210004744362628e-15
6.568052573385778417e-16
9.521782204251241901e-16
1.239935163554713412e-15
7.863187850077177688e-16
5.010210801563277836e-16
8.709886796671254681e-16
8.472330791137561891e-16
4.268339340751846441e-16
5.460879744742402153e-16
7.438011112189275322e-16
3.918758398778781484e-16
3.923551808496395907e-16
6.033731250390551330e-16
3.142927022826762474e-16
3.353762337827505725e-16
4.797506313341840216e-16
2.116216315211028253e-16
3.474635511933278690e-16
3.215239770368818211e-16
1.782717003046490346e-16
3.385307685497479651e-16
1.572877901076960959e-16
2.505288514130440499e-16
1.909647783486925324e-16
1.681856220449757872e-16
1.997199090586425054e-16
1.256876604881952777e-16
1.814286942250058742e-16
1.074270922849530740e-16
1.545373755380507618e-16
9.698842827586734197e-17
1.295289026281600751e-16
8.772254084129361494e-17
1.089799454733674571e-16
7.837510961369613008e-17
9.244844630384426774e-17
6.922651867297041074e-17
7.898425816066468604e-17
6.065949180987525653e-17
6.782184354102883465e-17
5.287833779653436679e-17
5.843428304161238598e-17
4.594064506499338866e-17
5.046143802527084032e-17
3.982271766939511885e-17
4.364654647951337089e-17
3.446359055540475332e-17
3.779701143118403921e-17
2.978882984083451855e-17
3.276204388495992302e-17
2.572229600205854744e-17
2.841983728746969841e-17
2.219159322591990884e-17
2.466986836924125974e-17
1.913034858810266912e-17
2.142798183077326572e-17
1.647892627022188933e-17
1.862304664533622013e-17
1.418438287056648874e-17
1.619454845795237004e-17
1.220006946551442991e-17
1.409077334815510294e-17
1.048508638882425896e-17
1.226738779009108614e-17
9.003695870428260227e-18
1.068629833179450781e-17
7.724745077056137939e-18
9.314717981213204253e-18
6.621125092422460135e-18
8.124391111094094376e-18
5.669276695993953547e-18
7.090943307898648580e-18
4.848746051446906052e-18
6.193332053681097697e-18
4.141789421182249473e-18
5.413380073064008694e-18
3.533023936039760458e-18
4.735377283013825978e-18
3.009120633148318183e-18
4.145740290937982335e-18
2.558535503424936596e-18
3.632720404084891550e-18
2.171274561192780780e-18
3.186152808771847661e-18
1.838688950160720250e-18
2.797240868265926929e-18
1.553296630589496246e-18
2.458370393218378962e-18
1.308627256704220009e-18
2.162949590061512773e-18
1.099087509985289950e-18
1.905271104316385443e-18
9.198442035748524812e-19
1.680393014045059900e-18
7.667229143254841232e-19
1.484036168106781127e-18
6.361202036403195458e-19
1.312495648369468490e-18
5.249276134298404572e-19
1.162564366922021903e-18
4.304659509795871086e-19
1.031467231679537732e-18
3.504285512883240619e-19
9.168044202228135905e-19
2.828323418800315152e-19
8.165025678914217558e-19
2.259757416959187814e-19
7.287728503471175462e-19
1.784025241495935143e-19
6.520750651926689665e-19
1.388709429806809031e-19
5.850869919035588993e-19
1.063274271149828640e-19
5.266783605022187777e-19
7.988441655035104301e-20
