# ximinus_3_3
5.227002124869596153e-08
-1.592953982005554312e-08
4.854493033964304598e-08
-1.520864969300708118e-08
4.534306844097724351e-08
-1.423753507623412050e-08
4.264008143863433686e-08
-1.301922504209175506e-08
4.042159024660689073e-08
-1.154784596203228162e-08
3.868327395357545859e-08
-9.808340562624944430e-09
3.743118756164947792e-08
-7.775958681195641611e-09
3.668231790367530005e-08
-5.415510661197374222e-09
3.646538850851923476e-08
-2.680374336452541042e-09
3.682192162256125717e-08
4.887559957408289753e-10
3.780756730681883312e-08
4.165387754770969253e-09
3.949370986416387034e-08
8.439023281802100452e-09
4.196935256045588970e-08
1.341722932483048525e-08
4.534328216644697858e-08
1.922797507486778686e-08
4.974649458846815239e-08
2.602221642892730922e-08
5.533485253669543909e-08
3.397668513929994414e-08
6.229191801927222950e-08
4.329680942934556496e-08
7.083187095706660361e-08
5.421965840498468509e-08
8.120237924394187553e-08
6.701674883310498224e-08
9.368723170636377822e-08
8.199649157177674940e-08
1.086084699548095480e-07
9.950597190959508377e-08
1.263276699543155811e-07
1.199316648288892536e-07
1.472459191385062364e-07
1.436985734675842707e-07
1.718019150085714190e-07
1.712671537167663938e-07
2.004674853910925058e-07
2.031272587763735904e-07
2.337396982741184868e-07
2.397882129750407792e-07
2.721286185552528130e-07
2.817640294083976836e-07
3.161396971505694601e-07
3.295527465906244718e-07
3.662497831842239958e-07
3.836089238730660708e-07
4.228758875414608828e-07
4.443085600856124824e-07
4.863361567235957671e-07
5.119061587130839201e-07
5.568031252917302336e-07
5.864844455729521691e-07
6.342502929703428444e-07
6.678984388761374661e-07
7.183945059774960846e-07
7.557172618839801642e-07
8.086385753049060654e-07
8.491693068801456855e-07
9.040210412220252643e-07
9.470990626018288627e-07
1.003182870516991531e-06
1.047946895984601391e-06
1.104363849561853693e-06
1.149765906908240372e-06
1.205443924850766900e-06
1.250291887357302238e-06
1.304045793210436991e-06
1.347082270535049582e-06
1.397713316556711556e-06
1.437736213438950879e-06
1.484174124315049100e-06
1.520198824319649948e-06
1.561682288346067096e-06
1.593136367759575459e-06
1.629416862080543292e-06
1.656345267945626645e-06
1.687884430864242354e-06
1.711127132593445228e-06
1.739241446237847069e-06
1.760529641473810296e-06
1.787422186489042985e-06
1.809328851241489865e-06
1.837943455572417234e-06
1.863627870054768854e-06
1.897275687225745958e-06
1.929989694310160424e-06
1.971741962582916291e-06
2.014126429963098444e-06
2.066045013257096433e-06
2.119338241899465024e-06
2.181720072265827077e-06
2.245108473068378890e-06
2.316022068624777795e-06
2.386444898572204803e-06
2.461880905977494411e-06
2.534587896903238643e-06
2.609456935203646117e-06
2.679437310719752429e-06
2.749367405990274389e-06
2.813389798317434997e-06
2.876817899374427477e-06
2.935324009103073997e-06
2.994903566472047996e-06
3.052635013871825243e-06
3.114827884426504965e-06
3.179224912474012488e-06
3.251503791119403700e-06
3.328912953085697592e-06
3.415407558390059987e-06
3.506818184224461966e-06
3.604947197552964701e-06
3.704351900515445023e-06
3.805595461661397613e-06
3.903501114869798226e-06
3.999428811514417291e-06
4.090516220488415314e-06
4.180556257477097530e-06
4.269620078856341784e-06
4.363241965836614099e-06
4.462278314832706586e-06
4.570836681986886455e-06
4.687095869100348555e-06
4.811142642658533258e-06
4.937755262684634811e-06
5.064846420005739943e-06
5.187945438866241741e-06
5.308107088429391846e-06
5.426044639558094816e-06
5.547463791053951214e-06
5.675546386211930650e-06
5.814258495932052469e-06
5.961627245028695213e-06
6.114816126239256884e-06
6.267377404511296300e-06
6.416802738718467427e-06
6.562624845638629686e-06
6.710569407015324787e-06
6.865864726598536281e-06
7.032793240550437445e-06
7.208426011409493741e-06
7.387189952135463597e-06
7.562437996313315776e-06
7.734602717973631375e-06
7.909008058930011903e-06
8.093743356729966480e-06
8.289939171465469096e-06
8.492189579465562533e-06
8.691754739727861954e-06
8.887813600995604272e-06
9.087264091028372727e-06
9.298823976463943197e-06
9.520676284575444655e-06
9.743627629881309340e-06
9.961529895709334150e-06
1.018163961301371143e-05
1.041346394684875135e-05
1.065565541812441999e-05
1.089607156933947837e-05
1.113244661248255766e-05
1.137560218087444701e-05
1.163190360582793301e-05
1.188977639567572910e-05
1.214210541547162797e-05
1.239942842777993282e-05
1.266971901714791976e-05
1.293957405626429172e-05
1.320401714867539111e-05
1.347689285431142797e-05
1.375895967002765343e-05
1.403389769899996000e-05
1.431004236301934267e-05
1.459723727367295643e-05
1.488026684305110210e-05
1.515919978869370826e-05
1.544944529459644082e-05
1.573397504019411595e-05
1.601502145923398523e-05
1.630470956181223873e-05
1.658573056099521816e-05
1.686609217274647675e-05
1.715100834950183768e-05
1.742272420240424603e-05
1.770212589918394202e-05
1.797050967352281328e-05
1.823790948135986734e-05
1.850186001331974937e-05
1.875665553804513986e-05
1.901170096164707220e-05
1.925439046425376680e-05
1.949687259852675493e-05
1.972692281411661942e-05
1.995478840621942517e-05
2.017107984252954745e-05
2.038337468490137225e-05
2.058501224575721072e-05
2.078154836305937044e-05
2.096833250794553433e-05
2.114967124279998090e-05
2.132231282977395330e-05
2.148986727103623377e-05
2.165007944567464936e-05
2.180619680090184608e-05
2.195670257310690160e-05
2.210465847758867554e-05
2.224909877994873540e-05
2.239296603003197418e-05
2.253567994909333041e-05
2.268004833015329125e-05
2.282570571266370391e-05
2.297524659317563036e-05
2.312833583091568484e-05
2.328723281460509431e-05
2.345144160694765114e-05
2.362274789755459186e-05
2.380031962704176206e-05
2.398534951628293545e-05
2.417654517245159949e-05
2.437445033497245204e-05
2.457728129854911946e-05
2.478498414452382461e-05
2.499538320972946221e-05
2.520801557568818987e-05
2.542055785971155077e-05
2.563246098022946051e-05
2.584161502427665655e-05
2.604778722119970580e-05
2.624947456266901695e-05
2.644712992729115428e-05
2.664014525105947700e-05
2.682984237792250957e-05
2.701653524705344278e-05
2.720227229160057428e-05
2.738795265271876925e-05
2.757584081886283090e-05
2.776675963310383042e-05
2.796244830781885061e-05
2.816290832756858568e-05
2.836871758634731402e-05
2.857863028257450413e-05
2.879195309105756943e-05
2.900645759390731187e-05
2.922083858973578018e-05
2.943287627596306830e-05
2.964185051972240272e-05
2.984674635203843544e-05
3.004838744595062872e-05
3.024744050536241845e-05
3.044609533183680489e-05
3.064580779222208530e-05
3.084864365632170280e-05
3.105504919405482878e-05
3.126529952220863021e-05
3.147777905798333000e-05
3.169093483426521792e-05
3.190221857904519751e-05
3.211034868283126124e-05
3.231433762911358029e-05
3.251523917464113449e-05
3.271443580609260124e-05
3.291439063566007364e-05
3.311633584616682129e-05
3.332089231509129568e-05
3.352650911910737719e-05
3.373126251691189456e-05
3.393263758369464137e-05
3.412990254870109118e-05
3.432347564328474447e-05
3.451571613854880242e-05
3.470851483590698631e-05
3.490298496207376101e-05
3.509770008487016131e-05
3.529043063723592258e-05
3.547879763910802411e-05
3.566282549740253609e-05
3.584408749653260665e-05
3.602508449229931446e-05
3.620620632326327569e-05
3.638587600467729668e-05
3.656117724353495765e-05
3.673125426658685499e-05
3.689753927743113089e-05
3.706276441229093077e-05
3.722724299504059421e-05
3.738886832244799708e-05
3.754500842182182741e-05
3.769617970999953954e-05
3.784473177340485074e-05
3.799175098969662041e-05
3.813475585633125119e-05
3.827147989166302208e-05
3.840282294057442551e-05
3.853151290896978000e-05
3.865702217829776509e-05
3.877668266422560711e-05
3.889023539412392029e-05
3.900030002138706687e-05
3.910648787862472170e-05
3.920579739802188820e-05
3.929827724571819314e-05
3.938657187463620666e-05
3.946949340812738218e-05
3.954505596624407164e-05
3.961534345011614501e-05
3.968098072810618112e-05
3.973884506418275217e-05
3.978973232876554237e-05
3.983510941421191710e-05
3.987243897065433480e-05
3.990291992912224991e-05
3.992798017720626519e-05
3.994475845350061588e-05
3.995450913501583513e-05
3.995696340369800592e-05
3.995033890687700400e-05
3.993760609138619327e-05
3.991657952982551803e-05
3.988828009580023360e-05
3.985176728627909767e-05
3.980627918886688130e-05
3.975346119687991144e-05
3.969216756742762441e-05
3.962351155561015157e-05
3.954540564300419394e-05
3.945916096057765335e-05
3.936417442456050664e-05
3.926162358668873784e-05
3.915006966500664937e-05
3.902985195581287883e-05
3.890087600871986525e-05
3.876393699369589752e-05
3.861802276961845447e-05
3.846344797048063043e-05
3.830045514893096442e-05
3.812941091258596060e-05
3.794947862896374537e-05
3.776133668049077143e-05
3.756508216905266652e-05
3.736040332545256619e-05
3.714731288280266283e-05
3.692682440032793624e-05
3.669808606609693726e-05
3.646133054978678345e-05
3.621721968421555052e-05
3.596538891243742986e-05
3.570588442592675943e-05
3.543973144827829294e-05
3.516604537333627487e-05
3.488549512382555407e-05
3.459820257765402264e-05
3.430430941745051915e-05
3.400410476556323081e-05
3.369771004224154150e-05
3.338536948532661155e-05
3.306736546740447492e-05
3.274385428271844655e-05
3.241504209706285599e-05
3.208120469658999369e-05
3.174261478288123488e-05
3.139947520730755447e-05
3.105208127055389899e-05
3.070052362553217626e-05
3.034532746934788430e-05
2.998657972735880063e-05
2.962455167243627883e-05
2.925947444608077965e-05
2.889174130039964388e-05
2.852146928305793628e-05
2.814904636879323263e-05
2.777464313462048212e-05
2.739863475094983796e-05
2.702127006366083424e-05
2.664291064284771626e-05
2.626364928474100903e-05
2.588387102776729039e-05
2.550372083421964861e-05
2.512350367932212705e-05
2.474350872731954438e-05
2.436397463003899791e-05
2.398503842954621202e-05
2.360700894671140300e-05
2.323007946412444840e-05
2.285454583047392331e-05
2.248056659065258774e-05
2.210839018691443446e-05
2.173812506930802656e-05
2.137014825788446481e-05
2.100457775658916713e-05
2.064163468709090274e-05
2.028147912418824523e-05
1.992425969535158896e-05
1.957008968493650027e-05
1.921926614421183273e-05
1.887182056246982561e-05
1.852787445339777140e-05
1.818764975604275294e-05
1.785133069920650256e-05
1.751883284960242839e-05
1.719040036927678384e-05
1.686617804709746900e-05
1.654624698636104107e-05
1.623065869072242779e-05
1.591961553358060586e-05
1.561316873830894062e-05
1.531141162135888126e-05
1.501428108172961031e-05
1.472195108741449129e-05
1.443439353475607672e-05
1.415154692068688602e-05
1.387359764181807273e-05
1.360054347693863893e-05
1.333213552778852290e-05
1.306874918520500900e-05
1.281031544390281620e-05
1.255654183895415161e-05
1.230773897937954780e-05
1.206390497362235572e-05
1.182474789046058128e-05
1.159054919402942992e-05
1.136129775489840642e-05
1.113678800811857397e-05
1.091704765543718209e-05
1.070207295268762105e-05
1.049167739645370856e-05
1.028588612304794695e-05
1.008458368762192948e-05
9.887742579575687407e-06
9.695285777516901563e-06
9.507166961559760147e-06
9.323413752527592554e-06
9.143984908128963230e-06
8.968706629037414722e-06
8.797539545996157153e-06
8.630420664075291897e-06
8.467216505966035207e-06
8.307763993820899902e-06
8.152216547802663296e-06
8.000342769432325520e-06
7.851897121140546679e-06
7.707152364505595742e-06
7.565978882735833097e-06
7.427935049730842096e-06
7.293360704437197844e-06
7.162058239276683552e-06
7.033571330478100822e-06
6.908281113171223460e-06
6.786092380818978386e-06
6.666490456491272903e-06
6.549825299057001857e-06
6.435938361997821966e-06
6.324444583607954940e-06
6.215583788169834657e-06
6.109229177241883127e-06
6.005178129742332349e-06
5.903550698242446443e-06
5.804021056051463155e-06
5.706552961008106598e-06
5.611286929674637475e-06
5.517970180867477969e-06
5.426589466682743672e-06
5.337150234668324254e-06
5.249319904810744434e-06
5.163245952953115143e-06
5.078980271440469943e-06
4.996196135894206515e-06
4.914909771110220294e-06
4.835230554498966328e-06
4.756875713243830745e-06
4.679844035094127630e-06
4.604215061279693034e-06
4.529814333022281655e-06
4.456545197801347346e-06
4.384516068559280145e-06
4.313535194486821865e-06
4.243604689655160375e-06
4.174771146890184592e-06
4.106844104611994974e-06
4.039832931413380006e-06
3.973845537692319291e-06
3.908635706840015994e-06
3.844243205851162548e-06
3.780764676884692935e-06
3.717962306387549842e-06
3.655904814412653600e-06
3.594666108044829170e-06
3.534001782162498473e-06
3.474069433818237520e-06
3.414844214824652203e-06
3.356167481480565238e-06
3.298155935076883446e-06
3.240819411633856525e-06
3.183962024441436535e-06
3.127741717547179217e-06
3.072162989220692627e-06
3.017026213282099861e-06
2.962517829502778634e-06
2.908624118893977648e-06
2.855144747660728682e-06
2.802275487498040931e-06
2.749983978344220256e-06
2.698068651442079143e-06
2.646735581512080339e-06
2.595920743883588735e-06
2.545419604157594481e-06
2.495393817502671897e-06
2.445758127820711597e-06
2.396321065602435990e-06
2.347246027832376252e-06
2.298478475341395411e-06
2.249875505109159492e-06
2.201620353759592307e-06
2.153682880659631107e-06
2.105997867093703261e-06
2.058763238459097721e-06
2.011981426748740417e-06
1.965618262042914755e-06
1.919861714915340077e-06
1.874702734027548042e-06
1.830129152900205372e-06
1.786263664373243651e-06
1.743079488529722981e-06
1.700552032655862617e-06
1.658787342690092286e-06
1.617747437516307038e-06
1.577411863728914490e-06
1.537855495272813164e-06
1.499046459592695462e-06
1.460945760042116213e-06
1.423602296908685808e-06
1.386965829721797057e-06
1.350996722414478243e-06
1.315715423550492111e-06
1.281101121965459423e-06
1.247127362034952428e-06
1.213809902831550512e-06
1.181103951752468330e-06
1.148988275720750774e-06
1.117479022501425741e-06
1.086582868067526744e-06
1.056292035501165639e-06
1.026588672077740085e-06
9.974188224519143737e-07
9.687754109674898164e-07
9.406529493725467419e-07
9.130685940381951422e-07
8.860403220975788458e-07
8.595459053566172414e-07
8.335426829834058600e-07
8.080348866098543574e-07
7.830569862725559299e-07
7.586239866559125686e-07
7.346840797564575816e-07
7.112158928006323891e-07
6.882514517052351930e-07
6.657905775194569939e-07
6.438263188507427923e-07
6.223762349944634149e-07
6.014093370981269277e-07
5.809454141755879295e-07
5.609881884116236422e-07
5.414573571206330828e-07
5.223859029449289573e-07
5.038612035531756546e-07
4.858240161012405029e-07
4.682491506095116354e-07
4.511529731262026131e-07
4.345081401751727336e-07
4.182979478230876940e-07
4.025650921202769528e-07
3.873061212640778237e-07
3.725247229244300332e-07
3.581783268770066483e-07
3.442010199448140227e-07
3.306402950444841714e-07
3.175599228157871469e-07
3.049069619783318248e-07
2.926525008149415485e-07
2.807587691081932807e-07
2.692482847702897782e-07
2.581546923705556780e-07
2.474969281090897301e-07
2.371738834600195728e-07
2.271504319659082188e-07
2.175429303642411497e-07
2.083044277874034928e-07
1.993691688100378741e-07
1.907302354738800403e-07
1.824215810346171043e-07
1.744593502379967629e-07
1.667700706575568580e-07
1.593605920150427450e-07
1.522760602946377231e-07
1.454655161108699473e-07
1.389090866773540476e-07
1.326192384194696357e-07
1.265759192930747550e-07
1.207696952964496144e-07
1.151994024621858443e-07
1.098589137353081699e-07
1.047607805450509614e-07
9.986844779589497240e-08
9.518696865671864025e-08
9.071603762454515058e-08
8.640154664381562414e-08
8.229450509830157598e-08
7.835469508480036725e-08
7.458993592535845182e-08
7.100694769246439127e-08
6.756081039903697421e-08
6.428246717001141677e-08
6.113100954073539069e-08
5.814311699452817459e-08
5.529307099868774447e-08
5.257404849596744361e-08
4.997210122594319467e-08
4.748027715589244143e-08
4.509997813013722198e-08
4.284897613675820184e-08
4.070516402443669427e-08
3.865125646058288225e-08
3.669830281712486813e-08
3.483940153309802327e-08
3.307304176167256433e-08
3.139562010169268784e-08
2.978226884893013330e-08
2.824957868856605565e-08
2.680922298102636635e-08
2.542970740329459034e-08
2.411155480650502590e-08
2.287254337770070534e-08
2.168907307574983880e-08
2.055372446767801995e-08
1.948028841265634547e-08
1.846567259834168443e-08
1.750044512857478136e-08
1.658276085785436549e-08
1.571012209593708464e-08
1.487887710127989255e-08
1.409052420886630492e-08
1.334896345575057290e-08
1.264482253158028811e-08
1.197321839746157713e-08
1.133378507099830501e-08
1.072942436936745972e-08
1.016615502011791389e-08
9.621192096777998123e-09
9.103056026304912748e-09
8.619841012060142156e-09
8.153971186777902225e-09
7.718235355673300723e-09
7.302839414042276185e-09
6.904223242368715567e-09
6.535107770191261921e-09
6.187652399310008708e-09
5.847047903842228861e-09
5.533797429041927554e-09
5.240284371812168519e-09
4.950598599975837449e-09
4.681675091992924755e-09
4.431678774038532576e-09
4.184917710149548458e-09
3.957843372225153043e-09
3.748716942538319797e-09
3.540809085443560151e-09
3.349141811160300591e-09
3.171082282264400719e-09
2.992305834513147688e-09
2.830527577463420170e-09
2.678068182163556442e-09
2.528046611154809655e-09
2.393266711241556300e-09
2.264739633931826836e-09
2.139252069048110276e-09
2.022595643911601088e-09
1.912432501072869129e-09
1.805052170978931896e-09
1.709015366581954063e-09
1.618162983717125261e-09
1.526875738177316259e-09
1.443523547145011644e-09
1.364908154019590327e-09
1.289436492374055842e-09
1.221035732712596914e-09
1.154794805188235186e-09
1.089054150253863340e-09
1.030391541550836087e-09
9.753339828453825330e-10
9.215688660445098728e-10
8.719916849381626288e-10
8.238202239298550631e-10
7.783343802692925878e-10
7.379322421902902051e-10
6.973080412610965041e-10
6.578465448092155198e-10
6.236878001824282381e-10
5.902000367466044155e-10
5.567735707777439690e-10
5.272271974851721921e-10
4.993930951895786329e-10
4.717138405116461174e-10
4.461352157233988176e-10
4.223460236793853371e-10
3.990317093820801939e-10
3.776507533557828387e-10
3.574501912585688055e-10
3.377894372167221304e-10
3.198810099657718733e-10
3.029769434627666814e-10
2.863948581021767409e-10
2.715062948685731126e-10
2.569310099615452132e-10
2.426808799294269403e-10
2.304613752435920472e-10
2.175116630706630580e-10
2.058991256920951297e-10
1.953349533923265126e-10
1.843966436348110097e-10
1.746537277558189126e-10
1.656154070879140582e-10
1.567237343413348905e-10
1.484076439053179261e-10
1.410241995243835450e-10
1.331502667794300724e-10
1.261097666472850872e-10
1.195554750610918157e-10
1.129668776687926752e-10
1.070722062514685983e-10
1.017335003310855395e-10
9.615291068263792049e-11
9.126726693164917842e-11
8.668635128322993133e-11
8.194151922556145930e-11
7.755791888685740440e-11
7.363489573923505128e-11
6.964372262478977731e-11
6.618273275518633866e-11
6.289200590881735756e-11
5.944895459537574662e-11
5.634742883697472788e-11
5.346388788377425199e-11
5.052541548466862622e-11
4.805624125811493254e-11
4.573665800609175705e-11
4.325377592404609957e-11
4.097625822414613424e-11
3.891730450668863853e-11
3.689098214440701952e-11
3.509471891443642002e-11
3.333808711272125155e-11
3.148783848001250729e-11
2.985316885997248730e-11
2.842150675334773188e-11
2.695126650193115868e-11
2.557590857783494971e-11
2.424019792758824053e-11
2.302716156879161277e-11
2.194072781627190674e-11
2.078092800561443433e-11
1.966111674236081890e-11
1.872924682210339139e-11
1.779964264326976590e-11
1.682047055252996909e-11
1.597140657995355428e-11
1.523503213825695668e-11
1.442200534409955388e-11
1.366839575376319940e-11
1.301997167303088813e-11
1.234421054645393516e-11
1.168544841171153647e-11
1.114296256639410649e-11
1.055399350236105776e-11
1.000597044776521151e-11
9.533753509489849211e-12
9.015752685772498889e-12
8.554567583310030698e-12
8.131744926650388757e-12
7.675919021157544222e-12
7.304673966769061046e-12
6.911001437369544124e-12
6.560688617347023929e-12
6.212448787708475319e-12
5.869019306804405457e-12
5.553655626994750778e-12
5.254695312029961418e-12
4.975899273728573131e-12
4.689506241078695266e-12
4.426876503186833079e-12
4.178238664932412046e-12
3.945845617471958586e-12
3.708883172142075696e-12
3.473992323206095215e-12
3.263624418697836436e-12
3.069988561688389110e-12
2.870298966715421256e-12
2.677339234931932106e-12
2.500486837357510640e-12
2.330203206520526774e-12
2.161134496533766563e-12
2.005215106253148390e-12
1.860088299639780849e-12
1.714787644715448880e-12
1.571784308290322220e-12
1.441696533050801499e-12
1.323276132220424606e-12
1.205005444554760027e-12
1.097296816328497380e-12
9.974145534488444319e-13
9.002733999453652897e-13
8.180088298605085268e-13
7.353203734167851483e-13
6.584981895068484457e-13
5.980154973886481977e-13
5.389535434303449447e-13
4.918137945990748176e-13
4.442857531386736633e-13
4.073771402013674487e-13
3.756006747566763419e-13
3.485866049406171068e-13
3.293809326054957690e-13
3.139114843998537087e-13
3.008020454430111272e-13
2.886187617596566694e-13
2.809314145514488672e-13
2.740391512158402138e-13
2.674435499182589135e-13
2.608622678799611508e-13
2.507055854931256659e-13
2.396899893163776589e-13
2.289938367110911427e-13
2.153254157485675321e-13
1.990346561455570609e-13
1.800162348236006566e-13
1.625242378340387410e-13
1.454863969272453708e-13
1.261029652280417173e-13
1.094750495194239793e-13
9.535381400053429241e-14
8.472239470740126227e-14
7.464416105829823438e-14
6.923364165581627572e-14
6.690362053035407921e-14
6.630516945111040129e-14
6.582376273989778100e-14
6.794817428785600452e-14
6.812271805362196242e-14
6.657309716264591984e-14
6.428570327105421669e-14
5.935170917295681550e-14
5.218846814762080430e-14
4.554981369023851942e-14
3.746849877767070118e-14
3.133636311895622390e-14
2.686031562320836218e-14
2.443205575317906570e-14
2.445245953015730186e-14
2.555496147471090097e-14
2.715313004755029925e-14
2.805554773968589068e-14
2.722975642478167800e-14
2.508145980436925241e-14
2.108793973766552087e-14
1.720607559000966328e-14
1.352002997007235405e-14
1.170016787301589704e-14
1.134216062151242106e-14
1.258903536906754432e-14
1.377121024298191547e-14
1.441157083651762387e-14
1.324978033684799626e-14
1.099283064504535780e-14
8.267790865191521259e-15
6.572824013535093431e-15
6.121585751404706587e-15
7.097093145700101967e-15
8.043143320239484140e-15
8.267918656751325541e-15
7.070482311125598058e-15
5.249482780226458842e-15
3.738639126624731318e-15
3.769662227847799895e-15
4.641720307071967585e-15
5.369537652602588312e-15
4.821192063145600389e-15
3.481899509078834230e-15
2.336338136101142101e-15
2.523956127133600539e-15
3.337322240940450344e-15
3.649979104329650026e-15
2.687532776876865757e-15
1.660972626838128907e-15
1.645871672486309274e-15
2.458899183446204665e-15
2.497732974340419906e-15
1.657125834864980471e-15
1.024989560874304399e-15
1.538600288228487745e-15
1.929608556079165737e-15
1.380404461424620764e-15
7.667270283324538317e-16
1.140281238529431568e-15
1.444500975107072017e-15
9.425502787449337885e-16
5.834182954948666782e-16
1.038940485394077425e-15
9.857176095389851588e-16
5.186584467411041876e-16
6.345657275761098474e-16
8.861302826967630244e-16
4.536240551801900527e-16
4.755904767390089747e-16
6.991420995500149781e-16
3.829469633608364708e-16
3.872437142388765574e-16
5.731687588107908340e-16
2.438908607158813101e-16
4.171606287787827177e-16
3.716091041726704417e-16
2.196875115874650619e-16
3.901446451065322800e-16
1.953699498691048440e-16
2.866251127724566588e-16
2.342459046678903555e-16
1.904302282932399495e-16
2.435830658471503269e-16
1.411120623212013850e-16
2.212524911191145810e-16
1.201580114016170221e-16
1.889702590287939651e-16
1.082947702443760893e-16
1.590118691843724801e-16
9.774822215116887336e-17
1.343683146462247858e-16
8.706895761628451250e-17
1.144988837736442968e-16
7.659879889140367137e-17
9.827524125009362586e-17
6.679360105249779013e-17
8.479065560862086725e-17
5.789668551168977654e-17
7.342113068696316184e-17
4.997760290594059966e-17
6.373992884239505187e-17
4.300970613224263320e-17
5.544255878990145593e-17
3.692219366238758892e-17
4.830043441348839943e-17
3.162823921424455501e-17
4.213445368840138879e-17
2.703890035356130885e-17
3.679983633183720075e-17
2.306956883626294027e-17
3.217701763932375108e-17
1.964267479435105188e-17
2.816583222335700875e-17
1.668854038872963290e-17
2.468155622313343276e-17
1.414533530657385612e-17
2.165205663429837622e-17
1.195861323694398431e-17
1.901564059930329469e-17
1.008067339667053554e-17
1.671937365498484930e-17
8.469871153808806919e-18
1.471772912610540263e-17
7.089940278609090277e-18
1.297148233333593055e-17
5.909357244971714304e-18
1.144679238941912346e-17
4.900760194305511730e-18
1.011443202593587963e-17
4.040426631156285904e-18
8.949136785534767742e-18
3.307808781339110884e-18
7.929052011464773595e-18
2.685123110008006013e-18
7.035261253697890920e-18
2.156989596144808939e-18
6.251382621020058761e-18
1.710115806625741239e-18
5.563222732371154958e-18
1.333021046088913454e-18
4.958479417413783820e-18
1.015795922556086117e-18
4.426486014606206667e-18
7.498932046391088481e-19
3.957991222077209080e-18
5.279461247969920725e-19
3.544969479592333505e-18
3.436107849805596494e-19
3.180457506446852206e-18
1.914295694305679715e-19
2.858413455295938996e-18
6.671297503431717218e-20
2.573595556376643131e-18
-3.456247688777561993e-20
2.321457556777176541e-18
-1.158422891502333462e-19
2.098058833256356193e-18
-1.800697547426559514e-19
1.899987146797602915e-18
-2.297509482030628718e-19
1.724292465980174462e-18
-2.670102700608549317e-19
1.568430513357792500e-18
-2.936376468212824829e-19
1.430214773111313626e-18
-3.111282964891131695e-19
1.307776110658202125e-18
-3.207159593702731132e-19
1.199529066415187950e-18
-3.234001089314926332e-19
1.104144272990436198e-18
-3.199677703978418497e-19
