# ximinus_3_1
2.095367138028538230e-08
3.351478034459819343e-09
1.879423015906936621e-08
2.497313605387047491e-09
1.690801184330094172e-08
1.822845769125576355e-09
1.526567810069944487e-08
1.306532006937926363e-09
1.384262331279399026e-08
9.309230384094507177e-10
1.261852907967440299e-08
6.822999630116041775e-10
1.157701019334438731e-08
5.503959000001167542e-10
1.070534484552229977e-08
5.281943529835204808e-10
9.994283297732444165e-09
6.118007700569203805e-10
9.437929573449461695e-09
8.003826072746780327e-10
9.033692443697883392e-09
1.096174512463614332e-09
8.782302512009679111e-09
1.504545416811257418e-09
8.687891039766846687e-09
2.034124568482762461e-09
8.758127963699450973e-09
2.696982213222888449e-09
9.004413019194734443e-09
3.508859337665316817e-09
9.442113951144644463e-09
4.489438704433036841e-09
1.009084216672603797e-08
5.662646130308098319e-09
1.097475196195509103e-08
7.056965525305236370e-09
1.212284458034350579e-08
8.705745727032494364e-09
1.356925065964143881e-08
1.064746849721920384e-08
1.535345540177720894e-08
1.292593679493500679e-08
1.752042014086266994e-08
1.559033020855771814e-08
2.012053971516615386e-08
1.869506017146017013e-08
2.320936014597064547e-08
2.229934072171991110e-08
2.684696459327160446e-08
2.646637456770861310e-08
3.109691820235848468e-08
3.126203756753115358e-08
3.602464846735803898e-08
3.675293234260324415e-08
4.169512829518555407e-08
4.300367710246076350e-08
4.816972918480257481e-08
5.007330383657776986e-08
5.550213084042305753e-08
5.801066940025193898e-08
6.373321585357902108e-08
6.684884320169760778e-08
7.288495804033560341e-08
7.659853659815314166e-08
8.295344041378257914e-08
8.724079603856979874e-08
9.390132582722728135e-08
9.871940118702016068e-08
1.056503583293150657e-07
1.109336997160114286e-07
1.180747961170314764e-07
1.237329628799550877e-07
1.309970526084495162e-07
1.369137346426877763e-07
1.441872109050300212e-07
1.502220164618092568e-07
1.573684013183112846e-07
1.633623796839827601e-07
1.702301696834171918e-07
1.760160788062913220e-07
1.824517390553852653e-07
1.878697516184070791e-07
1.937362577326237184e-07
1.986551012420073684e-07
2.038554994872631458e-07
2.081978454062717459e-07
2.127018611459809335e-07
2.164710860193869174e-07
2.203408963012444296e-07
2.236442604372833308e-07
2.270534003320199582e-07
2.301146107070393198e-07
2.333521552315535991e-07
2.365049355594077312e-07
2.399565180961691640e-07
2.436113075942089901e-07
2.477104523274719746e-07
2.522900209080785698e-07
2.574389662223353645e-07
2.632866506413948888e-07
2.697559932361246464e-07
2.770324239240626938e-07
2.848625468437920358e-07
2.934609001888904824e-07
3.024014640082614016e-07
3.119219083167283723e-07
3.214514042832933132e-07
3.312737297346695289e-07
3.407295419852908368e-07
3.501994580995687677e-07
3.590122468061358453e-07
3.677074111693589244e-07
3.756739236222379914e-07
3.836509832040023167e-07
3.911177582104397152e-07
3.989942624351483040e-07
4.068046061736205740e-07
4.155503671544229405e-07
4.246796925269780106e-07
4.351223392815918772e-07
4.461104280927173711e-07
4.583793405484100462e-07
4.708909662850302530e-07
4.842032254855031987e-07
4.971286024434545337e-07
5.102465495058809861e-07
5.224871962942714302e-07
5.347171940247298137e-07
5.461991509970669876e-07
5.581664354388256542e-07
5.701253173481114731e-07
5.833947030444127417e-07
5.973125652403099507e-07
6.128307756459718048e-07
6.287816171268706451e-07
6.456546268844218948e-07
6.620178712922292266e-07
6.784390311639083508e-07
6.939158552744951695e-07
7.096716537085530549e-07
7.253314129686313931e-07
7.424196918238562639e-07
7.603560912368192106e-07
7.799719542187803084e-07
7.998215785399765999e-07
8.201311240750898150e-07
8.395194939045717397e-07
8.589706385855959697e-07
8.781993790997037051e-07
8.989104620297326850e-07
9.206532916514704060e-07
9.440470598252768119e-07
9.673787645405318391e-07
9.907604217388073401e-07
1.013284626073268804e-06
1.036602075764123418e-06
1.060826731228063784e-06
1.087040760652126830e-06
1.113621474290196018e-06
1.140341977558085899e-06
1.166199909862510504e-06
1.192985494743028687e-06
1.220963084831276824e-06
1.250765389521236202e-06
1.280344091420955899e-06
1.309745644432045791e-06
1.339088909203546168e-06
1.370440781934858256e-06
1.402821036340499844e-06
1.435453172735303820e-06
1.467259174317694999e-06
1.500436325115267437e-06
1.535054335038244993e-06
1.570370691167763257e-06
1.604719074028275457e-06
1.640220316955428800e-06
1.677197261987552670e-06
1.714630289338712102e-06
1.751174823286948613e-06
1.789344927791713212e-06
1.828564974931290015e-06
1.867397612121566512e-06
1.906275336037966309e-06
1.947153882275101017e-06
1.987415254418670049e-06
2.027722344772632360e-06
2.069469393384761841e-06
2.111072203085703284e-06
2.152225333316699485e-06
2.195127395489535403e-06
2.236942777940925894e-06
2.279314537732292210e-06
2.322360004656260123e-06
2.364344176579458748e-06
2.407442559315793293e-06
2.449776627956852308e-06
2.492120131897105409e-06
2.534690844309985986e-06
2.576221683152854282e-06
2.618455904150701270e-06
2.659236020809818234e-06
2.700639443222950996e-06
2.740565402119492770e-06
2.780818416253958702e-06
2.819672159550272194e-06
2.858556747035288611e-06
2.896104512741193595e-06
2.933454716614212397e-06
2.969503262390851795e-06
3.005199048880515291e-06
3.039621380450012227e-06
3.073601773002031258e-06
3.106351401788303725e-06
3.138630443487911207e-06
3.169750985586492909e-06
3.200429411818268085e-06
3.230059179656990564e-06
3.259328318882961428e-06
3.287697265091320756e-06
3.315832664007466584e-06
3.343248949381457081e-06
3.370591880639510880e-06
3.397416356314943692e-06
3.424342670507233366e-06
3.450951494627352929e-06
3.477829515151737054e-06
3.504567931314904516e-06
3.531710178290428402e-06
3.558843906071837232e-06
3.586460894705338002e-06
3.614134928527239800e-06
3.642302150081577546e-06
3.670518824114614930e-06
3.699168836309738048e-06
3.727796189230296567e-06
3.756744860359458822e-06
3.785561087216062643e-06
3.814569248858304960e-06
3.843338758778581989e-06
3.872198130950216546e-06
3.900760956132981020e-06
3.929379204970499403e-06
3.957722847076562252e-06
3.986173242100848775e-06
4.014452038953317092e-06
4.042956630973641176e-06
4.071436300341076940e-06
4.100274054973775814e-06
4.129211038299050714e-06
4.158581557445260864e-06
4.188088998460419881e-06
4.218001505166591850e-06
4.247981885261779834e-06
4.278248286319653294e-06
4.308455692662234199e-06
4.338819222199886567e-06
4.369037766735593906e-06
4.399371198174164894e-06
4.429593310961809715e-06
4.460015052976026365e-06
4.490460419547184265e-06
4.521239456955662372e-06
4.552156061670547675e-06
4.583449600805551582e-06
4.614853985108356594e-06
4.646527374120430179e-06
4.678169929707258987e-06
4.709936821143342595e-06
4.741591240407663446e-06
4.773368354704937332e-06
4.805128279585001338e-06
4.837151826698339264e-06
4.869298105102531983e-06
4.901768700027558833e-06
4.934323938833608044e-06
4.967067998203040162e-06
4.999742285106287956e-06
5.032501507765670515e-06
5.065207585939322374e-06
5.098112834063299743e-06
5.131111418924998527e-06
5.164370188129524799e-06
5.197650693284088059e-06
5.231012088620777098e-06
5.264243465113831855e-06
5.297542792811041569e-06
5.330868432164305664e-06
5.364451916446261543e-06
5.398115279399581103e-06
5.431865000537656408e-06
5.465434182051974704e-06
5.498970770299052446e-06
5.532486110477343494e-06
5.566245191425073627e-06
5.600075385225791810e-06
5.633907145330889551e-06
5.667472145647990811e-06
5.700970724548790344e-06
5.734483043709852900e-06
5.768186124044412643e-06
5.801799525143894754e-06
5.835278150679944261e-06
5.868571568199088540e-06
5.901926131699894229e-06
5.935178154274009758e-06
5.968259663694452664e-06
6.001093484101988376e-06
6.033955118236162301e-06
6.066710496887941077e-06
6.099243667266091259e-06
6.131465972906630495e-06
6.163618522544813931e-06
6.195523095132513054e-06
6.227132376078484146e-06
6.258469275396445216e-06
6.289616991857871798e-06
6.320336646725128413e-06
6.350832534859523188e-06
6.381074580667397900e-06
6.410877745999082934e-06
6.440269529976228225e-06
6.469443283449485489e-06
6.498068975544725505e-06
6.526313237065648589e-06
6.554133087108773345e-06
6.581386352029967008e-06
6.608174384370794536e-06
6.634427580212222464e-06
6.660073827812607000e-06
6.685169770989493082e-06
6.709547449662274258e-06
6.733358920344133224e-06
6.756458263309890740e-06
6.778884892415959512e-06
6.800539705388113754e-06
6.821548654568704196e-06
6.841734342784654398e-06
6.861206870281096554e-06
6.879832623964259809e-06
6.897631806901040831e-06
6.914554096428578523e-06
6.930606444698941364e-06
6.945684212248698357e-06
6.959837635764541349e-06
6.972995876534213363e-06
6.985193896768043248e-06
6.996372245874550141e-06
7.006574036245626229e-06
7.015684050005160092e-06
7.023712801265196211e-06
7.030577008757791779e-06
7.036284216564175823e-06
7.040700800064980693e-06
7.043878846374059216e-06
7.045747128858152804e-06
7.046286497617627863e-06
7.045389900207787896e-06
7.043115294204907601e-06
7.039322415867434779e-06
7.034011325869726033e-06
7.027174247303802448e-06
7.018845847785350748e-06
7.008988278518301344e-06
6.997648553102429128e-06
6.984789951861655376e-06
6.970437499748242621e-06
6.954551239158480839e-06
6.937214580566039293e-06
6.918380991096564175e-06
6.897985094709968822e-06
6.876004165403863268e-06
6.852438948186904666e-06
6.827147899796783181e-06
6.800199368353296551e-06
6.771524369485444828e-06
6.741068347427105548e-06
6.708863455961878269e-06
6.675013892208919443e-06
6.639498383291561743e-06
6.602379159988456094e-06
6.563703635465595478e-06
6.523583693563667951e-06
6.481963423516076771e-06
6.438799752926348297e-06
6.394106950632101216e-06
6.347874593520125116e-06
6.300009502930592520e-06
6.250615270623471774e-06
6.199742667598890404e-06
6.147472931541543918e-06
6.093879363118105195e-06
6.039055738946654687e-06
5.983019457496349341e-06
5.925761481399098642e-06
5.867298821403270256e-06
5.807701100837146873e-06
5.746918010449346625e-06
5.685111913261826687e-06
5.622377374830639505e-06
5.558663346451856132e-06
5.494065462357587576e-06
5.428639634302298846e-06
5.362320989401647040e-06
5.295276041588926502e-06
5.227603312591259367e-06
5.159300974501358195e-06
5.090404246809632999e-06
5.020997739857514377e-06
4.951060447878558778e-06
4.880759300071105967e-06
4.810227429388522570e-06
4.739494391078130939e-06
4.668467166248815052e-06
4.597169782560240800e-06
4.525774851502618632e-06
4.454418328125356286e-06
4.383082904513478404e-06
4.311814368783745588e-06
4.240536274115519594e-06
4.169334604946309230e-06
4.098514888869622920e-06
4.028063287551812257e-06
3.957756273832957507e-06
3.887772756221120627e-06
3.818251556459307389e-06
3.749150095274694855e-06
3.680477612078393593e-06
3.612317472937719237e-06
3.544739109696829878e-06
3.477765294168292815e-06
3.411429856370627262e-06
3.345840468011178352e-06
3.280883425529451196e-06
3.216597089726599016e-06
3.153147010188841332e-06
3.090411703703326906e-06
3.028441040469941389e-06
2.967445338816258641e-06
2.907221435077078119e-06
2.847810433996019390e-06
2.789374122047524762e-06
2.731767623779299338e-06
2.675077414089038448e-06
2.619365572843752720e-06
2.564585264320072035e-06
2.510712169420416698e-06
2.457778642454013286e-06
2.405860309534697205e-06
2.354911142561073428e-06
2.304956959860240938e-06
2.255917743707607048e-06
2.207890289944286195e-06
2.160776996620298015e-06
2.114689607061608884e-06
2.069579958688502671e-06
2.025354869929189844e-06
1.982110677339825515e-06
1.939858264891740256e-06
1.898498827813653278e-06
1.858079211258388164e-06
1.818626458656248612e-06
1.780067542738815920e-06
1.742393137036757442e-06
1.705593711755265163e-06
1.669695055100849898e-06
1.634673628417680037e-06
1.600487077017175067e-06
1.567171147273344363e-06
1.534696442499853527e-06
1.502992615803479410e-06
1.472110562393204386e-06
1.442016566131117182e-06
1.412640493989097171e-06
1.384059280733425820e-06
1.356220541321206442e-06
1.329053820131830824e-06
1.302602673963310122e-06
1.276830013890760097e-06
1.251700439827889178e-06
1.227216900705507061e-06
1.203398520963449282e-06
1.180196772313577404e-06
1.157550273346045222e-06
1.135503799005274990e-06
1.114034124083305646e-06
1.093102120473943761e-06
1.072690426786559575e-06
1.052796558052976523e-06
1.033373363280769364e-06
1.014451938546667782e-06
9.959974632108706326e-07
9.779707937359501147e-07
9.603927353850041693e-07
9.432407305348374301e-07
9.264778625653517124e-07
9.101164834781758804e-07
8.941078082347753975e-07
8.784794536024315802e-07
8.632155317483336619e-07
8.482576983912474442e-07
8.336445559480202371e-07
8.193711397898437841e-07
8.053579315290315983e-07
7.916573863052760510e-07
7.782541381388077355e-07
7.650796958882975581e-07
7.521794202907246468e-07
7.395438414947117901e-07
7.270869888914885323e-07
7.148797774192165552e-07
7.029014016797023040e-07
6.910809686460008301e-07
6.794894417800468708e-07
6.680966402405703748e-07
6.568341827185952394e-07
6.457582214806663016e-07
6.348490354987964644e-07
6.240593041465458659e-07
6.134394636424423331e-07
6.029735067477237519e-07
5.925922057258032022e-07
5.823654534467699262e-07
5.722742308078770694e-07
5.622948894274552707e-07
5.524896146434604588e-07
5.428490665387730082e-07
5.333469865246176050e-07
5.240512584819760355e-07
5.149328176203754742e-07
5.059649609710511225e-07
4.971822432797035598e-07
4.885318048605426202e-07
4.799533639542808474e-07
4.714889336428090050e-07
4.630743840242430868e-07
4.546483543146376636e-07
4.462639956237326822e-07
4.378962945691838267e-07
4.294767742620496028e-07
4.210688598882244653e-07
4.126829275871584117e-07
4.042891972216769145e-07
3.959380731020166299e-07
3.876512259793520440e-07
3.794198506745236536e-07
3.712783436361298410e-07
3.631967642692835635e-07
3.551853761938704904e-07
3.472687990125376722e-07
3.394249544422959639e-07
3.316864041114691183e-07
3.240758713258874874e-07
3.165478909818064056e-07
3.091249012722489841e-07
3.018214247816764833e-07
2.946350943185769144e-07
2.875799635513064382e-07
2.806377623462572601e-07
2.737848277268601419e-07
2.670327633511964765e-07
2.604116959325000488e-07
2.539382323817389045e-07
2.475931467414067600e-07
2.413619612161311024e-07
2.352366096959651391e-07
2.292364368141149395e-07
2.233562171184661849e-07
2.175689123519338840e-07
2.118897915861525795e-07
2.063474633719832539e-07
2.009175087058470222e-07
1.955710259030953410e-07
1.903057246492455808e-07
1.851410222197367879e-07
1.800821167017135476e-07
1.751216549615857230e-07
1.702501569307834516e-07
1.654569909972803271e-07
1.607379713029070491e-07
1.561159709170207818e-07
1.515907604293750831e-07
1.471495683817769254e-07
1.427776635512924573e-07
1.384801730571897046e-07
1.342838308199913463e-07
1.301839622422129267e-07
1.261432013113178885e-07
1.221806068101712918e-07
1.183101904016691576e-07
1.145341947022948431e-07
1.108163827823592955e-07
1.071754021160099047e-07
1.036312987869887857e-07
1.001600937389556309e-07
9.676149729333410554e-08
9.344149071492083476e-08
9.021413480249232793e-08
8.705534359379682503e-08
8.397333468292220716e-08
8.098274932411887186e-08
7.806451617758258404e-08
7.522193200276148789e-08
7.246547761918265003e-08
6.977404035716487511e-08
6.716091907299217648e-08
6.462224474937829998e-08
6.214899571029467612e-08
5.975984059120665906e-08
5.743347610341424760e-08
5.518978075507056286e-08
5.301451722748257975e-08
5.090603555293716610e-08
4.887215943417344864e-08
4.689382627108625782e-08
4.498492155479908300e-08
4.313326992338267358e-08
4.134717966298253498e-08
3.962462330343471842e-08
3.796623622561531839e-08
3.636625088047160091e-08
3.482501376537902739e-08
3.333271305350499598e-08
3.189348393666842042e-08
3.050721635129377181e-08
2.917635815166737461e-08
2.789913779641834580e-08
2.667227837131244159e-08
2.548968298260691973e-08
2.434886526432722092e-08
2.325180489659259593e-08
2.220355527229446586e-08
2.119975605921861069e-08
2.023611530260306001e-08
1.930819337835066375e-08
1.841506630814290103e-08
1.756256586351806805e-08
1.675047497327240506e-08
1.596975129155377973e-08
1.521837910400735697e-08
1.449920447344131867e-08
1.381508770568352138e-08
1.316214804887550988e-08
1.253339688482887188e-08
1.193049429434611168e-08
1.135888657768948098e-08
1.081381752381776889e-08
1.028865714047535546e-08
9.786286808247450140e-09
9.311704116982033770e-09
8.858386909374017567e-09
8.420336540239079385e-09
8.006070132680127433e-09
7.614668349631125445e-09
7.235577001960120498e-09
6.875247836816402791e-09
6.536080575191657140e-09
6.207292157733566565e-09
5.895501780144926830e-09
5.601976508793192382e-09
5.317746467928125933e-09
5.050371857685686596e-09
4.796806585860521461e-09
4.551435644915157417e-09
4.322123619203820418e-09
4.101741216222205758e-09
3.892018199036416697e-09
3.693226493481953874e-09
3.504154784124562764e-09
3.324023643471023917e-09
3.152622569094365328e-09
2.991787618075542603e-09
2.836126026790816435e-09
2.690361788026128388e-09
2.551550157346981380e-09
2.418755341313224861e-09
2.293086745280678786e-09
2.174587324290856417e-09
2.060633750730054412e-09
1.953915776332123616e-09
1.852348211285567926e-09
1.755196493332807236e-09
1.663461701340725032e-09
1.576814470877203445e-09
1.493836303650338057e-09
1.416031509966898326e-09
1.341831948672846102e-09
1.270929115042951520e-09
1.204394761896763321e-09
1.141311169960295643e-09
1.080665151400390986e-09
1.024055537951891563e-09
9.702790992782113027e-10
9.186796248659548236e-10
8.703040182540655412e-10
8.245584065106530925e-10
7.805701527901031297e-10
7.397129410675930981e-10
7.007493698041467614e-10
6.632779867331777107e-10
6.286326220703049815e-10
5.957758026171336863e-10
5.638232375495870180e-10
5.342998111142841330e-10
5.062405650673625238e-10
4.792208576399891206e-10
4.541742189310343136e-10
4.302282694720427394e-10
4.073186344059137295e-10
3.861977792735161219e-10
3.657846675165216520e-10
3.462876015625885973e-10
3.282941173586971304e-10
3.108495863265784778e-10
2.941973399674000028e-10
2.790381893835930230e-10
2.640786143468981670e-10
2.500477939729522133e-10
2.372687131013668728e-10
2.246797029166502406e-10
2.128904622736194781e-10
2.020676182242090512e-10
1.912496048038546778e-10
1.811308174029540550e-10
1.718081358946885431e-10
1.625937286385812722e-10
1.540084701298003307e-10
1.461252690822122076e-10
1.382098565954409502e-10
1.309200982047064869e-10
1.243175212885998266e-10
1.177358514814793856e-10
1.117038543548280947e-10
1.061308207523246134e-10
1.004353906652253620e-10
9.517150318264831748e-11
9.030614547913633108e-11
8.542484827190456299e-11
8.107617256639054033e-11
7.708314272310138564e-11
7.293700456989821749e-11
6.925497816759592772e-11
6.585630932125164452e-11
6.225165409514393277e-11
5.894244416451965254e-11
5.596923884453511503e-11
5.298209961741567182e-11
5.037728845736731807e-11
4.792934210443927258e-11
4.533387603623960497e-11
4.301988531158574257e-11
4.086598200959584184e-11
3.865212412423703681e-11
3.681227289615384630e-11
3.507047752185395264e-11
3.315338678698998067e-11
3.139560920492366465e-11
2.981229458696142162e-11
2.826819879783746267e-11
2.690705134778529147e-11
2.559642062549182517e-11
2.419329194818881506e-11
2.296999562828812287e-11
2.190744316096857083e-11
2.078409553469964881e-11
1.971397382099520632e-11
1.866357931347498698e-11
1.771434645312970844e-11
1.689412717227686772e-11
1.601538317587091272e-11
1.517932666803344874e-11
1.449567826601919073e-11
1.379129084610304427e-11
1.301046875625756447e-11
1.232985314233371938e-11
1.175448691867474148e-11
1.113491942752192995e-11
1.057967228398055087e-11
1.011074923288702806e-11
9.588740170150315895e-12
9.056274866527082084e-12
8.615795010411613362e-12
8.156806545527776007e-12
7.759786810312028293e-12
7.425584746832967234e-12
7.017972288519732690e-12
6.635368661110901081e-12
6.291138987306713186e-12
5.949291848128214114e-12
5.693694026479672683e-12
5.390753267830078118e-12
5.094862551824330099e-12
4.810160410369680352e-12
4.561659008203564937e-12
4.338669121243688454e-12
4.094793975973391688e-12
3.856401531183278151e-12
3.640965593246823838e-12
3.461897395343193007e-12
3.260002133353995342e-12
3.059302577671623714e-12
2.886560368449040534e-12
2.718887807163480517e-12
2.538620522994718145e-12
2.380534458867788444e-12
2.244475125594917099e-12
2.091340937510981134e-12
1.936957555123545463e-12
1.818563655077506992e-12
1.690860527301361692e-12
1.553096469670381711e-12
1.452306274246076741e-12
1.341358451630814614e-12
1.215985912974657293e-12
1.126560800701206069e-12
1.030884056046047538e-12
9.334606087431097338e-13
8.599196754758651817e-13
7.710569280902442698e-13
7.032383516605214559e-13
6.358063958158872475e-13
5.702983155678665184e-13
5.131301757911346984e-13
4.617849521169059493e-13
4.208996488832853257e-13
3.801869846899199322e-13
3.465730625403689355e-13
3.141342027649596402e-13
2.927652026627745445e-13
2.685634625025123876e-13
2.565362737887090084e-13
2.430595250996378577e-13
2.343279792604985203e-13
2.231544355623229277e-13
2.187173110330632045e-13
2.123491871632532877e-13
2.085356469526637719e-13
2.029178934600176883e-13
1.953414058330651836e-13
1.859658557379740853e-13
1.787256869460857743e-13
1.675512058679940108e-13
1.554185342921948689e-13
1.397190410658335088e-13
1.266078169699031371e-13
1.132923587681283603e-13
9.834644011116956268e-14
8.479985238903686903e-14
7.421490261259266962e-14
6.583665939981674653e-14
5.800187301755686562e-14
5.349120958692841486e-14
5.208193035417573597e-14
5.136249724920992582e-14
5.108914739803871703e-14
5.268667971290608834e-14
5.306580635050815956e-14
5.162420915112629114e-14
5.020461095684571103e-14
4.615418287572479867e-14
4.074520781527177410e-14
3.549057622690829715e-14
2.922457790215311702e-14
2.432798234509224478e-14
2.094041701700351276e-14
1.880580625498600174e-14
1.903385517297250412e-14
1.967840907092396633e-14
2.113561378183567579e-14
2.174793971795737779e-14
2.125639462421653867e-14
1.952891151005497273e-14
1.652709253954347007e-14
1.342049429883352764e-14
1.056063576114369561e-14
9.013884060543432580e-15
8.750610992842847462e-15
9.664837013559469804e-15
1.071496250092584228e-14
1.121423715585895464e-14
1.042438057542523142e-14
8.595526145521609986e-15
6.472997085154552642e-15
5.027526859604832399e-15
4.713560971881725769e-15
5.430638617097601341e-15
6.289290863667961748e-15
6.478442988597623694e-15
5.598814244906237551e-15
4.057392800199505818e-15
2.861001143479661053e-15
2.833950596606770550e-15
3.639987081370514815e-15
4.224465910120031240e-15
3.819304126685755921e-15
2.662872957327419794e-15
1.771287612637912875e-15
1.915924079439644721e-15
2.664063883636095620e-15
2.873974620034320571e-15
2.083345484458308391e-15
1.211902480890886828e-15
1.302282135211840256e-15
1.949684508440857577e-15
1.965873548894507175e-15
1.226468708414789754e-15
7.978795343025329152e-16
1.226188307975125225e-15
1.524261426185845671e-15
1.015221905715708068e-15
6.141868075554244896e-16
9.098888919167508403e-16
1.117349057682002709e-15
6.980695251300630553e-16
4.933450940299051209e-16
7.991740173656830142e-16
7.498211790320129506e-16
4.139352774252272171e-16
5.072378884853111538e-16
6.582716866141688979e-16
3.803144584828687189e-16
3.583808972991937840e-16
5.395961456042764620e-16
3.074515063124083850e-16
2.955857063036556277e-16
4.420925181397537118e-16
2.016373300816477903e-16
3.075389174258407261e-16
3.065292984599791352e-16
1.552065750784997331e-16
3.157713918581635856e-16
1.426095770707008267e-16
2.296914082308122639e-16
1.769188450285514738e-16
1.523634069989621476e-16
1.854965447530886199e-16
1.134994806385394565e-16
1.682096702813627096e-16
9.732565680806503028e-17
1.429462761357977068e-16
8.823544010334229484e-17
1.195784462195107195e-16
8.004697948199185182e-17
1.004619136497278633e-16
7.165461369173447303e-17
8.513606777326610835e-17
6.336655969442147584e-17
7.268611277146090530e-17
5.556764322970030793e-17
6.238358451495140447e-17
4.846465301206287935e-17
5.373034262886304801e-17
4.212112398214178592e-17
4.638774555088708452e-17
3.652126499500162948e-17
4.011552162871393181e-17
3.161252636162282451e-17
3.473419224886038331e-17
2.732859646457161937e-17
3.010371259659179194e-17
2.360080848371758862e-17
2.611125106272691420e-17
2.036347177934060038e-17
2.266387604300551741e-17
1.755614726364347934e-17
1.968390445245864948e-17
1.512440856753892950e-17
1.710575061932440766e-17
1.301986360705560591e-17
1.487366662058648268e-17
1.119982761225005729e-17
1.294004416763811521e-17
9.626846758109112793e-18
1.126409125397447081e-17
8.268174428808116479e-18
9.810772392157263645e-18
7.095251756102485797e-18
8.549942942509339533e-18
6.083217758285625177e-18
7.455631644662728606e-18
5.210460230348907742e-18
6.505439700542363541e-18
4.458211007257681256e-18
5.680033668845438934e-18
3.810185230720364115e-18
4.962715018734654731e-18
3.252262261550590698e-18
4.339053283186958033e-18
2.772204878592650420e-18
3.796572409608858343e-18
2.359413092922925227e-18
3.324481916402496111e-18
2.004708915650623666e-18
2.913446086360633993e-18
1.700148577692284860e-18
2.555385480905585627e-18
1.438858948473903200e-18
2.243306080845996562e-18
1.214895244337880162e-18
1.971152094609224171e-18
1.023117351928411558e-18
1.733679015578321266e-18
8.590824431345373540e-19
1.526344159715847852e-18
7.189517909325187929e-19
1.345212178862817123e-18
5.994099937917592335e-19
1.186873506833755894e-18
4.975949441546199199e-19
1.048373966542529806e-18
4.110372157762823141e-19
9.271539879726209274e-19
3.376075969156963463e-19
8.209961537747941634e-19
2.754717447432005726e-19
7.279799533927556705e-19
2.230509927027594686e-19
6.464427528956872010e-19
1.789885766390904828e-19
5.749461938552219602e-19
1.421205300020382404e-19
5.122472881663097117e-19
1.114506898957194055e-19
4.572736139781608453e-19
8.612928486975281707e-20
