# ximinus_1_1
1.606480119177387881e-08
4.584554880686234907e-09
1.435476957958471215e-08
3.647624719737079194e-09
1.286348579793346803e-08
2.872096176369256117e-09
1.156530505129661401e-08
2.237562562120134328e-09
1.043843128441323958e-08
1.726967382445249491e-09
9.464496108693710154e-09
1.326248908075366350e-09
8.628210560120468454e-09
1.024050357172276196e-09
7.917082197352924847e-09
8.114891988930813905e-10
7.321191589697859745e-09
6.819807850030307260e-10
6.833022830278874056e-09
6.311114241649820006e-10
6.447344078993228310e-09
6.565577722403484281e-10
6.161133990454437718e-09
7.580486469232001412e-10
5.973550889908708573e-09
9.373663046843861573e-10
5.885940997231284166e-09
1.198384092275603202e-09
5.901882249189538555e-09
1.547135977152650953e-09
6.027258958228045588e-09
1.991913458923948149e-09
6.270361593196433196e-09
2.543383211804201673e-09
6.642004008799352607e-09
3.214716491119626717e-09
7.155647668481886546e-09
4.021718438673267772e-09
7.827519007296890606e-09
4.982941266313352616e-09
8.676701359271401420e-09
6.119760224365371771e-09
9.725177319791147822e-09
7.456384953289685899e-09
1.099779072558028555e-08
9.019771673900768249e-09
1.252208944471814651e-08
1.083939347947747366e-08
1.432800221308391944e-08
1.294681743147247340e-08
1.644729371980950093e-08
1.537502916271009554e-08
1.891273540137921486e-08
1.815743932814265757e-08
2.175692418471881081e-08
2.132650375007447219e-08
2.501068225856035010e-08
2.491189346473779586e-08
2.870097961386483432e-08
2.893816559457505239e-08
3.284834338210653256e-08
3.342191642781030148e-08
3.746375803655058948e-08
3.836844961745375667e-08
4.254512501047945683e-08
4.376807153214898979e-08
4.807344529170254573e-08
4.959223726097372079e-08
5.400901737356191764e-08
5.578991742893090870e-08
6.028810659199253548e-08
6.228473462450559256e-08
6.682073225650467846e-08
6.897361526908165386e-08
7.349041549370110903e-08
7.572788953413693430e-08
8.015689567717282194e-08
8.239789884513492671e-08
8.666289283558356834e-08
8.882216116953909840e-08
9.284588012596234685e-08
9.484189778012060692e-08
9.855542046618761085e-08
1.003211225181662592e-07
1.036757981852026057e-07
1.051714267015698544e-07
1.081523494559717685e-07
1.093790069006280552e-07
1.120180698795112905e-07
1.130294618193019262e-07
1.154149382117510287e-07
1.163237447037133192e-07
1.186024170542974683e-07
1.195770507602388133e-07
1.219446148557946830e-07
1.231923756944050674e-07
1.258688146548083628e-07
1.276033054809883233e-07
1.307928139579359589e-07
1.331874889340939153e-07
1.370276665686847725e-07
1.401635422321759030e-07
1.446754778816621687e-07
1.484982092291386129e-07
1.535558208090122431e-07
1.578627310103067159e-07
1.632026255602751561e-07
1.676794337163661355e-07
1.729667103451259531e-07
1.772818078261910401e-07
1.822286856408817035e-07
1.861677978257513583e-07
1.906717283626871410e-07
1.942630020090322344e-07
1.984997146191859074e-07
2.020552533902260502e-07
2.064519968040128454e-07
2.104623335631605876e-07
2.155133629939366193e-07
2.203972305545207320e-07
2.263764470186390611e-07
2.321992855700142911e-07
2.389377663439910814e-07
2.453032724769690340e-07
2.522399883122784394e-07
2.585215900619720129e-07
2.651010837689837541e-07
2.709474339326588527e-07
2.771327035258419236e-07
2.828599900125240669e-07
2.892769485638304461e-07
2.956771222363506742e-07
3.030766801154678608e-07
3.106291553902940695e-07
3.190497988090748565e-07
3.273024810391866287e-07
3.359250248923033310e-07
3.439638192375658491e-07
3.521317660499943903e-07
3.598488081903441323e-07
3.681042823999701645e-07
3.765111620056481292e-07
3.859151246387815309e-07
3.956176252311303093e-07
4.059878333217482429e-07
4.160589297585066362e-07
4.261953165148086198e-07
4.358505409797525564e-07
4.459074476856230940e-07
4.562202376389054156e-07
4.675530781974629904e-07
4.792455194617816678e-07
4.913888508731506446e-07
5.030994577647747595e-07
5.148433791569206338e-07
5.265482883489154202e-07
5.391654226878489798e-07
5.523664145806833616e-07
5.661928630456307492e-07
5.796844019789293080e-07
5.931667012925644464e-07
6.067298672408670283e-07
6.213119847860011993e-07
6.364462034524034226e-07
6.518723761176570218e-07
6.668546691501121468e-07
6.822027891417839581e-07
6.982304995618657891e-07
7.151654619194247405e-07
7.319085624178277661e-07
7.486127886959265377e-07
7.657093372629285784e-07
7.839080023188245130e-07
8.021768141980957913e-07
8.203235374121957149e-07
8.387890254461627654e-07
8.583653274077454799e-07
8.779270776940679673e-07
8.974006191207478265e-07
9.174712026560501409e-07
9.384334609437793804e-07
9.589944732104692773e-07
9.799386724746084677e-07
1.001711236797132302e-06
1.023533231931347429e-06
1.045215553879976335e-06
1.067990777196835511e-06
1.090551993961607082e-06
1.113253013705500005e-06
1.136719892555757384e-06
1.160007953056660848e-06
1.183479716337273150e-06
1.207667266433289906e-06
1.231240333054839291e-06
1.255755118546976332e-06
1.279824558440817279e-06
1.304278110676210069e-06
1.328804371399044594e-06
1.353182687489274610e-06
1.377887291788058628e-06
1.402229564370919946e-06
1.426865279718363129e-06
1.451117012541039384e-06
1.475513654140213892e-06
1.499549569582293570e-06
1.523574204653543868e-06
1.547245557032313425e-06
1.570774821861481735e-06
1.593935459896187628e-06
1.616850398770023243e-06
1.639368193501002258e-06
1.661559914460099154e-06
1.683323736713741898e-06
1.704702164553185121e-06
1.725628494338218208e-06
1.746131266929884435e-06
1.766170894114824216e-06
1.785771229696931344e-06
1.804915212353140093e-06
1.823627847090610189e-06
1.841911520451084182e-06
1.859795702338655886e-06
1.877299469316884225e-06
1.894457943536583554e-06
1.911303714645946844e-06
1.927876813542868348e-06
1.944219346022299451e-06
1.960373783011029834e-06
1.976386853725321404e-06
1.992299640514087944e-06
2.008157976653606324e-06
2.023996983780939582e-06
2.039856068965903890e-06
2.055759959990381829e-06
2.071736995470107997e-06
2.087798276396176620e-06
2.103958337294359253e-06
2.120213653991123755e-06
2.136564995012990709e-06
2.152996149057279626e-06
2.169497306978350489e-06
2.186044479300882621e-06
2.202623194858211617e-06
2.219208695232305729e-06
2.235789133471960104e-06
2.252346326675048554e-06
2.268877598923590585e-06
2.285376732503542927e-06
2.301853719477177996e-06
2.318315641524812919e-06
2.334783922208982072e-06
2.351275185999877844e-06
2.367816105402001720e-06
2.384424759324597972e-06
2.401123731729571479e-06
2.417922956077821169e-06
2.434832168713542012e-06
2.451846478823575439e-06
2.468959364928992672e-06
2.486151952949235729e-06
2.503407130914402837e-06
2.520702404539833683e-06
2.538024136999677582e-06
2.555361881989795084e-06
2.572719726498757282e-06
2.590108397455868744e-06
2.607550262248944277e-06
2.625066992608749643e-06
2.642678697686760584e-06
2.660391077086838775e-06
2.678196311007203061e-06
2.696069341221165774e-06
2.713979237399364327e-06
2.731897934092333336e-06
2.749816448141790213e-06
2.767750230163284743e-06
2.785738233326950434e-06
2.803825643254173946e-06
2.822041431915653931e-06
2.840377375813488041e-06
2.858784580955116069e-06
2.877193829688356270e-06
2.895553220246817769e-06
2.913864721707989942e-06
2.932190118523156776e-06
2.950618202863116332e-06
2.969201252850924826e-06
2.987910043586317817e-06
3.006640433907958086e-06
3.025288268191862568e-06
3.043832159589990062e-06
3.062361342094959439e-06
3.080997669340448093e-06
3.099779311763596783e-06
3.118603451998932224e-06
3.137312884875577275e-06
3.155841610797451753e-06
3.174281401898552475e-06
3.192771765376829836e-06
3.211346932421354906e-06
3.229908123421033518e-06
3.248365185996531212e-06
3.266733120101495159e-06
3.285067139117884982e-06
3.303346136025788192e-06
3.321526213744036274e-06
3.339650411870533644e-06
3.357800672637751607e-06
3.375941730372961433e-06
3.393972619141069864e-06
3.411883506985395768e-06
3.429716489023567797e-06
3.447426709990529672e-06
3.464976677755237722e-06
3.482388369088734698e-06
3.499606455369836330e-06
3.516589520843895985e-06
3.533481305504436048e-06
3.550286764684024392e-06
3.566826584034229204e-06
3.583198684966214025e-06
3.599523596853823242e-06
3.615617454977489734e-06
3.631504714125797344e-06
3.647234740100371093e-06
3.662631301338925652e-06
3.677756247423072592e-06
3.692617771799828014e-06
3.707150925439095123e-06
3.721415831886775732e-06
3.735382011469440400e-06
3.749131053277268311e-06
3.762649512781057356e-06
3.775815755779968688e-06
3.788636306231919543e-06
3.801093494369675063e-06
3.813093070667315452e-06
3.824705774113151714e-06
3.835925592914203152e-06
3.846756376660632653e-06
3.857279847118830843e-06
3.867404979570111596e-06
3.877045406806202640e-06
3.886160184632242906e-06
3.894737933398382908e-06
3.902808816072574562e-06
3.910454706993700829e-06
3.917668867534028466e-06
3.924345571943368638e-06
3.930419116985013750e-06
3.935853677324507083e-06
3.940701292192010773e-06
3.945015011102296016e-06
3.948825175637583455e-06
3.952000931288333946e-06
3.954456328796909748e-06
3.956181077761434539e-06
3.957321783967077135e-06
3.957857868468842789e-06
3.957668129433676777e-06
3.956658506115240310e-06
3.954877409844655040e-06
3.952420403438015193e-06
3.949246788070907800e-06
3.945207334564345513e-06
3.940307013550133627e-06
3.934676802432801773e-06
3.928302406298918546e-06
3.921008841162448651e-06
3.912799359013522823e-06
3.903828811781262757e-06
3.894005966593031639e-06
3.883150409883986813e-06
3.871451646045957728e-06
3.858941243560860556e-06
3.845446693724177100e-06
3.831071836410470845e-06
3.815926622680271191e-06
3.799830262903434651e-06
3.782876309431192029e-06
3.765141865089319512e-06
3.746510374851854453e-06
3.727085671402499122e-06
3.706885749977796524e-06
3.685864653939165293e-06
3.664146419426405416e-06
3.641608242660243585e-06
3.618388477185258783e-06
3.594433803151968468e-06
3.569707130717932975e-06
3.544317843069670287e-06
3.518187692694837510e-06
3.491353686730623161e-06
3.463772548547845377e-06
3.435473703349358716e-06
3.406410328979842518e-06
3.376639657296641698e-06
3.346157086263952630e-06
3.314980262718425182e-06
3.283063991002422398e-06
3.250472952874529943e-06
3.217263154631337335e-06
3.183447302797531225e-06
3.149096648635793272e-06
3.114309776853830678e-06
3.079076724827721167e-06
3.043463538872150266e-06
3.007532506261974132e-06
2.971280308136267240e-06
2.934705471490416070e-06
2.897826661020642259e-06
2.860632354163769614e-06
2.823092982542197092e-06
2.785196269466905681e-06
2.747019097353471346e-06
2.708574053112950995e-06
2.669875909817222270e-06
2.631067259914934944e-06
2.592195988189276066e-06
2.553270080346682186e-06
2.514433125184626293e-06
2.475664029771739902e-06
2.436877093138380762e-06
2.398116206703290700e-06
2.359354025414436919e-06
2.320534775169773458e-06
2.281729632360199940e-06
2.243031135267601349e-06
2.204525732578860183e-06
2.166283702015040633e-06
2.128345658262659248e-06
2.090724580869826141e-06
2.053309849675898770e-06
2.016038564613080724e-06
1.978968424468182049e-06
1.942122272503102325e-06
1.905615438981904000e-06
1.869596751877135260e-06
1.834024525891742586e-06
1.798843277695186206e-06
1.764022120664502168e-06
1.729489708159151201e-06
1.695307331683432038e-06
1.661623046308513815e-06
1.628539142464273007e-06
1.595996178522139223e-06
1.563840476550538420e-06
1.532060739029744306e-06
1.500717538729926589e-06
1.469878798190427682e-06
1.439662399818791845e-06
1.409988172769409287e-06
1.380660140314735640e-06
1.351767821260190916e-06
1.323471925741304415e-06
1.295759674825398018e-06
1.268586416295363011e-06
1.241854881863860994e-06
1.215588862367209425e-06
1.189962202513234564e-06
1.164919317983006870e-06
1.140301322230202635e-06
1.116137895273694267e-06
1.092553971767923807e-06
1.069521381617093192e-06
1.046868933242240568e-06
1.024682209700338759e-06
1.003129331823204817e-06
9.820416817715322230e-07
9.613397334015154697e-07
9.412366358168141989e-07
9.216315596493169471e-07
9.023591386835920487e-07
8.836132539627219815e-07
8.653397832644058859e-07
8.474001488021694621e-07
8.299578777619516409e-07
8.129648038980902943e-07
7.963530158141050035e-07
7.802160833601049004e-07
7.644284529695038723e-07
7.490310993971022746e-07
7.340026509537555641e-07
7.193288887805454263e-07
7.050768356127629750e-07
6.911416940637817770e-07
6.775840839721315057e-07
6.643630387167335615e-07
6.514372908478894879e-07
6.388235823143227259e-07
6.265471873706793215e-07
6.145811440797307966e-07
6.029117261796618865e-07
5.915122464566802772e-07
5.803841608347777724e-07
5.695343111476006390e-07
5.589470821123758233e-07
5.486289167971579484e-07
5.385566016156191304e-07
5.286847047553772166e-07
5.190688790744700897e-07
5.097020113256056660e-07
5.005109917239092651e-07
4.915380552559756380e-07
4.827821305569327753e-07
4.741863306354905064e-07
4.658008650791686390e-07
4.575950394760922569e-07
4.495266224949943591e-07
4.416476408629152414e-07
4.339356226841191108e-07
4.263430281978354144e-07
4.189168666049547512e-07
4.116442007066217126e-07
4.044837439929115603e-07
3.974737425049296740e-07
3.905991624903174569e-07
3.838253477578280155e-07
3.771882537994852494e-07
3.706671042608010737e-07
3.642266786402783388e-07
3.579068311688191182e-07
3.516913372778871849e-07
3.455394137815031935e-07
3.395069294005165954e-07
3.335700218762418844e-07
3.276988798225553490e-07
3.219346309311190048e-07
3.162596850592895765e-07
3.106354346945377292e-07
3.050930029364273999e-07
2.996274466536619330e-07
2.941970480269052200e-07
2.888511902146169445e-07
2.835779712572092842e-07
2.783637934628111333e-07
2.732371820517969898e-07
2.681849176200041943e-07
2.631883544191428465e-07
2.582660353481058310e-07
2.533967173446527117e-07
2.485775199254276660e-07
2.438242949057858337e-07
2.391227074358458446e-07
2.344714933895647434e-07
2.298750608182969224e-07
2.253069125990784437e-07
2.207684266672702869e-07
2.162731903373966699e-07
2.118176035673198118e-07
2.074112811619633309e-07
2.030570794921651705e-07
1.987302117386277958e-07
1.944290932599402701e-07
1.901686029338284656e-07
1.859464406802049089e-07
1.817640486594142504e-07
1.776281555673323322e-07
1.735346348837067153e-07
1.694922854512145517e-07
1.655125427540490724e-07
1.615856278030086468e-07
1.577027160410900131e-07
1.538707146837147877e-07
1.501018551421154855e-07
1.464103641968407118e-07
1.427901452524973121e-07
1.392263771488193179e-07
1.357268319227880047e-07
1.322894374944887005e-07
1.289031083565079562e-07
1.255892286455876612e-07
1.223528087579934548e-07
1.191709837159426675e-07
1.160439287484391529e-07
1.129743418868266966e-07
1.099634176225620105e-07
1.070204336316162929e-07
1.041323428716722809e-07
1.012902226219595117e-07
9.850462484070859581e-08
9.577855625191165267e-08
9.310637745263835751e-08
9.047901334676437637e-08
8.789591933482593578e-08
8.537553053532905655e-08
8.290663452134124670e-08
8.047736446780505719e-08
7.809066221904212365e-08
7.576119117340008899e-08
7.348262983503579873e-08
7.123818629609413640e-08
6.904551116327556113e-08
6.690315707258122161e-08
6.480240198443489869e-08
6.274365963528047064e-08
6.073595476939511228e-08
5.876722083234950875e-08
5.684691526576652871e-08
5.497192488260617352e-08
5.313350882648253153e-08
5.134306131625378794e-08
4.959832770699629898e-08
4.788896006215527108e-08
4.622869702253501635e-08
4.460668583106716286e-08
4.302892046897097672e-08
4.149165501746843105e-08
3.999666957579558154e-08
3.854206718974326832e-08
3.712348191864620020e-08
3.575033602675053172e-08
3.441244538906048055e-08
3.311556122112987475e-08
3.185538846661597264e-08
3.063405130923514698e-08
2.944902321669914402e-08
2.830054859986675259e-08
2.718934606598440650e-08
2.611303841609056473e-08
2.507030900163306767e-08
2.406353640915859410e-08
2.308866466280415597e-08
2.214694089831322892e-08
2.123707740237405968e-08
2.035862633688867745e-08
1.951145597919221040e-08
1.869540996913773053e-08
1.790653678452165482e-08
1.714620970601241769e-08
1.641431072016294637e-08
1.570904615666592023e-08
1.503016207686322885e-08
1.437732928801466185e-08
1.374892249768002110e-08
1.314415182552686371e-08
1.256298476978024657e-08
1.200488515570595597e-08
1.146802877468276400e-08
1.095324233611275176e-08
1.045897521757550841e-08
9.984088429385813265e-09
9.528637954369993580e-09
9.092228807577807974e-09
8.673876921806028684e-09
8.272924346680700130e-09
7.887980862423062231e-09
7.520400629812352752e-09
7.168729876078752581e-09
6.831689694117125313e-09
6.509278856637917755e-09
6.201155642202481429e-09
5.906899253014312855e-09
5.625696274643245866e-09
5.356696050835335271e-09
5.100151441360693719e-09
4.855248434250391886e-09
4.621012622293747889e-09
4.397741533403960455e-09
4.184415605638693113e-09
3.980758875768099099e-09
3.786431456197238980e-09
3.600055945064004862e-09
3.422466508737694711e-09
3.252807432763018979e-09
3.090115354401239693e-09
2.935635388136070443e-09
2.789080172605160032e-09
2.648873278018019320e-09
2.516265658692804140e-09
2.390920137487516700e-09
2.270846390547050643e-09
2.157584175167160789e-09
2.050588638713293042e-09
1.947268276631795641e-09
1.849503465438350822e-09
1.756324143086647851e-09
1.666510261024796323e-09
1.581653983917697945e-09
1.500910240830047180e-09
1.423362228134838973e-09
1.350630266025532692e-09
1.282070192826773646e-09
1.216750672025342060e-09
1.155165658089188750e-09
1.096278851070789757e-09
1.039364882979175598e-09
9.853723872953472614e-10
9.338163559108401951e-10
8.847801784448919641e-10
8.394061952912094584e-10
7.970020129101637712e-10
7.566183488248092116e-10
7.185373579393882576e-10
6.817274425001393941e-10
6.456066392035729606e-10
6.111446338565548314e-10
5.787002418516863093e-10
5.484669949641548755e-10
5.210314554332405788e-10
4.949792453375325256e-10
4.691937482197724563e-10
4.441567262550513494e-10
4.202582476443766254e-10
3.980710092253964895e-10
3.782091140276597024e-10
3.592361593121587871e-10
3.404503773003677392e-10
3.221853436489615585e-10
3.047956521859152219e-10
2.892864885362413182e-10
2.752291654247311288e-10
2.607713468416865781e-10
2.462964235344085926e-10
2.334093093043832918e-10
2.220717930856927673e-10
2.113957620668451223e-10
2.001741447906243539e-10
1.885049032108583822e-10
1.786264836183313892e-10
1.703053389963940180e-10
1.614589171703102252e-10
1.527252630250909321e-10
1.452386684958007767e-10
1.376254021442765734e-10
1.294977988437553223e-10
1.227659975438991079e-10
1.176185401293292370e-10
1.117615140458694837e-10
1.050974204956390244e-10
9.933798043380869422e-11
9.453329826435821207e-11
8.996037767872737065e-11
8.581792995667807103e-11
8.082322128466867925e-11
7.594105607836634206e-11
7.284142372808589195e-11
6.957390017651602691e-11
6.555921631292754788e-11
6.190929302193659231e-11
5.874447574885373052e-11
5.648801838507609478e-11
5.294759205244320046e-11
4.996479595788607399e-11
4.793418180914097247e-11
4.531772538459701526e-11
4.299782843228105970e-11
4.084819671111545524e-11
3.888311699486859992e-11
3.672362099359981275e-11
3.498667431552733328e-11
3.296340584468030618e-11
3.151069380417866066e-11
2.996425271950808057e-11
2.837500254855551204e-11
2.710064944031099814e-11
2.555798394355244173e-11
2.414052614599319379e-11
2.302934008551940907e-11
2.174505969118258149e-11
2.096399323303134381e-11
1.975324156416908210e-11
1.885786703306282892e-11
1.773883715382566585e-11
1.683441621021669990e-11
1.611283369087604015e-11
1.524544781330807728e-11
1.455173537712876395e-11
1.369772753669110685e-11
1.307306791450725853e-11
1.245175537767037570e-11
1.189178164587906998e-11
1.120570939588514882e-11
1.062430639110089121e-11
1.007944137588358450e-11
9.602720182808076276e-12
9.132565306247785077e-12
8.705255664015345533e-12
8.261127031945238906e-12
7.821834731885563202e-12
7.394966522697297151e-12
7.048285155124558860e-12
6.710224753829754120e-12
6.366981571569478939e-12
6.065112561035448107e-12
5.753614319002439151e-12
5.386863534309207688e-12
5.135064074581277036e-12
4.934378630802069623e-12
4.645093302876887558e-12
4.389178694416245452e-12
4.176339633156416591e-12
3.925025104578230107e-12
3.751356626424276123e-12
3.548529322044039830e-12
3.321918073306187092e-12
3.149287591084956774e-12
2.992062069420374814e-12
2.814184907805769854e-12
2.642015822186300413e-12
2.495714190434570311e-12
2.346323650522254828e-12
2.199036347315598379e-12
2.052987346774932454e-12
1.947774930107124482e-12
1.806827950825716602e-12
1.676870645806573023e-12
1.570672277151195579e-12
1.462458594052205072e-12
1.339136019163416844e-12
1.255718652649487828e-12
1.158988813270283484e-12
1.050825376407945648e-12
9.748598616037494726e-13
8.928938217032990648e-13
8.058634390099686567e-13
7.433485806100244834e-13
6.638211206903402743e-13
6.061689658897578147e-13
5.483625457375748115e-13
4.930652638105591635e-13
4.434165114861689388e-13
3.988735765322208583e-13
3.625441768623195757e-13
3.266570177833520501e-13
2.977183941105634542e-13
2.707160577104686324e-13
2.533423095253266762e-13
2.322040296353995504e-13
2.209644779242964027e-13
2.088614404139321785e-13
2.016261350000744589e-13
1.929993668560693664e-13
1.899446744558884480e-13
1.836135133178850748e-13
1.795223719645942600e-13
1.749828835002222231e-13
1.693733496841745050e-13
1.615064026423698536e-13
1.544704492509418146e-13
1.440628579461860012e-13
1.342531318955606727e-13
1.212514894970792465e-13
1.092887517925559910e-13
9.711388901761602387e-14
8.464195064324535662e-14
7.362238009902490817e-14
6.385752623425606631e-14
5.630105256072421570e-14
5.028466711985956424e-14
4.663903795872817974e-14
4.465733559143401425e-14
4.439422919806388577e-14
4.456410337711801766e-14
4.533241117588518708e-14
4.569543644246053754e-14
4.488256632183144374e-14
4.306334318666311913e-14
3.970786358274493150e-14
3.532147605232886149e-14
3.038467258504926544e-14
2.531829513101227472e-14
2.111245560282319505e-14
1.803227676452809967e-14
1.650164132966484951e-14
1.634881254741796856e-14
1.704932410028495152e-14
1.815629005463451900e-14
1.866654228828952254e-14
1.830775380346109907e-14
1.678246899380875073e-14
1.437389587872959816e-14
1.163452818357205258e-14
9.255226625869796588e-15
7.796240785784670186e-15
7.531793314058182373e-15
8.208095140176333572e-15
9.185779581456676646e-15
9.656865043755261482e-15
9.083437430838215603e-15
7.506644746713397968e-15
5.646265118256206632e-15
4.309580585171539383e-15
3.993157628621410367e-15
4.603399194655764733e-15
5.444119706944873309e-15
5.671699946675009120e-15
4.912383034964867101e-15
3.483236031468414187e-15
2.397843419120726272e-15
2.386440064908467059e-15
3.179807579554439464e-15
3.720867652831920407e-15
3.317004900070904362e-15
2.237343323804283666e-15
1.489348994178615164e-15
1.676279968206720271e-15
2.357958318939841613e-15
2.475740765342323561e-15
1.747089239889634311e-15
1.038351107521805100e-15
1.174535340538820202e-15
1.687832564511681479e-15
1.656667875487302796e-15
1.055675892877106849e-15
7.298265876443238695e-16
1.046533635771282524e-15
1.288255102473213091e-15
8.936040206491830550e-16
5.528309622127109358e-16
7.523891477872361281e-16
9.692969994464956873e-16
6.269095325235482377e-16
4.047018223956005368e-16
6.853130013104496609e-16
6.716633112094607808e-16
3.360825769627508752e-16
4.412898226718147930e-16
5.811695654133118526e-16
3.112342946764144794e-16
3.202929158437607843e-16
4.650358705526286317e-16
2.584662504382883303e-16
2.657239016860534109e-16
3.713125911391192293e-16
1.824400654314713923e-16
2.597567781734783058e-16
2.681433440920991400e-16
1.322688380935117441e-16
2.732028462232418503e-16
1.232725566712669707e-16
1.978336194889706213e-16
1.533353498202157814e-16
1.310293587699918784e-16
1.605457599982025704e-16
9.777875154945040282e-17
1.452885864479052314e-16
8.412351996730617156e-17
1.232112057694301166e-16
7.648808126263529536e-17
1.028707492637932022e-16
6.954021498447801802e-17
8.627748571297003622e-17
6.235482795900067608e-17
7.300507364270552606e-17
5.522282064921113141e-17
6.224353535658329141e-17
4.849220887894278153e-17
5.335184573217548165e-17
4.235066068398875521e-17
4.589303316252649627e-17
3.685820611803812644e-17
3.957080177922585680e-17
3.200417864261679798e-17
3.417542910502843909e-17
2.774495222167274339e-17
2.955059717811338517e-17
2.402432867121893000e-17
2.557455996826114035e-17
2.078367468238263440e-17
2.214937800569498268e-17
1.796668485474511684e-17
1.919448363616365554e-17
1.552143776783108464e-17
1.664259481642081268e-17
1.340110727777835186e-17
1.443695226325630688e-17
1.156401420642112557e-17
1.252934226758211319e-17
9.973364845864575359e-18
1.087861384866254902e-17
8.596853142900546658e-18
9.449525171101428743e-18
7.406217416058169127e-18
8.211821213861017485e-18
6.376797913125066605e-18
7.139481294832941955e-18
5.487118039827067544e-18
6.210096088228536535e-18
4.718499514722156915e-18
5.404346323232885979e-18
4.054715011091053143e-18
4.705563131233641578e-18
3.481678201664083341e-18
4.099355118894069909e-18
2.987169335898141614e-18
3.573290663748433435e-18
2.560593598443504441e-18
3.116626396802058596e-18
2.192769128808616067e-18
2.720074565627369792e-18
1.875741607836877566e-18
2.375603341362050008e-18
1.602622438688451476e-18
2.076265151281272145e-18
1.367447732255717489e-18
1.816048919297063593e-18
1.165055590982039356e-18
1.589752793339547784e-18
9.909794230552897685e-19
1.392874409458329604e-18
8.413552756554168793e-19
1.221516249452753913e-18
7.128413998486503186e-19
1.072303960537521373e-18
6.025484734856331723e-19
9.423158500641438958e-19
5.079791037324163026e-19
8.290220094971575149e-19
4.269754123520389062e-19
7.302317432161685715e-19
3.576736365100470257e-19
6.440481731237141917e-19
2.984648395245686486e-19
5.688290468228502065e-19
2.479609282179925285e-19
5.031529081987218542e-19
2.049652841201274452e-19
4.457899106692579516e-19
1.684474165035783414e-19
3.956766608892425233e-19
1.375211023265602045e-19
3.518945582300174348e-19
1.114255836256649791e-19
