# xiplus_2_2
2.922416391917285138e-04
2.922116047773402523e-04
2.922192141449611244e-04
2.921893460669836538e-04
2.921947053889231228e-04
2.921648331399529994e-04
2.921679217432936399e-04
2.921378728421454422e-04
2.921386572416176299e-04
2.921082565126541242e-04
2.921066905462314550e-04
2.920757594816276374e-04
2.920717844606809596e-04
2.920401406794336267e-04
2.920336855775240324e-04
2.920011423981060139e-04
2.919921241035632878e-04
2.919584902513892746e-04
2.919468139144128769e-04
2.919118933899305063e-04
2.918974528965002512e-04
2.918610450330583130e-04
2.918437236425147976e-04
2.918056233884839157e-04
2.917852945750306812e-04
2.917452930376382013e-04
2.917218215789536807e-04
2.916797068710801533e-04
2.916529502289049391e-04
2.916085086610886766e-04
2.915783187006484108e-04
2.915313363615602794e-04
2.914975614529394157e-04
2.914478262174318899e-04
2.914103137588502576e-04
2.913576177567528251e-04
2.913162171483327494e-04
2.912603597136930226e-04
2.912149257959151163e-04
2.911557168978213530e-04
2.911061138430689923e-04
2.910433779699013609e-04
2.909894835829957655e-04
2.909230640128341022e-04
2.908647743496183338e-04
2.907945376860176525e-04
2.907317718393120465e-04
2.906576126255448495e-04
2.905903174517038886e-04
2.905121625913619637e-04
2.904403170606133233e-04
2.903581296761745300e-04
2.902817484235193746e-04
2.901955306718288904e-04
2.901146662115092526e-04
2.900244604597198325e-04
2.899392034095423735e-04
2.898450910641088910e-04
2.897555676250497124e-04
2.896576648182764614e-04
2.895640306883952601e-04
2.894624799917090187e-04
2.893649098952986087e-04
2.892598672776540338e-04
2.891585393995277278e-04
2.890501558310460978e-04
2.889452307138161403e-04
2.888336281812343021e-04
2.887252221212170200e-04
2.886104644257482012e-04
2.884986181443519363e-04
2.883806777368191129e-04
2.882653221357232669e-04
2.881440454217939280e-04
2.880249675427440088e-04
2.879000425157948718e-04
2.877768563290866374e-04
2.876477879201069592e-04
2.875199160581317173e-04
2.873860159564849831e-04
2.872526896336465691e-04
2.871130880853629786e-04
2.869733726727825450e-04
2.868270592894666977e-04
2.866799116511067349e-04
2.865258098241142194e-04
2.863701698260947941e-04
2.862072442354456894e-04
2.860421562234005590e-04
2.858695447825184777e-04
2.856942952343588440e-04
2.855114460270253836e-04
2.853256920360227895e-04
2.851324741314741062e-04
2.849363264823313066e-04
2.847330745522718125e-04
2.845270935114765790e-04
2.843145454334792275e-04
2.840996132137519714e-04
2.838787138793362279e-04
2.836557713158762480e-04
2.834273497911191336e-04
2.831970289856969867e-04
2.829614093868001523e-04
2.827236534170091630e-04
2.824803206047736244e-04
2.822341368210664345e-04
2.819816195387638740e-04
2.817251306038852138e-04
2.814612479824259834e-04
2.811921443310964864e-04
2.809146509745947054e-04
2.806309863559228028e-04
2.803384447702179818e-04
2.800394827057973643e-04
2.797319591663702124e-04
2.794185862396916385e-04
2.790976626258895570e-04
2.787719186076471206e-04
2.784397256858004138e-04
2.781034126572941626e-04
2.777609870900855558e-04
2.774140394906160424e-04
2.770600348300720204e-04
2.766999061058575968e-04
2.763309188768876433e-04
2.759539533314180450e-04
2.755668148162538408e-04
2.751710658604284918e-04
2.747655559401441291e-04
2.743526407959540102e-04
2.739317976135695830e-04
2.735052828359916112e-04
2.730720077361765714e-04
2.726330043783170890e-04
2.721859524763850188e-04
2.717308090746087170e-04
2.712650635608118048e-04
2.707892973376541308e-04
2.703025521386237095e-04
2.698070746828410207e-04
2.693031689994867476e-04
2.687930386397101106e-04
2.682757115520330088e-04
2.677511875685086224e-04
2.672166829630213394e-04
2.666716987193673669e-04
2.661149395857882629e-04
2.655485174637231289e-04
2.649734509089419110e-04
2.643920566720028777e-04
2.638031974067550135e-04
2.632058823727146876e-04
2.625971639114948845e-04
2.619773081921813996e-04
2.613471122250894544e-04
2.607098622953773277e-04
2.600658308250402466e-04
2.594142517879212623e-04
2.587517243242310632e-04
2.580781150017384023e-04
2.573948331009037293e-04
2.567054782494586200e-04
2.560095415736781234e-04
2.553048719615832671e-04
2.545887216546830422e-04
2.538636103932427374e-04
2.531323808207654809e-04
2.523957543219289604e-04
2.516496241330365424e-04
2.508934237991974751e-04
2.501301004678254574e-04
2.493627792475056493e-04
2.485878608732013215e-04
2.478033411592420231e-04
2.470120502097062514e-04
2.462176209324498980e-04
2.454159153201917326e-04
2.446055560046706966e-04
2.437906685938037970e-04
2.429726981134976377e-04
2.421462757605290445e-04
2.413142542943549559e-04
2.404800479206186737e-04
2.396396954646641162e-04
2.387926360156906753e-04
2.379446533987607671e-04
2.370905449221929215e-04
2.362311335787637410e-04
2.353705085144639538e-04
2.345038696064310005e-04
2.336332494356601328e-04
2.327613027348731701e-04
2.318820232472983329e-04
2.310024782031616479e-04
2.301168739727908297e-04
2.292283738149088993e-04
2.283364405662600862e-04
2.274392112696364582e-04
2.265396862616658421e-04
2.256339344284074395e-04
2.247255618260954129e-04
2.238108219283255716e-04
2.228925321081998210e-04
2.219678234436804815e-04
2.210385502945628544e-04
2.201026409956907313e-04
2.191612323486349587e-04
2.182128113754028633e-04
2.172580673939916317e-04
2.162958634043099363e-04
2.153266398979960053e-04
2.143495323084387730e-04
2.133648658139468087e-04
2.123719986329400844e-04
2.113712295548155244e-04
2.103621174875526078e-04
2.093449921766464853e-04
2.083195994284382509e-04
2.072863307457004068e-04
2.062451000448173213e-04
2.051963655487779796e-04
2.041401768235369667e-04
2.030770378877624471e-04
2.020070838015408535e-04
2.009308197909046641e-04
1.998484001451826422e-04
1.987602699487198729e-04
1.976665285691689715e-04
1.965674957763203373e-04
1.954631488960497548e-04
1.943536318546430167e-04
1.932387594161972535e-04
1.921184845181454597e-04
1.909924646626134166e-04
1.898604985952710830e-04
1.887221486075205763e-04
1.875771515372675398e-04
1.864250867606187002e-04
1.852657591443743657e-04
1.840988973751921652e-04
1.829244999077264330e-04
1.817425450179429496e-04
1.805532884412074329e-04
1.793569690740307466e-04
1.781540524976650986e-04
1.769449274183813002e-04
1.757301036526492076e-04
1.745099127098488265e-04
1.732846872221323396e-04
1.720544960517952514e-04
1.708193426228164357e-04
1.695789663473608365e-04
1.683330854371393266e-04
1.670812708980157115e-04
1.658232205859123574e-04
1.645586656111164411e-04
1.632876161204063726e-04
1.620102258566544532e-04
1.607269398042543895e-04
1.594382665193077090e-04
1.581448189124919719e-04
1.568470365187461682e-04
1.555452159093824297e-04
1.542393144789247245e-04
1.529291065122512206e-04
1.516141620205697330e-04
1.502941389968753783e-04
1.489688385291916127e-04
1.476384382847379956e-04
1.463033847907150773e-04
1.449643749962387898e-04
1.436220311573612656e-04
1.422767735654238393e-04
1.409285965686361418e-04
1.395772124005993013e-04
1.382221877770739929e-04
1.368633322099043956e-04
1.355008309818939865e-04
1.341353135501011009e-04
1.327675169798910504e-04
1.313979868181703128e-04
1.300267647926860680e-04
1.286535326055794615e-04
1.272779296024677785e-04
1.259000368641007993e-04
1.245204439163978430e-04
1.231399798074984833e-04
1.217591244700679171e-04
1.203777807229169689e-04
1.189955222135449168e-04
1.176122731099092520e-04
1.162286184723625696e-04
1.148454723588830624e-04
1.134632917298100761e-04
1.120818226900712725e-04
1.107006753301998368e-04
1.093201561115274902e-04
1.079411937822939379e-04
1.065644195508552575e-04
1.051896176907067554e-04
1.038164605008338868e-04
1.024454542593257244e-04
1.010775560514192865e-04
9.971298603083553712e-05
9.835130292575650806e-05
9.699274547108854123e-05
9.563833457619375761e-05
9.428842198682195312e-05
9.294252408522938919e-05
9.160096221195323943e-05
9.026477281197839409e-05
8.893402941791134350e-05
8.760836949665152921e-05
8.628859602845608023e-05
8.497531635958083078e-05
8.366819522371714193e-05
8.236773397961081971e-05
8.107467662447116351e-05
7.978861444049906615e-05
7.851010509398443737e-05
7.723987044128503290e-05
7.597753488873514591e-05
7.472373032693839317e-05
7.347883956103503592e-05
7.224264820826864042e-05
7.101611637778119024e-05
6.979887487501356498e-05
6.859157552580201814e-05
6.739445671502240797e-05
6.620752181867668642e-05
6.503140824144414362e-05
6.386599339097722415e-05
6.271186774463758198e-05
6.156894593749436765e-05
6.043777211558384866e-05
5.931828149571559584e-05
5.821092723526721867e-05
5.711571832357423143e-05
5.603295779277588529e-05
5.496275440426676476e-05
5.390535710804772907e-05
5.286086971240643446e-05
5.182954535522049725e-05
5.081148922441290519e-05
4.980689862335744509e-05
4.881584360098123178e-05
4.783852265892199972e-05
4.687495394514181813e-05
4.592534082441535319e-05
4.498972767620116161e-05
4.406824913256244522e-05
4.316094803713366694e-05
4.226792935523728494e-05
4.138918683012985094e-05
4.052479320512912948e-05
3.967474523434261316e-05
3.883911051846740967e-05
3.801789994291496059e-05
3.721115738488858923e-05
3.641883789682451755e-05
3.564091842130503540e-05
3.487733865982810467e-05
3.412810610954151861e-05
3.339318485361065982e-05
3.267254014020917952e-05
3.196605941212703818e-05
3.127364976943778930e-05
3.059520505460040286e-05
2.993066989925571646e-05
2.927991780580252467e-05
2.864279543672835387e-05
2.801910548278737487e-05
2.740874215556940389e-05
2.681158276177757340e-05
2.622746482985200274e-05
2.565613710804794399e-05
2.509740599507045565e-05
2.455112204089668834e-05
2.401715289589191480e-05
2.349525007748508838e-05
2.298520322653439755e-05
2.248685336203741749e-05
2.200001838414985373e-05
2.152445261522697780e-05
2.106000306901972059e-05
2.060646840483480532e-05
2.016362527164457030e-05
1.973130390902963681e-05
1.930934496175595898e-05
1.889746871523888196e-05
1.849549972236977206e-05
1.810321339270442567e-05
1.772033762224942566e-05
1.734667198416978552e-05
1.698198680928454389e-05
1.662596993212979204e-05
1.627846494145773900e-05
1.593920597918139844e-05
1.560794541177377791e-05
1.528448219984269895e-05
1.496864220032608303e-05
1.466021846948362513e-05
1.435905563225672158e-05
1.406500532369496592e-05
1.377784281973772931e-05
1.349741337248579240e-05
1.322349264735996593e-05
1.295582182206322537e-05
1.269419042929282888e-05
1.243838836224269116e-05
1.218819576601597646e-05
1.194342740403630019e-05
1.170396179532087947e-05
1.146970937916476558e-05
1.124055403891375027e-05
1.101632683685494617e-05
1.079691622039873895e-05
1.058210695961249230e-05
1.037166833990205682e-05
1.016546119218392998e-05
9.963322912553641134e-06
9.765065378362485513e-06
9.570710516424956577e-06
9.380194144167405400e-06
9.193343479531378913e-06
9.010087770854266430e-06
8.830264530469135817e-06
8.653621707969638113e-06
8.480084345521505257e-06
8.309626480505834893e-06
8.142242331133561084e-06
7.977883091414543916e-06
7.816419900704655189e-06
7.657665102555070226e-06
7.501466750803858798e-06
7.347780117220306450e-06
7.196670062309148485e-06
7.048107947470674653e-06
6.901990763848066116e-06
6.758187480744618457e-06
6.616560833848599966e-06
6.477112949502366412e-06
6.339938211619385935e-06
6.204982129149860206e-06
6.072055649493134334e-06
5.941034334420209432e-06
5.812051519697515339e-06
5.685145482892010845e-06
5.560145179788270053e-06
5.436962806307890299e-06
5.315601379446256349e-06
5.196073220593706517e-06
5.078439404399331724e-06
4.962531671270125300e-06
4.848237862949336669e-06
4.735774404986346516e-06
4.625055132302884861e-06
4.515827509602107205e-06
4.408325683677865107e-06
4.302566357696193254e-06
4.198299814435300886e-06
4.095630594167776930e-06
3.994626860269305094e-06
3.895121765828960921e-06
3.797188235725304181e-06
3.700855158527973608e-06
3.605994042250807366e-06
3.512687521560848676e-06
3.420896502200835274e-06
3.330551316388331927e-06
3.241778245587473036e-06
3.154417648429949997e-06
3.068542383683550125e-06
2.984198957472167163e-06
2.901241250260985448e-06
2.819786648208123979e-06
2.739826633237027723e-06
2.661303780197254480e-06
2.584203733597956617e-06
2.508614782956812279e-06
2.434452337238748887e-06
2.361687689597488043e-06
2.290383017229214565e-06
2.220504693807890432e-06
2.152003397293288375e-06
2.084929225831707332e-06
2.019250755163007327e-06
1.954928068611879954e-06
1.891994009704867176e-06
1.830397164161763138e-06
1.770107763238055749e-06
1.711177318756544324e-06
1.653537759164620210e-06
1.597199809102695734e-06
1.542216729695418968e-06
1.488497630322933111e-06
1.436082579976932772e-06
1.384994136090982546e-06
1.335129292208933479e-06
1.286556784482321135e-06
1.239287202386359140e-06
1.193206425826105493e-06
1.148377183626369657e-06
1.104779476897935897e-06
1.062299466390194990e-06
1.021014603901787252e-06
9.809163344266110698e-07
9.418829560131707701e-07
9.040022290405325193e-07
8.672624000853754376e-07
8.315567277988136398e-07
7.969920992086208094e-07
7.635511704834723116e-07
7.311089123056375559e-07
6.997473892841404917e-07
6.694345579154601794e-07
6.400551442875211410e-07
6.116849439655982033e-07
5.842999600605176700e-07
5.578242860384825973e-07
5.323606414805741280e-07
5.078727037358820204e-07
4.842738823990996716e-07
4.616417311149008422e-07
4.399223543199732608e-07
4.190217722087497595e-07
3.990052911522247795e-07
3.798265966577415916e-07
3.614049193793552958e-07
3.437836756608861963e-07
3.268884777605177615e-07
3.105970050859463984e-07
2.949174590287175838e-07
2.797932417592029861e-07
2.651762609866685340e-07
2.511271050630140431e-07
2.375940739365401397e-07
2.244987200859966288e-07
2.118702124404900398e-07
1.996809255007290249e-07
1.879268091702162814e-07
1.766590699890835549e-07
1.658536426612630799e-07
1.554729851832201389e-07
1.455291340210813948e-07
1.360247038035854345e-07
1.269564248340095956e-07
1.183095373362385229e-07
1.100474142911273538e-07
1.022083351585702409e-07
9.480213507809159791e-08
8.776653617655584400e-08
8.109162881771745095e-08
7.477890855720688115e-08
6.881414873335807261e-08
6.321966141204793284e-08
5.795640035981779084e-08
5.297778463149627873e-08
4.831024981399020234e-08
4.394548821855843981e-08
3.986530724606989563e-08
3.605966278987497679e-08
3.248689778773074978e-08
2.914122005883372399e-08
2.605641654871596237e-08
2.321515836537701936e-08
2.056174889089687086e-08
1.808898417445923916e-08
1.581585224203380819e-08
1.372759776565956684e-08
1.180481494274776204e-08
1.003725982814552104e-08
8.425591063956254141e-09
6.951767184470168945e-09
5.588896122139124724e-09
4.364005421447533787e-09
3.260043998060799004e-09
2.253241752088134435e-09
1.346352742305228304e-09
5.345655708573916886e-10
-1.895317109991672127e-10
-8.376777028056377542e-10
-1.422043503486034262e-09
-1.928160626539653071e-09
-2.360945665538608547e-09
-2.756208889499330070e-09
-3.095364684336740151e-09
-3.381079223409773637e-09
-3.618303053634688631e-09
-3.827415073628648370e-09
-3.993489617089827223e-09
-4.122218647627249621e-09
-4.234825485121184021e-09
-4.301421689473337104e-09
-4.355368385794976163e-09
-4.388000383084668776e-09
-4.392309468142660668e-09
-4.385982135407129079e-09
-4.366668754285015388e-09
-4.322880151411225456e-09
-4.276452752694483047e-09
-4.217403591770387783e-09
-4.146629618862567662e-09
-4.068005010383154401e-09
-3.985469414317912936e-09
-3.893938272638572816e-09
-3.797060732693757362e-09
-3.699801041555773357e-09
-3.593552448683197761e-09
-3.489837007894355228e-09
-3.382559312273576615e-09
-3.273911722926071314e-09
-3.166969957858818688e-09
-3.057067177276817118e-09
-2.950114339071604904e-09
-2.844017840641881569e-09
-2.736406858133021652e-09
-2.632871091583504028e-09
-2.529419620201991820e-09
-2.427506679361183428e-09
-2.328575817218625692e-09
-2.233095284397188053e-09
-2.139587314518928489e-09
-2.048400111303621294e-09
-1.959545293969443954e-09
-1.873766641684216404e-09
-1.788673927240383531e-09
-1.708768023864410137e-09
-1.631837571323902522e-09
-1.557042725455981733e-09
-1.484992429328529031e-09
-1.415529994866708788e-09
-1.347882251378158790e-09
-1.283302664578318302e-09
-1.221295751888839012e-09
-1.161766839954504029e-09
-1.103396292131216529e-09
-1.048026955360204204e-09
-9.947944890325762694e-10
-9.416121613155694745e-10
-8.929162971924047750e-10
-8.473342963467078502e-10
-8.007612787149993701e-10
-7.588787712887569796e-10
-7.197516841835178113e-10
-6.803301826268979878e-10
-6.458586008588578553e-10
-6.123548441018427761e-10
-5.778374144788038412e-10
-5.488513764505112960e-10
-5.198159308523263191e-10
-4.889841175192610974e-10
-4.627217116518497474e-10
-4.366495897057651046e-10
-4.093788767943073013e-10
-3.867490587607737206e-10
-3.648883627802693816e-10
-3.429610189521626177e-10
-3.249885089101889869e-10
-3.071405762056478617e-10
-2.892967936997696489e-10
-2.744634105356935825e-10
-2.584010901262890277e-10
-2.423354302310771679e-10
-2.286140619229712403e-10
-2.141048902206222862e-10
-2.000141045480486247e-10
-1.890941590579805981e-10
-1.782463817647040517e-10
-1.676889826500793420e-10
-1.600714111546418450e-10
-1.509576440318253331e-10
-1.403355502239333856e-10
-1.322751659524654156e-10
-1.232879173419675557e-10
-1.146547772147963914e-10
-1.095352930139827976e-10
-1.036390442707298888e-10
-9.728280960500695547e-11
-9.263466322087600750e-11
-8.575706829194008182e-11
-7.867955838471581902e-11
-7.462723715646914183e-11
-7.046296699873863528e-11
-6.670367640707202176e-11
-6.402063402110520949e-11
-5.870339538990965368e-11
-5.346465406853774307e-11
-5.126970441306919362e-11
-4.886786959785177280e-11
-4.621043521005311413e-11
-4.384748356366976599e-11
-3.971605673720015514e-11
-3.691524373893208053e-11
-3.665739814881626398e-11
-3.462209497184997748e-11
-3.153382391305590259e-11
-2.973285089792537103e-11
-2.798663915976413234e-11
-2.695838263397098295e-11
-2.564101868391072133e-11
-2.286053599391321566e-11
-2.174804950741070881e-11
-2.188487713597173324e-11
-1.968430103227078251e-11
-1.793348917209499186e-11
-1.803599227393272443e-11
-1.686141443616641025e-11
-1.511602135427415291e-11
-1.479899076479609684e-11
-1.423278471963437801e-11
-1.305940300028719726e-11
-1.267357523618197280e-11
-1.224311331267630238e-11
-1.139889568651929515e-11
-1.109712549530253886e-11
-1.052645517616645513e-11
-9.682252621225543934e-12
-9.523158757678899451e-12
-8.739112281964670936e-12
-8.180446545354873942e-12
-8.319288487577175105e-12
-7.339568312475009928e-12
-7.465007537605556109e-12
-7.187386354992447826e-12
-6.588859908313144356e-12
-6.742108353968991599e-12
-6.444992654777272475e-12
-6.091256153585479631e-12
-5.888183732261482745e-12
-5.705218516718525954e-12
-5.112222278951983716e-12
-5.221060382463267555e-12
-5.072955526228778482e-12
-4.858571265687987491e-12
-4.921601162919956341e-12
-4.784274686679796754e-12
-4.402949907930970431e-12
-4.466836475777072736e-12
-4.238733208294313964e-12
-3.925284077767535032e-12
-3.992106150462199122e-12
-3.992251636886311366e-12
-3.817914857305039803e-12
-3.850278231936652418e-12
-3.639913156743231877e-12
-3.412281789518141666e-12
-3.474814975539532046e-12
-3.420217813254979711e-12
-3.318532264687623009e-12
-3.411180826949649035e-12
-3.234078903020987654e-12
-3.012767187590667040e-12
-3.054541113618501532e-12
-3.051419651391567941e-12
-2.955332175651921451e-12
-2.926172583815029238e-12
-2.788847505451398872e-12
-2.675147486787300831e-12
-2.744051730441510716e-12
-2.720134642640294897e-12
-2.582985516277821420e-12
-2.545332682485828184e-12
-2.495978819342639727e-12
-2.473335785905386047e-12
-2.413362036661953850e-12
-2.278178260273679024e-12
-2.258765461575263656e-12
-2.260448762355251288e-12
-2.144892424439108888e-12
-2.063065985145384866e-12
-2.081427931215017454e-12
-2.030990972782549477e-12
-1.909633785183111914e-12
-1.883908300217147053e-12
-1.847111998144369067e-12
-1.742610106931624738e-12
-1.694165121159222149e-12
-1.666351018777176645e-12
-1.564443508526855380e-12
-1.519871062565363700e-12
-1.464531652786306562e-12
-1.358367638713940506e-12
-1.320626868791098727e-12
-1.258574710074338749e-12
-1.179102146078642994e-12
-1.144560109419353203e-12
-1.051306232552539193e-12
-9.933654660712376314e-13
-9.209864627412750886e-13
-8.563238217410576437e-13
-8.025352312339150177e-13
-7.346692413019850350e-13
-6.714331976144302248e-13
-6.029762399685289603e-13
-5.519001903243429805e-13
-4.878874696132927281e-13
-4.284773554638791774e-13
-3.662811708756158232e-13
-3.151659137889090260e-13
-2.747038443873190625e-13
-2.290697191843449884e-13
-1.750152786318271988e-13
-1.345885456037367716e-13
-1.017640206174955484e-13
-6.830129452268356314e-14
-3.354625029635559150e-14
-1.079632824989977717e-14
1.090557200854665144e-14
3.579373465697051330e-14
5.033626463035300141e-14
5.221769956555710989e-14
5.943083523548890210e-14
6.535598928330145364e-14
6.207321791143902478e-14
5.984713747831242744e-14
5.375810119409372010e-14
4.296629787036869903e-14
3.635323033395062961e-14
2.116284579552851264e-14
4.307290193982795998e-15
-6.172730909179568344e-15
-1.917195996055930163e-14
-2.838005236577975480e-14
-4.159072784244772580e-14
-5.109223703472659842e-14
-5.734755219679198234e-14
-6.402922758771079011e-14
-6.352110330359024215e-14
-6.181986057968135559e-14
-5.777107851312848298e-14
-5.428569965907676394e-14
-4.551284360264710082e-14
-3.633084940054274260e-14
-2.517381712758743362e-14
-1.381467151018137947e-14
-4.882275854095301264e-15
2.847077100381728449e-15
1.188586050207214288e-14
1.742970504010602042e-14
2.046504195759162006e-14
1.901331517489669981e-14
1.789040842928534944e-14
1.550964523768589464e-14
9.248365386303578528e-15
2.869595227058665849e-15
-2.576693276960144882e-15
-6.624715977684742182e-15
-1.130239049460688472e-14
-1.304193174493546386e-14
-1.192850733367784933e-14
-9.540023922691623425e-15
-6.540158481144389901e-15
-8.763899513270693801e-16
4.063617521519246711e-15
7.552880103527259557e-15
1.101730955458991621e-14
1.178220268174038724e-14
1.032759348703861263e-14
8.440567526986387515e-15
4.576270596105791691e-15
1.332180542168673870e-15
-9.450929252527731280e-16
-2.162117634669149911e-15
-1.031300070737813323e-15
9.644921370296866793e-16
4.049437652608143181e-15
6.730322926715389419e-15
8.319013859476180933e-15
8.599214491480196849e-15
7.155906871360931520e-15
5.196914608835942877e-15
3.013799209229060760e-15
1.918720549286587375e-15
2.066036810715164064e-15
3.620986760690863365e-15
5.539303745043482030e-15
7.120429623153060164e-15
7.368073675868324406e-15
6.396689048245383615e-15
4.805145500215576373e-15
3.660070788752703020e-15
3.537344941635878909e-15
4.587573711624002543e-15
5.942079880380975377e-15
6.765525308176074076e-15
6.473350077330333915e-15
5.342580919331156357e-15
4.306291771549600187e-15
4.376507050060300855e-15
5.368007359895184756e-15
6.334465239939824735e-15
6.373954614757150869e-15
5.529665106630537502e-15
4.713172327926636488e-15
4.881082679893261930e-15
5.781229033693531607e-15
6.330802878190562643e-15
5.830127788611777902e-15
5.025757682208188386e-15
5.070527837695986154e-15
5.854926092746127144e-15
6.155993411346554254e-15
5.579205148176219337e-15
5.103777617664012378e-15
5.552819089194188385e-15
6.072574511986904715e-15
5.721991150612216319e-15
5.264331756030585016e-15
5.586617860831059086e-15
5.985812181585384544e-15
5.637017521284329345e-15
5.370711640873469942e-15
5.780789980869931164e-15
5.853652161325329291e-15
5.479705036549964319e-15
5.611706666801055864e-15
5.876239886714926248e-15
5.577601028118851090e-15
5.586183031052117823e-15
5.846143798375240859e-15
5.601459744189552070e-15
5.629350802532326838e-15
5.817329924542833233e-15
5.576844901506501891e-15
5.722878362844269467e-15
5.736548839317764605e-15
5.602908790868082640e-15
5.785697518622844274e-15
5.627160340807702504e-15
5.728781865816198520e-15
5.694624854032971844e-15
5.678035200674972602e-15
5.729706722472396940e-15
5.664082096579053355e-15
5.734151351477506553e-15
5.670004958473775946e-15
5.727612290199405479e-15
5.679879437081930554e-15
5.720690947220171812e-15
5.687862166761048843e-15
5.716007214548283332e-15
5.693311534922515649e-15
5.713279115397846794e-15
5.696926797638877627e-15
5.711779439718245704e-15
5.699395461619889096e-15
5.710972418359633311e-15
5.701163245400219843e-15
5.710542974909380546e-15
5.702489357746432863e-15
5.710318215348051341e-15
5.703522566814269214e-15
5.710204353149275106e-15
5.704350763487638028e-15
5.710149901587954051e-15
5.705028365957774793e-15
5.710126056821947110e-15
5.705590847672885901e-15
5.710116427695691183e-15
5.706062488301277003e-15
5.710111588735785436e-15
5.706460629577284076e-15
5.710106115686196890e-15
5.706798103981807672e-15
5.710096923498226559e-15
5.707084680216389657e-15
5.710082307317493742e-15
5.707327960277305083e-15
5.710061374633754845e-15
5.707533958767670635e-15
5.710033701703308014e-15
5.707707490945786903e-15
5.709999122051481944e-15
5.707852441480962699e-15
5.709957594630495024e-15
5.707971955903258340e-15
5.709909120859310017e-15
5.708068580573075045e-15
5.709853692205186910e-15
5.708144367069734852e-15
5.709791256870933330e-15
5.708200951409502518e-15
5.709721698613120709e-15
5.708239614883022884e-15
5.709644823110664862e-15
5.708261331251294271e-15
5.709560348991375430e-15
5.708266803403738920e-15
5.709467901637319903e-15
5.708256491936680373e-15
5.709367008448725212e-15
5.708230637153236024e-15
5.709257094820402933e-15
5.708189275853697681e-15
5.709137480180776919e-15
5.708132253722703553e-15
5.709007373824414759e-15
5.708059234090917527e-15
5.708865870180059836e-15
5.707969703562783381e-15
5.708711943433599203e-15
5.707862974953110778e-15
5.708544441358785551e-15
5.707738187826174917e-15
5.708362078285144139e-15
5.707594306979951074e-15
5.708163427189140507e-15
5.707430118983437266e-15
5.707946910859174991e-15
5.707244227064139019e-15
5.707710792172282001e-15
5.707035044422111114e-15
5.707453163482438600e-15
5.706800786176343286e-15
5.707171935171834861e-15
5.706539460049855153e-15
5.706864823428718968e-15
5.706248855992396674e-15
5.706529337354159912e-15
5.705926534840360429e-15
5.706162765496946783e-15
5.705569816298944059e-15
