# xiplus_2_1
1.242117708254056958e-04
1.242200420249002155e-04
1.242044945833495004e-04
1.242118128192286927e-04
1.241964536899241723e-04
1.242028131717560200e-04
1.241875836720661593e-04
1.241929751764043826e-04
1.241778146726139290e-04
1.241822254060830110e-04
1.241670712640491922e-04
1.241704847545943200e-04
1.241552722940063053e-04
1.241576683139697683e-04
1.241423307757030163e-04
1.241436853024018288e-04
1.241281538387670170e-04
1.241284390590277837e-04
1.241126427582119236e-04
1.241118271256012103e-04
1.240956930820508273e-04
1.240937414370919313e-04
1.240771948813009277e-04
1.240740686458410781e-04
1.240570331477225852e-04
1.240526906071384358e-04
1.240350883683439339e-04
1.240294850552548878e-04
1.240112373063379533e-04
1.240043265012358384e-04
1.239853540198556530e-04
1.239770873830101116e-04
1.239573111487378843e-04
1.239476394979317525e-04
1.239269814969178984e-04
1.239158557418773652e-04
1.238942399321619646e-04
1.238816121732161737e-04
1.238589656149007207e-04
1.238447904059799133e-04
1.238210445524989302e-04
1.238052803190332288e-04
1.237803724540754047e-04
1.237629830421989655e-04
1.237368578302687017e-04
1.237178141454969990e-04
1.236904252434629773e-04
1.236697069133808305e-04
1.236410185639234198e-04
1.236186155304087690e-04
1.235886040263558660e-04
1.235645179384144317e-04
1.235331728103201152e-04
1.235074180500548278e-04
1.234747427892337842e-04
1.234473469224905983e-04
1.234133590112287103e-04
1.233843624161669924e-04
1.233490924015321461e-04
1.233185467972351766e-04
1.232820361214637876e-04
1.232500017068034954e-04
1.232122990081834326e-04
1.231788399374928952e-04
1.231399955735134417e-04
1.231051735599578904e-04
1.230652321977560872e-04
1.230290981622195136e-04
1.229880894485012137e-04
1.229506733432731542e-04
1.229086009241434497e-04
1.228699001688584582e-04
1.228267296902234252e-04
1.227866970689070177e-04
1.227423442463379359e-04
1.227008766116892717e-04
1.226551969831232779e-04
1.226121266489715270e-04
1.225649091450693685e-04
1.225200003244223594e-04
1.224709671842393120e-04
1.224239200936915340e-04
1.223727357329291022e-04
1.223232008190146573e-04
1.222694917836193522e-04
1.222170956767683868e-04
1.221604825254258750e-04
1.221048655453766860e-04
1.220450051955889961e-04
1.219858673887867236e-04
1.219225011151580117e-04
1.218596500402811648e-04
1.217926482808931758e-04
1.217260376847155570e-04
1.216554290087115307e-04
1.215851744042212036e-04
1.215111440221769656e-04
1.214375009202406808e-04
1.213603461528835008e-04
1.212836415923561855e-04
1.212036799384766004e-04
1.211241997980144785e-04
1.210416406717139588e-04
1.209594938169363220e-04
1.208743057350521925e-04
1.207893072562290300e-04
1.207011316056888121e-04
1.206127619004205783e-04
1.205209305805985868e-04
1.204284212222074297e-04
1.203321143678280869e-04
1.202346730795254251e-04
1.201331965424305747e-04
1.200303115582167945e-04
1.199233922247733411e-04
1.198150751124398179e-04
1.197030051364145436e-04
1.195897949800424310e-04
1.194732678615220928e-04
1.193558939652799336e-04
1.192355191877556464e-04
1.191143276881015053e-04
1.189900617854292416e-04
1.188645656177185749e-04
1.187354978197305549e-04
1.186044901405868815e-04
1.184693206933072574e-04
1.183316742662900888e-04
1.181896976112287287e-04
1.180453116996407336e-04
1.178970637082231719e-04
1.177469723036792546e-04
1.175936671272648454e-04
1.174388544410735546e-04
1.172808474912154317e-04
1.171208138022697843e-04
1.169567962933465785e-04
1.167897926383704897e-04
1.166181627092876942e-04
1.164433477935509809e-04
1.162643827294072455e-04
1.160830564726193933e-04
1.158984778264345955e-04
1.157119026130342456e-04
1.155217549251581467e-04
1.153285749726552122e-04
1.151306923091610391e-04
1.149290872393841706e-04
1.147230756424239304e-04
1.145143702140670255e-04
1.143024298811048928e-04
1.140881442031693667e-04
1.138698857625093094e-04
1.136478450080152791e-04
1.134208969659928083e-04
1.131904747201378661e-04
1.129565678685505572e-04
1.127203662374551355e-04
1.124805033031061219e-04
1.122368300073752493e-04
1.119882550304269109e-04
1.117362533898349412e-04
1.114810883266133289e-04
1.112235147480218378e-04
1.109618389723552895e-04
1.106959863907410152e-04
1.104259399261967847e-04
1.101535301464578212e-04
1.098781577613950602e-04
1.095991861057442243e-04
1.093156094206546800e-04
1.090292120379963758e-04
1.087403176692862676e-04
1.084483894537602864e-04
1.081520011370190311e-04
1.078528241010015478e-04
1.075514373704401316e-04
1.072470491466331725e-04
1.069385274297581916e-04
1.066279337107300517e-04
1.063151570127038515e-04
1.059989190968443646e-04
1.056796351465573940e-04
1.053590664292348262e-04
1.050352853187113924e-04
1.047086434804828748e-04
1.043806468030204451e-04
1.040500071859757811e-04
1.037165324257367669e-04
1.033821577596234331e-04
1.030447611638312218e-04
1.027055434595372193e-04
1.023650144622238040e-04
1.020215548740235911e-04
1.016772434807267734e-04
1.013305205965471203e-04
1.009821307750760741e-04
1.006323339139221149e-04
1.002801466313268404e-04
9.992704826649734652e-05
9.957135672424802676e-05
9.921474678023163606e-05
9.885562007444123037e-05
9.849535838910449708e-05
9.813268468143549145e-05
9.776862419711245780e-05
9.740218834849364855e-05
9.703412810669167013e-05
9.666365483293927615e-05
9.629133568881402983e-05
9.591651286174766638e-05
9.553963529535284497e-05
9.516013490625652551e-05
9.477838593162866141e-05
9.439388881305745774e-05
9.400697244462288100e-05
9.361719610247985779e-05
9.322486393811534326e-05
9.282959000970031859e-05
9.243166811777121415e-05
9.203076474145032565e-05
9.162717229612023749e-05
9.122060628819167287e-05
9.081136127105329694e-05
9.039919556415571651e-05
8.998440388087803937e-05
8.956677752136824196e-05
8.914660438785992598e-05
8.872369571479248160e-05
8.829832215161900744e-05
8.787030037420419880e-05
8.743987258220485678e-05
8.700684797505921632e-05
8.657143199837577378e-05
8.613341872112036828e-05
8.569297516918023439e-05
8.524988108745983788e-05
8.480427251001865685e-05
8.435592524835982295e-05
8.390496042388488661e-05
8.345116746633513558e-05
8.299467288489171179e-05
8.253529800647689866e-05
8.207319126842520945e-05
8.160821599900963501e-05
8.114054658589544004e-05
8.067008287716292167e-05
8.019701207180944503e-05
7.972124885323342118e-05
7.924296733805117092e-05
7.876206889694976616e-05
7.827869046831893881e-05
7.779270322670178142e-05
7.730420287638228285e-05
7.681303999555828192e-05
7.631929343004195492e-05
7.582282747172702320e-05
7.532374315595236839e-05
7.482195235700485629e-05
7.431759918306878911e-05
7.381064275648300686e-05
7.330124720462805987e-05
7.278937561815949800e-05
7.227515984430045622e-05
7.175851959054047405e-05
7.123952892400646779e-05
7.071807106924412733e-05
7.019420437075935568e-05
6.966784112229970876e-05
6.913909182459209563e-05
6.860794050719027802e-05
6.807454725229756783e-05
6.753891512922926123e-05
6.700117018703168092e-05
6.646125625111482286e-05
6.591923350861693290e-05
6.537502291221791630e-05
6.482871129253161202e-05
6.428029615869262307e-05
6.372993575109974754e-05
6.317765596522396075e-05
6.262356557162431002e-05
6.206760248470791653e-05
6.150980681396190947e-05
6.095014236441737823e-05
6.038876173379538958e-05
5.982576007384707295e-05
5.926131934133530412e-05
5.869542500398259530e-05
5.812808128582489637e-05
5.755920119468440954e-05
5.698891162809400818e-05
5.641736275784725140e-05
5.584479350133862707e-05
5.527120463326874457e-05
5.469654794820443520e-05
5.412072357130114574e-05
5.354390885813610176e-05
5.296632273666952283e-05
5.238816494420837775e-05
5.180935968226616054e-05
5.122989202187496502e-05
5.064984983759100137e-05
5.006948375347937706e-05
4.948883013696209860e-05
4.890789391435990379e-05
4.832676554564795584e-05
4.774574189902283829e-05
4.716489214364567932e-05
4.658418822320656554e-05
4.600370728898563281e-05
4.542372689124102108e-05
4.484427783709898278e-05
4.426538158881377364e-05
4.368719826841894587e-05
4.310987990470149269e-05
4.253340316782352207e-05
4.195802608269835917e-05
4.138390769873455551e-05
4.081098768336685986e-05
4.023946790312177117e-05
3.966965738826950117e-05
3.910147489631766142e-05
3.853514658462308437e-05
3.797084229936371777e-05
3.740854738871714951e-05
3.684849669703892355e-05
3.629074170526435186e-05
3.573538268837071411e-05
3.518259265100893258e-05
3.463240149313191610e-05
3.408508089036762237e-05
3.354071937447015658e-05
3.299945465337132092e-05
3.246137632817311180e-05
3.192667563843539565e-05
3.139534450861920312e-05
3.086755669171918561e-05
3.034336504602178942e-05
2.982291327576946626e-05
2.930638944766352733e-05
2.879393886280396501e-05
2.828564942528618946e-05
2.778162700530441742e-05
2.728190965824321676e-05
2.678657470341031603e-05
2.629572374233153591e-05
2.580954358634574223e-05
2.532813528065641653e-05
2.485164121773281406e-05
2.438010984262216059e-05
2.391362205119851455e-05
2.345224306405477259e-05
2.299618376288387498e-05
2.254556706146996651e-05
2.210045608801978028e-05
2.166081391984498353e-05
2.122676310911968714e-05
2.079841373668647156e-05
2.037593780272221135e-05
1.995938381244525897e-05
1.954869943523023656e-05
1.914389061131351795e-05
1.874514078826187849e-05
1.835255823005515428e-05
1.796608464730570915e-05
1.758561143949544515e-05
1.721124695467782237e-05
1.684308834068469675e-05
1.648107280212843462e-05
1.612518714676402707e-05
1.577555771845250314e-05
1.543212953199894121e-05
1.509483605389042147e-05
1.476373258285082302e-05
1.443895835918913270e-05
1.412042353771667170e-05
1.380806052959866452e-05
1.350196331487927629e-05
1.320208424261560787e-05
1.290826347878569210e-05
1.262054969993639544e-05
1.233879363215718402e-05
1.206291324673449544e-05
1.179296750683230481e-05
1.152874012995402213e-05
1.127017679442748355e-05
1.101736427289721262e-05
1.077020004902464981e-05
1.052868003669820215e-05
1.029268002978243654e-05
1.006219989528961086e-05
9.837125828567474278e-06
9.617313853898400814e-06
9.402619215689508869e-06
9.192991013356835732e-06
8.988382928750665270e-06
8.788687508761575183e-06
8.593852780962238979e-06
8.403859577303511732e-06
8.218604404580989912e-06
8.037938059534837610e-06
7.861710501222773394e-06
7.689804125515735576e-06
7.522077028845122511e-06
7.358444437613865822e-06
7.198883087973212872e-06
7.043330653410449394e-06
6.891738076966883945e-06
6.743920549892287198e-06
6.599754166422171251e-06
6.459138513327138490e-06
6.321931456641143119e-06
6.188145418994625363e-06
6.057777768297715645e-06
5.930681101941166024e-06
5.806615355564862903e-06
5.685516922840050223e-06
5.567315738267305133e-06
5.451933879303519882e-06
5.339442906302093102e-06
5.229672909688582697e-06
5.122344315642607465e-06
5.017498066940100906e-06
4.915149929357173383e-06
4.815179157885720080e-06
4.717466879549676066e-06
4.621898379206984257e-06
4.528450072088105903e-06
4.437124416700347906e-06
4.347796757657958356e-06
4.260360341586637159e-06
4.174746040949239502e-06
4.090975475780278664e-06
4.009005627142792228e-06
3.928647223749597744e-06
3.849912730610184316e-06
3.772857727831940074e-06
3.697227030545501447e-06
3.622979066277120335e-06
3.550255025105027355e-06
3.478913667125942340e-06
3.408850422713477481e-06
3.340130366575443522e-06
3.272608237992231690e-06
3.206205769010582796e-06
3.141031957978309357e-06
3.077057418714196215e-06
3.014189950267955958e-06
2.952371845419551230e-06
2.891497019518188139e-06
2.831700869244669286e-06
2.772906393762612519e-06
2.715080358576086760e-06
2.658157686978152639e-06
2.602040751854498216e-06
2.546922438134518568e-06
2.492715144856285681e-06
2.439247564523920410e-06
2.386551392454759297e-06
2.334773669933350855e-06
2.283787610620636079e-06
2.233497289928517617e-06
2.183952418448635819e-06
2.135261033547279540e-06
2.087278702790767027e-06
2.039934335346490558e-06
1.993365134262789635e-06
1.947522887932250499e-06
1.902261786798324803e-06
1.857760154169211040e-06
1.813967819744790736e-06
1.770731833988855704e-06
1.728223270207940821e-06
1.686380216582456363e-06
1.645092938883221728e-06
1.604521775725326969e-06
1.564561044480571717e-06
1.525216515372227258e-06
1.486500082550631512e-06
1.448391691577409451e-06
1.410940942802657933e-06
1.374060810589815124e-06
1.337810513220293624e-06
1.302153105669075809e-06
1.267067038744342887e-06
1.232583998880220374e-06
1.198706562095670400e-06
1.165401374514276479e-06
1.132690281380022576e-06
1.100585116824724113e-06
1.069036531974896076e-06
1.038074268878904998e-06
1.007696088818897161e-06
9.778881218305157951e-07
9.486485762866138575e-07
9.199550687315838817e-07
8.918500935087752122e-07
8.643313714974391646e-07
8.373360298567483627e-07
8.109116939586604551e-07
7.850656470650218624e-07
7.597268837977502509e-07
7.349611410444839680e-07
7.107643328882664426e-07
6.870471649196016849e-07
6.638864313590525231e-07
6.412849691138577533e-07
6.191530178001354537e-07
5.975672039838686203e-07
5.765208250364099810e-07
5.559422297570631454e-07
5.358818674146277110e-07
5.163396111323608045e-07
4.972795740365799713e-07
4.787297903637848006e-07
4.606807378210763040e-07
4.430996141372694381e-07
4.260065107450362377e-07
4.093885819934040814e-07
3.932294721313007197e-07
3.775350020243001107e-07
3.622760839467748000e-07
3.474484361979000851e-07
3.330710256103364887e-07
3.191196700904338784e-07
3.055945666845041777e-07
2.925244584675008827e-07
2.798945296174226090e-07
2.676851787692591910e-07
2.559448730731482259e-07
2.446455321688484498e-07
2.337370968430129567e-07
2.232665345783283020e-07
2.132165524730992269e-07
2.035180892090746660e-07
1.942088532513836143e-07
1.852754156802275890e-07
1.766451981274856929e-07
1.683415286391061528e-07
1.603438970431159291e-07
1.526036036952250525e-07
1.451557435680529321e-07
1.379848656609330997e-07
1.310722919848953092e-07
1.244421209327188353e-07
1.180557461177716862e-07
1.118990545577618642e-07
1.059847281997767821e-07
1.002882528603403431e-07
9.481247211355647332e-08
8.956680563231448047e-08
8.451415175272282001e-08
7.964581488562704816e-08
7.496520044235397765e-08
7.046947996644127069e-08
6.616297205643137239e-08
6.204784219625935705e-08
5.809864008493176933e-08
5.430837323977507786e-08
5.069510481379243466e-08
4.725637156928206142e-08
4.397902745168681574e-08
4.085771394923377097e-08
3.789105200462421920e-08
3.508333333542615966e-08
3.242269762485322527e-08
2.988663215851766000e-08
2.748797600223681549e-08
2.524889582738884328e-08
2.314974377975498271e-08
2.116914493900515985e-08
1.930959523200991327e-08
1.756909165667602943e-08
1.593544706732022680e-08
1.441017257036741931e-08
1.299001766651925743e-08
1.165695175228193829e-08
1.041561462696648336e-08
9.287112268486888732e-09
8.243582329177623260e-09
7.263411789288116119e-09
6.361275703183898469e-09
5.526043004634844968e-09
4.756021672710923650e-09
4.059479142433793686e-09
3.419190169725991242e-09
2.843844886262188817e-09
2.312563535894798755e-09
1.814746093129796169e-09
1.366565078507378610e-09
9.747853543390818524e-10
6.280002969256342525e-10
3.073814888862931189e-10
1.797974117955989023e-11
-2.448641101566988487e-10
-4.709281638362519424e-10
-6.607511804014661154e-10
-8.325736605965348632e-10
-9.979170655319102814e-10
-1.129803555373942694e-09
-1.235181372598502458e-09
-1.327248255663147930e-09
-1.407944649056379275e-09
-1.481927260312258474e-09
-1.529833261192597703e-09
-1.564573534316035407e-09
-1.600995347168899824e-09
-1.624361324487840341e-09
-1.627975327553294954e-09
-1.631002387671924102e-09
-1.638285492292795461e-09
-1.624576799031052833e-09
-1.608034986410789886e-09
-1.594603245080996217e-09
-1.568637272841200083e-09
-1.537702536793312054e-09
-1.512708779981238494e-09
-1.477033850117856490e-09
-1.439435802448677176e-09
-1.405501123239737429e-09
-1.364346874113530995e-09
-1.327425524435283854e-09
-1.291262747928168364e-09
-1.249138408791081366e-09
-1.212436076592526985e-09
-1.169143346816348075e-09
-1.129379080155681511e-09
-1.088866340875123397e-09
-1.048598882362663010e-09
-1.008809688445670159e-09
-9.689753635027276409e-10
-9.307346444918207248e-10
-8.907972745695694595e-10
-8.546321347787949190e-10
-8.199632231774377224e-10
-7.858840012172623554e-10
-7.522192403460648019e-10
-7.198628346322300691e-10
-6.861232905314925764e-10
-6.533501545063683794e-10
-6.232494778480247577e-10
-5.948053839098794057e-10
-5.671405414685851391e-10
-5.407864448595234682e-10
-5.152042631992412629e-10
-4.908530418639425427e-10
-4.667690086301646763e-10
-4.420727977116339602e-10
-4.186898306927225035e-10
-3.981210463364224851e-10
-3.791550518474657488e-10
-3.599158446928567057e-10
-3.410953983827599759e-10
-3.228207178532995093e-10
-3.047325074454481565e-10
-2.893182447953197705e-10
-2.750350757243765330e-10
-2.603345751062323556e-10
-2.467585738567585294e-10
-2.320955887720195478e-10
-2.176651805763976933e-10
-2.071390771308314079e-10
-1.964104166736621250e-10
-1.845794106922740779e-10
-1.745526243561667530e-10
-1.646894278202144989e-10
-1.553661328619753887e-10
-1.477386738687038142e-10
-1.384823503718069796e-10
-1.288791043245536174e-10
-1.231440528472425475e-10
-1.167205377454679425e-10
-1.087985864803573006e-10
-1.029710974323754108e-10
-9.749403758343046917e-11
-9.171914982625702747e-11
-8.600848322644955134e-11
-8.061021218968994950e-11
-7.624833461693999648e-11
-7.220850993152899515e-11
-6.770979695318095413e-11
-6.397698257367088450e-11
-6.011700945475452977e-11
-5.568278625628732181e-11
-5.287395167417240726e-11
-5.024727789858626749e-11
-4.703706110790680595e-11
-4.436061408156728644e-11
-4.155637559416955098e-11
-3.902063066187869354e-11
-3.682637228238724392e-11
-3.500120466117007675e-11
-3.304411156242187459e-11
-3.053355246577121043e-11
-2.930914939187150315e-11
-2.748652518773142928e-11
-2.577740104994565912e-11
-2.468425066185447917e-11
-2.294059137823511961e-11
-2.144253371199638518e-11
-2.048634858196897549e-11
-1.930944321119245242e-11
-1.812244537857350259e-11
-1.731654855690936628e-11
-1.619585148829783302e-11
-1.556682919883960713e-11
-1.482143109069632404e-11
-1.362782616097059708e-11
-1.313829757231882458e-11
-1.254324253872388725e-11
-1.144305983399673887e-11
-1.113577880207817269e-11
-1.072236130677944377e-11
-9.760921284410100254e-12
-9.605687659965211138e-12
-9.202742894633406960e-12
-8.408957360979501719e-12
-8.183267360710724141e-12
-7.826852702429218887e-12
-7.191875287845765891e-12
-7.091302758892991964e-12
-6.852385426029101369e-12
-6.402903931779050823e-12
-6.303230462232967939e-12
-6.049250279058429657e-12
-5.636672298494138867e-12
-5.567027442404122110e-12
-5.487494187354005924e-12
-5.117628916674303199e-12
-5.113001051706503011e-12
-4.896421269946719893e-12
-4.554437254521700178e-12
-4.544388890180638264e-12
-4.437764238120608701e-12
-4.151150139346632468e-12
-4.158155906083365096e-12
-3.974141624192786425e-12
-3.710588223215302525e-12
-3.790653428191673735e-12
-3.683700272439933259e-12
-3.419702747856726597e-12
-3.461723826475374065e-12
-3.410344187186927669e-12
-3.258714594145908091e-12
-3.299824848299575096e-12
-3.198145349229267397e-12
-3.055303283787630775e-12
-3.114178947048682344e-12
-2.985845549051929547e-12
-2.826885605217665239e-12
-2.880862255688713319e-12
-2.778094494564851561e-12
-2.630347711399433254e-12
-2.675685861861814725e-12
-2.629360177211345508e-12
-2.532054147885474194e-12
-2.560289439130145055e-12
-2.516640783156235616e-12
-2.403170693083803300e-12
-2.391099164406878000e-12
-2.320751642108944873e-12
-2.236122390864858583e-12
-2.242414330715696871e-12
-2.173993069075992024e-12
-2.124564432443973741e-12
-2.131316924806043607e-12
-2.068223190862827725e-12
-2.014451585580723553e-12
-1.946534357561198883e-12
-1.861412158294530844e-12
-1.811757886854135054e-12
-1.796916014969824491e-12
-1.763703532931518100e-12
-1.725330071972615614e-12
-1.683295701007836624e-12
-1.598101747180527848e-12
-1.520376018726131673e-12
-1.472957527111439503e-12
-1.433241998731646367e-12
-1.402678929971073180e-12
-1.363331553354195466e-12
-1.277665738694083995e-12
-1.189129619981436849e-12
-1.136628540527660714e-12
-1.106851961042699002e-12
-1.069992337042245907e-12
-1.010528833160396110e-12
-9.234194249911437436e-13
-8.511423178243134774e-13
-8.143157803000712127e-13
-7.720313559249950307e-13
-7.061574539766275115e-13
-6.329293235198746211e-13
-5.786433681724466556e-13
-5.462092801524990868e-13
-4.923305331025730537e-13
-4.206187236365764829e-13
-3.705518640346504454e-13
-3.382044177229736713e-13
-2.828694310548900454e-13
-2.336933884361840982e-13
-2.040963332025819355e-13
-1.658994233145142375e-13
-1.117450118484897264e-13
-8.432676881113660186e-14
-6.984798883660689098e-14
-2.989391146650439047e-14
-5.369439549741114015e-15
-2.112581729120200185e-15
2.975147172768788451e-14
4.611924735514494592e-14
3.723111145174829540e-14
5.432108218361755197e-14
5.788638525488434821e-14
4.886642476434144639e-14
5.547984334838498602e-14
3.948978059919601112e-14
3.635756691520102958e-14
2.885810195502993385e-14
1.576652544461937645e-14
4.357634469843099268e-15
-9.082561072170633235e-15
-1.725145580264127873e-14
-2.998067356476534529e-14
-3.843629985600186857e-14
-4.887767156702237531e-14
-5.056309759095544979e-14
-5.885421705068365784e-14
-5.740263456732941953e-14
-5.813785779193037538e-14
-5.331071381322305665e-14
-5.043592012012569405e-14
-4.105229130882309378e-14
-3.456544246973684212e-14
-2.512695072139653866e-14
-1.562595579325952550e-14
-6.414645084225578714e-15
3.087857673975580370e-16
8.068057798545086475e-15
1.177853816831725657e-14
1.550302962547069108e-14
1.460634484668348412e-14
1.343858501776686240e-14
1.036434530381979362e-14
5.549490770663241151e-15
4.420162175856852556e-16
-4.656019083593471696e-15
-8.849886785499221659e-15
-1.208345387802235928e-14
-1.359513715965264244e-14
-1.329628028440741787e-14
-1.116366357492543430e-14
-7.940802493894425956e-15
-3.749177841065304103e-15
7.887711707548187788e-16
4.271336562323833880e-15
6.936126271267397383e-15
7.606431048387471117e-15
6.798588991062689596e-15
4.611008116697050731e-15
1.671509545046664181e-15
-1.263983832291352780e-15
-3.436989661246719646e-15
-4.363296472136713742e-15
-3.628292405379210956e-15
-1.795796055867699697e-15
9.315690275236248525e-16
3.204692393778208659e-15
4.771811674327407945e-15
4.894404436157001783e-15
3.880898807722772180e-15
2.007315882133042415e-15
1.883663948378662073e-16
-9.839720973068364715e-16
-7.758632815137724564e-16
4.634451664735789081e-16
2.257635896572740636e-15
3.621420951024404725e-15
4.006627112640243212e-15
3.090296810377174048e-15
1.689084780246161436e-15
5.669776630787217923e-16
4.960475533730946751e-16
1.341914677304492355e-15
2.642542022705195119e-15
3.409727298395517250e-15
3.192669403494715321e-15
2.083522438539350213e-15
1.170717345186588584e-15
1.163165066830431653e-15
2.139082455707470175e-15
3.033036505893083152e-15
3.071666058353401161e-15
2.232473281382788332e-15
1.510648617591065369e-15
1.653466256219049741e-15
2.557277991508758387e-15
3.006152365847491923e-15
2.524098623551653730e-15
1.754266984568439400e-15
1.885030733653758428e-15
2.595455806126869403e-15
2.837853694051373344e-15
2.252194749920668156e-15
1.895591711289084499e-15
2.323221533922111140e-15
2.764448791823186931e-15
2.381530364056289446e-15
2.052013641159516396e-15
2.346688310824154725e-15
2.659761662964918872e-15
2.328311902674095502e-15
2.169062589794622543e-15
2.484047822177847943e-15
2.531355028214512624e-15
2.237898767256517848e-15
2.355941710108029637e-15
2.540699998056603736e-15
2.336547843661540951e-15
2.312030343491368756e-15
2.536991557271953277e-15
2.344477254028028985e-15
2.350623171029892370e-15
2.515936595399161091e-15
2.323614284929431187e-15
2.421263887316066740e-15
2.466413993311561412e-15
2.319916863648215260e-15
2.502718668680074790e-15
2.347970063067438849e-15
2.447536402023468637e-15
2.410504308746305602e-15
2.401261751161109747e-15
2.441932607809335776e-15
2.388990219618238016e-15
2.445572061944440410e-15
2.394519164248902911e-15
2.439530457377023230e-15
2.403410853174319075e-15
2.433311093399679585e-15
2.410487128181098929e-15
2.429190505327134153e-15
2.415234802772127751e-15
2.426867182144983449e-15
2.418315529684754059e-15
2.425663947570172466e-15
2.420362688042075689e-15
2.425088097938162215e-15
2.421784003519921173e-15
2.424851036344826168e-15
2.422815738683607071e-15
2.424794688048532900e-15
2.423593067626290166e-15
2.424833451457627766e-15
2.424195539822956186e-15
2.424920472750145310e-15
2.424672155435860658e-15
2.425029690789876110e-15
2.425054650110505394e-15
2.425146434608726396e-15
2.425364582840615539e-15
2.425262432614352335e-15
2.425617227932344158e-15
2.425373093786922083e-15
2.425823795723441607e-15
2.425475982080451087e-15
2.425992753470147157e-15
2.425569935520060989e-15
2.426130644276829242e-15
2.425654544568640456e-15
2.426242615207567921e-15
2.425729836760056463e-15
2.426332770508156210e-15
2.425796083029209714e-15
2.426404415799104795e-15
2.425853677574136254e-15
2.426460231929192424e-15
2.425903062980059802e-15
2.426502401951309619e-15
2.425944683698770858e-15
2.426532705990791858e-15
2.425978957443918911e-15
2.426552593415557374e-15
2.426006257974494741e-15
2.426563238640305479e-15
2.426026905121493124e-15
2.426565584768175386e-15
2.426041159378335464e-15
2.426560378089361593e-15
2.426049219306656533e-15
2.426548195510159785e-15
2.426051220600768289e-15
2.426529466451342059e-15
2.426047236073459588e-15
2.426504490321757298e-15
2.426037276037566238e-15
2.426473450449870743e-15
2.426021288775437895e-15
2.426436425083201844e-15
2.425999160860222575e-15
2.426393395977286397e-15
2.425970717207133539e-15
2.426344254943627529e-15
2.425935720752807708e-15
2.426288808681368949e-15
2.425893871724093921e-15
2.426226782132581102e-15
2.425844806459719178e-15
2.426157820568716611e-15
2.425788095776502480e-15
2.426081490549423771e-15
2.425723242890585258e-15
2.425997279940647362e-15
2.425649680896713120e-15
2.425904597060619658e-15
2.425566769831795408e-15
2.425802769102517276e-15
2.425473793371336366e-15
2.425691039904883480e-15
2.425369955159494475e-15
2.425568567194549458e-15
2.425254374874885198e-15
2.425434419373821978e-15
