# xiplus_3_3
7.930630237310239746e-04
7.929657262687303445e-04
7.929920231229023149e-04
7.928954800098381422e-04
7.929144896012299245e-04
7.928181584800101864e-04
7.928298174274514597e-04
7.927331485372468480e-04
7.927373547006461973e-04
7.926397888728762414e-04
7.926364014652525266e-04
7.925373683422337265e-04
7.925262081360822568e-04
7.924251246575809461e-04
7.924059743544493778e-04
7.923022435743531152e-04
7.922748484113020795e-04
7.921678587130626592e-04
7.921319273986859042e-04
7.920210521955266128e-04
7.919762582706816505e-04
7.918608562871673907e-04
7.918068400259942272e-04
7.916862562697117188e-04
7.916226272423880928e-04
7.914961947888711621e-04
7.914225352206530209e-04
7.912895779416290491e-04
7.912054470078383082e-04
7.910652833794611484e-04
7.909702225805923014e-04
7.908221707080084371e-04
7.907157104614247114e-04
7.905590944458920025e-04
7.904407620165012239e-04
7.902749197690511675e-04
7.901442486299013919e-04
7.899685411962488902e-04
7.898250818604120793e-04
7.896389042608876899e-04
7.894822365493990883e-04
7.892850300453699763e-04
7.891147766497359989e-04
7.889060422253047671e-04
7.887218832781890199e-04
7.885011959572350761e-04
7.883028841340726511e-04
7.880699075425539853e-04
7.878572829799905574e-04
7.876117832972914139e-04
7.873847873277250650e-04
7.871266454633848607e-04
7.868853318309903914e-04
7.866145523120433641e-04
7.863590941756562437e-04
7.860758088634165787e-04
7.858064995257802278e-04
7.855109639294193631e-04
7.852282089118428057e-04
7.849207885935658140e-04
7.846250864673469036e-04
7.843062309170457068e-04
7.839981403085191950e-04
7.836683418246058984e-04
7.833484323556982355e-04
7.830081680413852451e-04
7.826769538113078750e-04
7.823266099511019594e-04
7.819844656736876527e-04
7.816242456610194905e-04
7.812713079090799007e-04
7.809011276851475806e-04
7.805371869480028525e-04
7.801565656267177209e-04
7.797809590254594064e-04
7.793889168739350642e-04
7.790004361215301272e-04
7.785954168962930765e-04
7.781922507944239982e-04
7.777720897360266943e-04
7.773518240497425237e-04
7.769137852121674832e-04
7.764734834754642712e-04
7.760143885702265598e-04
7.755507730804197348e-04
7.750672363223845649e-04
7.745769769226055470e-04
7.740657442587219224e-04
7.735458416354647117e-04
7.730042070336274251e-04
7.724524270137754370e-04
7.718786644723333147e-04
7.712939433655423022e-04
7.706876564946815765e-04
7.700703631756005731e-04
7.694326259395246198e-04
7.687845485786978794e-04
7.681177084681121026e-04
7.674416522504260872e-04
7.667487114355129706e-04
7.660476679930923244e-04
7.653312650475436541e-04
7.646072538239663411e-04
7.638684364735675875e-04
7.631213054205175043e-04
7.623584763618389531e-04
7.615851241798791147e-04
7.607936729527363471e-04
7.599882106619779490e-04
7.591612918248781235e-04
7.583164706211928223e-04
7.574470391893563638e-04
7.565567604244322151e-04
7.556403242620846538e-04
7.547023097804717810e-04
7.537391247422546266e-04
7.527562204963699020e-04
7.517513275365916457e-04
7.507300211040682713e-04
7.496901965297021395e-04
7.486362294884390004e-04
7.475648022561319017e-04
7.464780289197419988e-04
7.453708152235450019e-04
7.442432689254254493e-04
7.430896021731200158e-04
7.419098242215125616e-04
7.406997858123044861e-04
7.394617166829916665e-04
7.381946973198848455e-04
7.369035272069742728e-04
7.355892030414282147e-04
7.342562779507585177e-04
7.329038998410140112e-04
7.315328259811865663e-04
7.301382565863369974e-04
7.287176242370084749e-04
7.272654673639556387e-04
7.257812545221603963e-04
7.242643606313132944e-04
7.227195730670494655e-04
7.211501884792155710e-04
7.195609221038065618e-04
7.179509852415506387e-04
7.163182046244026763e-04
7.146560181641693158e-04
7.129607423135487414e-04
7.112304538875768075e-04
7.094697682607375858e-04
7.076840049877262517e-04
7.058784860469741055e-04
7.040516736799824846e-04
7.021985154273021994e-04
7.003117083865687074e-04
6.983902246888708211e-04
6.964385214665095832e-04
6.944651555618799052e-04
6.924728754785228679e-04
6.904575095943637835e-04
6.884101662137657096e-04
6.863287246004867552e-04
6.842194165841773267e-04
6.820919505991086644e-04
6.799464551448798589e-04
6.777745471857962592e-04
6.755692418486542719e-04
6.733369410287894704e-04
6.710882451134498510e-04
6.688239283861597542e-04
6.665326164485085121e-04
6.642110657326567857e-04
6.618701044920253336e-04
6.595181760330934805e-04
6.571454038197024330e-04
6.547440885987707536e-04
6.523245851363775267e-04
6.498970129358899641e-04
6.474496898157518568e-04
6.449769618144719384e-04
6.424931623846733648e-04
6.400015697395650561e-04
6.374865083898192172e-04
6.349557237005856595e-04
6.324211911615330904e-04
6.298691810374028657e-04
6.272990701862171887e-04
6.247278910139800970e-04
6.221403165513900027e-04
6.195377451068342792e-04
6.169341036002986677e-04
6.143130639364358016e-04
6.116820057663005256e-04
6.090481318978082682e-04
6.063934028348376372e-04
6.037389548044055010e-04
6.010673636219654881e-04
5.983874639240661843e-04
5.956983640834000128e-04
5.929930604407476682e-04
5.902817780298186398e-04
5.875510132629905994e-04
5.848128681285291166e-04
5.820544550248669957e-04
5.792853658757886716e-04
5.764955269416571944e-04
5.736914845926859453e-04
5.708657392521232108e-04
5.680225824796299085e-04
5.651563514562522655e-04
5.622699521747313205e-04
5.593589975117285252e-04
5.564256510040724128e-04
5.534664880620498301e-04
5.504833642616964841e-04
5.474736700105917479e-04
5.444392408561610480e-04
5.413782142213313404e-04
5.382925850024125082e-04
5.351811855139911294e-04
5.320462539697655684e-04
5.288872370367824751e-04
5.257066053843090052e-04
5.225042829824316738e-04
5.192828675761503856e-04
5.160425561216227955e-04
5.127858842078609862e-04
5.095130607619147720e-04
5.062263155124578770e-04
5.029255872175788025e-04
4.996125538745538330e-04
4.962866408516321487e-04
4.929487985080673908e-04
4.895978101440292629e-04
4.862338707438634377e-04
4.828551783379450763e-04
4.794613514970320380e-04
4.760502804243352259e-04
4.726213976976651105e-04
4.691727485461764458e-04
4.657041015708715038e-04
4.622141773921540427e-04
4.587035620660962236e-04
4.551720215844282536e-04
4.516211741376276352e-04
4.480518299388285279e-04
4.444664030614684479e-04
4.408662619626003108e-04
4.372539202574916525e-04
4.336304559178461265e-04
4.299975925349858630e-04
4.263553097813765555e-04
4.227039645424784616e-04
4.190422156758686072e-04
4.153692819299722745e-04
4.116831974220698845e-04
4.079831455870835131e-04
4.042678761171286444e-04
4.005378722950392236e-04
3.967936298805133555e-04
3.930373823691263226e-04
3.892710470297411113e-04
3.854974852747281152e-04
3.817182958008321996e-04
3.779350074508377230e-04
3.741472502722480967e-04
3.703544244821115007e-04
3.665546135867863071e-04
3.627467581519778291e-04
3.589298989584950648e-04
3.551050648182106769e-04
3.512738851713343249e-04
3.474394286741657768e-04
3.436039842187186741e-04
3.397694462551411492e-04
3.359355555620584764e-04
3.321013573541363104e-04
3.282649259692560105e-04
3.244257616151409473e-04
3.205845053960973195e-04
3.167439893130332145e-04
3.129070692771497358e-04
3.090761604453715408e-04
3.052512105293487101e-04
3.014310221013864841e-04
2.976138320539951053e-04
2.938000132258866259e-04
2.899916806075005025e-04
2.861923021534387170e-04
2.824036211810396842e-04
2.786253346072714251e-04
2.748553964355833186e-04
2.710934102761533571e-04
2.673413498788182875e-04
2.636029351077465404e-04
2.598798726853968977e-04
2.561713000162351870e-04
2.524753689335195827e-04
2.487931363944487695e-04
2.451278430751365443e-04
2.414818822987895442e-04
2.378540022632804815e-04
2.342426451393406152e-04
2.306492820435478391e-04
2.270776342551532887e-04
2.235284872061832665e-04
2.200001377538831238e-04
2.164929664791484618e-04
2.130105248769643424e-04
2.095536956924369174e-04
2.061203680965312951e-04
2.027111320031891456e-04
1.993295240441860178e-04
1.959754811089231064e-04
1.926477250235830003e-04
1.893490658435363042e-04
1.860812652083099531e-04
1.828420394118363251e-04
1.796327080437878161e-04
1.764556391104295404e-04
1.733090500550434337e-04
1.701946544791305084e-04
1.671148325678877868e-04
1.640674602066588864e-04
1.610542971723405751e-04
1.580758445084869655e-04
1.551307027012080268e-04
1.522224124143858252e-04
1.493494945566190555e-04
1.465133882751494976e-04
1.437137910148503933e-04
1.409501464445091451e-04
1.382245829581081338e-04
1.355363244113223884e-04
1.328869449279960937e-04
1.302746250659990348e-04
1.277008584704719966e-04
1.251652709425276353e-04
1.226692973058235425e-04
1.202117280838450229e-04
1.177929361848576903e-04
1.154128865727629158e-04
1.130724525275200992e-04
1.107706705099436678e-04
1.085077377710066097e-04
1.062838349604643470e-04
1.040992726114986223e-04
1.019530776283526980e-04
9.984568731557013027e-05
9.777704390224958863e-05
9.574657543060046837e-05
9.375394643358640398e-05
9.179988292716588852e-05
8.988323689953998984e-05
8.800376009552364921e-05
8.616172480120800172e-05
8.435633600876394755e-05
8.258708839918516215e-05
8.085453636332735081e-05
7.915728480634394231e-05
7.749535983344620462e-05
7.586832208593592437e-05
7.427566004472597723e-05
7.271703143150097211e-05
7.119187589574290178e-05
6.969974837090894197e-05
6.824021724276732440e-05
6.681272110332806078e-05
6.541670672792887617e-05
6.405168678292663122e-05
6.271715792819186196e-05
6.141253554875649280e-05
6.013731632371323245e-05
5.889076836175038504e-05
5.767259270193167566e-05
5.648206622112249725e-05
5.531861337801577270e-05
5.418162041094617721e-05
5.307063643578340624e-05
5.198493615169139283e-05
5.092405252977119819e-05
4.988731412377902272e-05
4.887424621706930235e-05
4.788426941133378184e-05
4.691692396019432056e-05
4.597148676028473230e-05
4.504751951944902362e-05
4.414436674554077244e-05
4.326152061133543207e-05
4.239848918732618194e-05
4.155473747460498629e-05
4.072963335904502240e-05
3.992272029442776258e-05
3.913344855833184185e-05
3.836138256740687905e-05
3.760596980507058333e-05
3.686675610327715900e-05
3.614315859322295502e-05
3.543488139559559431e-05
3.474140603009098321e-05
3.406231901487369470e-05
3.339717439600962913e-05
3.274552235864957277e-05
3.210688984033280052e-05
3.148101181684015534e-05
3.086738576368447927e-05
3.026559272187464932e-05
2.967534426701699322e-05
2.909634901295903687e-05
2.852805004959541084e-05
2.797022241231010795e-05
2.742258813878900928e-05
2.688481989217278225e-05
2.635657575660036502e-05
2.583768902467963125e-05
2.532787502752303135e-05
2.482690689725352139e-05
2.433441339490835346e-05
2.385027155325404529e-05
2.337419153035799016e-05
2.290583710887853799e-05
2.244514642790541766e-05
2.199190613880435129e-05
2.154563289639407691e-05
2.110648716772623503e-05
2.067425255337549281e-05
2.024844319837604977e-05
1.982919711899519484e-05
1.941640041243317217e-05
1.900962171841501848e-05
1.860901667804876769e-05
1.821450907153451191e-05
1.782581259012484652e-05
1.744287695238665756e-05
1.706564742151122133e-05
1.669388366839147237e-05
1.632755855205358220e-05
1.596652014271592236e-05
1.561070337663178140e-05
1.526000916699989530e-05
1.491437033327582500e-05
1.457381532833630832e-05
1.423832453440342312e-05
1.390774455305304035e-05
1.358205323892477018e-05
1.326121932593783052e-05
1.294514238940729270e-05
1.263367842149068473e-05
1.232701893110489746e-05
1.202499561314798103e-05
1.172737963628601844e-05
1.143448720051063858e-05
1.114628220176159912e-05
1.086236037117362385e-05
1.058310583358339969e-05
1.030842431833243901e-05
1.003788787992578312e-05
9.771919140803492026e-06
9.510534322092082253e-06
9.253263295037076681e-06
9.000499654382711789e-06
8.752189416811435933e-06
8.507987881754364243e-06
8.268182993749342437e-06
8.032734286037489937e-06
7.801491965457735064e-06
7.574644145916398822e-06
7.351931110562180273e-06
7.133343333288301556e-06
6.919087156395760004e-06
6.708973813029123781e-06
6.503031337693526752e-06
6.301331010393954775e-06
6.103577747102914667e-06
5.909940454697995328e-06
5.720539972874716798e-06
5.535093181343195191e-06
5.353630996808232137e-06
5.176311550497825475e-06
5.002889859750629320e-06
4.833373239424227325e-06
4.667875657715010920e-06
4.506254540554234204e-06
4.348417991642772952e-06
4.194492700030560546e-06
4.044305837968888240e-06
3.897855186302951761e-06
3.755204626614288736e-06
3.616167999364160489e-06
3.480739776735022429e-06
3.349037743962723932e-06
3.220816065766617205e-06
3.096086728904712947e-06
2.974950173846078645e-06
2.857156256433938864e-06
2.742740012083030297e-06
2.631771930408047932e-06
2.523982198453932903e-06
2.419491739706635625e-06
2.318267910016881110e-06
2.220116242563240888e-06
2.125116688303320980e-06
2.033263401200372618e-06
1.944322624222989125e-06
1.858406138580372890e-06
1.775504486364533286e-06
1.695372956001265093e-06
1.618153148954455471e-06
1.543815153901825983e-06
1.472112297440616466e-06
1.403192066772950159e-06
1.337004826707910966e-06
1.273294968718382735e-06
1.212217504479694858e-06
1.153682405946406727e-06
1.097420720050457177e-06
1.043525742018516604e-06
9.918612113326569314e-07
9.421430748407889628e-07
8.944390949476932871e-07
8.486157739764668383e-07
8.044177704757847161e-07
7.619178409740920011e-07
7.209949028492633905e-07
6.814691108272937190e-07
6.434368035118378099e-07
6.068213519832288645e-07
5.714957125317026568e-07
5.375711088340197266e-07
5.049833842643568714e-07
4.736552057386126682e-07
4.436589792094821459e-07
4.149299922112415942e-07
3.873966033209282905e-07
3.611294516319381141e-07
3.360664959646724916e-07
3.121540430896342451e-07
2.894442328607006995e-07
2.678906179340488141e-07
2.474318282192678719e-07
2.280993904652420265e-07
2.098302000219788153e-07
1.925618867410577278e-07
1.762943169827869823e-07
1.609888891135330215e-07
1.465974723803016110e-07
1.331159040862623993e-07
1.204796779464282638e-07
1.086409180413729870e-07
9.759155221721890680e-08
8.731801284826743685e-08
7.779410338559285451e-08
6.898331262555577158e-08
6.080742947355301691e-08
5.322939359349528935e-08
4.621486339478240943e-08
3.975307611489836800e-08
3.384036299477305615e-08
2.843372089660901319e-08
2.346430347859568588e-08
1.890631506477770012e-08
1.477007335632079838e-08
1.105332626243325621e-08
7.685266703405593217e-09
4.617266884301214569e-09
1.857673602992188313e-09
-6.124405894703338666e-10
-2.819184306050443097e-09
-4.760875113220574916e-09
-6.483848615005594050e-09
-7.985147537995048279e-09
-9.270591988881827080e-09
-1.043771824165053576e-08
-1.147699646496273824e-08
-1.230714537846723033e-08
-1.298839718948099838e-08
-1.355650996889731699e-08
-1.400245262453707269e-08
-1.436010258339251997e-08
-1.465678367132549028e-08
-1.485549638355462612e-08
-1.495846131602407713e-08
-1.495975296474098663e-08
-1.489904471022870630e-08
-1.485068277789307195e-08
-1.477679575081992374e-08
-1.460724084407600332e-08
-1.438551328634843545e-08
-1.413841993092734388e-08
-1.390520935365153836e-08
-1.366647158062054910e-08
-1.338228764271854598e-08
-1.302022096843335623e-08
-1.267114867960858924e-08
-1.237830365050526681e-08
-1.201883908877933630e-08
-1.162280778333676174e-08
-1.125097127829348048e-08
-1.091050529725560865e-08
-1.056335017109260763e-08
-1.018074309608757911e-08
-9.827511953943536744e-09
-9.496288821966188679e-09
-9.130758317649741213e-09
-8.770215346492855224e-09
-8.429558889344628330e-09
-8.089547580285327703e-09
-7.762064308096041102e-09
-7.451093582358128544e-09
-7.150672125886371935e-09
-6.860259667523164432e-09
-6.557390885236507842e-09
-6.269591068334098021e-09
-5.986078769872034097e-09
-5.696850326482048263e-09
-5.452073597784544880e-09
-5.196045415526565815e-09
-4.959082795613425503e-09
-4.730253361936936413e-09
-4.491766261919080917e-09
-4.284651269228528509e-09
-4.071508171226376374e-09
-3.888197348866226400e-09
-3.692453996775328237e-09
-3.500892669681772036e-09
-3.315112918094455788e-09
-3.143758595244013685e-09
-2.990635110913136110e-09
-2.850755433346121662e-09
-2.700081622656059810e-09
-2.553060040691056094e-09
-2.424047707807399023e-09
-2.298112017077558840e-09
-2.177129792406509942e-09
-2.058188814141236492e-09
-1.939594367870885231e-09
-1.843617342977503439e-09
-1.752133815446507507e-09
-1.646984302527743969e-09
-1.555128390576772826e-09
-1.475090112210497906e-09
-1.384612821217500455e-09
-1.302859874187509234e-09
-1.236519205429210641e-09
-1.169375606540807849e-09
-1.100427515448784244e-09
-1.036149558022871751e-09
-9.761583633803819362e-10
-9.206746352703795499e-10
-8.714368616522142918e-10
-8.250728659990852551e-10
-7.747025679481662845e-10
-7.268611963491525263e-10
-6.850677723476266582e-10
-6.483219087968811222e-10
-6.122076099582472330e-10
-5.674756757644371592e-10
-5.351346892205063474e-10
-5.071675905512031068e-10
-4.725395698617151001e-10
-4.477333094139070439e-10
-4.189325688762389923e-10
-3.938855952631954225e-10
-3.761254665094626372e-10
-3.514114855205640195e-10
-3.248701491723936813e-10
-3.116050843505187179e-10
-2.905861178563243852e-10
-2.664350821649327355e-10
-2.555147267405397823e-10
-2.408859499076260877e-10
-2.219607647194808988e-10
-2.144881901321037968e-10
-2.020020242158245588e-10
-1.835988260760177937e-10
-1.760936934157562936e-10
-1.646239578239236655e-10
-1.497203147224292658e-10
-1.462368776564218194e-10
-1.364052748709769271e-10
-1.259579326188018147e-10
-1.223792799831298771e-10
-1.121029464085445049e-10
-1.028249300902079775e-10
-9.809132944097879157e-11
-9.189459026013652069e-11
-8.578268933923555286e-11
-8.360270567002559392e-11
-7.626747624686815277e-11
-6.872808583152675295e-11
-6.715364749674063464e-11
-6.311168231032294994e-11
-5.902812376736822696e-11
-5.650970403006702422e-11
-5.114953563659601728e-11
-4.734578715305835443e-11
-4.721567300621607107e-11
-4.390959705776480756e-11
-4.014901555644422848e-11
-3.834807455955519340e-11
-3.543714656150044548e-11
-3.397950844588880976e-11
-3.279980955428568163e-11
-2.896864275406950689e-11
-2.758737451787964948e-11
-2.766741416640789800e-11
-2.462859951247309766e-11
-2.270162080990620032e-11
-2.283516548576523923e-11
-2.103225023814943483e-11
-1.906495605509185538e-11
-1.859349078930131000e-11
-1.767520014382946259e-11
-1.637606343295166537e-11
-1.601297297296658919e-11
-1.508135455566335301e-11
-1.414447161415893812e-11
-1.387605490923014215e-11
-1.298395477077213868e-11
-1.204742345334002803e-11
-1.178686738618858465e-11
-1.075849558720757199e-11
-1.020571505428540569e-11
-1.025350373076564356e-11
-9.005445037340125663e-12
-9.187679915332493240e-12
-8.849878809044995395e-12
-8.026997190622013103e-12
-8.234428972853222656e-12
-7.887405574354995096e-12
-7.351255536003950733e-12
-7.168750873157967149e-12
-6.941100531430051615e-12
-6.178251289696983416e-12
-6.339833100572048536e-12
-6.147390897743190206e-12
-5.832184225035917642e-12
-5.947529810142963078e-12
-5.756937364623480469e-12
-5.291238869024324204e-12
-5.378828518876640388e-12
-5.089123964767806823e-12
-4.721673665621182377e-12
-4.786171660795134049e-12
-4.780006664085145068e-12
-4.538489162999177148e-12
-4.591165983032161051e-12
-4.333059914526301359e-12
-4.057213048019204931e-12
-4.129874290899883673e-12
-4.063235816275524509e-12
-3.936873761214805400e-12
-4.041051500548144571e-12
-3.836125854952038876e-12
-3.580971266136485659e-12
-3.622632179041255029e-12
-3.607452629371077057e-12
-3.489887507671968063e-12
-3.450834887294816539e-12
-3.284407531993910147e-12
-3.158408910626472109e-12
-3.234099339950229481e-12
-3.205229370734957512e-12
-3.047376896046321145e-12
-3.000218267344233533e-12
-2.938249527878994907e-12
-2.909682252436069788e-12
-2.831022101641179839e-12
-2.675720931631408381e-12
-2.648789301861683125e-12
-2.653456631597260921e-12
-2.523784649450601252e-12
-2.430212485804629745e-12
-2.441727684072472336e-12
-2.378405401533814929e-12
-2.234624743121905096e-12
-2.203638437970170990e-12
-2.161215322401473580e-12
-2.045732346353402292e-12
-1.987261357550552420e-12
-1.951343558737311379e-12
-1.826872050949806747e-12
-1.772609874697866006e-12
-1.711172409155028669e-12
-1.594462165565662101e-12
-1.546789576590987268e-12
-1.470337323867752354e-12
-1.372922211925762005e-12
-1.332488486002977217e-12
-1.228240129169825441e-12
-1.162315293271671450e-12
-1.072762831531795538e-12
-9.950607962109920305e-13
-9.320681325601622213e-13
-8.569735906607197080e-13
-7.813579468809978076e-13
-6.980560822770095720e-13
-6.372326591421119255e-13
-5.673037141018719487e-13
-4.965262515335496002e-13
-4.210300400634881488e-13
-3.623562783481371251e-13
-3.162081886229234162e-13
-2.594766338222906242e-13
-1.965860152250148514e-13
-1.513520364219829717e-13
-1.126299341655449298e-13
-7.020664991034229330e-14
-3.244481827704902482e-14
-5.810952980271305578e-15
2.174249853131677023e-14
4.909972700199721808e-14
6.513205287043652451e-14
7.091325461365188668e-14
7.737149308639462518e-14
8.472671722489118061e-14
8.144194141269351859e-14
7.755668254691193043e-14
7.165132096758931357e-14
5.819856189939139464e-14
5.034113062246691153e-14
3.363063746370921115e-14
1.335278246604173772e-14
2.028829850036687852e-15
-1.443289518174044880e-14
-2.481619215735576926e-14
-4.063209206857968114e-14
-5.075639938497078087e-14
-5.897034830342497270e-14
-6.551500770250213505e-14
-6.599333460671164494e-14
-6.372182942763796034e-14
-5.942570123866189293e-14
-5.451317401642409266e-14
-4.481334348416397818e-14
-3.352703126576765689e-14
-2.108209777934560000e-14
-7.679191482981822218e-15
2.767671504233915472e-15
1.237451817759019806e-14
2.238375940263157055e-14
2.913706741882919516e-14
3.234729573299546425e-14
3.122897288439610584e-14
2.969233313423992430e-14
2.687395661876922313e-14
1.944226816042689269e-14
1.236982083072641562e-14
5.745185203532339920e-15
1.025031757773999685e-15
-4.500084794378628733e-15
-6.360939870805557541e-15
-5.347347297182016974e-15
-2.388015282001157260e-15
1.061809168721873700e-15
7.778636224633752005e-15
1.341576956528599359e-14
1.771904990829617865e-14
2.154625585164594323e-14
2.264378838792677235e-14
2.085073965504970231e-14
1.873275861589690228e-14
1.416872217308758819e-14
1.043355254608680700e-14
7.620414718823893042e-15
6.336834634744321522e-15
7.468978693620946863e-15
9.971030973365382834e-15
1.344091374437575646e-14
1.670941124844893149e-14
1.850486366458042779e-14
1.895158426600841846e-14
1.718016585669856744e-14
1.493182849573808250e-14
1.228700082242621993e-14
1.105882829418442135e-14
1.117401915324192037e-14
1.306223793780983281e-14
1.524653072856329450e-14
1.718855274066626158e-14
1.742784383366362437e-14
1.634298969033037120e-14
1.439941699367802901e-14
1.310239363229292247e-14
1.289267011646148838e-14
1.420452568443576456e-14
1.575698173121391769e-14
1.677532148495376756e-14
1.636279443295066418e-14
1.507747861155972165e-14
1.381034009443043875e-14
1.395510955861574135e-14
1.507830919714109118e-14
1.626307890357685567e-14
1.625140460085565191e-14
1.529124540637853066e-14
1.429865503553255015e-14
1.455216486393622984e-14
1.557027241698696632e-14
1.624002283954476834e-14
1.560716374103592454e-14
1.471207961580890103e-14
1.473399350442919325e-14
1.568849372728335747e-14
1.599601203742097684e-14
1.535460225401145735e-14
1.477363542456460955e-14
1.533295700134867163e-14
1.589997977434160575e-14
1.552425967942420057e-14
1.496237224550792682e-14
1.536684841744516145e-14
1.580383043680789110e-14
1.542329964195218900e-14
1.508887753300375554e-14
1.559056076869938424e-14
1.565224548738545257e-14
1.523865097092824459e-14
1.537150064623932463e-14
1.570036213038849644e-14
1.533175194620854629e-14
1.536260292182475071e-14
1.564489127217045756e-14
1.537974516453781662e-14
1.539366122411011829e-14
1.562964568439134515e-14
1.533409601108909383e-14
1.551863908137710998e-14
1.552044480163912530e-14
1.537930832899883112e-14
1.557700456076920373e-14
1.540830570995517819e-14
1.551026591542229798e-14
1.548703212690499095e-14
1.545138498560986730e-14
1.552746296221377438e-14
1.543574141106141548e-14
1.553200087099412783e-14
1.544330509799824314e-14
1.552376992977562057e-14
1.545539118665037615e-14
1.551518250133082348e-14
1.546517712785432822e-14
1.550928145387467649e-14
1.547193581118816916e-14
1.550571598265463348e-14
1.547650282643194822e-14
1.550362141865987186e-14
1.547969342467384848e-14
1.550236247367002949e-14
1.548203565014573595e-14
1.550156528776169319e-14
1.548383684466886789e-14
1.550102414090921784e-14
1.548527373175663487e-14
1.550062685539242849e-14
1.548645099325095461e-14
1.550031130161043211e-14
1.548743364685168002e-14
1.550004221489066360e-14
1.548826421462277912e-14
1.549979905032115801e-14
1.548897188738501383e-14
1.549956953457149669e-14
1.548957755948562402e-14
1.549934615109476184e-14
1.549009670340244583e-14
1.549912416547161195e-14
1.549054108105449489e-14
1.549890048216667844e-14
1.549091980549471648e-14
1.549867296426774945e-14
1.549124002582304900e-14
1.549844001880208972e-14
1.549150738491394911e-14
1.549820033834684338e-14
1.549172633508687691e-14
1.549795273681027842e-14
1.549190036156016559e-14
1.549769604296066922e-14
1.549203214409642434e-14
1.549742902969062220e-14
1.549212367581930375e-14
1.549715036572166388e-14
1.549217635135882858e-14
1.549685858100916234e-14
1.549219103247517140e-14
1.549655204070155862e-14
1.549216809661583700e-14
1.549622892390334130e-14
1.549210747217217551e-14
1.549588720506582724e-14
1.549200866311661599e-14
1.549552463635880872e-14
1.549187076499394676e-14
1.549513872999134443e-14
1.549169247356242509e-14
1.549472673973660233e-14
1.549147208721812666e-14
1.549428564119937817e-14
1.549120750391609721e-14
1.549381211035753585e-14
1.549089621317469816e-14
1.549330250023251584e-14
1.549053528361586734e-14
1.549275281541212563e-14
1.549012134637894928e-14
1.549215868433690316e-14
1.548965057471475998e-14
1.549151532927043519e-14
1.548911865990929655e-14
1.549081753386329954e-14
1.548852078387344918e-14
1.549005960836406575e-14
1.548785158847449991e-14
1.548923535249375268e-14
1.548710514191124846e-14
1.548833801608746597e-14
1.548627490237095360e-14
1.548736025772205451e-14
1.548535367925555117e-14
1.548629410148104877e-14
1.548433359233918543e-14
1.548513089234758682e-14
1.548320602939265532e-14
