# xiplus_1_1
8.187388804394390269e-05
8.186152303124930030e-05
8.186906777395409039e-05
8.185711495037705627e-05
8.186381521424292477e-05
8.185221348389519556e-05
8.185809053276651970e-05
8.184678030212651743e-05
8.185185072072009209e-05
8.184077357816006855e-05
8.184504948137263957e-05
8.183414791136048999e-05
8.183763713689278776e-05
8.182685427026737139e-05
8.182956056210841502e-05
8.181883996308397257e-05
8.182076315330592950e-05
8.181004864692538675e-05
8.181118484352929699e-05
8.180042038695272950e-05
8.180076217666796634e-05
8.178989177934614099e-05
8.178942845398198195e-05
8.177839615274976645e-05
8.177711396879433557e-05
8.176586386492208799e-05
8.176374634632002907e-05
8.175222271219158353e-05
8.174925100667107503e-05
8.173739847020649056e-05
8.173355176962696219e-05
8.172131558483728732e-05
8.171657161911991874e-05
8.170389803046848327e-05
8.169823364420052017e-05
8.168507035107816809e-05
8.167846216917878173e-05
8.166475889431545421e-05
8.165718408016009900e-05
8.164289324164621933e-05
8.163433034570254587e-05
8.161940782668827875e-05
8.160983771676788622e-05
8.159424371817125998e-05
8.158365057276133377e-05
8.156735052385766108e-05
8.155572285724168918e-05
8.153868834469968482e-05
8.152602001712138844e-05
8.150822967567759858e-05
8.149452082238467998e-05
8.147596111014657595e-05
8.146121890156772819e-05
8.144188465944842076e-05
8.142612378059920365e-05
8.140601845135779144e-05
8.138926116434273188e-05
8.136839652356979511e-05
8.135067215600305570e-05
8.132906738908010863e-05
8.131041107723557110e-05
8.128809102874916617e-05
8.126854154473521139e-05
8.124553397710973382e-05
8.122513049186534228e-05
8.120146222779965281e-05
8.118023991747895540e-05
8.115593181710136243e-05
8.113391631997162519e-05
8.110897716918973131e-05
8.108617805438166613e-05
8.106059762543993917e-05
8.103700124991041636e-05
8.101074304038925267e-05
8.098630544379123160e-05
8.095929989708925355e-05
8.093394069770760198e-05
8.090608002770772816e-05
8.087967859349999144e-05
8.085081462026017744e-05
8.082321002413063676e-05
8.079315658505839320e-05
8.076415290078337147e-05
8.073269430353126558e-05
8.070207251635419618e-05
8.066897899232560929e-05
8.063651602856226604e-05
8.060156608317539423e-05
8.056706008569660727e-05
8.053006794435618558e-05
8.049336692357610731e-05
8.045421102567143717e-05
8.041523960863964640e-05
8.037388566967527850e-05
8.033266239932448103e-05
8.028917269227538644e-05
8.024580915089734201e-05
8.020032950039514687e-05
8.015500374360169547e-05
8.010772264555591398e-05
8.006062433997552781e-05
8.001170568259116894e-05
7.996295954777111917e-05
7.991246149259254342e-05
7.986204800830047569e-05
7.980985324472410973e-05
7.975755713549663429e-05
7.970334838007457731e-05
7.964876907462248865e-05
7.959208022443715295e-05
7.953472590943232395e-05
7.947507621820218068e-05
7.941452937783221515e-05
7.935160503531138193e-05
7.928769866911827542e-05
7.922149769671582293e-05
7.915440141394554851e-05
7.908523618091895793e-05
7.901535841840210989e-05
7.894365437611823978e-05
7.887135276663347484e-05
7.879730624222188687e-05
7.872254803750014269e-05
7.864585755246982087e-05
7.856809155403778576e-05
7.848802531592386151e-05
7.840646712415890113e-05
7.832233988080238962e-05
7.823655848710768979e-05
7.814829652449545316e-05
7.805860057635296244e-05
7.796680638904412671e-05
7.787390825912058733e-05
7.777915379880287808e-05
7.768325241027578074e-05
7.758522317238107104e-05
7.748552313574738897e-05
7.738315789133719909e-05
7.727868737609202762e-05
7.717146502041039957e-05
7.706237190642682634e-05
7.695104765308053991e-05
7.683834027158419620e-05
7.672364578552022356e-05
7.660733049212626732e-05
7.648843383616031849e-05
7.636719632655773564e-05
7.624298659143588671e-05
7.611656799654534710e-05
7.598780929324780290e-05
7.585749712335067914e-05
7.572506886514280666e-05
7.559060410198763073e-05
7.545317951133939790e-05
7.531311863455755632e-05
7.517029305934729748e-05
7.502563863639858700e-05
7.487893257814606492e-05
7.473025167414746239e-05
7.457862221757264839e-05
7.442423782446035195e-05
7.426713927044489340e-05
7.410828374836416301e-05
7.394732562601007175e-05
7.378401221887377756e-05
7.361754380700545879e-05
7.344862806967968484e-05
7.327764099272006696e-05
7.310490531300596780e-05
7.292936192397568552e-05
7.275105542071079456e-05
7.257040640488887271e-05
7.238821939679506887e-05
7.220356372600764626e-05
7.201616830294213577e-05
7.182645207153732245e-05
7.163531105939030985e-05
7.144172536717295239e-05
7.124554251163103672e-05
7.104747449224247985e-05
7.084795244276535699e-05
7.064572408263948122e-05
7.044151049258068776e-05
7.023590030677454683e-05
7.002819464946641380e-05
6.981816740690049072e-05
6.960714780079029645e-05
6.939395687926688057e-05
6.917889165133134959e-05
6.896272097409107855e-05
6.874457291707865108e-05
6.852480178975496085e-05
6.830408970479875334e-05
6.808113110044590271e-05
6.785752899249360560e-05
6.763203512251694750e-05
6.740544205474126435e-05
6.717760769783929933e-05
6.694827983653181894e-05
6.671806304171101895e-05
6.648627463111289495e-05
6.625365319196268080e-05
6.601955227022398393e-05
6.578455108863089801e-05
6.554818063466708521e-05
6.531082059631302403e-05
6.507215888726899965e-05
6.483242222074593370e-05
6.459140141741903142e-05
6.434922149665209137e-05
6.410573355557892079e-05
6.386099734720678998e-05
6.361489836234214914e-05
6.336745456717027335e-05
6.311857213989401593e-05
6.286824283764504780e-05
6.261638734460349290e-05
6.236298246379350335e-05
6.210796160141799271e-05
6.185129543041505032e-05
6.159293068144196324e-05
6.133283904533961032e-05
6.107098215017612533e-05
6.080733826007544268e-05
6.054188532717866923e-05
6.027461188456716314e-05
6.000551257437021534e-05
5.973458766392795131e-05
5.946184711528746135e-05
5.918730191229032829e-05
5.891097390754974309e-05
5.863288136909603691e-05
5.835305271095278518e-05
5.807150818359136551e-05
5.778827625795098004e-05
5.750337307055388905e-05
5.721682072045726199e-05
5.692862583423285381e-05
5.663879934676051752e-05
5.634733528758730707e-05
5.605423173579936180e-05
5.575947059140019775e-05
5.546303932739052702e-05
5.516491209067567370e-05
5.486507167165922575e-05
5.456349183434618501e-05
5.426015869006868677e-05
5.395505379644554357e-05
5.364817399689334875e-05
5.333951468184380069e-05
5.302908726678490009e-05
5.271690216836155630e-05
5.240298350196972201e-05
5.208735179749624265e-05
5.177003616460921083e-05
5.145105746025514039e-05
5.113043894417968269e-05
5.080819128949952505e-05
5.048432332743928489e-05
5.015883054908324692e-05
4.983170738847261837e-05
4.950294007632751386e-05
4.917252042022788374e-05
4.884044162708046590e-05
4.850671080519802553e-05
4.817134363597216587e-05
4.783437096513364171e-05
4.749582824596576753e-05
4.715575449138530791e-05
4.681417848902386347e-05
4.647111682458464978e-05
4.612656730162094089e-05
4.578051750973805765e-05
4.543295303019764781e-05
4.508387531325025520e-05
4.473331139056236294e-05
4.438131791053510347e-05
4.402796756597634532e-05
4.367332637043796567e-05
4.331742788498156848e-05
4.296026188583679641e-05
4.260178788990489008e-05
4.224197153754962630e-05
4.188082756197048808e-05
4.151843744530809703e-05
4.115492639077044323e-05
4.079040041335325222e-05
4.042489005627650900e-05
4.005834071094473598e-05
3.969067813884966155e-05
3.932189850680111853e-05
3.895211594288993490e-05
3.858150117871449820e-05
3.821016166744747698e-05
3.783806157092680272e-05
3.746508607434792716e-05
3.709118897318645864e-05
3.671648469283233677e-05
3.634116180683934699e-05
3.596532524877184977e-05
3.558894339257341648e-05
3.521197499451864576e-05
3.483447829739266447e-05
3.445656247398129474e-05
3.407826725443409963e-05
3.369960360596194936e-05
3.332067074657323264e-05
3.294162402252261504e-05
3.256251163204413571e-05
3.218330377798155647e-05
3.180405240449556072e-05
3.142486958222206198e-05
3.104578406879530077e-05
3.066682402043609441e-05
3.028807961350530112e-05
2.990956472676963113e-05
2.953129571079170175e-05
2.915348683850107543e-05
2.877623843822523260e-05
2.839944714824716069e-05
2.802327680714722713e-05
2.764794867817773355e-05
2.727337452651281129e-05
2.689965503130254594e-05
2.652693663082166195e-05
2.615512604212521933e-05
2.578435582064866739e-05
2.541472237824881638e-05
2.504623932138972560e-05
2.467905058798117689e-05
2.431321472465528167e-05
2.394890856265672485e-05
2.358622986372210917e-05
2.322515446835685286e-05
2.286577714589892906e-05
2.250817460932917440e-05
2.215233491178114286e-05
2.179841018749812754e-05
2.144648909032040589e-05
2.109666686010203658e-05
2.074913248898077204e-05
2.040390554063487214e-05
2.006099277021807509e-05
1.972043731971613297e-05
1.938230770704657159e-05
1.904671738041106344e-05
1.871384437729759975e-05
1.838379191854803770e-05
1.805655296872972620e-05
1.773214636747456310e-05
1.741061043787061547e-05
1.709207494387060297e-05
1.677668181515000660e-05
1.646456329995682011e-05
1.615568196073667806e-05
1.585002311278531204e-05
1.554763710259003990e-05
1.524874583195593018e-05
1.495342234325802837e-05
1.466162219427736113e-05
1.437330674317214049e-05
1.408857194479735782e-05
1.380757830545723275e-05
1.353035660000178829e-05
1.325680795609054393e-05
1.298696761104552194e-05
1.272101219441303680e-05
1.245898664052909181e-05
1.220075252462957193e-05
1.194632482912442453e-05
1.169588788558362106e-05
1.144938878762133266e-05
1.120664656807366554e-05
1.096784624912135081e-05
1.073304376601727622e-05
1.050206539997040261e-05
1.027499920672729273e-05
1.005196556136354101e-05
9.832779650958780085e-06
9.617510604136669361e-06
9.406234833506267652e-06
9.198819838658813002e-06
8.995346065645709949e-06
8.795822465047640725e-06
8.600179011053072159e-06
8.408523667703533315e-06
8.220713360612767447e-06
8.036856265135197615e-06
7.856885551342828857e-06
7.680721804573440356e-06
7.508446204679976317e-06
7.339943937535992550e-06
7.175209176533025732e-06
7.014147495582323634e-06
6.856731769057120806e-06
6.702848944232075273e-06
6.552484560230966667e-06
6.405561481318848247e-06
6.262018984852298713e-06
6.121723326475044342e-06
5.984642584115190283e-06
5.850743692106385900e-06
5.719947931845201221e-06
5.592234684389777073e-06
5.467623319685049287e-06
5.346026674899333975e-06
5.227430733452700693e-06
5.111827975190436156e-06
4.999145025735238449e-06
4.889304085488828036e-06
4.782244382212233409e-06
4.677870765116639264e-06
4.576060048660959321e-06
4.476694483114043090e-06
4.379745457626212104e-06
4.285125017682673265e-06
4.192739664568063063e-06
4.102634195478121261e-06
4.014775794072464672e-06
3.929087857838967177e-06
3.845641804119443183e-06
3.764357747271289883e-06
3.685071864233568159e-06
3.607743248909751886e-06
3.532260196802974180e-06
3.458466555398376028e-06
3.386329235051592717e-06
3.315849743866370077e-06
3.247036443790898543e-06
3.179895111759842750e-06
3.114410038858110847e-06
3.050543390643537848e-06
2.988123194150205085e-06
2.927001634621906297e-06
2.867149977477663019e-06
2.808509783083647787e-06
2.751122915692571851e-06
2.695093550626348612e-06
2.640346554383213847e-06
2.586779760559499787e-06
2.534309231697979451e-06
2.482797722807611788e-06
2.432235794350240305e-06
2.382722099611583922e-06
2.334336033144101467e-06
2.287002761747362621e-06
2.240530082190459639e-06
2.194849697240267145e-06
2.149972184961700518e-06
2.105926242409256818e-06
2.062811164622132379e-06
2.020538152654907537e-06
1.978870511238183638e-06
1.937843203876343270e-06
1.897594171553347755e-06
1.858103233494032202e-06
1.819313785384550227e-06
1.781104740140920471e-06
1.743464989644619669e-06
1.706558438365519176e-06
1.670337973901875279e-06
1.634628456160343209e-06
1.599430391696813254e-06
1.564859001353991242e-06
1.530892172931775427e-06
1.497342848780121839e-06
1.464268606129563795e-06
1.431844847226543986e-06
1.399914273556673582e-06
1.368375764643940560e-06
1.337441493890630322e-06
1.307030927921835273e-06
1.276962883471124963e-06
1.247422848360709818e-06
1.218373427977812201e-06
1.189664558870569019e-06
1.161455446594731872e-06
1.133714030528414211e-06
1.106369733404428703e-06
1.079524439848465521e-06
1.053059955034416461e-06
1.027012894411102410e-06
1.001369209956447014e-06
9.761118305239565730e-07
9.513197890776631806e-07
9.268946604086948530e-07
9.029004704855670131e-07
8.793074187850586247e-07
8.560752922266041781e-07
8.332222156637961433e-07
8.107812762322174520e-07
7.887354151996650397e-07
7.670776458935291708e-07
7.457866548088802493e-07
7.248669408422945084e-07
7.043323544673231354e-07
6.841741237355552508e-07
6.644062704696675142e-07
6.450144251669666989e-07
6.259547891201903998e-07
6.072864148943395740e-07
5.890156600104607998e-07
5.710730085326567188e-07
5.535019966342816843e-07
5.363117155125592143e-07
5.194477389827206469e-07
5.029633660582575294e-07
4.868372222265454915e-07
4.710261970474529813e-07
4.555848237070164748e-07
4.404990706197927697e-07
4.257210510943341956e-07
4.112983835776115606e-07
3.972257518282930940e-07
3.834618921462766093e-07
3.700462467352297294e-07
3.569699279499480851e-07
3.441979170803486316e-07
3.317670314039384606e-07
3.196615803375689991e-07
3.078438243934590169e-07
2.963526600197836102e-07
2.851759189609629342e-07
2.742688494156207904e-07
2.636857364101700317e-07
2.534074682220905739e-07
2.434004586686258811e-07
2.337052823424698775e-07
2.243075564902670407e-07
2.151652122674437803e-07
2.063047504122221758e-07
1.977223829676820286e-07
1.893700184235016970e-07
1.812922789129627450e-07
1.734781161715698692e-07
1.659102096117170815e-07
1.586160610260038902e-07
1.515841731168144013e-07
1.447931784464751449e-07
1.382599548293373045e-07
1.319620527942689132e-07
1.258917476874419695e-07
1.200625826698741008e-07
1.144581619717224638e-07
1.090729525965121249e-07
1.039084519255521086e-07
9.893283872594979708e-08
9.413869478851793446e-08
8.953304698950494101e-08
8.510630415063800579e-08
8.086226522188173124e-08
7.679996118817413001e-08
7.288826161336038429e-08
6.911568963461846348e-08
6.548899426946263731e-08
6.199881317941552262e-08
5.863882307953520891e-08
5.540899607914800475e-08
5.229848645653253306e-08
4.930932964874218094e-08
4.644871733440366468e-08
4.370286791406276547e-08
4.105664268205397770e-08
3.851043382161665276e-08
3.607186036962653887e-08
3.375339250770261216e-08
3.154862811709410000e-08
2.943998206498896862e-08
2.743189531854024272e-08
2.552039873252258035e-08
2.369059355816083372e-08
2.196108195022372198e-08
2.033806463943713664e-08
1.879769011134604218e-08
1.733678463603516633e-08
1.595569933316118686e-08
1.465336541275787585e-08
1.343838603367375338e-08
1.229715886980557356e-08
1.121749735753545756e-08
1.020723723422156161e-08
9.268466095300307531e-09
8.394416620607341533e-09
7.573665223430280956e-09
6.801961707744407012e-09
6.096333195230507985e-09
5.445579398605992572e-09
4.834861337015750481e-09
4.263610911398732683e-09
3.744655508822114482e-09
3.271804039609586073e-09
2.824970840771970065e-09
2.419133033382293707e-09
2.052323635256457384e-09
1.714143558373290983e-09
1.402283204329650090e-09
1.124672863692785848e-09
8.677846415295847172e-10
6.391009597293989587e-10
4.351555390394991309e-10
2.450089044510890947e-10
7.840236503733306223e-11
-6.690112509432922747e-11
-2.031455967912033563e-10
-3.176516563507042711e-10
-4.216018215397794564e-10
-5.103738469715790259e-10
-5.878087752276007951e-10
-6.531972994692766239e-10
-7.083105421844328655e-10
-7.589611483357546777e-10
-7.955848654901134225e-10
-8.286103708434816434e-10
-8.527148597811074167e-10
-8.721920448438640496e-10
-8.851204313180837606e-10
-8.939159998818893798e-10
-8.984608006890715017e-10
-8.977568082147992398e-10
-8.938613793409028996e-10
-8.881371337149901722e-10
-8.777812757712500050e-10
-8.664806961275463171e-10
-8.527909755795499405e-10
-8.375178714014160549e-10
-8.207226955526626791e-10
-8.020053721290258505e-10
-7.807899646272034483e-10
-7.605652671261977552e-10
-7.396923173087453900e-10
-7.175614861007115078e-10
-6.953882526555806127e-10
-6.728662451893265422e-10
-6.496475469509714925e-10
-6.267196219551562998e-10
-6.043581705834183292e-10
-5.820119021685034257e-10
-5.595023177066308708e-10
-5.380893637736689809e-10
-5.163403613493079221e-10
-4.950725075397529360e-10
-4.749159000569823898e-10
-4.552501342911117325e-10
-4.358066657161891037e-10
-4.169401640031527225e-10
-3.987015978369450028e-10
-3.820036812627283545e-10
-3.649133600457619167e-10
-3.481183988615178636e-10
-3.324093227836369481e-10
-3.172624239678743748e-10
-3.024562630454643567e-10
-2.878075354432597154e-10
-2.735622431790322502e-10
-2.600860362175043920e-10
-2.466259262073418092e-10
-2.334156682934321510e-10
-2.210124946715239877e-10
-2.086553903180172843e-10
-1.968897098281306923e-10
-1.856177258821080674e-10
-1.747399217849675004e-10
-1.653533765164930092e-10
-1.563418673977569304e-10
-1.481596392120200528e-10
-1.415817438640032508e-10
-1.350723518733104577e-10
-1.284192452025751665e-10
-1.228954151194105587e-10
-1.169439711429834263e-10
-1.103493073934635475e-10
-1.048224585993553909e-10
-9.855645626919262074e-11
-9.155112654155344138e-11
-8.625251449171148240e-11
-8.065892902391016425e-11
-7.538301912006799974e-11
-7.161295874647910160e-11
-6.759890282635963964e-11
-6.387796425924901925e-11
-6.129474442718951833e-11
-5.802732001004757829e-11
-5.433016390024015605e-11
-5.095171432510995935e-11
-4.718867459704855307e-11
-4.387431160777808310e-11
-4.174360324837819631e-11
-3.979247271326877989e-11
-3.836014817770925848e-11
-3.730281720956680340e-11
-3.523061647401567968e-11
-3.249588087797525756e-11
-2.989453858048064020e-11
-2.701592181493529414e-11
-2.479460142055047452e-11
-2.392426767770952266e-11
-2.348211032489793546e-11
-2.299615646007732249e-11
-2.212146613416825265e-11
-1.999563886387607105e-11
-1.779547305781564676e-11
-1.669759334587285953e-11
-1.631979565619005577e-11
-1.627161699025509059e-11
-1.589781043281769683e-11
-1.433781285161480509e-11
-1.283613053252942208e-11
-1.216191558172555495e-11
-1.204590883495809867e-11
-1.214925124161971090e-11
-1.132941162875458897e-11
-9.767853304596337835e-12
-9.319969503729931899e-12
-9.799537869281080090e-12
-9.544548556179645555e-12
-8.362042338471870089e-12
-6.999169892055029470e-12
-6.725517624402175857e-12
-7.666102218523993989e-12
-7.548804618509654701e-12
-6.291704283921466007e-12
-5.954348346972066417e-12
-6.049360903445415358e-12
-5.342539156904644480e-12
-5.128088817533816437e-12
-5.961050944662416434e-12
-5.920391733086536819e-12
-4.522455788301193580e-12
-4.005857887657440228e-12
-4.711741488424319329e-12
-4.966364733707249021e-12
-4.548527021088779170e-12
-4.118311792251135880e-12
-3.436120833832252672e-12
-3.841972018340461778e-12
-4.545666329620392457e-12
-3.681203084574417139e-12
-3.031529570904116106e-12
-3.343992147278558620e-12
-3.558091969567934975e-12
-3.507861753183513397e-12
-2.628876127629685308e-12
-3.158883332590854189e-12
-3.434572698627355488e-12
-2.836072334386893837e-12
-2.936351117230712102e-12
-2.887606279005716145e-12
-2.794749831013967652e-12
-2.604756757446362312e-12
-2.737487608362238725e-12
-2.550355436397260647e-12
-2.761023101413093941e-12
-2.507005717842537218e-12
-2.390985898687558555e-12
-2.417552830604881670e-12
-2.193690952440584946e-12
-2.306603344435017021e-12
-2.410960932659382064e-12
-2.264256588657755525e-12
-2.366012155151414245e-12
-2.001818595775139929e-12
-2.101127643721871828e-12
-1.957254770335019510e-12
-2.078266393633016878e-12
-2.072786482080020698e-12
-1.899434739909970544e-12
-1.921304388754143548e-12
-1.799929541162835038e-12
-1.888371056522341506e-12
-1.789468458913468425e-12
-1.712106617241927089e-12
-1.593839875997533503e-12
-1.635527022408595711e-12
-1.614851246056556425e-12
-1.587186246761814166e-12
-1.516421803682287538e-12
-1.459206005338908130e-12
-1.378593769478958004e-12
-1.333430262121483135e-12
-1.307819190821053733e-12
-1.295663079580739947e-12
-1.223394017009203649e-12
-1.154068681575438818e-12
-1.106259612483721296e-12
-1.031326248315080818e-12
-9.773295500105832867e-13
-1.001508432882166636e-12
-9.317021761389372324e-13
-8.113782808916125284e-13
-7.889431040451726395e-13
-7.519712419867017406e-13
-6.806688408575177275e-13
-6.606862369200751371e-13
-5.738607146241799693e-13
-5.198897501723733286e-13
-5.050202399680421316e-13
-4.474512248366785065e-13
-3.802812052259332975e-13
-3.408807985720836730e-13
-3.075800195422376830e-13
-2.562220181586204859e-13
-2.159339686001274733e-13
-1.816485348537990639e-13
-1.568207749388285198e-13
-9.696323881258029463e-14
-7.923225803891703689e-14
-6.194140790429684453e-14
-2.858696260217830894e-14
-3.472891251451197679e-15
-3.392132928858399966e-15
2.830111571729261462e-14
4.186900108789532931e-14
3.354606850140422674e-14
4.929027926344325247e-14
5.334997927470973323e-14
4.334337085447482801e-14
5.109645505342856986e-14
3.501532231009617472e-14
3.286155123194069078e-14
2.565458062579815165e-14
1.418896183208076084e-14
3.054645148878574400e-15
-8.786463799096772112e-15
-1.639115966629037326e-14
-2.791873194195184739e-14
-3.580965809172675118e-14
-4.518726348022986295e-14
-4.682007746444604984e-14
-5.423802429887452597e-14
-5.310448746256770960e-14
-5.347269687202500626e-14
-4.927606816806638711e-14
-4.654812352146101270e-14
-3.791265621514495016e-14
-3.191896408139085796e-14
-2.333681022072898460e-14
-1.448638751252896378e-14
-6.218829494547968712e-15
-7.104300472831251326e-17
6.906595840110352778e-15
1.024083117202222381e-14
1.349542108181654955e-14
1.265822209507499270e-14
1.145155894300120676e-14
8.813282938879613759e-15
4.282759878670177947e-15
-2.750373002661210148e-16
-5.010861514378537805e-15
-8.663982206587320297e-15
-1.168383135650649017e-14
-1.288387013278985079e-14
-1.264158096239945734e-14
-1.056062257585911246e-14
-7.722804462592369664e-15
-3.849301859129652241e-15
1.238025489327471177e-16
3.271267987933738970e-15
5.564637134167823687e-15
6.225654441526802900e-15
5.461676090264504221e-15
3.575171261555708492e-15
8.493050999176193388e-16
-1.704740076816127758e-15
-3.674790509224958172e-15
-4.416704765532552988e-15
-3.819036671125594502e-15
-2.195731502586981392e-15
1.538154596247841842e-16
2.225618861855281210e-15
3.611896102632447075e-15
3.822684372031709711e-15
2.917597858679565479e-15
1.307582319405034810e-15
-3.490776703259419135e-16
-1.391132344129134398e-15
-1.353084222298721468e-15
-2.743152414247065174e-16
1.339855187055699262e-15
2.678690918526045327e-15
3.056392960161763631e-15
2.302528725349871050e-15
9.871836478191578712e-16
-7.735321626241905192e-17
-2.557166950340261794e-16
5.544656851385946794e-16
1.784526150516884672e-15
2.563514540055858539e-15
2.358675192178591619e-15
1.306828949057932021e-15
3.675259472792474997e-16
4.076688355326618969e-16
1.356617116641562618e-15
2.225855562940842940e-15
2.201751180622654733e-15
1.377603292885385512e-15
7.107312330350209364e-16
9.326578330498735700e-16
1.759952812849566965e-15
2.136197479680459606e-15
1.623807466678528290e-15
9.895164869731689035e-16
1.147617160113141801e-15
1.770399872558572486e-15
1.919951889422218180e-15
1.444979576344048925e-15
1.150199101742180769e-15
1.505897653456898439e-15
1.865119637391430936e-15
1.583166642611697241e-15
1.276505095739166815e-15
1.501676430861539281e-15
1.804058431060066807e-15
1.544096754676390696e-15
1.338086602951404192e-15
1.650899569307179501e-15
1.713027492544726647e-15
1.414211446683959380e-15
1.529928957765518732e-15
1.723349259838341519e-15
1.493885362209297608e-15
1.511273621131255273e-15
1.694082333945518665e-15
1.521816757987245793e-15
1.536469421047106556e-15
1.674519224823274433e-15
1.508962050905419438e-15
1.594018844391798721e-15
1.633199168947585542e-15
1.506159475409554789e-15
1.663522426906121270e-15
1.532962318096073893e-15
1.613025153255673515e-15
1.589542873516271228e-15
1.571525871725874694e-15
1.617427008149281515e-15
1.561054539285063216e-15
1.620101371306298821e-15
1.566636128690662927e-15
1.614127979330146680e-15
1.575128058260229764e-15
1.608122034538896223e-15
1.581863099667547455e-15
1.604110580270421560e-15
1.586412991305186668e-15
1.601787654440203761e-15
1.589404482689209011e-15
1.600518090557676314e-15
1.591428241866633862e-15
1.599842672248135341e-15
1.592863486761676656e-15
1.599492479453241326e-15
1.593930042607135831e-15
1.599319859125428912e-15
1.594753907649544772e-15
1.599244486036177191e-15
1.595409435466852940e-15
1.599222082107706375e-15
1.595942584492189314e-15
1.599227759767608642e-15
1.596383241933909003e-15
1.599247289777039902e-15
1.596751805977399483e-15
1.599272458618443839e-15
1.597062804825648773e-15
1.599298534150816915e-15
1.597326964547225018e-15
1.599322840025103136e-15
1.597552440749911736e-15
1.599343930142781609e-15
1.597745583220614562e-15
1.599361098169513566e-15
1.597911429661330284e-15
1.599374079711432560e-15
1.598054036368576115e-15
1.599382868532827228e-15
1.598176707146065396e-15
1.599387601769074203e-15
1.598282156548974157e-15
1.599388487822600346e-15
1.598372629353593665e-15
1.599385761075333491e-15
1.598449990013655155e-15
1.599379653632648294e-15
1.598515790927370837e-15
1.599370377983800233e-15
1.598571325431409312e-15
1.599358116671866999e-15
1.598617669464825872e-15
1.599343016443643186e-15
1.598655714703721801e-15
1.599325185223594120e-15
1.598686195138192698e-15
1.599304690825998621e-15
1.598709708510880238e-15
1.599281560692419446e-15
1.598726733688898033e-15
1.599255782153858926e-15
1.598737644755907159e-15
1.599227302934262059e-15
1.598742722434187232e-15
1.599196031636984353e-15
1.598742163298257054e-15
1.599161838149912721e-15
1.598736087164240028e-15
1.599124553799704359e-15
1.598724542923342839e-15
1.599083971280811544e-15
1.598707513073069142e-15
1.599039844275277504e-15
1.598684917124060919e-15
1.598991886771481265e-15
1.598656614043853297e-15
1.598939772092243661e-15
1.598622403869276057e-15
1.598883131616365235e-15
1.598582028582136971e-15
1.598821553219913605e-15
1.598535172375485228e-15
1.598754579463208118e-15
1.598481461368698151e-15
1.598681705540509807e-15
1.598420462862213337e-15
1.598602377029590556e-15
1.598351684219300178e-15
