# xiplus_3_2
4.110630246338892527e-04
4.110313198128002815e-04
4.110303688494975488e-04
4.109982174401818379e-04
4.109946357359725751e-04
4.109618278487962937e-04
4.109555448174770061e-04
4.109218650587938759e-04
4.109127939029344262e-04
4.108780205038559835e-04
4.108660582202067787e-04
4.108299622719633715e-04
4.108149896959245660e-04
4.107773345125597156e-04
4.107592164336609938e-04
4.107197570693089180e-04
4.106983424559884025e-04
4.106568254088817263e-04
4.106319477832987355e-04
4.105881109253234308e-04
4.105595889363834500e-04
4.105131617128518137e-04
4.104807999599266563e-04
4.104315039098154058e-04
4.103950940755098911e-04
4.103426437293668043e-04
4.103019660839104751e-04
4.102460702999834608e-04
4.102008956425165281e-04
4.101412594444835721e-04
4.100913515494138887e-04
4.100276785286076321e-04
4.099727971604430542e-04
4.099047925023774678e-04
4.098446970560635063e-04
4.097720712389656605e-04
4.097065250484562340e-04
4.096289982442832302e-04
4.095577735790041402e-04
4.094750807581261712e-04
4.093979644902674209e-04
4.093098611892757150e-04
4.092266610668936645e-04
4.091329297205988872e-04
4.090434811120178941e-04
4.089439377729128626e-04
4.088481106605963678e-04
4.087426118300275298e-04
4.086403177208779180e-04
4.085287668936048969e-04
4.084199651786973623e-04
4.083023185576772885e-04
4.081870216996027947e-04
4.080632923753369531e-04
4.079415691325411603e-04
4.078118288492756744e-04
4.076838045770742286e-04
4.075481820454400104e-04
4.074140349629843164e-04
4.072727095508958217e-04
4.071326617673993878e-04
4.069858513464935266e-04
4.068401534419115759e-04
4.066880952408691665e-04
4.065370033573264077e-04
4.063799269405063462e-04
4.062236717339631482e-04
4.060617637621919871e-04
4.059005112672868618e-04
4.057338725862953471e-04
4.055676781367549360e-04
4.053962750391854703e-04
4.052250329034816942e-04
4.050486461422723658e-04
4.048720394641681757e-04
4.046902166904468119e-04
4.045076745341842812e-04
4.043196940855950318e-04
4.041303645803777638e-04
4.039352205512578811e-04
4.037379707838128617e-04
4.035343904162828964e-04
4.033278440529680176e-04
4.031143477905993694e-04
4.028969694088116059e-04
4.026719803685784266e-04
4.024422100422052882e-04
4.022042121520792973e-04
4.019606441052872613e-04
4.017083761723734938e-04
4.014499612168802994e-04
4.011826183310235176e-04
4.009088528134727852e-04
4.006262493301458944e-04
4.003372972997274381e-04
4.000399324675124753e-04
3.997366194798600779e-04
3.994255856937207008e-04
3.991092112554679022e-04
3.987859055568757668e-04
3.984578558918037841e-04
3.981235052362212508e-04
3.977847130820452194e-04
3.974398021512315338e-04
3.970901875623935760e-04
3.967339672226019489e-04
3.963720748576040351e-04
3.960023904173564377e-04
3.956254647094031547e-04
3.952391185601226314e-04
3.948437692211956111e-04
3.944374696210866250e-04
3.940208416606105356e-04
3.935924858108430058e-04
3.931535043805819323e-04
3.927032017919353723e-04
3.922431799522509274e-04
3.917732698172951794e-04
3.912952174853529690e-04
3.908088469832336331e-04
3.903154254819559484e-04
3.898141336206913262e-04
3.893052587473757936e-04
3.887870809079045382e-04
3.882590211617187098e-04
3.877189689236996322e-04
3.871663632564746908e-04
3.865997949977938901e-04
3.860197975650540717e-04
3.854264095721162591e-04
3.848214172584433807e-04
3.842056989961618266e-04
3.835809769520755631e-04
3.829472180737802977e-04
3.823044218308177577e-04
3.816506688946773112e-04
3.809844519328628334e-04
3.803035005077669804e-04
3.796072960566148919e-04
3.788957834667473941e-04
3.781709602756343929e-04
3.774345634338333944e-04
3.766885906127010212e-04
3.759328409781328268e-04
3.751661318658733291e-04
3.743855401932700807e-04
3.735892074028120103e-04
3.727763445011044114e-04
3.719489875350905778e-04
3.711096979682621260e-04
3.702608651096217117e-04
3.694018300353095236e-04
3.685301674284072355e-04
3.676425088815833578e-04
3.667383248111745638e-04
3.658197090629144240e-04
3.648906183046900925e-04
3.639523319919665389e-04
3.630028896752045113e-04
3.620381280239844449e-04
3.610570574393807486e-04
3.600625499286770549e-04
3.590591441347576289e-04
3.580468539111084829e-04
3.570217967463425223e-04
3.559806585915626775e-04
3.549264605901949815e-04
3.538640763087318609e-04
3.527939143183222884e-04
3.517105954108838781e-04
3.506126648273240353e-04
3.495050860659891967e-04
3.483918619006819888e-04
3.472682979726751488e-04
3.461308805093453889e-04
3.449843415134665431e-04
3.438334823532594254e-04
3.426727588396029454e-04
3.414996272306449095e-04
3.403206688456168250e-04
3.391375120326453846e-04
3.379427480749610103e-04
3.367400954786319229e-04
3.355350360126887403e-04
3.343212851128329194e-04
3.330984528084368385e-04
3.318746026373854837e-04
3.306424927759107576e-04
3.294029061259418187e-04
3.281622413934417006e-04
3.269130254061425951e-04
3.256586084568870252e-04
3.244024936215946647e-04
3.231361856293570641e-04
3.218696888525722781e-04
3.205947987151062072e-04
3.193157897666845332e-04
3.180321674499187790e-04
3.167408261314052348e-04
3.154464551748309745e-04
3.141429197400710522e-04
3.128357838404042818e-04
3.115191977255203203e-04
3.101975522811597271e-04
3.088663038983431564e-04
3.075284173898056072e-04
3.061805395100385585e-04
3.048245738286829015e-04
3.034580093752573459e-04
3.020820897185864679e-04
3.006948803418132868e-04
2.992972608987191506e-04
2.978877236456459990e-04
2.964669840133514369e-04
2.950338898017909432e-04
2.935891251679317621e-04
2.921318613120562897e-04
2.906628358147941827e-04
2.891815212726726045e-04
2.876887519438288453e-04
2.861842698736853392e-04
2.846690084547740256e-04
2.831429243198621938e-04
2.816070116105403448e-04
2.800613581755135684e-04
2.785069436207177301e-04
2.769438785266386247e-04
2.753730274229678485e-04
2.737944040377411452e-04
2.722086533767476913e-04
2.706155862243293710e-04
2.690155497426999285e-04
2.674080908754770231e-04
2.657932399966820951e-04
2.641702950633633773e-04
2.625390359692669003e-04
2.608986187899663372e-04
2.592487287178197111e-04
2.575885670562649550e-04
2.559179388076846234e-04
2.542363066996751746e-04
2.525437990492551861e-04
2.508402999758321556e-04
2.491263597400804027e-04
2.474022947649386138e-04
2.456689920565762581e-04
2.439270111866185370e-04
2.421772981545873592e-04
2.404203114638578842e-04
2.386566907702937891e-04
2.368864566021939427e-04
2.351096957531609776e-04
2.333258858398828853e-04
2.315346392544365584e-04
2.297351613180790479e-04
2.279270306476951309e-04
2.261097235886155117e-04
2.242833333314453253e-04
2.224480381154080011e-04
2.206046453649887214e-04
2.187539212081418300e-04
2.168969467924442549e-04
2.150343786323702909e-04
2.131667763963027021e-04
2.112940093134598341e-04
2.094157783536156503e-04
2.075313205095850476e-04
2.056401420444545572e-04
2.037418576250412826e-04
2.018368157816735197e-04
1.999256818218420355e-04
1.980096415386509731e-04
1.960896404062875827e-04
1.941664021594548912e-04
1.922398459841444458e-04
1.903095410907973818e-04
1.883747228278141467e-04
1.864351351828095126e-04
1.844910441089886303e-04
1.825435409246179135e-04
1.805937898847821449e-04
1.786427201480030676e-04
1.766903260619253344e-04
1.747360879959130079e-04
1.727793269363990622e-04
1.708201865199778424e-04
1.688595835158368497e-04
1.668989320356585723e-04
1.649389987811621040e-04
1.629796635365526609e-04
1.610201531579698948e-04
1.590603164587882498e-04
1.571010139979466132e-04
1.551437501772615394e-04
1.531892413269456501e-04
1.512371068655193385e-04
1.492866409744144350e-04
1.473383185237633051e-04
1.453935844555823283e-04
1.434534970520524953e-04
1.415176623691308917e-04
1.395855087457043497e-04
1.376577356574896647e-04
1.357358913587402639e-04
1.338203359940092158e-04
1.319103757137511830e-04
1.300062625090714753e-04
1.281095631721416279e-04
1.262208208176211690e-04
1.243393230341096646e-04
1.224654955664555888e-04
1.206008860920695957e-04
1.187455351677469258e-04
1.168989278317186055e-04
1.150623052675674266e-04
1.132365228908621988e-04
1.114209137131947329e-04
1.096162982075790887e-04
1.078238454105541445e-04
1.060428539783468444e-04
1.042741009070984574e-04
1.025186548676301719e-04
1.007758423854327948e-04
9.904671357402677152e-05
9.733179926504953764e-05
9.563061065682644686e-05
9.394464744929965200e-05
9.227336189539607199e-05
9.061762632980120474e-05
8.897773941328854426e-05
8.735373689766543469e-05
8.574653613999206410e-05
8.415586916276444874e-05
8.258263398770088247e-05
8.102659214686517165e-05
7.948860992169928222e-05
7.796848323989351780e-05
7.646688161952445062e-05
7.498374153626230910e-05
7.351954857973393783e-05
7.207433740189078393e-05
7.064850805652932023e-05
6.924209360747281890e-05
6.785547087514675582e-05
6.648868839309083983e-05
6.514200656546370214e-05
6.381543135645887798e-05
6.250918154024988132e-05
6.122324722481221611e-05
5.995779457947698497e-05
5.871280406073446016e-05
5.748841799601987274e-05
5.628459396002469007e-05
5.510141374700555552e-05
5.393875078840657406e-05
5.279665609968388064e-05
5.167502525091282012e-05
5.057390300052077816e-05
4.949320476443541710e-05
4.843295514515529639e-05
4.739301557017183209e-05
4.637331907550390432e-05
4.537371838966957732e-05
4.439416612985353514e-05
4.343451889522139178e-05
4.249468039855304068e-05
4.157443099766289826e-05
4.067360803493510639e-05
3.979194075550383791e-05
3.892927026883023740e-05
3.808531762246755795e-05
3.725981857998061767e-05
3.645241492223289328e-05
3.566289840289933413e-05
3.489103076378069848e-05
3.413656867403921415e-05
3.339916936340742989e-05
3.267860349299957294e-05
3.197462808644518787e-05
3.128705778537989546e-05
3.061554944654433069e-05
2.995983652213318491e-05
2.931963571349396324e-05
2.869464654582258700e-05
2.808447537294860344e-05
2.748883299343808360e-05
2.690732589872983874e-05
2.633963285756084704e-05
2.578548738045388116e-05
2.524465784161853115e-05
2.471675994173653802e-05
2.420157227505511050e-05
2.369879235378918791e-05
2.320805533015339782e-05
2.272907068670511804e-05
2.226150870225194215e-05
2.180487832123231048e-05
2.135896971232444094e-05
2.092347185796418984e-05
2.049808428446515539e-05
2.008258503351633692e-05
1.967676703904428943e-05
1.928027953196003672e-05
1.889285491932457417e-05
1.851416051764968819e-05
1.814384461003455944e-05
1.778175554667716138e-05
1.742775635821317332e-05
1.708161813518276715e-05
1.674311332706243099e-05
1.641189294911421317e-05
1.608759218865047299e-05
1.576995500172561959e-05
1.545890445355141112e-05
1.515435527771177321e-05
1.485605384491389414e-05
1.456357547113369510e-05
1.427674355611427328e-05
1.399548009022106932e-05
1.371975928308594602e-05
1.344946281353273484e-05
1.318424822397402863e-05
1.292375837741932105e-05
1.266811342182658406e-05
1.241722323638892651e-05
1.217066854691176007e-05
1.192826956010921083e-05
1.169007146247669333e-05
1.145602111145650599e-05
1.122597707030629538e-05
1.099973111981582299e-05
1.077727786012047845e-05
1.055854909208677217e-05
1.034327537990478141e-05
1.013127933628436198e-05
9.922635602251871870e-06
9.717280659967433121e-06
9.515103406862707752e-06
9.316058588131300022e-06
9.120105017194243317e-06
8.927028255757691236e-06
8.736781014888816968e-06
8.549380210761973729e-06
8.364729841698815600e-06
8.182903965894482802e-06
8.003840279441392708e-06
7.827233603711036114e-06
7.653274168724296555e-06
7.481782307576707857e-06
7.312772277501334889e-06
7.146373471062720988e-06
6.982439978795968104e-06
6.820796943462863284e-06
6.661484047454914212e-06
6.504626265297313048e-06
6.350000545384625746e-06
6.197769577719957938e-06
6.047811610834657279e-06
5.900005104186393131e-06
5.754539352840617675e-06
5.611383541265525855e-06
5.470306775833776531e-06
5.331450889463975586e-06
5.194845275947661969e-06
5.060420213932482714e-06
4.928129229769051203e-06
4.797937716572704666e-06
4.669928148633184234e-06
4.544118447111710874e-06
4.420336466884926435e-06
4.298689257944807144e-06
4.179217116382120687e-06
4.061753960756782093e-06
3.946400355609625433e-06
3.833182514498769300e-06
3.721922389430685869e-06
3.612744933412887048e-06
3.505684863630491933e-06
3.400595697264055380e-06
3.297548208408981966e-06
3.196565755616646758e-06
3.097577793770823291e-06
3.000567370703621081e-06
2.905595805888317440e-06
2.812614140392734046e-06
2.721582249052651357e-06
2.632587280120354935e-06
2.545508078097972381e-06
2.460354279146398676e-06
2.377175505843505328e-06
2.295865565407027531e-06
2.216449679768634514e-06
2.138963331600522481e-06
2.063284329104784345e-06
1.989438113080837902e-06
1.917485810927865984e-06
1.847286740012787285e-06
1.778904485826587363e-06
1.712357036278651509e-06
1.647498975340727146e-06
1.584428418819257876e-06
1.523140351353999866e-06
1.463480523320531261e-06
1.405533513165046539e-06
1.349292454208057856e-06
1.294595136248505911e-06
1.241535728420870660e-06
1.190096273779576278e-06
1.140123209216824250e-06
1.091733666806034018e-06
1.044898899396763437e-06
9.994600057238038371e-07
9.555400394226926029e-07
9.131060657225530596e-07
8.720041131933223171e-07
8.323677535703203958e-07
7.941795781110463233e-07
7.573181461925691346e-07
7.219231711858107690e-07
6.879766997989460268e-07
6.553535821876439225e-07
6.241581092065056478e-07
5.943345330165642401e-07
5.657365333860515766e-07
5.384267906416884310e-07
5.123090894653544918e-07
4.872445545615281210e-07
4.632703744885583588e-07
4.402622971153538377e-07
4.180821657212192401e-07
3.967373360120410122e-07
3.761305851026346364e-07
3.561619388576324760e-07
3.368826046544430719e-07
3.182377251845169448e-07
3.001642688134967752e-07
2.827121287376929698e-07
2.658656113061089704e-07
2.496131332206608236e-07
2.340177579176426098e-07
2.190391059863585022e-07
2.046504246937282678e-07
1.909132110041858331e-07
1.778201536889723237e-07
1.653426884471354382e-07
1.534895992857682248e-07
1.422234603466244805e-07
1.315274376996546481e-07
1.213936815159784471e-07
1.117995314090048285e-07
1.027574680302045218e-07
9.424967095496112531e-08
8.620738166351014806e-08
7.862194975665073450e-08
7.149593594870915061e-08
6.480946240049572273e-08
5.858385243823980826e-08
5.280571499914570935e-08
4.740973237230252530e-08
4.239162174050887444e-08
3.775888470015821199e-08
3.349161991536440607e-08
2.953283406574392847e-08
2.583977431824158670e-08
2.242724676334817515e-08
1.928774383153476014e-08
1.641201611379030369e-08
1.379060018737441059e-08
1.137797276202931521e-08
9.184641402307172856e-09
7.196992410889204852e-09
5.357389723726581255e-09
3.682689214854157869e-09
2.222460497289426688e-09
9.304102036730196755e-10
-2.272988243426046898e-10
-1.256036003902665741e-09
-2.192337898623852343e-09
-3.055606959431062342e-09
-3.811798073258160513e-09
-4.442559487793551978e-09
-4.952488020106666591e-09
-5.396008495922774027e-09
-5.827474448038136564e-09
-6.197445473546302185e-09
-6.443992085232483121e-09
-6.613268446736340464e-09
-6.757278856764957779e-09
-6.920104922283533116e-09
-7.073243430292127980e-09
-7.140599738287808109e-09
-7.085972745797878786e-09
-7.029399901729923050e-09
-7.042514390487790709e-09
-7.010901989410330475e-09
-6.924258773489352985e-09
-6.813995035936759867e-09
-6.702629001186968337e-09
-6.584925761789941152e-09
-6.434605303731416834e-09
-6.279288030344684350e-09
-6.147931490359939895e-09
-5.995089622163453863e-09
-5.818018637082130187e-09
-5.644699963375710417e-09
-5.477837972338005768e-09
-5.311751507579376593e-09
-5.147750852299531492e-09
-4.970516100278505005e-09
-4.787792139822504087e-09
-4.614262866954573184e-09
-4.455315841999700811e-09
-4.284934460018952800e-09
-4.099376931725671366e-09
-3.949112733570063739e-09
-3.785496568701110161e-09
-3.631665833943868913e-09
-3.480836089862842599e-09
-3.329168433552587525e-09
-3.197175401070278343e-09
-3.050110363550839743e-09
-2.919352227247371288e-09
-2.781087973568471031e-09
-2.661384869685796010e-09
-2.527126128079839656e-09
-2.413051562624992716e-09
-2.297340146892100351e-09
-2.188888454733822502e-09
-2.087473355128746303e-09
-1.988213922416457811e-09
-1.894654895057378062e-09
-1.797563964620931174e-09
-1.706967873942425076e-09
-1.620044643557007237e-09
-1.535799027721933252e-09
-1.461858428669986624e-09
-1.389889651813241049e-09
-1.317973067981158777e-09
-1.248508500222666889e-09
-1.179593531231103313e-09
-1.112298488630420588e-09
-1.051963813708980228e-09
-1.001416411513690450e-09
-9.444288056068587469e-10
-8.949084471092768180e-10
-8.435598594235237975e-10
-7.936151423572782757e-10
-7.528701971048034065e-10
-7.162067979852135012e-10
-6.747170193539049233e-10
-6.382685122029137928e-10
-6.005542931014528489e-10
-5.648246309572920563e-10
-5.368516254062225703e-10
-5.066711415727353321e-10
-4.715009676441857425e-10
-4.438064482864093822e-10
-4.203438076181099371e-10
-3.965545591838285787e-10
-3.731289073873104720e-10
-3.502232120951498358e-10
-3.314748505659756789e-10
-3.157362767905317897e-10
-2.944202242835411542e-10
-2.749607330206528157e-10
-2.618501724130584824e-10
-2.447934987184688450e-10
-2.260873467312195166e-10
-2.154058936243036428e-10
-2.037343882765901235e-10
-1.888937099034950506e-10
-1.812596198891198412e-10
-1.718406790510217238e-10
-1.573761207926241728e-10
-1.497852394110375803e-10
-1.399676166504676945e-10
-1.283169805422587845e-10
-1.243296798895633440e-10
-1.165677498336876068e-10
-1.088627383980967383e-10
-1.047138337853324618e-10
-9.595580575451899878e-11
-8.865981745849394643e-11
-8.383174570378899698e-11
-7.919787881204211990e-11
-7.438878707435560657e-11
-7.163917936832037412e-11
-6.570066301013309638e-11
-5.959033137074261062e-11
-5.760727020690788513e-11
-5.456934778312984231e-11
-5.146228228371445358e-11
-4.901251924017478668e-11
-4.433585413200456776e-11
-4.099982223355999188e-11
-4.081027585168523357e-11
-3.829967675162492722e-11
-3.495519820741541742e-11
-3.323167828753502213e-11
-3.111845696777898804e-11
-2.982816308672661214e-11
-2.848105289259078024e-11
-2.528869639445084050e-11
-2.401819788219243475e-11
-2.421836455364612734e-11
-2.176225392478019526e-11
-1.989613264384919389e-11
-1.998872252081071341e-11
-1.852692725453875752e-11
-1.666284340161447607e-11
-1.635709357880945649e-11
-1.562634936879038624e-11
-1.440414886258677351e-11
-1.400144710043202115e-11
-1.338339506122348712e-11
-1.251221156210504766e-11
-1.220480082467763092e-11
-1.149085855737430400e-11
-1.063941297054780163e-11
-1.047980938554668650e-11
-9.558873171846600356e-12
-8.964018378572337275e-12
-9.097712358836564253e-12
-8.047423388665017645e-12
-8.171467757535883598e-12
-7.824568717662807922e-12
-7.154745474373068379e-12
-7.370126312249610764e-12
-7.036883451218385922e-12
-6.581647474166224649e-12
-6.415403299656174577e-12
-6.238390974449598741e-12
-5.553071093938734818e-12
-5.670157698240828801e-12
-5.521692809654129612e-12
-5.250615619995685325e-12
-5.325715155952693073e-12
-5.174105718935501114e-12
-4.758645848123077260e-12
-4.845823593435407521e-12
-4.583281330396204201e-12
-4.253206537730168488e-12
-4.323736067126676894e-12
-4.297679504143375592e-12
-4.115322133213629128e-12
-4.145780986790913451e-12
-3.928457895591664118e-12
-3.689271371482194803e-12
-3.747281253066471700e-12
-3.690333666657255250e-12
-3.563540588792109346e-12
-3.663020644840077882e-12
-3.480061963837363984e-12
-3.243129825071531771e-12
-3.294522102739065601e-12
-3.275754066252793609e-12
-3.172685087584041910e-12
-3.139061329081095999e-12
-3.000298461992054528e-12
-2.878182005564533347e-12
-2.949121226340428976e-12
-2.913980954157123206e-12
-2.770417923824574973e-12
-2.731696901640765242e-12
-2.680026990289154191e-12
-2.650468143422083525e-12
-2.586659443510472333e-12
-2.445230161513861128e-12
-2.424044623995328241e-12
-2.421117626906957394e-12
-2.298433080661913251e-12
-2.212912217092465335e-12
-2.231084715437830209e-12
-2.173418047388633950e-12
-2.045753012800454742e-12
-2.018568052237238846e-12
-1.977935562045687421e-12
-1.865473556005982487e-12
-1.814775066059176872e-12
-1.784046097220993863e-12
-1.674636112860474849e-12
-1.626033273510155186e-12
-1.568673988606882062e-12
-1.454747121294172889e-12
-1.412854959879822833e-12
-1.347169222012786216e-12
-1.261610815048434796e-12
-1.223605078427259752e-12
-1.125255466162495036e-12
-1.061616689844480454e-12
-9.859061748544826530e-13
-9.153709034745566945e-13
-8.573469674130453476e-13
-7.850143522743030960e-13
-7.175898836946792960e-13
-6.445724559361421626e-13
-5.890361809330846094e-13
-5.212287224217939112e-13
-4.574944054195968177e-13
-3.912228890546886612e-13
-3.366206305278579910e-13
-2.924084792021991768e-13
-2.433609580362727349e-13
-1.862944122108234886e-13
-1.426332241494456916e-13
-1.072312090613000249e-13
-7.145639083190157184e-14
-3.448009246321809269e-14
-1.008804388979764754e-14
1.328885425451030966e-14
3.960796988891217244e-14
5.514966179084758032e-14
5.754182558029247459e-14
6.545527660746833346e-14
7.167183665286888013e-14
6.812082296974963396e-14
6.571321332001898366e-14
5.914226328725838859e-14
4.757186176796001553e-14
4.042227058490127909e-14
2.437212205536979446e-14
6.564024864389896975e-15
-4.646323000042191817e-15
-1.857326385093910823e-14
-2.879754253089127407e-14
-4.267517074278293981e-14
-5.287155307821417438e-14
-5.961799881217728277e-14
-6.648668548672748119e-14
-6.604113132725088768e-14
-6.434070996692968100e-14
-6.000242186563275651e-14
-5.616059621491623381e-14
-4.685031611809796516e-14
-3.693883556169635992e-14
-2.505221442168317050e-14
-1.306020912859985258e-14
-3.396948870293744501e-15
4.921733688672499083e-15
1.457379128277264125e-14
2.054353310082299786e-14
2.375392389565085850e-14
2.224718306203940323e-14
2.102864350901017148e-14
1.842494092264858058e-14
1.182053377808670516e-14
5.027544852300653230e-15
-8.264582614661911181e-16
-5.192148789421927453e-15
-1.012107570161040980e-14
-1.206517928161932898e-14
-1.092304263222186817e-14
-8.305771388433426977e-15
-5.032414757709906809e-15
9.207948511755491160e-16
6.227017890996436584e-15
1.000818239480512889e-14
1.366013619128225498e-14
1.451086257713164378e-14
1.301675940711684654e-14
1.091616942889398639e-14
6.831074955493086069e-15
3.375968036446144810e-15
9.047976775151132478e-16
-3.986912903431071033e-16
7.895425058569286059e-16
2.928434624578959785e-15
6.256808310502442380e-15
9.093490758595131850e-15
1.081748185337464487e-14
1.114110057257865163e-14
9.601334178214234464e-15
7.475710557223835222e-15
5.139178459196447646e-15
3.969941217115355518e-15
4.121774305133353715e-15
5.777728263502229665e-15
7.850124247148069698e-15
9.539956347978707597e-15
9.814620742326787036e-15
8.776852174526196951e-15
7.061851771327027177e-15
5.823468453372505232e-15
5.700167835683100774e-15
6.819814901278494821e-15
8.291622349088542216e-15
9.166803460842773184e-15
8.850339861843301483e-15
7.633471976878877555e-15
6.521148525601627274e-15
6.601304176853983502e-15
7.668779029182614793e-15
8.705733055459874949e-15
8.744738662534325727e-15
7.830158455785969432e-15
6.961604240930839484e-15
7.144955558309112203e-15
8.114890705869758868e-15
8.694769069708574318e-15
8.156480726356495461e-15
7.296289590654719994e-15
7.350673371535035140e-15
8.189046425477219697e-15
8.507781128964435630e-15
7.887555123731061236e-15
7.385024073473479503e-15
7.865860175048755106e-15
8.418350321922388507e-15
8.042192734181926128e-15
7.556786435965120952e-15
7.900221522346551305e-15
8.326359776565335820e-15
7.951904320092585162e-15
7.671283647843665695e-15
8.106351438464764867e-15
8.185271826990855611e-15
7.785250226209738709e-15
7.928048646671076559e-15
8.207639425965870537e-15
7.891595808227281091e-15
7.898999611952131010e-15
8.177231939113021560e-15
7.915780165356067540e-15
7.946189083163422178e-15
8.145379269708885843e-15
7.891023078846903497e-15
8.044103833341912193e-15
8.061461370102166556e-15
7.916538279402104339e-15
8.113255394366220926e-15
7.943112889378967753e-15
8.051986946495510544e-15
8.015469324046708323e-15
7.997676323763214500e-15
8.052946873584720233e-15
7.982848840839355250e-15
8.057604333267553209e-15
7.989279762813751251e-15
8.050536690449441533e-15
7.999903551720859676e-15
8.043091685632069277e-15
8.008474485626435755e-15
8.038062288547015916e-15
8.014316660961455235e-15
8.035137615545253046e-15
8.018185781264441683e-15
8.033533810234794498e-15
8.020821885827778271e-15
8.032674350187694891e-15
8.022704352089644408e-15
8.032220298267239544e-15
8.024111902295835890e-15
8.031985635746154915e-15
8.025204492185930715e-15
8.031869410326016689e-15
8.026076607816923164e-15
8.031816160660703671e-15
8.026786728410574072e-15
8.031794824435055112e-15
8.027372946546472251e-15
8.031787693511636331e-15
8.027861303603642849e-15
8.031784553971331389e-15
8.028270367449485417e-15
8.031779495397376669e-15
8.028613845334806190e-15
8.031769121070263478e-15
8.028902139046130274e-15
8.031751514311555691e-15
8.029143309940345887e-15
8.031725625825782016e-15
8.029343701883136956e-15
8.031690902466922662e-15
8.029508358248732035e-15
8.031647058116342152e-15
8.029641310244791246e-15
8.031593930353987230e-15
8.029745782039956378e-15
8.031531389724283961e-15
8.029824340197235734e-15
8.031459281760651441e-15
8.029879004749746910e-15
8.031377389623350113e-15
8.029911332972495846e-15
8.031285409604454522e-15
8.029922483278117486e-15
8.031182934707915514e-15
8.029913264220465562e-15
8.031069443102902194e-15
8.029884172042509459e-15
8.030944289409853465e-15
8.029835419275768471e-15
8.030806697431647012e-15
8.029766956178517246e-15
8.030655753434621688e-15
8.029678486286952639e-15
8.030490399346782136e-15
8.029569477048839928e-15
8.030309425482642682e-15
8.029439166366861582e-15
8.030111462491442411e-15
8.029286565479818124e-15
8.029894972334952452e-15
8.029110458743215935e-15
8.029658238192968872e-15
8.028909400596663476e-15
8.029399353172090946e-15
8.028681709987527146e-15
8.029116207807526469e-15
8.028425462525348280e-15
8.028806476317215724e-15
8.028138480519410285e-15
8.028467601611497399e-15
8.027818321099978045e-15
8.028096779077171799e-15
8.027462262575210466e-15
8.027690939243909088e-15
8.027067289229583638e-15
8.027246729340315291e-15
8.026630074718488692e-15
8.026760493943915821e-15
8.026146964270275486e-15
8.026228254862567595e-15
8.025613956004093660e-15
