# xiplus_3_1
1.439523799281124962e-04
1.439321613943545495e-04
1.439428749309725733e-04
1.439233429851116230e-04
1.439325243879227502e-04
1.439135662593896007e-04
1.439212490211154753e-04
1.439027539705639667e-04
1.439089634134729052e-04
1.438908222302075917e-04
1.438955757760817101e-04
1.438776803267461833e-04
1.438809877539823780e-04
1.438632305867933267e-04
1.438650942855930785e-04
1.438473682953858677e-04
1.438477835346741883e-04
1.438299816955540252e-04
1.438289369149211400e-04
1.438109520903909494e-04
1.438084292316244624e-04
1.437901540730713895e-04
1.437861289683611051e-04
1.437674559147392509e-04
1.437618987485306569e-04
1.437427201421057044e-04
1.437355960057457656e-04
1.437158043400465959e-04
1.437070738981591287e-04
1.436865622150357497e-04
1.436761825038720931e-04
1.436548449562006602e-04
1.436427703323248973e-04
1.436205029290072344e-04
1.436066861851459560e-04
1.435833877305424942e-04
1.435677813911629720e-04
1.435433546272267178e-04
1.435259124298809779e-04
1.435002653808475242e-04
1.434809439390515723e-04
1.434539914468891157e-04
1.434327520767948077e-04
1.434044174992055610e-04
1.433812281728774173e-04
1.433514451940162584e-04
1.433262825575747936e-04
1.432949970342358803e-04
1.432678483979869636e-04
1.432350201289677404e-04
1.432058852992196024e-04
1.431714895660974750e-04
1.431403823446493646e-04
1.431044110257188493e-04
1.430713601563557067e-04
1.430338221680769572e-04
1.429988714610382083e-04
1.429597922353654832e-04
1.429229995594650626e-04
1.428824192298919498e-04
1.428438540342596541e-04
1.428018239879303678e-04
1.427615630164426959e-04
1.427181404903476113e-04
1.426762613964410330e-04
1.426315018707614716e-04
1.425880745501773082e-04
1.425420218419375790e-04
1.424970974981036131e-04
1.424497717070383640e-04
1.424033699682930739e-04
1.423547537909587420e-04
1.423068486232423996e-04
1.422568730357226551e-04
1.422073787347007080e-04
1.421559096306823655e-04
1.421046687956261864e-04
1.420514967972473551e-04
1.419982728033761666e-04
1.419431090237096356e-04
1.418875859729503298e-04
1.418300668192799699e-04
1.417718600431598804e-04
1.417115639557882769e-04
1.416502435843975804e-04
1.415867216030888831e-04
1.415218501944572375e-04
1.414546701444731758e-04
1.413858526464282638e-04
1.413146533837081364e-04
1.412415937557918869e-04
1.411661414734888991e-04
1.410886955424074305e-04
1.410089293380799638e-04
1.409271389775264283e-04
1.408431891908585156e-04
1.407572805927093400e-04
1.406694431167561019e-04
1.405797743194454191e-04
1.404884298584369322e-04
1.403953823956261232e-04
1.403008635991349071e-04
1.402046913220448860e-04
1.401071226182251900e-04
1.400077951605322162e-04
1.399069551049030968e-04
1.398040562682137942e-04
1.396993293158040560e-04
1.395920779196103132e-04
1.394825556712158180e-04
1.393699915451848258e-04
1.392547379853221361e-04
1.391360491386902320e-04
1.390144594534545243e-04
1.388893302557323798e-04
1.387614170873358824e-04
1.386301983158529354e-04
1.384965966672016189e-04
1.383601122577721122e-04
1.382216818227628306e-04
1.380806566761209571e-04
1.379378058588120310e-04
1.377921951542209064e-04
1.376443505501806247e-04
1.374930871151408454e-04
1.373388272932769664e-04
1.371803855972760172e-04
1.370183835748882233e-04
1.368519388842625803e-04
1.366820784534754905e-04
1.365082698713058324e-04
1.363317731454498762e-04
1.361520396587489481e-04
1.359700705735625249e-04
1.357848390180610139e-04
1.355968126003875937e-04
1.354045481832683842e-04
1.352084073552369415e-04
1.350072302544928033e-04
1.348019887759102284e-04
1.345922350826730832e-04
1.343794317678190979e-04
1.341631407021127986e-04
1.339442707090794649e-04
1.337215047967469945e-04
1.334949772796063133e-04
1.332631935915002807e-04
1.330268708021233720e-04
1.327856161448231879e-04
1.325410690738870083e-04
1.322929491575611683e-04
1.320419797247784422e-04
1.317865477608205359e-04
1.315266024487457032e-04
1.312610754862241532e-04
1.309914271135427554e-04
1.307178592150406440e-04
1.304415874814566503e-04
1.301611747411907040e-04
1.298762970005570838e-04
1.295858047056160122e-04
1.292913241108493982e-04
1.289932688333626787e-04
1.286924485616556407e-04
1.283869388903035300e-04
1.280766011880159260e-04
1.277614595202975715e-04
1.274436482969847051e-04
1.271224793935036743e-04
1.267972028889518133e-04
1.264666280428295396e-04
1.261328813173684133e-04
1.257963179795096255e-04
1.254563477823789313e-04
1.251112434796592201e-04
1.247630361523998244e-04
1.244123450386798251e-04
1.240583131338465132e-04
1.236995264812992400e-04
1.233385061501158695e-04
1.229750273816786242e-04
1.226076862659692638e-04
1.222368652598056042e-04
1.218647547558350308e-04
1.214889631971970228e-04
1.211100285163348124e-04
1.207295963799737278e-04
1.203462794714980027e-04
1.199597117871841872e-04
1.195723129401804420e-04
1.191814329957767351e-04
1.187886313240561992e-04
1.183943530282745873e-04
1.179968372161234545e-04
1.175983718716427402e-04
1.171972700387560685e-04
1.167942407079864276e-04
1.163897450725147662e-04
1.159824498774466174e-04
1.155742563532470492e-04
1.151630033759822009e-04
1.147508245545895484e-04
1.143356544036094896e-04
1.139192828611662980e-04
1.135000212858450425e-04
1.130792410081156923e-04
1.126555926668665770e-04
1.122301261167118152e-04
1.118017281663499665e-04
1.113712341291676471e-04
1.109376867384208348e-04
1.105017844436482133e-04
1.100626786393318413e-04
1.096209825311369058e-04
1.091759322027588170e-04
1.087280904081380952e-04
1.082767672331766130e-04
1.078224991517922043e-04
1.073646657823200737e-04
1.069037937381174449e-04
1.064393291370368681e-04
1.059717982092364387e-04
1.055007086863585285e-04
1.050265888904783535e-04
1.045489993391983776e-04
1.040684659319264982e-04
1.035845884258761971e-04
1.030978796392713136e-04
1.026079611224989865e-04
1.021153180340821635e-04
1.016195749689727327e-04
1.011211747025861883e-04
1.006197289979347787e-04
1.001156282832281095e-04
9.960846338293757028e-05
9.909857201651793893e-05
9.858552774535095213e-05
9.806962770098903172e-05
9.755044463549431629e-05
9.702825848112252619e-05
9.650266648592857220e-05
9.597395938764213548e-05
9.544178379224646156e-05
9.490646258950155090e-05
9.436770384144504650e-05
9.382586540370237052e-05
9.328070639565182653e-05
9.273259827141358991e-05
9.218131846084797398e-05
9.162721371150108721e-05
9.107003934155888077e-05
9.051008339409516315e-05
8.994705639352511500e-05
8.938118373883818053e-05
8.881214729299113410e-05
8.824014697299659398e-05
8.766488730658408954e-05
8.708660024368252979e-05
8.650506260616084187e-05
8.592056859754613953e-05
8.533296657478154658e-05
8.474257892419297708e-05
8.414926200668630890e-05
8.355328942801165887e-05
8.295445557540610012e-05
8.235294674172634322e-05
8.174850399278450850e-05
8.114128651324390383e-05
8.053107752652260119e-05
7.991810932685727603e-05
7.930227202438407759e-05
7.868386996518793373e-05
7.806282448703056806e-05
7.743938789686968284e-05
7.681339250964159474e-05
7.618498381498012620e-05
7.555395177548761949e-05
7.492047098619869863e-05
7.428444588189742602e-05
7.364616591594468553e-05
7.300559945210272604e-05
7.236297979276407565e-05
7.171815023755990777e-05
7.107121919387577561e-05
7.042202907999584168e-05
6.977081453018795865e-05
6.911760606883283835e-05
6.846271512666084679e-05
6.780607114273687808e-05
6.714775976731413877e-05
6.648758503818966202e-05
6.582574005470172491e-05
6.516231545416026783e-05
6.449767511443588836e-05
6.383177650092218850e-05
6.316464667733392220e-05
6.249609518486654589e-05
6.182638154747037678e-05
6.115569253226502057e-05
6.048433337560186270e-05
5.981216018878630377e-05
5.913922094332521725e-05
5.846556408886744382e-05
5.779155112508724057e-05
5.711716207648194412e-05
5.644244001662791706e-05
5.576741673140992215e-05
5.509249448435733071e-05
5.441770186336379855e-05
5.374305210556454986e-05
5.306857653645999227e-05
5.239465216974419342e-05
5.172126237078137972e-05
5.104848833337940638e-05
5.037649434325175164e-05
4.970551942180785810e-05
4.903547420965339779e-05
4.836670255429555978e-05
4.769935735208226353e-05
4.703340748805732318e-05
4.636902475571391360e-05
4.570658147201057535e-05
4.504592130452787297e-05
4.438735915754928263e-05
4.373104147900181820e-05
4.307698415377239138e-05
4.242545740744656251e-05
4.177657088446755520e-05
4.113041738563550845e-05
4.048722958003939402e-05
3.984700485276938380e-05
3.921006531090130551e-05
3.857644502437748821e-05
3.794635318704883345e-05
3.731986256354968601e-05
3.669727701341062769e-05
3.607860165538710105e-05
3.546411971436161105e-05
3.485388432982407703e-05
3.424808466644995239e-05
3.364685067095224766e-05
3.305036346784855517e-05
3.245869211014057459e-05
3.187205370281949690e-05
3.129055224871719497e-05
3.071439216752643720e-05
3.014368968581536458e-05
2.957866205671298726e-05
2.901936933976696228e-05
2.846598500774964047e-05
2.791858937034310680e-05
2.737734515253769049e-05
2.684226669639530260e-05
2.631354207726739199e-05
2.579124181967160125e-05
2.527547511494903246e-05
2.476625370135326698e-05
2.426374526529323907e-05
2.376791632576739802e-05
2.327884872959624666e-05
2.279662041601511523e-05
2.232134653417474680e-05
2.185307034576138387e-05
2.139191341045665860e-05
2.093791575094767704e-05
2.049117029800940888e-05
2.005170307709607287e-05
1.961965978030287756e-05
1.919506283795709896e-05
1.877789448916146486e-05
1.836816810628890672e-05
1.796591375522323832e-05
1.757099844227065673e-05
1.718348052487153588e-05
1.680328036701014762e-05
1.643030389855353900e-05
1.606453415232216337e-05
1.570602894893069400e-05
1.535472099438190964e-05
1.501061600929113016e-05
1.467370862533177693e-05
1.434406191274958554e-05
1.402157216594350182e-05
1.370612238904485098e-05
1.339764263575977588e-05
1.309602769991923685e-05
1.280106584994899986e-05
1.251272691914196737e-05
1.223093489763446657e-05
1.195563933450283782e-05
1.168678737475265548e-05
1.142434843184572774e-05
1.116821769379219919e-05
1.091824993676843825e-05
1.067431414042018558e-05
1.043632899890009689e-05
1.020408200351679968e-05
9.977565854386262267e-06
9.756727384010152037e-06
9.541353585998048239e-06
9.331369417312169388e-06
9.126667666222348295e-06
8.927002729548770926e-06
8.732355589255891377e-06
8.542659433256298703e-06
8.357741956350331751e-06
8.177458353719240311e-06
8.001715988175869403e-06
7.830310270752939024e-06
7.663224334814321519e-06
7.500432391142003043e-06
7.341810721078424224e-06
7.187098251327268845e-06
7.036129145482787197e-06
6.888898018434304737e-06
6.745387292116321231e-06
6.605428841856952775e-06
6.468911763573783947e-06
6.335595321940476167e-06
6.205385094223622044e-06
6.078443888373171450e-06
5.954645537474022544e-06
5.833616098971208919e-06
5.715370063953942781e-06
5.599917822081287225e-06
5.487088454350864967e-06
5.376754038897704421e-06
5.268865509661633315e-06
5.163372563665051391e-06
5.060184100484205308e-06
4.959220340237518603e-06
4.860489900372085993e-06
4.763779742932247448e-06
4.669010208259847974e-06
4.576256119651868385e-06
4.485308542254820471e-06
4.396111882028856553e-06
4.308806621219135390e-06
4.223121404577132242e-06
4.139000520431323443e-06
4.056542586183676703e-06
3.975537483620392352e-06
3.895996379404109407e-06
3.817929962213018156e-06
3.741238550879285569e-06
3.665841658946988593e-06
3.591713718183080513e-06
3.518890984632702485e-06
3.447289374339620195e-06
3.376900623004124256e-06
3.307604785351444761e-06
3.239464592453214672e-06
3.172352920373485843e-06
3.106350524748459608e-06
3.041398602240901697e-06
2.977372085359612845e-06
2.914343214640855011e-06
2.852314913068892561e-06
2.791174364255112163e-06
2.730948933219626247e-06
2.671664105203153121e-06
2.613240512878767272e-06
2.555659502022925155e-06
2.498903307357506926e-06
2.442995721505088487e-06
2.387916502163066946e-06
2.333622650965965464e-06
2.280152341876298797e-06
2.227486927619609226e-06
2.175557287471185939e-06
2.124418176490557664e-06
2.074049179412814378e-06
2.024382640316938309e-06
1.975503663145955027e-06
1.927378691477350348e-06
1.879942463503784253e-06
1.833247262053244281e-06
1.787270453136858810e-06
1.741985543083840567e-06
1.697405399569594124e-06
1.653565001547623451e-06
1.610434762120735829e-06
1.567961262108543399e-06
1.526200498028180152e-06
1.485147345484042786e-06
1.444776873766565859e-06
1.405083043127475183e-06
1.366077348350491781e-06
1.327723569637196055e-06
1.290064666129029254e-06
1.253082815154818924e-06
1.216748404229280563e-06
1.181093754547572293e-06
1.146111701048208576e-06
1.111775331204359904e-06
1.078108456800834574e-06
1.045072393034644361e-06
1.012703296396316499e-06
9.810008382546162830e-07
9.499140317580112388e-07
9.194887485542185226e-07
8.897360879373636825e-07
8.605833282772854959e-07
8.320880112300208689e-07
8.042496664393933895e-07
7.770043273963834232e-07
7.504011151801204619e-07
7.244432545118757666e-07
6.990459269337431223e-07
6.742801548831216888e-07
6.501367136446795403e-07
6.265430104421254805e-07
6.035706362536986779e-07
5.811987256895900334e-07
5.593551092316854214e-07
5.380925717606580646e-07
5.173952414118932849e-07
4.972104732500049097e-07
4.775844535780361669e-07
4.585044711823316789e-07
4.398926683639518930e-07
4.218111768911247386e-07
4.042419231031743962e-07
3.871542950174502933e-07
3.706094227132733447e-07
3.546047622345082992e-07
3.391150858665763202e-07
3.242155270328348626e-07
3.098917074407104772e-07
2.961237906506024775e-07
2.829572558940844983e-07
2.703511308885597484e-07
2.582435243765131728e-07
2.466748472366287432e-07
2.355802921749952562e-07
2.248808880266487462e-07
2.146123334343470405e-07
2.047370341251545772e-07
1.951603796811249284e-07
1.859176905792790279e-07
1.770008352964247864e-07
1.683554169921647384e-07
1.600084318038916940e-07
1.519663170223134791e-07
1.442038829116138700e-07
1.367419661015856708e-07
1.295380335990621649e-07
1.225849579182819823e-07
1.158956348592008701e-07
1.094350204342160019e-07
1.032226349338531425e-07
9.727589851270528848e-08
9.154074702157966750e-08
8.602743626394666309e-08
8.074421271719408548e-08
7.568221067620230660e-08
7.085130691447921810e-08
6.622917931428130925e-08
6.178354173779993091e-08
5.751585066447672268e-08
5.345080226441046299e-08
4.960508021077030409e-08
4.595982583754995986e-08
4.249762470131902775e-08
3.920570566974696855e-08
3.609989912255385191e-08
3.317460533387442832e-08
3.039844992806995200e-08
2.778105649126769802e-08
2.535118738400650919e-08
2.308599356872944313e-08
2.095218849204345571e-08
1.894030973246192293e-08
1.706450488726001264e-08
1.532801401140282487e-08
1.372122510741484357e-08
1.223119819532930560e-08
1.084203660105131892e-08
9.542562602773357281e-09
8.350692011939077513e-09
7.264494749760026084e-09
6.267889332996316255e-09
5.340487625092432159e-09
4.480202463836826085e-09
3.710310842902235351e-09
3.026145196975088242e-09
2.385319660076339594e-09
1.799668077035533969e-09
1.280525325815007906e-09
8.291391328801307527e-10
4.054698241917116683e-10
2.073797308873072772e-11
-3.056145004647349142e-10
-5.999520305816372457e-10
-8.666768078141532139e-10
-1.103778109657771335e-09
-1.297889603066729344e-09
-1.474879810346646744e-09
-1.630462145793227448e-09
-1.750279968138280052e-09
-1.853911922511370522e-09
-1.940885487001135142e-09
-2.000495465877664511e-09
-2.055048815566201041e-09
-2.093356252382533634e-09
-2.118899318720811571e-09
-2.142773092580881212e-09
-2.146061688880737583e-09
-2.149936385505995942e-09
-2.135000067129838651e-09
-2.113268596584928646e-09
-2.087690763780543717e-09
-2.048517965863494469e-09
-2.015350762267357220e-09
-1.974144688751610722e-09
-1.936711275696838473e-09
-1.894568611307015073e-09
-1.848379038543843497e-09
-1.795990371072395940e-09
-1.741861024469950249e-09
-1.684405585933023600e-09
-1.632880588410903317e-09
-1.583068493700585502e-09
-1.534031372927931539e-09
-1.481951006651226692e-09
-1.426621973915554833e-09
-1.369623934805273541e-09
-1.315912348969606322e-09
-1.267549643648444991e-09
-1.221946936202343829e-09
-1.172368875722268684e-09
-1.121025337269253799e-09
-1.070807710133994451e-09
-1.025242811310892027e-09
-9.848484830938833970e-10
-9.425982949987875458e-10
-8.964684077995807221e-10
-8.540712410004969445e-10
-8.170305127874925965e-10
-7.817333156412022145e-10
-7.437337148840425962e-10
-7.050794796301756844e-10
-6.719673376383662088e-10
-6.424319383368776723e-10
-6.096196614558316176e-10
-5.765066005285562719e-10
-5.491321583918981796e-10
-5.243190185038790286e-10
-4.956086539031346365e-10
-4.679238095662288524e-10
-4.471376129246579132e-10
-4.241755874436978658e-10
-3.980384009518741188e-10
-3.787705542993689399e-10
-3.598612735066467713e-10
-3.372739605989152891e-10
-3.212290345186878779e-10
-3.050895475034927997e-10
-2.860372084700022848e-10
-2.726497142079950430e-10
-2.570251349358348045e-10
-2.408201175317960038e-10
-2.296479244630086548e-10
-2.149953000301200066e-10
-2.030724599466098871e-10
-1.921035915838147184e-10
-1.810309678383991881e-10
-1.706665024889526645e-10
-1.612067856509811936e-10
-1.526643478017293780e-10
-1.423705935027809476e-10
-1.354973870252827701e-10
-1.270092721268483562e-10
-1.191837048825439804e-10
-1.127980655052566282e-10
-1.064565668051136003e-10
-9.958080749177678854e-11
-9.458437939309862471e-11
-8.849368422102439492e-11
-8.289539555234975418e-11
-7.842310290703320998e-11
-7.382605845269674741e-11
-6.905872053029944478e-11
-6.536025291021712325e-11
-6.099340713393624124e-11
-5.719413958980376813e-11
-5.421804404211733852e-11
-5.075210333205582892e-11
-4.741872049417941196e-11
-4.516720259159668339e-11
-4.222782167225685851e-11
-3.950384625979708335e-11
-3.762001479998601276e-11
-3.538094878436943674e-11
-3.314069476315174213e-11
-3.172170058578401015e-11
-2.960737698665825495e-11
-2.780270893877009117e-11
-2.673182466036530589e-11
-2.490334190030809517e-11
-2.312770203209592612e-11
-2.231667887160572246e-11
-2.086259804076266576e-11
-1.952566853077718682e-11
-1.874834766571696239e-11
-1.748612779307002287e-11
-1.648302578328352911e-11
-1.580850019034060653e-11
-1.458733952048852750e-11
-1.380043805893403791e-11
-1.327210071119185624e-11
-1.229862410816916091e-11
-1.176226091294319365e-11
-1.145549823178415087e-11
-1.054982331837705471e-11
-1.028298295429059589e-11
-9.969478979164942696e-12
-9.134637449042181480e-12
-8.808785150677035717e-12
-8.401012288661170611e-12
-7.629966615041228204e-12
-7.451550041882634835e-12
-7.207264849411255512e-12
-6.698152985070838524e-12
-6.607547633442384555e-12
-6.424647174983439907e-12
-5.988560582321387324e-12
-6.035161125869081014e-12
-5.928590874914716371e-12
-5.503642145006387577e-12
-5.421427929952696527e-12
-5.156127350138342168e-12
-4.722878465932943821e-12
-4.722903798133040607e-12
-4.626188528024973305e-12
-4.402128442606807368e-12
-4.478424429461908700e-12
-4.298742711596469030e-12
-3.964407777998427934e-12
-4.008986967183002793e-12
-3.823057463245268546e-12
-3.518913291430058558e-12
-3.617865258458248411e-12
-3.644362270395273881e-12
-3.504743364854494681e-12
-3.548835682610654939e-12
-3.371518618290465189e-12
-3.148219926960354282e-12
-3.214245512943020847e-12
-3.148725165841667592e-12
-3.034041188444696142e-12
-3.108231211147928727e-12
-2.923856810482620588e-12
-2.709476879180150052e-12
-2.771421385978722272e-12
-2.792160087458781262e-12
-2.729984605229453074e-12
-2.714766445257121783e-12
-2.594078833889515282e-12
-2.480127312754622105e-12
-2.536695764864685070e-12
-2.495526375097417781e-12
-2.342995832008638348e-12
-2.302381942868004375e-12
-2.270658591097913287e-12
-2.278973942729220740e-12
-2.246675474490021431e-12
-2.124314503008057277e-12
-2.100044683734189464e-12
-2.085194296884880204e-12
-1.952926904122933601e-12
-1.865747994571793089e-12
-1.898803907422730851e-12
-1.879918065791110958e-12
-1.783937309443953796e-12
-1.760462830576083850e-12
-1.706706226869068864e-12
-1.585309490638060049e-12
-1.536063685383253424e-12
-1.530249705434695871e-12
-1.458323256162932224e-12
-1.426160639344395892e-12
-1.356194701143456419e-12
-1.232863531180225698e-12
-1.197932207570194583e-12
-1.163108054516735284e-12
-1.107717138076875894e-12
-1.069610051519856076e-12
-9.565848119679537350e-13
-8.990600772855528934e-13
-8.521724177129474251e-13
-8.091446312264174474e-13
-7.450173116903502786e-13
-6.630069613715828494e-13
-6.129246007098936388e-13
-5.708094798601930580e-13
-5.193280786265717189e-13
-4.389788751033701827e-13
-3.894871165374348835e-13
-3.513096660500231635e-13
-2.958425790862208823e-13
-2.431410330395857183e-13
-2.139602666737858085e-13
-1.740305028900774287e-13
-1.195836323044468777e-13
-9.010656191552071628e-14
-7.429550130475346929e-14
-3.162371327005726250e-14
-5.112640545734749866e-15
-5.447070059432980678e-17
3.269790119806269770e-14
4.908288907539392448e-14
3.929651599138108535e-14
5.573152371069198697e-14
5.906791345800341314e-14
5.049362120228492540e-14
5.821206081178163778e-14
4.280845323948469424e-14
3.964512949537489891e-14
3.089064150662310843e-14
1.615664182382306552e-14
3.363430199814511852e-15
-1.017624707080880112e-14
-1.782764700865421970e-14
-3.004709844387721404e-14
-3.897748017400994961e-14
-5.073637767915827507e-14
-5.391520226128670917e-14
-6.233024663834354759e-14
-6.002728501731230409e-14
-5.971178026193008083e-14
-5.499603036680442458e-14
-5.292562906015520630e-14
-4.399261934472592276e-14
-3.624180016591671210e-14
-2.533070283520896440e-14
-1.531668711637804429e-14
-6.864822596391473839e-15
-2.024800684213354770e-16
8.641057919478058483e-15
1.344471918159534164e-14
1.652120147996966047e-14
1.481002530621092972e-14
1.406378065898062586e-14
1.187668017178741397e-14
6.258019715515206561e-15
1.639039543674811092e-16
-4.636595608753544990e-15
-8.385321482319398655e-15
-1.269408118026311150e-14
-1.446768564835438153e-14
-1.331551637349242738e-14
-1.126201583917097729e-14
-8.521189208670980858e-15
-3.369241511307045117e-15
1.243431244108987667e-15
4.352351369033621293e-15
7.680434959070927688e-15
8.352874841131365673e-15
7.121143830467947245e-15
5.416584692717818394e-15
1.895308345851341380e-15
-1.125153920242978266e-15
-3.218361781056508171e-15
-4.469822653601015178e-15
-3.398661830937531954e-15
-1.674143440506330171e-15
1.211145918758314706e-15
3.667077675247729979e-15
5.204303634392704817e-15
5.512286356994073275e-15
4.245403801512447540e-15
2.433944900605609868e-15
3.882202143489914889e-16
-6.944292995175819280e-16
-6.086713612075221473e-16
7.892028176981878629e-16
2.601391790078093608e-15
4.116967424057543923e-15
4.424628003521535665e-15
3.528493111241686099e-15
2.020518386370724155e-15
8.850615554878142730e-16
7.430977786395365874e-16
1.711068021217412526e-15
3.031307328083508218e-15
3.848375186063799942e-15
3.592067713555687613e-15
2.478968949403783582e-15
1.462920599898768838e-15
1.511771369492800560e-15
2.502544663775690817e-15
3.452970592376584753e-15
3.475698974414959298e-15
2.619821191032597450e-15
1.835717931871772234e-15
2.023272973193787878e-15
2.930342926814414861e-15
3.431721944371547376e-15
2.899429026910096953e-15
2.122382543709088216e-15
2.232780820207448937e-15
2.998865040789780186e-15
3.229596883285622660e-15
2.642506014274713343e-15
2.244604796022216761e-15
2.713457408697964360e-15
3.153848383411509900e-15
2.776949647313814977e-15
2.409391682751434408e-15
2.736027857790680255e-15
3.047709459180406726e-15
2.718664364597642567e-15
2.532444444704242415e-15
2.879991202878087883e-15
2.915007534706394313e-15
2.620935874580350748e-15
2.730217999838975724e-15
2.939597070426178570e-15
2.709837457398628154e-15
2.698646175581194533e-15
2.921697234719488784e-15
2.731351816212424946e-15
2.726875372692756084e-15
2.911192253317816309e-15
2.698214285298152084e-15
2.812250627976780607e-15
2.847837098769256957e-15
2.705863844560335722e-15
2.886218570523478286e-15
2.734870841034195120e-15
2.828807037716961253e-15
2.800010229484551059e-15
2.780692230997774763e-15
2.832600956261043208e-15
2.768161382530011964e-15
2.836113461397520754e-15
2.774246277335335488e-15
2.829512505529873574e-15
2.783826680404121138e-15
2.822749312969126993e-15
2.791482394582246199e-15
2.818204732530163927e-15
2.796679587374501690e-15
2.815559694797005575e-15
2.800114249513521786e-15
2.814102471012333033e-15
2.802451950361124011e-15
2.813315245964067106e-15
2.804121316820602672e-15
2.812894450993955498e-15
2.805371005652949523e-15
2.812673514891962901e-15
2.806343555372965461e-15
2.812561955371286984e-15
2.807123088388113789e-15
2.812509993190291574e-15
2.807761622710766472e-15
2.812489710445436745e-15
2.808293014586302776e-15
2.812485181203908388e-15
2.808740399670502550e-15
2.812487231007060402e-15
2.809120280735367190e-15
2.812490580435349424e-15
2.809444861376683434e-15
2.812492241157714578e-15
2.809723435074683436e-15
2.812490588779917713e-15
2.809963247170323013e-15
2.812484813053496188e-15
2.810170051268479714e-15
2.812474584815473687e-15
2.810348481893266447e-15
2.812459850813310838e-15
2.810502312427711736e-15
2.812440705926038564e-15
2.810634639043616229e-15
2.812417313031923923e-15
2.810748015306873726e-15
2.812389852716950118e-15
2.810844552864318946e-15
2.812358491940844034e-15
2.810925998232589123e-15
2.812323364706201868e-15
2.810993792241724628e-15
2.812284560409936680e-15
2.811049116672500248e-15
2.812242117054830538e-15
2.811092931138773525e-15
2.812196017456854977e-15
2.811126002487569836e-15
2.812146187232294576e-15
2.811148928309532345e-15
2.812092493796303818e-15
2.811162155724374006e-15
2.812034745792284556e-15
2.811165996367252749e-15
2.811972692652778814e-15
2.811160638235028240e-15
2.811906023993360924e-15
2.811146154923165575e-15
2.811834368765893555e-15
2.811122512659189521e-15
2.811757294010819950e-15
2.811089575474004200e-15
2.811674303173782473e-15
2.811047108751607817e-15
2.811584833978010720e-15
2.810994781378829343e-15
2.811488255796507112e-15
2.810932166682113458e-15
2.811383866552636068e-15
2.810858742284565157e-15
2.811270889166911077e-15
2.810773889015739635e-15
2.811148467545027208e-15
2.810676888995821006e-15
2.811015662171523902e-15
2.810566923013705427e-15
2.810871445340662476e-15
2.810443067277272429e-15
2.810714696082762290e-15
2.810304289678541101e-15
