# k_h
1.048685771820601415e-05
1.136415492299694860e-05
1.231484402517176913e-05
1.334506475773337583e-05
1.446147048424458714e-05
1.567127116752922312e-05
1.698227993299823729e-05
1.840296352731568089e-05
1.994249699827665322e-05
2.161082294902986635e-05
2.341871574932038278e-05
2.537785111844093112e-05
2.750088152927188890e-05
2.980151792038373285e-05
3.229461824391440948e-05
3.499628342108086342e-05
3.792396132502383972e-05
4.109655946252725029e-05
4.453456708233190930e-05
4.826018749864360716e-05
5.229748148440479329e-05
5.667252266039233080e-05
6.141356588367336510e-05
6.655122972290465990e-05
7.211869419893567057e-05
7.815191506776252126e-05
8.468985602971323479e-05
9.177474036451513004e-05
9.945232361735403381e-05
1.077721890969816145e-04
1.167880680942563423e-04
1.265581868891503992e-04
1.371456427872603785e-04
1.486188116143379848e-04
1.610517893005188788e-04
1.745248704060852179e-04
1.891250666791734973e-04
2.049466689943732034e-04
2.220918563013232229e-04
2.406713555160142515e-04
2.608051566164991419e-04
2.826232875612430138e-04
3.062666540346768653e-04
3.318879494431987596e-04
3.596526410385494639e-04
3.897400385371372050e-04
4.223444521366604754e-04
4.576764474087237442e-04
4.959642051717809289e-04
5.374549951267337637e-04
5.824167727721988675e-04
6.311399099126369528e-04
6.839390699352904677e-04
7.411552399668399791e-04
8.031579330338243367e-04
8.703475744488101823e-04
9.431580878340468238e-04
1.022059697483646435e-03
1.107561965162477896e-03
1.200217080954019263e-03
1.300623429410077475e-03
1.409429454033271937e-03
1.527337845049846427e-03
1.655110077518245080e-03
1.793571329081450338e-03
1.943615809122846080e-03
2.106212533742338622e-03
2.282411583848637220e-03
2.473350886783644807e-03
2.680263565276022608e-03
2.904485901184847285e-03
3.147465965464774432e-03
3.410772970086674467e-03
3.696107402310229093e-03
4.005312006757608817e-03
4.340383686212523177e-03
4.703486398002326187e-03
5.096965129250480286e-03
5.523361041254263963e-03
5.985427880792966969e-03
6.486149764354069702e-03
7.028760450131223310e-03
7.616764222256403212e-03
8.253958522140576043e-03
8.944458473080407063e-03
9.692723456515733513e-03
1.050358591157223714e-02
1.138228254388242919e-02
1.233448814523743081e-02
1.336635224248342545e-02
1.448453881234829967e-02
1.569626931868464345e-02
1.700936935007168332e-02
1.843231915897089804e-02
1.997430842882684868e-02
2.164529562280963562e-02
2.345607229748477088e-02
2.541833279676021518e-02
2.754474977620772688e-02
2.984905604550904673e-02
3.234613325758096264e-02
3.505210801715130664e-02
3.798445602947258387e-02
4.116211496178630302e-02
4.460560674641936979e-02
4.833717011536834557e-02
5.238090422230642917e-02
5.676292427955122177e-02
6.151153021512680702e-02
6.665738943913995795e-02
7.223373489981071982e-02
7.827657970824149214e-02
8.482494971801241013e-02
9.192113556164718813e-02
9.961096577164808841e-02
1.079441027499708772e-01
1.169743634973642449e-01
1.267600671739076701e-01
1.373644117353598204e-01
1.488558820777073077e-01
1.613086923257900651e-01
1.748032651223880574e-01
1.894267510131105170e-01
2.052735912813756503e-01
2.224461278683748378e-01
2.410552643170074949e-01
2.612211820082821490e-01
2.830741163157816098e-01
3.067551976907449407e-01
3.324173631096554726e-01
3.602263437706387239e-01
3.903617354174038212e-01
4.230181582030857479e-01
4.584065135846120409e-01
4.967553463648611278e-01
5.383123206789359738e-01
5.833458194567702204e-01
6.321466776916857544e-01
6.850300607086973192e-01
7.423374995627750605e-01
8.044390967120614855e-01
8.717359162107020110e-01
9.446625738576165388e-01
1.023690044028888302e+00
1.109328701320837274e+00
1.202131616647280188e+00
1.302698129077838995e+00
1.411677716484873724e+00
1.529774189996454092e+00
1.657750239343940946e+00
1.796432358458906364e+00
1.946716183129848288e+00
2.109572275190306989e+00
2.286052390593790840e+00
2.477296271855932375e+00
2.684539008730792542e+00
2.909119014657929547e+00
3.152486670493748644e+00
3.416213691349903492e+00
3.702003277031675310e+00
4.011701111629775163e+00
4.347307283303052827e+00
4.710989201232371748e+00
5.105095593165803969e+00
5.532171673954001001e+00
5.994975583037044586e+00
6.496496197039247633e+00
7.039972432508995404e+00
7.628914163464598275e+00
8.267124888835477137e+00
8.958726296189524874e+00
9.708184880383861071e+00
1.052034078904735459e+01
1.140043908118459015e+01
1.235416360077533859e+01
1.338767368413176939e+01
1.450764393807654784e+01
1.572130734583700828e+01
1.703650197904134345e+01
1.846172161749229801e+01
2.000617060363007127e+01
2.167982328594545294e+01
2.349348843524005304e+01
2.545887904974627602e+01
2.758868799992184506e+01
2.989667000144757125e+01
3.239773044582574357e+01
3.510802166226421406e+01
3.804504723252368592e+01
4.122777503241433550e+01
4.467675972998435441e+01
4.841427553151813612e+01
5.246446003264293978e+01
5.685347010356218078e+01
6.160965081515217179e+01
6.676371849687950544e+01
7.234895910876234382e+01
7.840144320849979920e+01
8.496025890206868780e+01
9.206776428222653408e+01
9.285394780381689372e+01
9.364684469065988992e+01
9.444651226941252276e+01
9.525300835625436946e+01
9.606639126106823312e+01
9.688671979165562220e+01
9.771405325798868091e+01
9.854845147649808723e+01
9.938997477439821182e+01
1.002386839940484720e+02
1.010946404973524864e+02
1.019579061701941072e+02
1.028285434269123897e+02
1.037066152148137661e+02
1.045921850187233701e+02
1.054853168655746174e+02
1.063860753290389169e+02
1.072945255341940367e+02
1.082107331622327706e+02
1.091347644552114104e+02
1.100666862208395997e+02
1.110065658373101627e+02
1.119544712581706563e+02
1.129104710172365600e+02
1.138746342335458479e+02
1.148470306163569603e+02
1.158277304701883565e+02
1.168168046999017946e+02
1.178143248158283143e+02
1.188203629389391125e+02
1.198349918060594632e+02
1.208582847751278706e+02
1.218903158304993752e+02
1.229311595882953014e+02
1.239808913017976693e+02
1.250395868668899908e+02
1.261073228275448201e+02
1.271841763813573607e+02
1.282702253851275884e+02
1.293655483604888730e+02
1.304702244995852709e+02
1.315843336707968092e+02
1.327079564245144923e+02
1.338411739989639102e+02
1.349840683260787557e+02
1.361367220374242493e+02
1.372992184701720362e+02
1.384716416731249637e+02
1.396540764127942396e+02
1.408466081795274363e+02
1.420493231936902703e+02
1.432623084118998236e+02
1.444856515333118239e+02
1.457194410059607890e+02
1.469637660331555935e+02
1.482187165799283548e+02
1.494843833795392243e+02
1.507608579400362601e+02
1.520482325508712904e+02
1.533466002895729616e+02
1.546560550284759756e+02
1.559766914415081658e+02
1.573086050110350129e+02
1.586518920347638755e+02
1.600066496327057166e+02
1.613729757541971992e+02
1.627509691849820115e+02
1.641407295543536975e+02
1.655423573423585708e+02
1.669559538870605024e+02
1.683816213918676965e+02
1.698194629329217094e+02
1.712695824665505029e+02
1.727320848367842245e+02
1.742070757829350214e+02
1.756946619472427642e+02
1.771949508825848625e+02
1.787080510602525294e+02
1.802340718777932977e+02
1.817731236669199859e+02
1.833253177014885580e+02
1.848907662055427750e+02
1.864695823614281949e+02
1.880618803179746692e+02
1.896677751987503484e+02
1.912873831103844964e+02
1.929208211509623254e+02
1.945682074184905730e+02
1.962296610194370032e+02
1.979053020773411902e+02
1.995952517414996521e+02
2.012996321957251098e+02
2.030185666671797264e+02
2.047521794352856261e+02
2.065005958407095648e+02
2.082639422944248224e+02
2.100423462868516538e+02
2.118359363970741640e+02
2.136448423021368797e+02
2.154691947864206156e+02
2.173091257510973549e+02
2.191647682236679771e+02
2.210362563675793979e+02
2.229237254919249835e+02
2.248273120612267348e+02
2.267471537053027077e+02
2.286833892292171129e+02
2.306361586233162484e+02
2.326056030733489592e+02
2.345918649706758004e+02
2.365950879225629819e+02
2.386154167625655589e+02
2.406529975609990402e+02
2.427079776354995317e+02
2.447805055616760512e+02
2.468707311838518024e+02
2.489788056258983318e+02
2.511048813021610613e+02
2.532491119284799765e+02
2.554116525333027141e+02
2.575926594688934301e+02
2.597922904226361993e+02
2.620107044284374069e+02
2.642480618782227566e+02
2.665045245335340383e+02
2.687802555372248321e+02
2.710754194252547222e+02
2.733901821385866242e+02
2.757247110351839297e+02
2.780791749021095143e+02
2.804537439677307589e+02
2.828485899140259789e+02
2.852638858889973221e+02
2.876998065191899627e+02
2.901565279223161156e+02
2.926342277199904629e+02
2.951330850505709691e+02
2.976532805821100283e+02
3.001949965254194694e+02
3.027584166472407787e+02
3.053437262835344086e+02
3.079511123528785674e+02
3.105807633699826056e+02
3.132328694593185219e+02
3.159076223688655887e+02
3.186052154839743480e+02
3.213258438413486147e+02
3.240697041431453727e+02
3.268369947711984764e+02
3.296279158013604160e+02
3.324426690179673187e+02
3.352814579284296315e+02
3.381444877779446188e+02
3.410319655643358487e+02
3.439441000530196106e+02
3.468811017920974678e+02
3.498431831275807440e+02
3.528305582187418850e+02
3.558434430535988326e+02
3.588820554645309358e+02
3.619466151440273620e+02
3.650373436605726170e+02
3.681544644746650761e+02
3.712982029549724530e+02
3.744687863946277275e+02
3.776664440276613277e+02
3.808914070455749652e+02
3.841439086140575796e+02
3.874241838898414585e+02
3.907324700377064346e+02
3.940690062476258504e+02
3.974340337520591220e+02
4.008277958433948811e+02
4.042505378915396932e+02
4.077025073616588315e+02
4.111839538320681982e+02
4.146951290122778460e+02
4.182362867611923321e+02
4.218076831054638092e+02
4.254095762580027440e+02
4.290422266366476265e+02
4.327058968829911692e+02
4.364008518813722617e+02
4.401273587780255525e+02
4.438856870003952508e+02
4.476761082766170716e+02
4.514988966551627527e+02
4.553543285246541359e+02
4.592426826338466412e+02
4.631642401117812256e+02
4.671192844881123847e+02
4.711081017136064588e+02
4.751309801808140492e+02
4.791882107449256409e+02
4.832800867447945166e+02
4.874069040241499806e+02
4.915689609529850941e+02
4.957665584491278423e+02
4.999999999999998295e+02
