# k_h
1.048685771820601076e-05
1.158077884610975161e-05
1.278880972677143291e-05
1.412285473634256050e-05
1.559605880174785852e-05
1.722293745842762291e-05
1.901952236949000508e-05
2.100351593981031328e-05
2.319446502951905131e-05
2.561395922384690493e-05
2.828584001690614969e-05
3.123643546132370830e-05
3.449481664574705064e-05
3.809309055213816464e-05
4.206671292195096612e-05
4.645483568310737610e-05
5.130070348968729377e-05
5.665205753757618368e-05
6.256163032958284020e-05
6.908764771651476622e-05
7.629442552570253611e-05
8.425296255154535174e-05
9.304167906520888209e-05
1.027471807901747525e-04
1.134650956373661757e-04
1.253010268555954099e-04
1.383716153213754296e-04
1.528056454844772816e-04
1.687453332124277949e-04
1.863477373262867332e-04
2.057863166555762291e-04
2.272526035085320473e-04
2.509581099729984999e-04
2.771364233922213316e-04
3.060454910155385733e-04
3.379701520316302776e-04
3.732249897439032793e-04
4.121573874726891518e-04
4.551509628072381020e-04
5.026293219998478889e-04
5.550603382289409637e-04
6.129606044851243496e-04
6.769006722606718540e-04
7.475105230696499348e-04
8.254859130829572678e-04
9.115952416323125362e-04
1.006686943583190441e-03
1.111697871237993240e-03
1.227663015015423298e-03
1.355724758468568325e-03
1.497145160101354122e-03
1.653317478485405445e-03
1.825780840590596199e-03
2.016234211623668671e-03
2.226554788649082184e-03
2.458814298734068871e-03
2.715301932767033577e-03
2.998544368892908096e-03
3.311333013698458672e-03
3.656749613583087921e-03
4.038197919726371765e-03
4.459436517208814621e-03
4.924615379422903061e-03
5.438319407403469086e-03
6.005609408020973206e-03
6.632075179368257523e-03
7.323889993131160736e-03
8.087870664894580841e-03
8.931544609367847443e-03
9.863224811851978302e-03
1.089209225028753281e-02
1.202828343957662582e-02
1.328299567103385925e-02
1.466859132051467896e-02
1.619872264564037323e-02
1.788846775889396667e-02
1.975447684526443481e-02
2.181513421237468719e-02
2.409074641764163971e-02
2.660373598337173462e-02
2.937886305153369904e-02
3.244347497820854187e-02
3.582776710391044617e-02
3.956508636474609375e-02
4.369225725531578064e-02
4.806148260831832886e-02
5.243070796132087708e-02
5.679993331432342529e-02
6.116915866732597351e-02
6.553838402032852173e-02
6.990761309862136841e-02
7.427683472633361816e-02
7.864606380462646484e-02
8.301529288291931152e-02
8.738451451063156128e-02
9.175374358892440796e-02
9.830812364816665649e-02
1.048625037074089050e-01
1.114168837666511536e-01
1.179712638258934021e-01
1.245256513357162476e-01
1.310800313949584961e-01
1.376344114542007446e-01
1.441887915134429932e-01
1.507431715726852417e-01
1.572975516319274902e-01
1.638519316911697388e-01
1.704063117504119873e-01
1.769606918096542358e-01
1.835150867700576782e-01
1.900694668292999268e-01
1.966238468885421753e-01
2.031782269477844238e-01
2.097326070070266724e-01
2.162869870662689209e-01
2.228413671255111694e-01
2.293957471847534180e-01
2.359501272439956665e-01
2.425045073032379150e-01
2.490588873624801636e-01
2.556132674217224121e-01
2.621676623821258545e-01
2.687220275402069092e-01
2.752764225006103516e-01
2.818307876586914062e-01
2.883851826190948486e-01
2.949395477771759033e-01
3.014939427375793457e-01
3.080483376979827881e-01
3.146027028560638428e-01
3.211570978164672852e-01
3.277114629745483398e-01
3.342658579349517822e-01
3.408202230930328369e-01
3.473746180534362793e-01
3.539289832115173340e-01
3.604833781719207764e-01
3.670377433300018311e-01
3.735921382904052734e-01
3.801465034484863281e-01
3.867008984088897705e-01
3.932552933692932129e-01
3.998096585273742676e-01
4.063640534877777100e-01
4.129184186458587646e-01
4.194728136062622070e-01
4.260271787643432617e-01
4.325815737247467041e-01
4.391359388828277588e-01
4.456903338432312012e-01
4.522446990013122559e-01
4.587990939617156982e-01
4.653534889221191406e-01
4.719078540802001953e-01
4.784622490406036377e-01
4.850166141986846924e-01
4.915710091590881348e-01
4.981253743171691895e-01
5.046797394752502441e-01
5.112341642379760742e-01
5.177885293960571289e-01
5.243428945541381836e-01
6.203476786613464355e-01
8.657649755477905273e-01
1.208272337913513184e+00
1.686279892921447754e+00
2.353393077850341797e+00
3.284424781799316406e+00
4.583784103393554688e+00
6.397185802459716797e+00
8.927991867065429688e+00
1.246001720428466797e+01
1.738935470581054688e+01
2.426879882812500000e+01
3.386983871459960938e+01
4.726916503906250000e+01
6.596943664550781250e+01
9.206776428222656250e+01
