# lineargrowth
7.760374841571849869e-01
7.721011001508463201e-01
7.681776009966037044e-01
7.642674821819669395e-01
7.603712212289202022e-01
7.564892778998643097e-01
7.526220944144619285e-01
7.487700956767679994e-01
7.449336895120209912e-01
7.411132669124740335e-01
7.373092022916379884e-01
7.335218537463177313e-01
7.297515633258219170e-01
7.259986573077344962e-01
7.222634464796435783e-01
7.185462264262324483e-01
7.148472778211456546e-01
7.111668667230592877e-01
7.075052448753925693e-01
7.038626500091151872e-01
7.002393061481200220e-01
6.966354239166430151e-01
6.930512008482344610e-01
6.894868216957971141e-01
6.859424587422310315e-01
6.824182721112354022e-01
6.789144100778453650e-01
6.754310093782931457e-01
6.719681955188067102e-01
6.685260830829746759e-01
6.651047760373325346e-01
6.617043680348339008e-01
6.583249427158989198e-01
6.549665740067480701e-01
6.516293264147452469e-01
6.483132553204978832e-01
6.450184072664755242e-01
6.417448202419285819e-01
6.384925239639063221e-01
6.352615401541876761e-01
6.320518828119595645e-01
6.288635584820873037e-01
6.256965665188438663e-01
6.225508993449729855e-01
6.194265427059818530e-01
6.163234759195681534e-01
6.132416721201005005e-01
6.101810984980874375e-01
6.071417165345767142e-01
6.041234822304426544e-01
6.011263463305278609e-01
5.981502545426171658e-01
5.951951477512302802e-01
5.922609622262305917e-01
5.893476298262545487e-01
5.864550781969753990e-01
5.835832309642213778e-01
5.807320079219787656e-01
5.779013252153111235e-01
5.750910955182396700e-01
5.723012282066270995e-01
5.695316295261213524e-01
5.667822027552119613e-01
5.640528483634628110e-01
5.613434641649847068e-01
5.586539454672180272e-01
5.559841852150957386e-01
5.533340741306634891e-01
5.507035008482317195e-01
5.480923520451426167e-01
5.455005125682309552e-01
5.429278655560627609e-01
5.403742925570372835e-01
5.378396736434377656e-01
5.353238875215164949e-01
5.328268116377040675e-01
5.303483222810276843e-01
5.278882946818295174e-01
5.254466031068720788e-01
5.230231209509177415e-01
5.206177208248728983e-01
5.182302746405820226e-01
5.158606536923604491e-01
5.135087287353510277e-01
5.111743700607909169e-01
5.088574475682732245e-01
5.065578308350887626e-01
5.042753891827274071e-01
5.020099917406258827e-01
4.997615075072365798e-01
4.975298054085028343e-01
4.953147543538143904e-01
4.931162232895216491e-01
4.909340812500836426e-01
4.887681974069246760e-01
4.866184411150697997e-01
4.844846819576337782e-01
4.823667897882289446e-01
4.802646347713639408e-01
4.781780874208970689e-01
4.761070186366110901e-01
4.740512997389714767e-01
4.720108025021316212e-01
4.699853991852449564e-01
4.679749625621418829e-01
4.659793659494307350e-01
4.639984832330772968e-01
4.620321888935184362e-01
4.600803580293623685e-01
4.581428663797262324e-01
4.562195903452627155e-01
4.543104070079242995e-01
4.524151941495100360e-01
4.505338302690440333e-01
4.486661945990280675e-01
4.468121671206125023e-01
4.449716285777272629e-01
4.431444604902128881e-01
4.413305451659923495e-01
4.395297657123204971e-01
4.377420060461494344e-01
4.359671509036441295e-01
4.342050858488841203e-01
4.324556972817841238e-01
4.307188724452667428e-01
4.289944994317176352e-01
4.272824671887542891e-01
4.255826655243367673e-01
4.238949851112504552e-01
4.222193174909859015e-01
4.205555550770439521e-01
4.189035911576905469e-01
4.172633198981868241e-01
4.156346363425169610e-01
4.140174364146376740e-01
4.124116169192711956e-01
4.108170755422628773e-01
4.092337108505240684e-01
4.076614222915795893e-01
4.061001101927394497e-01
4.045496757599136295e-01
4.030100210760855228e-01
4.014810490994637493e-01
3.999626636613264341e-01
3.984547694635751092e-01
3.969572720760131679e-01
3.954700779333626959e-01
3.939930943320343326e-01
3.925262294266637642e-01
3.910693922264275590e-01
3.896224925911508374e-01
3.881854412272177091e-01
3.867581496832986909e-01
3.853405303459028208e-01
3.839324964347675118e-01
3.825339619980948069e-01
3.811448419076443606e-01
3.797650518536934694e-01
3.783945083398707054e-01
3.770331286778740854e-01
3.756808309820806047e-01
3.743375341640559628e-01
3.730031579269712516e-01
3.716776227599341564e-01
3.703608499322414982e-01
3.690527614875605544e-01
3.677532802380438226e-01
3.664623297583847750e-01
3.651798343798199342e-01
3.639057191840824879e-01
3.626399099973132145e-01
3.613823333839338847e-01
3.601329166404865223e-01
3.588915877894456874e-01
3.576582755730060015e-01
3.564329094468496328e-01
3.552154195738986275e-01
3.540057368180545838e-01
3.528037927379303329e-01
3.516095195805767903e-01
3.504228502752073093e-01
3.492437184269246431e-01
3.480720583104513488e-01
3.469078048638682410e-01
3.457508936823617818e-01
3.446012610119847386e-01
3.434588437434315522e-01
3.423235794058303583e-01
3.411954061605546595e-01
3.400742627950563146e-01
3.389600887167215082e-01
3.378528239467520344e-01
3.367524091140728926e-01
3.356587854492692480e-01
3.345718947785517594e-01
3.334916795177548798e-01
3.324180826663664656e-01
3.313510478015921357e-01
3.302905190724545470e-01
3.292364411939285307e-01
3.281887594411139752e-01
3.271474196434465687e-01
3.261123681789478979e-01
3.250835519685145725e-01
3.240609184702498702e-01
3.230444156738345729e-01
3.220339920949415458e-01
3.210295967696918940e-01
3.200311792491547513e-01
3.190386895938908673e-01
3.180520783685395481e-01
3.170712966364513941e-01
3.160962959543645590e-01
3.151270283671270267e-01
3.141634464024641860e-01
3.132055030657919237e-01
3.122531518350761259e-01
3.113063466557376424e-01
3.103650419356038248e-01
3.094291925399067500e-01
3.084987537863270735e-01
3.075736814400851782e-01
3.066539317090784533e-01
3.057394612390650357e-01
3.048302271088940141e-01
3.039261868257828736e-01
3.030272983206398485e-01
3.021335199434342367e-01
3.012448104586116226e-01
3.003611290405558965e-01
2.994824352690969027e-01
2.986086891250643305e-01
2.977398509858864561e-01
2.968758816212348495e-01
2.960167421887145434e-01
2.951623942295986680e-01
2.943127996646081601e-01
2.934679207897359920e-01
2.926277202721158099e-01
2.917921611459345366e-01
2.909612068083888281e-01
2.901348210156848850e-01
2.893129678790821169e-01
2.884956118609786069e-01
2.876827177710406525e-01
2.868742507623733284e-01
2.860701763277342380e-01
2.852704602957879532e-01
2.844750688274030326e-01
2.836839684119887295e-01
2.828971258638737774e-01
2.821145083187247549e-01
2.813360832300049186e-01
2.805618183654725595e-01
2.797916818037190501e-01
2.790256419307455826e-01
2.782636674365792651e-01
2.775057273119262979e-01
2.767517908448650088e-01
2.760018276175748575e-01
2.752558075031036888e-01
2.745137006621717890e-01
2.737754775400121354e-01
2.730411088632476169e-01
2.723105656368034477e-01
2.715838191408555535e-01
2.708608409278138174e-01
2.701416028193405761e-01
2.694260769034030334e-01
2.687142355313604236e-01
2.680060513150841484e-01
2.673014971241125526e-01
2.666005460828370088e-01
2.659031715677224739e-01
2.652093472045592426e-01
2.645190468657473981e-01
2.638322446676121813e-01
2.631489149677516681e-01
2.624690323624146449e-01
2.617925716839094585e-01
2.611195079980431211e-01
2.604498166015903338e-01
2.597834730197923769e-01
2.591204530038848652e-01
2.584607325286551460e-01
2.578042877900273977e-01
2.571510952026772046e-01
2.565011313976729990e-01
2.558543732201464249e-01
2.552107977269883476e-01
2.545703821845742287e-01
2.539331040665135930e-01
2.532989410514284723e-01
2.526678710207559408e-01
2.520398720565777406e-01
2.514149224394748861e-01
2.507930006464075823e-01
2.501740853486199567e-01
2.495581554095695764e-01
2.489451898828815568e-01
2.483351680103258741e-01
2.477280692198193246e-01
2.471238731234504660e-01
2.465225595155279281e-01
2.459241083706517617e-01
2.453284998418068519e-01
2.447357142584796752e-01
2.441457321247961498e-01
2.435585341176820517e-01
2.429741010850446359e-01
2.423924140439756569e-01
2.418134541789756231e-01
2.412372028401984225e-01
2.406636415417170161e-01
2.400927519598090032e-01
2.395245159312625327e-01
2.389589154517017533e-01
2.383959326739320816e-01
2.378355499063045941e-01
2.372777496110997086e-01
2.367225144029294626e-01
2.361698270471588867e-01
2.356196704583449208e-01
2.350720276986945911e-01
2.345268819765401191e-01
2.339842166448325711e-01
2.334440151996523827e-01
2.329062612787376196e-01
2.323709386600291416e-01
2.318380312602325577e-01
2.313075231333970583e-01
2.307793984695105105e-01
2.302536415931108749e-01
2.297302369619136919e-01
2.292091691654553898e-01
2.286904229237523567e-01
2.281739830859753071e-01
2.276598346291389408e-01
2.271479626568072008e-01
2.266383523978121872e-01
2.261309892049894743e-01
2.256258585539263617e-01
2.251229460417257244e-01
2.246222373857831023e-01
2.241237184225784440e-01
2.236273751064813131e-01
2.231331935085700824e-01
2.226411598154640625e-01
2.221512603281697029e-01
2.216634814609390602e-01
2.211778097401422005e-01
2.206942318031517303e-01
2.202127343972402340e-01
2.197333043784904794e-01
2.192559287107174737e-01
2.187805944644031497e-01
2.183072888156430413e-01
2.178359990451046169e-01
2.173667125369977138e-01
2.168994167780564086e-01
2.164340993565323779e-01
2.159707479611996384e-01
2.155093503803703625e-01
2.150498945009221008e-01
2.145923683073353849e-01
2.141367598807424888e-01
2.136830573979869585e-01
2.132312491306930513e-01
2.127813234443464707e-01
2.123332687973844557e-01
2.118870737402967774e-01
2.114427269147361732e-01
2.110002170526389664e-01
2.105595329753555678e-01
2.101206635927901911e-01
2.096835979025505337e-01
2.092483249891067543e-01
2.088148340229595556e-01
2.083831142598177033e-01
2.079531550397846762e-01
2.075249457865539215e-01
2.070984760066132135e-01
2.066737352884578938e-01
2.062507133018123273e-01
2.058293997968604905e-01
2.054097846034842745e-01
2.049918576305108653e-01
2.045756088649677007e-01
2.041610283713461704e-01
2.037481062908726159e-01
2.033368328407880732e-01
2.029271983136351765e-01
2.025191930765531945e-01
2.021128075705806160e-01
2.017080323099651462e-01
2.013048578814815304e-01
2.009032749437563992e-01
2.005032742266004142e-01
2.001048465303479351e-01
1.997079827252035145e-01
1.993126737505953872e-01
