# bin_2_1
2.035081681309671585e-06
2.047724328093252873e-06
2.060857523888448842e-06
2.074499382741138459e-06
2.088669350523545135e-06
2.103387509317469173e-06
2.118674509375437510e-06
2.134552060720175808e-06
2.151043011412190466e-06
2.168170755380853705e-06
2.185959259206367328e-06
2.204432495121519845e-06
2.223616138125327493e-06
2.243537080161010832e-06
2.264222558141729943e-06
2.285701438021286270e-06
2.308004531042236655e-06
2.331162435551318515e-06
2.355206059314668904e-06
2.380167004912483443e-06
2.406079733994518953e-06
2.432978212059459163e-06
2.460899919276776741e-06
2.489883510054548266e-06
2.519966866516916989e-06
2.551188493905908410e-06
2.583590280064363094e-06
2.617214771426235466e-06
2.652106202005281075e-06
2.688308193604040502e-06
2.725868371688723505e-06
2.764836752263665366e-06
2.805263026927810224e-06
2.847192463637066934e-06
2.890679593755697491e-06
2.935784676944653299e-06
2.982559723368262974e-06
3.031060782760565616e-06
3.081343379754216729e-06
3.133473177626796066e-06
3.187512097165866967e-06
3.243525112336075976e-06
3.301571967118510423e-06
3.361717633632040155e-06
3.424037072939468349e-06
3.488598364717528319e-06
3.555466721869707990e-06
3.624719806576302006e-06
3.696428665807731883e-06
3.770675460486164812e-06
3.847525132976690093e-06
3.927068030304257967e-06
4.009371684156117790e-06
4.094526775402971443e-06
4.182603980541606442e-06
4.273685852514216103e-06
4.367873251751742366e-06
4.465220076615579098e-06
4.565820580962874957e-06
4.669772601344704913e-06
4.777135035519943236e-06
4.888001063842995756e-06
5.002459943138223099e-06
5.120573256419468627e-06
5.242436660610543451e-06
5.368125294546509008e-06
5.497706193207428013e-06
5.631261421076833837e-06
5.768857701305906506e-06
5.910566884118779793e-06
6.056446091718374314e-06
6.206556751437368352e-06
6.360963631686884911e-06
6.519708895837540455e-06
6.682841281810663814e-06
6.850390989444124693e-06
7.022406987314787013e-06
7.198884753373505824e-06
7.379869745612152513e-06
7.565330837599969702e-06
7.755303968136554511e-06
7.949738129934683092e-06
8.148634686639408273e-06
8.351930368116069423e-06
8.559583870523702158e-06
8.771525562724429988e-06
8.987655271899116577e-06
9.207893991144728581e-06
9.432084615705805096e-06
9.660133999789578954e-06
9.891809318692387621e-06
1.012701081968002277e-05
1.036547204812070510e-05
1.060699193488547385e-05
1.085134845333112898e-05
1.109819653143430271e-05
1.134729617918436644e-05
1.159816066511426232e-05
1.185051003582528745e-05
1.210377974409935554e-05
1.235766488761483630e-05
1.261156994623706305e-05
1.281877714145091965e-05
1.307029173673177603e-05
1.332021862688006425e-05
1.356792067302958185e-05
1.381269898973292866e-05
1.405381769289157442e-05
1.429051112125799249e-05
1.452197362643335718e-05
1.474735502784915143e-05
1.496575130763438830e-05
1.517620491428224863e-05
1.537771477154170009e-05
1.556923498377467632e-05
1.574968556889715476e-05
1.591793928425496230e-05
1.607283857478229426e-05
1.621322866773015930e-05
1.633792479130854078e-05
1.644564529409568753e-05
1.653508572216034754e-05
1.660520303292669454e-05
1.665555028686953746e-05
1.668607978405158064e-05
1.669646836245512641e-05
1.668530803713892820e-05
1.664991457561357507e-05
1.658742734325391208e-05
1.649616925245977073e-05
1.637565627880775495e-05
1.622581010565045043e-05
1.604628412043635410e-05
1.583666864344495593e-05
1.559748902199933714e-05
1.533070158560660408e-05
1.503911263315731362e-05
1.472539256407851593e-05
1.439141365939890135e-05
1.403829234984346102e-05
1.366694677467633550e-05
1.327871935551390636e-05
1.287584233571685116e-05
1.251405569322370677e-05
1.209105899307023847e-05
1.166531201734096275e-05
1.124193406630364988e-05
1.082489452967429187e-05
1.041855643518612291e-05
1.002568913039138571e-05
9.649663808052805008e-06
9.292715993926997810e-06
8.957340515834327763e-06
8.646109902134993153e-06
8.358929812887041556e-06
8.096675582287427567e-06
7.855928121708085957e-06
7.634207681020403242e-06
7.427172551975138074e-06
7.230135908883626307e-06
7.038626527933932623e-06
6.846337211451280924e-06
6.647822116050779075e-06
6.437134167159608660e-06
6.209034251043093669e-06
5.961788477752148162e-06
5.694419341423193566e-06
5.409380884802419662e-06
5.111075713919286087e-06
4.807016759922824830e-06
4.506402204367307910e-06
4.218472058394971042e-06
3.952604854976945033e-06
3.716835296438707015e-06
3.513990704204429597e-06
3.347320561781708981e-06
3.208848139013380913e-06
3.093331349815603997e-06
2.986719332165870609e-06
2.880500938269237052e-06
2.762729470488656060e-06
2.632143650489288492e-06
2.484700141295570972e-06
2.331295063755398391e-06
2.177393722147502734e-06
2.036192178154521557e-06
1.913477055455598975e-06
1.811752519671860167e-06
1.727947535784223512e-06
1.652738761471282958e-06
1.580428893177450470e-06
1.500855961245657045e-06
1.418354754832790332e-06
1.332572323494581939e-06
1.252429788736745152e-06
1.181580129768068368e-06
1.119238254694214520e-06
1.064282293653058331e-06
1.010354563725324821e-06
9.573774116201213365e-07
9.048723254169317377e-07
8.549452589754431616e-07
8.103387417800462213e-07
7.688150983005711012e-07
7.302732428728015374e-07
6.934558622209503325e-07
6.581807201322529180e-07
6.254464382116016168e-07
5.950678905680861677e-07
5.664727687967220474e-07
5.397204595373678551e-07
5.145159909348449486e-07
4.908963738172596402e-07
4.687595709900813523e-07
4.480085350482984331e-07
4.284926497656401962e-07
4.101560878320600068e-07
3.929027442638109845e-07
3.766158003828491560e-07
3.612334155237654825e-07
3.466839510798898350e-07
3.329221058176368858e-07
3.198918643690812392e-07
3.075345572509351667e-07
2.957931674129375920e-07
2.846115735125155429e-07
2.739410082293560149e-07
2.637293957107693497e-07
2.539389480849610094e-07
2.445271440207644794e-07
2.354640189109492684e-07
2.267156548180657627e-07
2.182558213459647888e-07
2.100600649429827585e-07
2.021087114597320661e-07
1.943827145523823944e-07
1.868642697036687245e-07
1.795437520274457831e-07
1.724062225939564169e-07
1.654422709981538491e-07
1.586479322061812366e-07
1.520153040146712121e-07
1.455419182148563798e-07
1.392241632381639716e-07
1.330602407655455972e-07
1.270521882599799404e-07
1.211976577503948236e-07
1.155002574424017890e-07
1.099624671889261350e-07
1.045840808779549878e-07
9.936742408078556402e-08
9.431565529846095430e-08
8.943087835943595232e-08
8.471407311040020989e-08
8.016668766324705563e-08
7.578913183828249138e-08
7.158203276043394874e-08
6.754492751544902272e-08
6.367830320087147800e-08
5.997873618606660834e-08
5.644388970525227128e-08
5.307465663029038475e-08
4.986251789402306890e-08
4.680862380997742110e-08
4.390791851036980151e-08
4.115425818201128870e-08
3.854550094127294552e-08
3.607633651188748667e-08
3.374234158080896148e-08
3.153699457707989199e-08
2.945654463236516606e-08
2.749589920214481098e-08
2.564941798723944648e-08
2.391247483097765764e-08
2.227990094449534366e-08
2.074681790910163730e-08
1.930842454679476322e-08
1.796028729364313415e-08
1.669715941656384352e-08
1.551522088590219496e-08
1.440966999122194480e-08
1.337614442930590052e-08
1.241110534471201542e-08
1.151006396789652722e-08
1.066970087050491603e-08
9.886531112440841618e-09
9.156578256252207534e-09
8.476820267594485841e-09
7.844223004530647458e-09
7.255827347598415239e-09
6.708761491920919476e-09
6.200763828685662015e-09
5.729207882575481405e-09
5.292283151969641550e-09
4.887942217318521104e-09
4.514091425354085942e-09
4.168766084737309049e-09
3.849902362424564686e-09
3.555371443530107519e-09
3.283381297904059457e-09
3.032199308594632920e-09
2.800233541041360843e-09
2.586013843201136848e-09
2.388182340084290945e-09
2.205485167163099502e-09
2.036764441374140800e-09
1.880950894139641751e-09
1.737057082610340493e-09
1.604171048330999309e-09
1.481450697111855157e-09
1.368118369782356378e-09
1.263455835822566862e-09
1.166800546529517948e-09
1.077539894793465234e-09
9.951074618681919076e-10
9.189809198480360942e-10
8.486779136615557256e-10
7.837529684433754407e-10
7.237947298300931916e-10
6.684232569807998618e-10
6.172876711260159530e-10
5.700640579290106332e-10
5.264531797429263041e-10
4.861786385916564659e-10
4.489851846108724985e-10
4.146370977666485178e-10
3.829166933971755580e-10
3.536229421287354836e-10
3.265701954118836574e-10
3.015870085937084394e-10
2.785150783245188262e-10
2.572082199530490374e-10
2.375313929836368446e-10
2.193598890223676226e-10
2.025785415585425589e-10
1.870809958530655506e-10
1.727690348653858229e-10
1.595519563058351155e-10
1.473459972606875952e-10
1.360738035214868986e-10
1.256639391951900560e-10
1.160504338437689576e-10
1.071723642817482869e-10
9.897346837869701732e-11
9.140178841684404756e-11
8.440934254523158098e-11
7.795182117820312284e-11
7.198830339113436672e-11
6.648100230397973362e-11
6.139501654395381043e-11
5.669811592279008926e-11
5.236054701133314317e-11
4.835482087902483290e-11
4.465554856243951835e-11
4.123928379114966961e-11
3.808437431491223202e-11
3.517082461105982889e-11
3.248016910076926304e-11
2.999535506960620192e-11
2.770063454952877027e-11
2.558146740943067744e-11
2.362442521735621400e-11
2.181710396973212438e-11
2.014804877746526809e-11
1.860668123356293527e-11
1.718323234287599646e-11
1.586868060784889402e-11
1.465469478594930168e-11
1.353358105675874251e-11
1.249823426852134837e-11
1.154209289189381519e-11
1.065909742138587849e-11
9.843651960550245921e-12
9.090588747196260032e-12
8.395135393563085129e-12
7.752884737017258412e-12
7.159766869057402515e-12
6.612023207634272179e-12
6.106182958979830548e-12
5.639040377451854198e-12
5.207635199647460983e-12
4.809234550781125775e-12
4.441313444339971581e-12
4.101539901837709617e-12
3.787760383418446732e-12
3.497986131844879489e-12
3.230380561817784946e-12
2.983247603258711207e-12
2.752027859396022034e-12
2.541490251884761369e-12
2.298744324075454040e-12
2.122883551136081243e-12
1.666213747679337693e-12
1.538739293855007874e-12
6.551789320719274605e-13
6.050494993596511806e-13
9.311939710965001218e-14
8.599911767720793162e-14
0.000000000000000000e+00
0.000000000000000000e+00
