# bin_3_2
7.708583243843358169e-07
7.757003279247090045e-07
7.807309489245619008e-07
7.859575876709100879e-07
7.913879047278275800e-07
7.970297025685070357e-07
8.028908834966003145e-07
8.089795746565163099e-07
8.153045648592191976e-07
8.218751728479923786e-07
8.287011727394730165e-07
8.357924189765514101e-07
8.431583960212804247e-07
8.508089097051903910e-07
8.587551820503067568e-07
8.670091833786898823e-07
8.755829636866162999e-07
8.844881400474263578e-07
8.937366153600752518e-07
9.033416930074858007e-07
9.133166543597243715e-07
9.236756998024192839e-07
9.344337877376176348e-07
9.456057382840813573e-07
9.572057933696039568e-07
9.692506748523791910e-07
9.817577462050769475e-07
9.947428216650252487e-07
1.008224402298122078e-06
1.022221532782115816e-06
1.036750533961639248e-06
1.051833090730379360e-06
1.067491380310054096e-06
1.083742061312773587e-06
1.100607770451746722e-06
1.118115055759164520e-06
1.136282957028065736e-06
1.155134807800015540e-06
1.174698989579610871e-06
1.194998315213088630e-06
1.216058951333932527e-06
1.237909357897746711e-06
1.260575996070664157e-06
1.284089037347389659e-06
1.308477386650602164e-06
1.333770098673493680e-06
1.360000783721688466e-06
1.387200885289585068e-06
1.415400903203432990e-06
1.444640645213725320e-06
1.474947743515315920e-06
1.506363085608195614e-06
1.538922782626553923e-06
1.572658825246186554e-06
1.607618838706266248e-06
1.643833520981856750e-06
1.681349713628114657e-06
1.720204545232271185e-06
1.760442190535091104e-06
1.802105463700757016e-06
1.845233022248406034e-06
1.889874912305224457e-06
1.936067889841581301e-06
1.983863155824631931e-06
2.033305817517271064e-06
2.084437267024540326e-06
2.137316244535873181e-06
2.191969764381034751e-06
2.248466691181833546e-06
2.306833717817767854e-06
2.367135222120809595e-06
2.429406504938598338e-06
2.493697656233978786e-06
2.560054870738615524e-06
2.628519356050956471e-06
2.699142081774876109e-06
2.771957237838602941e-06
2.847013483960552207e-06
2.924349139597343044e-06
3.003999450250149869e-06
3.086005176572955434e-06
3.170395982117175358e-06
3.257204860576055008e-06
3.346459243505024889e-06
3.438184564551782546e-06
3.532406309101481498e-06
3.629142883854623137e-06
3.728395198530904057e-06
3.830189234113317651e-06
3.934513344784734837e-06
4.041378071232247685e-06
4.150755777010677823e-06
4.262649322758950460e-06
4.377024570964302709e-06
4.493868555478238870e-06
4.613115011820383027e-06
4.734748247168622194e-06
4.858686235903328345e-06
4.984870828521077696e-06
5.113221045989994766e-06
5.243652988908507647e-06
5.376043182386883157e-06
5.510300454517610559e-06
5.646278654276241492e-06
5.783860160656802175e-06
5.922892517411755776e-06
6.063181545280352765e-06
6.204588971672635402e-06
6.346788728296188504e-06
6.489579455851041314e-06
6.632712455133976059e-06
6.775912508799166959e-06
6.918912743633664612e-06
7.061383433321759227e-06
7.203033321177386027e-06
7.343486818414452705e-06
7.482344102166651636e-06
7.619215969324204029e-06
7.753676384490781765e-06
7.885266815652786402e-06
8.013514512996456902e-06
8.137896923998808971e-06
8.257931834306386453e-06
8.373027134193588203e-06
8.482598713737359749e-06
8.586089183772316262e-06
8.682816856021767325e-06
8.772136531952507080e-06
8.853439398157256530e-06
8.926071397676488237e-06
8.989337729521948921e-06
9.042385728343128735e-06
9.084284437561433530e-06
9.114848531028264147e-06
9.134596531165273896e-06
9.143635571100671108e-06
9.141570634140177868e-06
9.126154165412165000e-06
9.095215679728332702e-06
9.047611148143805640e-06
8.983641842827186759e-06
8.903801826709027399e-06
8.807484033774645461e-06
8.693716579581089570e-06
8.562965789113559481e-06
8.416445835491670374e-06
8.256264310712519423e-06
8.084293043447059865e-06
7.901393733657832352e-06
7.707842715861180270e-06
7.503916898595035087e-06
7.290241263815333123e-06
7.067912461466344906e-06
6.838975442918556133e-06
6.605791573165617131e-06
6.371151081404685219e-06
6.138008562591809077e-06
5.908787532193437926e-06
5.685639013937657210e-06
5.470174198600702585e-06
5.263983811250717257e-06
5.068413063167674507e-06
4.885021029183941435e-06
4.715382599938726672e-06
4.559832416880173758e-06
4.418389927385842467e-06
4.289305953407506336e-06
4.170589234036917136e-06
4.059861032137457324e-06
3.954708183063365000e-06
3.852524711306071464e-06
3.749643623674577904e-06
3.642789494300495832e-06
3.528172674389987236e-06
3.402656820005603238e-06
3.265270579483297940e-06
3.115682810580301624e-06
2.955213827919718925e-06
2.786618457007296410e-06
2.614418373101623580e-06
2.444669093354641344e-06
2.282725007729089486e-06
2.134270944353904443e-06
2.004303606500530164e-06
1.894820464310804087e-06
1.806790575165459643e-06
1.736420485247341343e-06
1.677859485504780128e-06
1.624007848857600236e-06
1.567690934271450320e-06
1.503038909287729949e-06
1.428132924882637272e-06
1.342604517016190657e-06
1.252205653113094061e-06
1.163798059774665237e-06
1.084222480748532280e-06
1.018228976385169516e-06
9.664704198054609234e-07
9.249159334938711530e-07
8.879908194129527608e-07
8.495817793385098975e-07
8.049492376482374940e-07
7.561459153363606573e-07
7.069544509116431480e-07
6.620575090557739470e-07
6.243947670231017406e-07
5.932769204694365916e-07
5.648610990058059939e-07
5.357381150326002827e-07
5.056732206800588595e-07
4.759375544889651014e-07
4.485548698738218565e-07
4.246733863905338620e-07
4.030244825971318352e-07
3.820957167683107486e-07
3.616063404639364935e-07
3.422204238329515563e-07
3.244837157420767052e-07
3.081904622835582987e-07
2.927111261187731703e-07
2.780587368453159689e-07
2.643847032258042162e-07
2.516636018552469480e-07
2.397215373683331726e-07
2.284999065050192191e-07
2.179947871533355248e-07
2.081527460394676884e-07
1.989024549267024003e-07
1.901818167048069266e-07
1.819601124811377746e-07
1.742097874351527123e-07
1.669044935367618258e-07
1.600134400611209706e-07
1.535029507906945877e-07
1.473409556623380926e-07
1.414953696575881251e-07
1.359392086783041403e-07
1.306461936473519471e-07
1.255920167577200288e-07
1.207581105827651301e-07
1.161222080923826800e-07
1.116692612610657578e-07
1.073830259700896564e-07
1.032496188376335736e-07
9.925621310618688644e-08
9.539319553613100471e-08
9.164905258147257292e-08
8.801649390886455291e-08
8.448825786274642861e-08
8.105769851937054680e-08
7.771911794838787431e-08
7.446888957730463349e-08
7.130272008922117329e-08
6.821939934465948144e-08
6.521604119405094319e-08
6.229102422734698430e-08
5.944450118788622488e-08
5.667568299921237081e-08
5.398551850921860187e-08
5.137177390458055971e-08
4.883787932646684133e-08
4.638237925963936462e-08
4.400701888519797946e-08
4.171205329565232745e-08
3.949739635718738825e-08
3.736395546327081868e-08
3.531089523209907192e-08
3.333917066578481690e-08
3.144751026085657512e-08
2.963635197312459537e-08
2.790472864909447323e-08
2.625125482454578043e-08
2.467401268069360338e-08
2.317319445874343644e-08
2.174565403072873788e-08
2.038988500071290297e-08
1.910426345671963378e-08
1.788654971742959913e-08
1.673432094818849603e-08
1.564515700846893242e-08
1.461693247228677549e-08
1.364750734390618042e-08
1.273381695457578989e-08
1.187396984172814802e-08
1.106498645859304003e-08
1.030520318821931577e-08
9.592040654499461864e-09
8.923049214266755292e-09
8.296106034894046046e-09
7.709192981953862200e-09
7.159996612613504114e-09
6.646624793467601910e-09
6.167036294144610019e-09
5.719289709185796359e-09
5.301488050881232585e-09
4.911882948052950334e-09
4.549020740712675718e-09
4.211099445394808317e-09
3.896583596011456382e-09
3.603891317339737248e-09
3.332068290763527085e-09
3.079278248363181622e-09
2.844674679627221155e-09
2.627567755618755379e-09
2.426615342177331656e-09
2.240987522659928556e-09
2.069559150980157921e-09
1.911214519585993140e-09
1.764985959279555999e-09
1.629948376589633350e-09
1.505244055769549941e-09
1.390081059378005249e-09
1.283727409419550110e-09
1.185516435554945958e-09
1.094819525466748244e-09
1.011060960524486231e-09
9.337100227066984987e-10
8.622766724337799096e-10
7.963083008421065588e-10
7.353868151594833783e-10
6.791261030329307234e-10
6.271695892931429922e-10
5.791879778522441923e-10
5.348771655713233131e-10
4.939563152955747342e-10
4.561660760699263043e-10
4.212669393811193379e-10
3.890377210803176390e-10
3.592741594066202439e-10
3.317876202503572709e-10
3.064039041536046235e-10
2.829621436093804683e-10
2.613137764045952428e-10
2.413216197304537670e-10
2.228589648258036829e-10
2.058087946847680024e-10
1.900630454368922240e-10
1.755219279212345760e-10
1.620933197089855657e-10
1.496921071774330948e-10
1.382396819218927627e-10
1.276634506417815099e-10
1.178963748031180468e-10
1.088765455339386026e-10
1.005467910587287573e-10
9.285431418070288160e-11
8.575035777387915581e-11
7.918990619256628697e-11
7.313138085508406957e-11
6.753637814955427727e-11
6.236943311235761237e-11
5.759779454380141392e-11
5.319121732111056776e-11
4.912177060907195005e-11
4.536366075112046846e-11
4.189306771689163599e-11
3.868799406832638816e-11
3.572812548592007026e-11
3.299470197009070072e-11
3.047039890042036938e-11
2.813921754766476728e-11
2.598638349513682927e-11
2.399825279060379759e-11
2.216222628165591611e-11
2.046666681933489753e-11
1.890082749882666058e-11
1.745478321802103791e-11
1.611937075742335978e-11
1.488611638241563331e-11
1.374721480304302369e-11
1.269544927193779310e-11
1.172415270572702761e-11
1.082716821151252848e-11
9.998810024214898866e-12
9.233827450194839190e-12
8.527371570918921023e-12
7.874964568037895450e-12
7.272472295762449975e-12
6.716076006331492751e-12
6.202248726806323576e-12
5.727733375037800902e-12
5.289522104549565125e-12
4.884837229718183312e-12
4.511113611124889998e-12
4.165982389272667188e-12
3.847255963425809378e-12
3.552914120237534697e-12
3.281091224132540384e-12
3.030064388154203559e-12
2.798242550211622384e-12
2.584156427643005356e-12
2.386449158408700991e-12
2.203867731575948018e-12
2.035255049244148290e-12
1.879542375495157710e-12
1.735742744144567981e-12
1.602944706869971995e-12
1.480306681682083006e-12
1.367051641095688542e-12
1.262461664829216412e-12
