# bin_5_4
3.081286110515975787e-07
3.100767953793539777e-07
3.121011351467496062e-07
3.142045659578677217e-07
3.163901301497190403e-07
3.186610464970880666e-07
3.210206360234419838e-07
3.234722855456758312e-07
3.260195300539086107e-07
3.286660981108604906e-07
3.314158416245102850e-07
3.342727109292741539e-07
3.372408369284600602e-07
3.403245466826847254e-07
3.435282741382048524e-07
3.468566050435758119e-07
3.503144069906460730e-07
3.539066245289610706e-07
3.576383280948691076e-07
3.615149097233067180e-07
3.655419450494088521e-07
3.697250403996212737e-07
3.740701828723213134e-07
3.785836701343396549e-07
3.832717017616448725e-07
3.881409898863659489e-07
3.931985429619428188e-07
3.984513003901310160e-07
4.039067985126567917e-07
4.095728034468640212e-07
4.154570308667796299e-07
4.215679716611641475e-07
4.279140147336568732e-07
4.345039436921584679e-07
4.413471054081853875e-07
4.484527252640824338e-07
4.558307773787869258e-07
4.634914145094503192e-07
4.714450800841936949e-07
4.797025629935086775e-07
4.882753316169369031e-07
4.971746395298571100e-07
5.064128356962977236e-07
5.160017483222800516e-07
5.259550398366724468e-07
5.362853495445058753e-07
5.470072965516328647e-07
5.581342598224621891e-07
5.696816178209396133e-07
5.816638322033554177e-07
5.940968301095676240e-07
6.069969238108370367e-07
6.203798523492684172e-07
6.342635989555100135e-07
6.486652893945915771e-07
6.636029070237061724e-07
6.790955995258570155e-07
6.951627278369360282e-07
7.118240362123563018e-07
7.290997786119284436e-07
7.470108996336174331e-07
7.655795384847601539e-07
7.848274973588132085e-07
8.047773337687191901e-07
8.254521170727437450e-07
8.468756901426854591e-07
8.690726939304251549e-07
8.920677272362363575e-07
9.158860710863517987e-07
9.405529790477326837e-07
9.660952936463072355e-07
9.925403069023557568e-07
1.019915008103261774e-06
1.048247952596571937e-06
1.077567858261470328e-06
1.107902368394385874e-06
1.139279063626314595e-06
1.171727052255797198e-06
1.205275399910277234e-06
1.239954888171775349e-06
1.275795279200131283e-06
1.312824473681620223e-06
1.351071414941202187e-06
1.390566010175534472e-06
1.431338389166530684e-06
1.473416689449722642e-06
1.516827052989434125e-06
1.561597475422529740e-06
1.607755438214606398e-06
1.655325583030036217e-06
1.704331987762029191e-06
1.754798347482526456e-06
1.806747176900982198e-06
1.860198268153812989e-06
1.915169225875527940e-06
1.971675737552439208e-06
2.029733529097414501e-06
2.089355719886173332e-06
2.150552403326946703e-06
2.213328840611120780e-06
2.277687708658582205e-06
2.343629704500957375e-06
2.411152436884043771e-06
2.480246531573429348e-06
2.550897899107030773e-06
2.623090836347216732e-06
2.696807234107575664e-06
2.772019783376596536e-06
2.848694052831900235e-06
2.926789745630434387e-06
3.006262139823931716e-06
3.087059329637303577e-06
3.169120739479508553e-06
3.252374143131193856e-06
3.336743563424057636e-06
3.422147981995131691e-06
3.508496604279926092e-06
3.595698911228578734e-06
3.683646456290253775e-06
3.772205338607776372e-06
3.861214790218354137e-06
3.950505647137180759e-06
4.039919817508589344e-06
4.129302182378036818e-06
4.218468766191946055e-06
4.307220635241912212e-06
4.395349983233844434e-06
4.482628032196604937e-06
4.568809943406101852e-06
4.653631548467247400e-06
4.736823526892479772e-06
4.818098339945120727e-06
4.897154906369176765e-06
4.973678627891802021e-06
5.047339281918536527e-06
5.117781363022570668e-06
5.184638366354383264e-06
5.247535276887404027e-06
5.306064393559725104e-06
5.359819894325424420e-06
5.408423255811511708e-06
5.451515043463845260e-06
5.488619510228159440e-06
5.519040062716363576e-06
5.542319927397084215e-06
5.558580771928632971e-06
5.568287605198363623e-06
5.571800481377662459e-06
5.568096006131186148e-06
5.555184694662980674e-06
5.531990307180980688e-06
5.498479158475423449e-06
5.455134614312904208e-06
5.402128521450204717e-06
5.338586882927253393e-06
5.263982011394553863e-06
5.179065054194253208e-06
5.085170889161175754e-06
4.983701905473754693e-06
4.875468334788797592e-06
4.760693213900394174e-06
4.639405040898881175e-06
4.511768910868919250e-06
4.378335476211399535e-06
4.240095546731653514e-06
4.098484896609334402e-06
3.955214418459466508e-06
3.812093297548902794e-06
3.670843226658022167e-06
3.532843496900103053e-06
3.399194428134405608e-06
3.270829974455659024e-06
3.148583949033439933e-06
3.033370328088666544e-06
2.926289451244292138e-06
2.828047579219102199e-06
2.738704884020672753e-06
2.657517622709228038e-06
2.583158843815753704e-06
2.514200736131161911e-06
2.449216331876761093e-06
2.386649752166824198e-06
2.324597683029487662e-06
2.260731845294072492e-06
2.192644392970700680e-06
2.118079540855488874e-06
2.035860361091731080e-06
1.945909918798661072e-06
1.848525004206813290e-06
1.744742691835796167e-06
1.637391799613329345e-06
1.530210479706694179e-06
1.426725153857149179e-06
1.330446248750157419e-06
1.244789129336194770e-06
1.172137984543752276e-06
1.113364531333296225e-06
1.066971051406180706e-06
1.029576360847076003e-06
9.966160541276397317e-07
9.633140327971041961e-07
9.256225857362180152e-07
8.809611509424829836e-07
8.289853075225958067e-07
7.721225074019298355e-07
7.149767599241067082e-07
6.625206791707139392e-07
6.185406396047016059e-07
5.841802755515500289e-07
5.579876619007407864e-07
5.360163741907009253e-07
5.137405610638937234e-07
4.876644525565852606e-07
4.575685031595689467e-07
4.260962880233154472e-07
3.968990325386436529e-07
3.726214868058272309e-07
3.531286183390265807e-07
3.362417651100864853e-07
3.191432308239427778e-07
3.005557227236997411e-07
2.816889220397115882e-07
2.642294233875500806e-07
2.492250120851546314e-07
2.360047442161230497e-07
2.231600297369457895e-07
2.103925709325516686e-07
1.981433242719623082e-07
1.869747298017409455e-07
1.768927928239418574e-07
1.673405636259386528e-07
1.581433942508700777e-07
1.495933505493716273e-07
1.416988678150832064e-07
1.342915553972055089e-07
1.273370719345983565e-07
1.208500748327911774e-07
1.147985661994293233e-07
1.091309626882688842e-07
1.038090451081454786e-07
9.880809677119197090e-08
9.411591624119078565e-08
8.971630618882667835e-08
8.559103554801490798e-08
8.171974013955787932e-08
7.808126688509489710e-08
7.465635526960925795e-08
7.142696062817950796e-08
6.837665011733949242e-08
6.549093865411334591e-08
6.275465125319346041e-08
6.015650666587189164e-08
5.768466460068152966e-08
5.532864815012993171e-08
5.307938079607916124e-08
5.092780311221849618e-08
4.886614850501926411e-08
4.688740629279907220e-08
4.498467488646381073e-08
4.315250308908878109e-08
4.138539552263602413e-08
3.967870717198299572e-08
3.802792513215681413e-08
3.642966018024199385e-08
3.488146715584325578e-08
3.338032498905882198e-08
3.192348681291828183e-08
3.050972666453840695e-08
2.913734929752470035e-08
2.780598574899489836e-08
2.651347674481457300e-08
2.526007659527794068e-08
2.404504825574972341e-08
2.286774632349242261e-08
2.172850834792962665e-08
2.062667199106636469e-08
1.956228263303714119e-08
1.853494243903782456e-08
1.754508161329248355e-08
1.659216729128499315e-08
1.567625691280198488e-08
1.479689370883361325e-08
1.395392876776600490e-08
1.314693668972023266e-08
1.237547960998081321e-08
1.163898589092672336e-08
1.093704502188603604e-08
1.026841137560295814e-08
9.632816785330357618e-09
9.029341676671623122e-09
8.457206168440791943e-09
7.915001816380835329e-09
7.402373029249657025e-09
6.917966950010427135e-09
6.460527076305948740e-09
6.029434028235456140e-09
5.623293845855080166e-09
5.241327197690788495e-09
4.882043055392167868e-09
4.544738623724833401e-09
4.228122050771876875e-09
3.931335235795112643e-09
3.653398760755005461e-09
3.393154880909767811e-09
3.149719384032595117e-09
2.922230923785305986e-09
2.709774889860872676e-09
2.511559236395812239e-09
2.326680364977341399e-09
2.154405196980980114e-09
1.993942565941734367e-09
1.844658571227474773e-09
1.705726727907381296e-09
1.576698655044134273e-09
1.456954849599070845e-09
1.346154198276670362e-09
1.243746857045290837e-09
1.149131016467564212e-09
1.061712730908090880e-09
9.809445343572973772e-10
9.063203957868543489e-10
8.373730870119236577e-10
7.736707868488407540e-10
7.148145605182146760e-10
6.604358091858639166e-10
6.101938943365061470e-10
5.637740941686312175e-10
5.208856303557995604e-10
4.812598826131629550e-10
4.446486134835229515e-10
4.108224784621547314e-10
3.795696032037754506e-10
3.506942265357734675e-10
3.240154805899073284e-10
2.993662578339722567e-10
2.765921656982179859e-10
2.555505981931208318e-10
2.361097675632409282e-10
2.181478918105014411e-10
2.015524560883920426e-10
1.862195103119578484e-10
1.720530075792619948e-10
1.589642079308844187e-10
1.468711284185060186e-10
1.356980212319915871e-10
1.253748972680324765e-10
1.158370924636475149e-10
1.070248625976427856e-10
9.888300892130037950e-11
9.136053229740408306e-11
8.441031363433732309e-11
7.798882168300964101e-11
7.205584008702499407e-11
6.657421255190378160e-11
6.150960547753392754e-11
5.683029171590413979e-11
5.250695818571284278e-11
4.851252216939072853e-11
4.482196158423814603e-11
4.141215817242594164e-11
3.826175276333524138e-11
3.535101129209109188e-11
3.266170093919984666e-11
3.017697607457829246e-11
2.788127271291372354e-11
2.576021136377112026e-11
2.380051038843366129e-11
2.198989484226666148e-11
2.031702235210490560e-11
1.877141373385402295e-11
1.734338741750379990e-11
1.602399791669347813e-11
1.480498035176281316e-11
1.367869923575429735e-11
1.263809961886053163e-11
1.167666301675041686e-11
1.078836690351601665e-11
9.967646971945811801e-12
9.209362264926257600e-12
8.508762963018391302e-12
7.861460619571955058e-12
7.263401044424803206e-12
6.710838618222404090e-12
6.200312866234196509e-12
5.728625988027541406e-12
5.292823085946001697e-12
4.890174097974436524e-12
4.518156687717372717e-12
4.174440436451637413e-12
3.856872238462136647e-12
3.563462824130072426e-12
3.292374270743956708e-12
3.041908477532350274e-12
2.810496539403143681e-12
2.596688917003674604e-12
2.399146416769554407e-12
2.216632071144047495e-12
2.048002619225647285e-12
1.892201701018463430e-12
1.748253355335415787e-12
