# bin_5_3
2.245479981266609300e-10
2.259643938799256134e-10
2.274360789446433514e-10
2.289652546054807754e-10
2.305541674398579464e-10
2.322050618386186632e-10
2.339202581263012113e-10
2.357022560344061457e-10
2.375537361786944912e-10
2.394773994731404224e-10
2.414759407761303709e-10
2.435521134752086186e-10
2.457089062218064124e-10
2.479495287192563866e-10
2.502772382913740178e-10
2.526952872594615784e-10
2.552071819580644037e-10
2.578166303846559689e-10
2.605272359814389054e-10
2.633426571092016648e-10
2.662669652534368446e-10
2.693044464814858444e-10
2.724592147515544171e-10
2.757358736677043892e-10
2.791392583847521049e-10
2.826738901426961791e-10
2.863444169673908088e-10
2.901561866000590128e-10
2.941147731428781981e-10
2.982252595559769866e-10
3.024932927966874985e-10
3.069254449250262307e-10
3.115273695624662041e-10
3.163054263232543773e-10
3.212661693559047703e-10
3.264156000629281677e-10
3.317623449621889569e-10
3.373122653713284646e-10
3.430736701765580277e-10
3.490535126696414386e-10
3.552602316304328157e-10
3.617025006928379743e-10
3.683875493697514471e-10
3.753259743164551076e-10
3.825248263703801698e-10
3.899949859986574711e-10
3.977457498880329216e-10
4.057870639220790823e-10
4.141290299953844530e-10
4.227822068041744513e-10
4.317578747032810715e-10
4.410670175157524227e-10
4.507219791292395331e-10
4.607337564465232019e-10
4.711141710604816364e-10
4.818771042659721482e-10
4.930350396460726971e-10
5.046010810582245113e-10
5.165885926716742614e-10
5.290116712497707588e-10
5.418850929915102901e-10
5.552218856727456746e-10
5.690386622009370053e-10
5.833503435852520532e-10
5.981707527613436875e-10
6.135184127536674228e-10
6.294092868298838024e-10
6.458567347481066646e-10
6.628804335543826252e-10
6.804957436237058212e-10
6.987192737537735344e-10
7.175703125215178947e-10
7.370637034305022311e-10
7.572199671710650193e-10
7.780536693708456278e-10
7.995830633041901487e-10
8.218270620186580581e-10
8.448052138971572983e-10
8.685288286168213129e-10
8.930203437952681719e-10
9.182962430177612809e-10
9.443708555923660610e-10
9.712627741704690258e-10
9.989867264020844465e-10
1.027558797320438306e-09
1.056992445937997710e-09
1.087303330442963806e-09
1.118502910944479530e-09
1.150605606241665706e-09
1.183619833670212538e-09
1.217556313529312685e-09
1.252425434240020801e-09
1.288234180737557263e-09
1.324986012032021496e-09
1.362688069778290016e-09
1.401340395784434032e-09
1.440946836843527646e-09
1.481497275247681514e-09
1.522993446320625149e-09
1.565425414712984444e-09
1.608788427701831924e-09
1.653062575267249308e-09
1.698237826143914531e-09
1.744288437585772115e-09
1.791197965365099025e-09
1.838933334158139460e-09
1.887465937263488016e-09
1.936753735614687165e-09
1.986766508144046298e-09
2.037445049598250272e-09
2.088753530547080773e-09
2.140637445379780803e-09
2.193031729200861511e-09
2.245864044923667426e-09
2.299054922111865964e-09
2.352511527684835790e-09
2.406158834566976091e-09
2.459880286615564300e-09
2.513587888299948742e-09
2.567167126291650644e-09
2.620493639676266321e-09
2.673449669084702406e-09
2.725886094083675848e-09
2.777671632157643559e-09
2.828636578109759053e-09
2.878625376467818958e-09
2.927455910072080849e-09
2.974961950643194999e-09
3.020939122899453668e-09
3.065190221350138245e-09
3.107514336203885417e-09
3.147679937951908427e-09
3.185447874430988806e-09
3.220600031424678556e-09
3.252886439846861350e-09
3.282131962992200715e-09
3.308015936379443721e-09
3.330089088925027824e-09
3.348281717279358868e-09
3.362425335276783671e-09
3.372591404941504875e-09
3.379150188738706811e-09
3.380973207221766870e-09
3.377925897540607654e-09
3.369522615685495253e-09
3.355339550760578074e-09
3.335625001421086829e-09
3.309938028469320847e-09
3.277705620897104026e-09
3.239309720855924361e-09
3.194632032771148426e-09
3.144202562905141638e-09
3.088602533368081515e-09
3.028070804020183509e-09
2.963138954388263297e-09
2.893901292615935384e-09
2.820697906050909459e-09
2.743758228344318821e-09
2.663518572790099603e-09
2.580636852899843064e-09
2.495811522685217730e-09
2.410088892183151441e-09
2.324318062100452011e-09
2.239443428271888231e-09
2.156226392266578643e-09
2.075453364992434090e-09
1.997645610469123604e-09
1.923502721086063272e-09
1.853729409557134351e-09
1.788591436996164461e-09
1.728612994353385774e-09
1.673422877255141556e-09
1.622858033961923437e-09
1.576293599579718064e-09
1.533068689812097773e-09
1.492359896305182286e-09
1.453083558314486169e-09
1.414078445576412064e-09
1.374099001232237861e-09
1.331589587432976473e-09
1.285999948804802276e-09
1.236497995936860504e-09
1.182737659313742747e-09
1.124879786069044420e-09
1.064164953542795021e-09
1.001736008803065214e-09
9.393287450309355157e-10
8.789737855588184295e-10
8.227341643181911640e-10
7.720821029647327056e-10
7.286305249536259361e-10
6.918316397654750065e-10
6.616679652751840513e-10
6.358009646427336356e-10
6.127072782792568360e-10
5.896405048192060477e-10
5.651155787298359067e-10
5.373489481309609903e-10
5.072646013903911227e-10
4.753220750105469749e-10
4.439793210147505596e-10
4.148672918979708372e-10
3.894272337052599985e-10
3.681966040704902735e-10
3.499773176780490843e-10
3.339135987342271829e-10
3.173607902121319484e-10
3.006963124937170141e-10
2.830652506418647769e-10
2.660209289563461015e-10
2.502120711051324533e-10
2.358743533310653475e-10
2.232903458787999115e-10
2.109909196541073451e-10
1.993894707414474135e-10
1.880473006311270506e-10
1.772530412292259127e-10
1.675477452583822619e-10
1.581853430944027163e-10
1.494557443786058838e-10
1.411897263747642733e-10
1.333262804363534811e-10
1.261720865616887921e-10
1.194355555449490202e-10
1.129692000919553832e-10
1.069765294833994594e-10
1.014025318920064735e-10
9.616212046000478350e-11
9.124608253176428352e-11
8.665538386830790819e-11
8.235924708939407963e-11
7.833840803874975045e-11
7.457096486552164385e-11
7.103595335538971456e-11
6.771825031953084693e-11
6.460081968824982833e-11
6.167127081238210745e-11
5.891767278316356835e-11
5.632629798656961413e-11
5.388703695435413458e-11
5.158702290079208693e-11
4.941587834160525044e-11
4.736230809427757389e-11
4.541669069230313208e-11
4.356916910553945379e-11
4.181178526578637726e-11
4.013656474499618323e-11
3.853689228882090232e-11
3.700605260979808937e-11
3.553879241773045007e-11
3.412950076222401729e-11
3.277375905827920930e-11
3.146722018369800870e-11
3.020609949541319830e-11
2.898729508434633784e-11
2.780752274240673907e-11
2.666465866666257523e-11
2.555605904324762279e-11
2.447987616578528179e-11
2.343466368812065641e-11
2.241921622968018559e-11
2.143236029406943120e-11
2.047342985002896005e-11
1.954141995329206425e-11
1.863630553960711016e-11
1.775759196513237385e-11
1.690519384529329626e-11
1.607884450392429624e-11
1.527862158350262615e-11
1.450456211971644620e-11
1.375646753828010366e-11
1.303427450756139341e-11
1.233836079504450312e-11
1.166846023101800621e-11
1.102448479693176601e-11
1.040617563566515255e-11
9.813624127368032604e-12
9.246225464170850391e-12
8.704096434008119651e-12
8.186473139883837334e-12
7.693274811940683275e-12
7.223574166307148111e-12
6.777152907886685811e-12
6.353270928056033897e-12
5.951374856934720250e-12
5.570763383839156215e-12
5.210556674413564148e-12
4.870387568163466968e-12
4.549143370624361245e-12
4.246415431316369110e-12
3.961071885230369560e-12
3.692661881936075853e-12
3.440310869844882801e-12
3.203165540966909252e-12
2.980665168919501241e-12
2.772086642467219409e-12
2.576534065362523184e-12
2.393570885765917199e-12
2.222437141092683632e-12
2.062420365553838758e-12
1.912956913011175600e-12
1.773483190969297326e-12
1.643400711774784193e-12
1.522157433422922468e-12
1.409212329194892531e-12
1.304069831050699777e-12
1.206203351141219212e-12
1.115275081905281392e-12
1.030786057914373259e-12
9.525048609228277016e-13
8.799917522221076952e-13
8.129170073740113482e-13
7.509005273353676148e-13
6.935976968551642012e-13
6.406591818406537593e-13
5.917611121962624808e-13
5.465947607635768633e-13
5.048758811695961772e-13
4.663412320146331708e-13
4.307477527654086972e-13
3.978709358101985850e-13
3.675034258546856879e-13
3.394536931169472209e-13
3.135448288781969759e-13
2.896134278755682652e-13
2.675085836971344028e-13
2.470908731846749111e-13
2.282315119891543195e-13
2.108115597270731193e-13
1.947211550541398421e-13
1.798588236443361541e-13
1.661308604813755629e-13
1.534506957738627533e-13
1.417383542606972144e-13
1.309199637798222499e-13
1.209272912947434354e-13
1.116973193726903325e-13
1.031718360313623467e-13
9.529707270530830982e-14
8.802337995270377238e-14
8.130487815775338435e-14
7.509918736094495235e-14
6.936716302281143235e-14
6.407265051251924570e-14
5.918225459212305146e-14
5.466512815610025863e-14
5.049277898142963942e-14
4.663888992621963975e-14
4.307915285957786059e-14
3.979111527378616914e-14
3.675403861001205203e-14
3.394876740280627890e-14
3.135760841701121097e-14
2.896421901384637189e-14
2.675350404124802511e-14
2.471152059740626671e-14
2.282539006617698511e-14
2.108321686899114790e-14
1.947401342031079035e-14
1.798763081286418654e-14
1.661469509763496194e-14
1.534655001951692215e-14
1.417519804261318618e-14
1.309325110143602751e-14
1.209388499267173925e-14
1.117079648950993736e-14
1.031816421657846220e-14
9.530610535883997106e-15
8.803168611161730288e-15
8.131251812073499800e-15
7.510621747010530578e-15
6.937363460954641357e-15
6.407860887139979064e-15
5.918774180837692745e-15
5.467018350862998585e-15
5.049743830361276197e-15
4.664318592129550019e-15
4.308311538627541087e-15
3.979477160505049506e-15
3.675741366740251413e-15
3.395188396890046188e-15
3.136048732792150672e-15
2.896687933375424306e-15
2.675596322067734400e-15
2.471379461678982398e-15
2.282749356612116920e-15
2.108516326850734801e-15
1.947581502415671668e-15
1.798929890903345376e-15
1.661623974338247901e-15
1.534797841757822311e-15
1.417651862535121006e-15
1.309447232536866737e-15
1.209501467916555401e-15
1.117184176315787824e-15
1.031913095771881536e-15
9.531504741240283701e-16
8.803995385063106626e-16
8.132014937669508536e-16
7.511326287611940938e-16
