# bin_4_3
3.475622517188063299e-07
3.497548595188000723e-07
3.520330144633475471e-07
3.544001292621546741e-07
3.568596905760201709e-07
3.594151809792200194e-07
3.620701883288762178e-07
3.648285489211192056e-07
3.676944044553744614e-07
3.706720246415115793e-07
3.737655570752648274e-07
3.769792146908193053e-07
3.803176889395195593e-07
3.837860864297023161e-07
3.873894249250650684e-07
3.911325817125534185e-07
3.950207554489914514e-07
3.990597636853908592e-07
4.032554329911510758e-07
4.076135712271161272e-07
4.121403854656945887e-07
4.168423913621170242e-07
4.217260080416835268e-07
4.267981280727203947e-07
4.320663365134472061e-07
4.375376808344294550e-07
4.432194886669164367e-07
4.491204047364307969e-07
4.552484362384392928e-07
4.616115041150176694e-07
4.682188862182558022e-07
4.750801678511250296e-07
4.822036420404810739e-07
4.895993589509580042e-07
4.972787736227655816e-07
5.052504701612868908e-07
5.135271621761721545e-07
5.221184678100990455e-07
5.310371308806959300e-07
5.402946655747621051e-07
5.499027605275298700e-07
5.598760453151499979e-07
5.702249995879693054e-07
5.809664950148325376e-07
5.921107402473470776e-07
6.036762577857535987e-07
6.156744545647658519e-07
6.281230928370533989e-07
6.410375539546937390e-07
6.544336405750392197e-07
6.683296594782154627e-07
6.827414863509635240e-07
6.976882349771506501e-07
7.131874542841255801e-07
7.292594445576094140e-07
7.459228108313976462e-07
7.631972658884313483e-07
7.811041442944090885e-07
7.996633317910345551e-07
8.188983861933036941e-07
8.388290406358260358e-07
8.594804181975790095e-07
8.808722107981020728e-07
9.030314198484380882e-07
9.259787711935218021e-07
9.497420970220694598e-07
9.743449894615958659e-07
9.998136527328255000e-07
1.026174465461210109e-06
1.053452128902397711e-06
1.081671698280246981e-06
1.110862596138484463e-06
1.141047587851697450e-06
1.172259650522556586e-06
1.204524992625965916e-06
1.237864890287227759e-06
1.272314424953364484e-06
1.307895847197064837e-06
1.344639969272227332e-06
1.382571898733173324e-06
1.421717533943649389e-06
1.462102874299555100e-06
1.503754100449192635e-06
1.546696466710996112e-06
1.590952627321876638e-06
1.636543439690471450e-06
1.683493600863708834e-06
1.731826621860542900e-06
1.781556888725074086e-06
1.832700320149502098e-06
1.885272939897113943e-06
1.939290396102440274e-06
1.994767085377256485e-06
2.051709910739483835e-06
2.110121334384442440e-06
2.170009963781767588e-06
2.231374070664627892e-06
2.294212105336827059e-06
2.358511961488164603e-06
2.424263597303069450e-06
2.491455191273137178e-06
2.560071338008816194e-06
2.630080085165381165e-06
2.701452965053863932e-06
2.774155147118342869e-06
2.848142161057217753e-06
2.923366767449118550e-06
2.999775075297202646e-06
3.077295182564975899e-06
3.155861786856815130e-06
3.235397997384207170e-06
3.315819009979969587e-06
3.397047742206291496e-06
3.478971772121675170e-06
3.561469123411840154e-06
3.644400622327870495e-06
3.727587706905834165e-06
3.810899857738007971e-06
3.894190045333153427e-06
3.977290462411555882e-06
4.060013075214154686e-06
4.142155199234313589e-06
4.223516955406940967e-06
4.303866770341903096e-06
4.382956256856440027e-06
4.460527671960837761e-06
4.536316008572457612e-06
4.610042593849990511e-06
4.681418049985678176e-06
4.750128252386804422e-06
4.815846478714937262e-06
4.878227648850529147e-06
4.936912172071605424e-06
4.991525453794433352e-06
5.041689910737599230e-06
5.087042802626592413e-06
5.127263231565139690e-06
5.161927499203466195e-06
5.190331425091302585e-06
5.212039366822873132e-06
5.227140006195323219e-06
5.236028407559913931e-06
5.239294252335458794e-06
5.235933964137914845e-06
5.223941488378815807e-06
5.202266210553227895e-06
5.170890674575069897e-06
5.130279574546214756e-06
5.080716696462089416e-06
5.021325300726320987e-06
4.951511303568879154e-06
4.871905474498482332e-06
4.783801604754919110e-06
4.688591010971425336e-06
4.587040694160963261e-06
4.479366228565495015e-06
4.365608850603823415e-06
4.245883569185452235e-06
4.120652280262853701e-06
3.990832627608849674e-06
3.857741385319974340e-06
3.722970508843175064e-06
3.588244486743652175e-06
3.455188847727452500e-06
3.325130109925014607e-06
3.199092096721634081e-06
3.077988715335859833e-06
2.962570006837297210e-06
2.853661342189984456e-06
2.752328154987726129e-06
2.659254088478286470e-06
2.574645123393600732e-06
2.497822859758732360e-06
2.427551806786078910e-06
2.362482008174472476e-06
2.301311908485566181e-06
2.242597619936379964e-06
2.184595793313356980e-06
2.125224463837486367e-06
2.062188797794805156e-06
1.993228696829039582e-06
1.917156771513227886e-06
1.833870807725216704e-06
1.743624036565032460e-06
1.647173314337545226e-06
1.546998653157773075e-06
1.446655559941523174e-06
1.349408098803774651e-06
1.258588427333735594e-06
1.177444269739786626e-06
1.108228914193877897e-06
1.052220393344354711e-06
1.008125215729218521e-06
9.729214177051423401e-07
9.424311762728703736e-07
9.120269080422311588e-07
8.778011912957148368e-07
8.372588440030155528e-07
7.893975220999362546e-07
7.364946804584373480e-07
6.827293228274693468e-07
6.327956862488447503e-07
5.906339980636748409e-07
5.576267422611353721e-07
5.326206393831929434e-07
5.121323550355846882e-07
4.918232042760933488e-07
4.679366267442599878e-07
4.400036365462395605e-07
4.102378607419211006e-07
3.821345998922808135e-07
3.587311902767835390e-07
3.401085773041660564e-07
3.242108226365147469e-07
3.083048327348924352e-07
2.909753805809610507e-07
2.730737377076913153e-07
2.562500913299018042e-07
2.418948818024218676e-07
2.294670610088736583e-07
2.174359741685748037e-07
2.053990826963115388e-07
1.937671614479817950e-07
1.831349384737143379e-07
1.735909496827016033e-07
1.645766461723084366e-07
1.558642576776832723e-07
1.477505601527098257e-07
1.402813730427572045e-07
1.332650644978585071e-07
1.266556415690904551e-07
1.204863165838202308e-07
1.147264970969466471e-07
1.093272280302102408e-07
1.042484742765670242e-07
9.946680267952319179e-08
9.497014108239668307e-08
9.074468737640333554e-08
8.677265504712685985e-08
8.303564718329506428e-08
7.951281629404772547e-08
7.618695763254879504e-08
7.304064030486179858e-08
7.005826364028622606e-08
6.722590440154052650e-08
6.453025767034923504e-08
6.195977309333031608e-08
5.950358107174366757e-08
5.715255642369942586e-08
5.489773425739084070e-08
5.273162817779531838e-08
5.064618266069887498e-08
4.863563219920087547e-08
4.669426967074929481e-08
4.481693727316781447e-08
4.299859784343818642e-08
4.123600401722386647e-08
3.952547458500768952e-08
3.786433530157310243e-08
3.624997273475922113e-08
3.468037123643342425e-08
3.315448792370006985e-08
3.167122785241717413e-08
3.022843428073201436e-08
2.882711624958334133e-08
2.746606770920079545e-08
2.614532834723936227e-08
2.486486381837410759e-08
2.362464466627612008e-08
2.242421562069867817e-08
2.126435788980248528e-08
2.014445301726087088e-08
1.906536941526145016e-08
1.802642492807170770e-08
1.702779228435235039e-08
1.606921797845156438e-08
1.515068016577181065e-08
1.427120908704812643e-08
1.343116041880981364e-08
1.262933189933611316e-08
1.186547444001872148e-08
1.113846494919867575e-08
1.044729678060880806e-08
9.791471527200131653e-09
9.169784525010730129e-09
8.581358582159243848e-09
8.024615260836823392e-09
7.498985899107591552e-09
7.002951364372041576e-09
6.535451838413880075e-09
6.095042738061804032e-09
5.680933936669388201e-09
5.291613249739978558e-09
4.925936764773675126e-09
4.582901977796215584e-09
4.261373668630954617e-09
3.960024437166430018e-09
3.678210831442798239e-09
3.414549631973279642e-09
3.168184420930070668e-09
2.938029176784880588e-09
2.723304005517143651e-09
2.523176304162954791e-09
2.336692948474800786e-09
2.162975798652700021e-09
2.001264422070689103e-09
1.850818261531371181e-09
1.711067926041535500e-09
1.581171281366208252e-09
1.460764271716272205e-09
1.349360959676990228e-09
1.246412450638733562e-09
1.151319084090029846e-09
1.063477450296862452e-09
9.823378893243208778e-10
9.073891630494308870e-10
8.381588095989796356e-10
7.742104628582240059e-10
7.151410960819316560e-10
6.605784454233035867e-10
6.101786566017182737e-10
5.636241148089422602e-10
5.206214410471946404e-10
4.808996420547708353e-10
4.442084000069209335e-10
4.103165461610097702e-10
3.790104803693305964e-10
3.500928931716339404e-10
3.233815564466142181e-10
2.987081464967798582e-10
2.759171851987994047e-10
2.548651037328887354e-10
2.354192548057989199e-10
2.174571240587444915e-10
2.008655230697853839e-10
1.855398708745975544e-10
1.713835682373432161e-10
1.583073876248705275e-10
1.462289116259242803e-10
1.350720161154424176e-10
1.247663810590805973e-10
1.152470520098522192e-10
1.064540313351796833e-10
9.833189991045752691e-11
9.082946764622267263e-11
8.389945071418193276e-11
7.749817343646402405e-11
7.158529296403710666e-11
6.612354502394996576e-11
6.107850860982042639e-11
5.641838917788497556e-11
5.211381824517748571e-11
4.813766824830456187e-11
4.446488153341835314e-11
4.107231239855534570e-11
3.793858119190341599e-11
3.504393954563484872e-11
3.237014589524065217e-11
2.990035049919923767e-11
2.761898923376910443e-11
2.551168608930748706e-11
2.356516619879948676e-11
2.176716386119016932e-11
2.010635124455411847e-11
1.857226165494527224e-11
1.715522510734345280e-11
1.584630965731772070e-11
1.463726497789350304e-11
1.352047050217098795e-11
1.248888749354223598e-11
1.153601388841440259e-11
1.065584378825249901e-11
9.842829625250785330e-12
9.091847181683005692e-12
8.398163274404200651e-12
7.757405910169097753e-12
7.165536720109081278e-12
6.618825503703619815e-12
6.113826714055428053e-12
5.647357702718218250e-12
5.216478674688946612e-12
4.818474156650550440e-12
4.450835877898827080e-12
4.111246957942121471e-12
3.797567301014472802e-12
3.507820105360488170e-12
3.240179402187259905e-12
2.992958545677570307e-12
2.764599581460905726e-12
2.553663426483416964e-12
2.358820890381121315e-12
2.178844561941627481e-12
2.012600313603210849e-12
1.859040778810298607e-12
1.717198137815941523e-12
1.586178294998872722e-12
1.465155394925100488e-12
1.353366604631314753e-12
1.250107325400414469e-12
1.154726745576162566e-12
