# bin_2_2
9.078351342651785154e-06
9.135129725756136298e-06
9.194117521075748586e-06
9.255399400107119050e-06
9.319064290007076233e-06
9.385202212000256150e-06
9.453905396496762705e-06
9.525268760923441522e-06
9.599395294090240375e-06
9.676394234643867284e-06
9.756377499334030934e-06
9.839457009912896317e-06
9.925747416653901548e-06
1.001537046223444312e-05
1.010844876714460212e-05
1.020511173331297192e-05
1.030549962572940513e-05
1.040975699221285398e-05
1.051802567741773018e-05
1.063045312038680638e-05
1.074719084142971624e-05
1.086839855057925960e-05
1.099425113971762391e-05
1.112492464073996334e-05
1.126059273610884811e-05
1.140143180658634520e-05
1.154762866759101226e-05
1.169939533905504898e-05
1.185694163530455184e-05
1.202046068251637059e-05
1.219016515094397140e-05
1.236629598058164557e-05
1.254908630211027725e-05
1.273876343102194569e-05
1.293557728271675911e-05
1.313978636966170295e-05
1.335165285312376800e-05
1.357145036165769168e-05
1.379944365057716837e-05
1.403593102648009345e-05
1.428121969492846948e-05
1.453559795683411485e-05
1.475152527485683578e-05
1.502414591889444878e-05
1.530679077117964913e-05
1.559979826262690599e-05
1.590351550755494793e-05
1.621829775816777851e-05
1.654450940152132026e-05
1.688252109200237466e-05
1.723271372299213879e-05
1.759548321617505421e-05
1.797121739154849965e-05
1.836033085680904554e-05
1.876323663908958963e-05
1.918034946599261520e-05
1.961210032655024736e-05
2.005892385673011070e-05
2.052125549028858544e-05
2.099954268968035425e-05
2.149423321698262277e-05
2.200578299867595751e-05
2.253464858171720412e-05
2.308129193661595215e-05
2.364616952036202553e-05
2.422974111603278858e-05
2.483246255828153572e-05
2.545479179979198619e-05
2.609718267157956802e-05
2.676007498457094903e-05
2.744390346761132308e-05
2.814909597194883051e-05
2.887606979266920185e-05
2.962522321664332159e-05
3.039694273840675380e-05
3.119159511749311340e-05
3.200952601624034924e-05
3.285105801138339069e-05
3.371648267143348199e-05
3.460606769420788525e-05
3.552004139258034781e-05
3.645860127215987806e-05
3.742189775489815145e-05
3.841003981946386107e-05
3.942309073810821484e-05
4.046105039730117777e-05
4.152386695722836698e-05
4.261142869041749034e-05
4.372355035055088630e-05
4.485996715018631802e-05
4.602034843079637127e-05
4.720427255355157722e-05
4.841122288007056114e-05
4.964059663442370942e-05
5.089166908083128470e-05
5.216362578398910983e-05
5.345553534935829776e-05
5.476635045375707574e-05
5.609486953387197728e-05
5.743974607620974719e-05
5.879948248284097649e-05
6.017242091029796831e-05
6.155674483592010542e-05
6.295046640610988569e-05
6.435138171924958722e-05
6.575709900584162531e-05
6.716500233297587876e-05
6.857229947735116844e-05
6.997603898474096798e-05
7.137309722311526935e-05
7.276012088590713429e-05
7.413351260831803303e-05
7.548942621929704731e-05
7.682377754401779814e-05
7.813222327207756045e-05
7.941018435519519962e-05
8.065282173551573239e-05
8.185507890855383943e-05
8.301163532267761354e-05
8.411695095766759769e-05
8.516527710609401373e-05
8.615061751451899108e-05
8.706666889485536716e-05
8.790696133175620566e-05
8.866506980972803170e-05
8.933502631254312506e-05
8.991144834769755070e-05
9.038930996918296211e-05
9.076305148155717464e-05
9.102635860075644907e-05
9.117244589988559190e-05
9.119559708265797095e-05
9.109027137409560953e-05
9.085107848201463040e-05
9.047060242171957073e-05
8.993934664283244709e-05
8.924947361585917644e-05
8.839766947949363957e-05
8.738614064280083823e-05
8.621924158268443538e-05
8.490203904832371883e-05
8.343949429809132106e-05
8.183896202416476883e-05
8.011085476731663677e-05
7.826767159766471636e-05
7.632155588982195648e-05
7.428390630595334732e-05
7.216632733550326661e-05
6.998229945276214254e-05
6.774805330420710658e-05
6.548284570948512942e-05
6.320822964834837434e-05
6.094690782549378372e-05
5.872137344024612248e-05
5.655293500913540042e-05
5.446066858678481621e-05
5.246052995227623827e-05
5.056483038071105666e-05
4.878237610476679139e-05
4.711787949001331778e-05
4.557234667196502324e-05
4.414187012456645713e-05
4.281691039194651281e-05
4.158144361662571376e-05
4.041365198495631983e-05
3.928782513447224211e-05
3.817696734442891277e-05
3.705416016279317878e-05
3.589467544491099988e-05
3.467666120355258094e-05
3.338398874237625803e-05
3.200885084217871765e-05
3.055388028013902803e-05
2.903410478835930501e-05
2.747451078015069039e-05
2.590871794613403819e-05
2.437478617381583047e-05
2.291217376612118893e-05
2.155569505572856151e-05
2.032982566620968669e-05
1.924529339834148660e-05
1.829847946968080291e-05
1.747128216206151683e-05
1.673376075081758660e-05
1.604866547933686839e-05
1.538031687099029792e-05
1.470014900037609359e-05
1.404286012698672333e-05
1.330737665136008806e-05
1.255554632585491259e-05
1.181123687827420387e-05
1.110203566725441446e-05
1.044364815695689316e-05
9.851012294590946215e-06
9.326230995225316325e-06
8.851194632427339203e-06
8.416473188970041139e-06
8.000246880993404356e-06
7.585471243458756033e-06
7.172218184959783641e-06
6.765225359670709722e-06
6.374084977325200215e-06
6.011680378027853988e-06
5.685197564949763073e-06
5.386400201961782187e-06
5.106379895071583130e-06
4.838875191759945951e-06
4.578546587381867851e-06
4.329211714692598429e-06
4.097312524926705545e-06
3.884090056401985040e-06
3.685394334431272642e-06
3.498697514275680574e-06
3.321437319299348257e-06
3.154445012648875563e-06
2.998473386166363607e-06
2.853058970588825834e-06
2.717065736871904807e-06
2.589037753195699924e-06
2.468739861817240510e-06
2.356076755173991413e-06
2.250351238118423698e-06
2.150974829446790706e-06
2.057470269336508650e-06
1.969452807837725711e-06
1.886469837430286194e-06
1.808119837842602500e-06
1.734058907767889957e-06
1.663970611326362731e-06
1.597581115969262089e-06
1.534608362849885055e-06
1.474742880149565849e-06
1.417729720197968984e-06
1.363294533445616946e-06
1.311219560859762003e-06
1.261298815141639090e-06
1.213328033707987868e-06
1.167154628315096864e-06
1.122609393037206492e-06
1.079585390780643088e-06
1.037939631460401291e-06
9.975847358135469693e-07
9.584214415274685538e-07
9.203567248182044376e-07
8.833508227106377690e-07
8.473330928435565098e-07
8.122532370005473159e-07
7.780846814727291174e-07
7.447970146410246017e-07
7.123617810732098083e-07
6.807694348750450536e-07
6.500042481535993412e-07
6.200732020697868209e-07
5.909735150676206479e-07
5.627001993393567723e-07
5.352659874801970094e-07
5.086711902674814542e-07
4.829248441081573009e-07
4.580320884185993777e-07
4.339934295362415058e-07
4.108199599345579525e-07
3.885059819042061447e-07
3.670565270127832697e-07
3.464665056044860480e-07
3.267343751286779133e-07
3.078466167669340711e-07
2.897942784591632299e-07
2.725662819488156230e-07
2.561511538000102583e-07
2.405282943722089907e-07
2.256776588454803833e-07
2.115811478750961524e-07
1.982158310751221364e-07
1.855618548111181455e-07
1.735895658865227531e-07
1.622788379182663645e-07
1.516018479793866734e-07
1.415344737394984590e-07
1.320509826640936664e-07
1.231275764075396187e-07
1.147386792031171172e-07
1.068563839735150308e-07
9.945970605714834431e-08
9.252277655035294288e-08
8.602417440709114070e-08
7.993905205761014060e-08
7.424780490050435837e-08
6.892517205193573782e-08
6.395417380260463685e-08
5.931332238613307804e-08
5.498306348287398192e-08
5.094619989329451091e-08
4.718501556957366366e-08
4.368147508492891822e-08
4.042166380227457954e-08
3.738968877836252949e-08
3.457266238293266946e-08
3.195804171594030220e-08
2.953141734344094882e-08
2.728337235252497438e-08
2.520169319753778880e-08
2.327512517328723957e-08
2.149498423637672311e-08
1.985066249946637933e-08
1.833200513187918176e-08
1.692953247523262916e-08
1.563433681581671014e-08
1.443822740648722319e-08
1.333363100614053754e-08
1.231354517370748113e-08
1.137150318895597876e-08
1.050153239615606705e-08
9.698115418988335234e-09
8.956165398726283182e-09
8.270977760095355996e-09
7.638209674451411060e-09
7.053851253818386871e-09
6.514198914039031122e-09
6.015832350401267199e-09
5.555592919327970370e-09
5.130563652349170232e-09
4.738050804615936277e-09
4.375566694250855481e-09
4.040813955213405740e-09
3.731670993276818366e-09
3.446178536456281219e-09
3.182527214665780022e-09
2.939046089842292075e-09
2.714192063798742371e-09
2.506540096632122495e-09
2.314774222860866643e-09
2.137679173845744470e-09
1.974132811181367349e-09
1.823098902237910783e-09
1.683620138974628801e-09
1.554812431898656818e-09
1.435859421220484049e-09
1.326007227366874545e-09
1.224559600994673556e-09
1.130873496904680556e-09
1.044355062564425353e-09
9.644558873295715623e-10
8.906695246732795192e-10
8.225282806315053949e-10
7.596002480809524769e-10
7.014865834066804765e-10
6.478189879121217818e-10
5.982572979034687866e-10
5.524873727316370948e-10
5.102191065653707216e-10
4.711845919175299731e-10
4.351364241557874352e-10
4.018461244938591105e-10
3.711026949232882021e-10
3.427112816278892359e-10
3.164919395840045297e-10
2.922784917133853102e-10
2.699174753503970225e-10
2.492671693395005367e-10
2.301966955910815029e-10
2.125851953453435223e-10
1.963210559941224836e-10
1.813012236031788604e-10
1.674305248659566708e-10
1.546210384844555896e-10
1.427915662079174996e-10
1.318670774847491052e-10
1.217784083425664887e-10
1.124614689651326247e-10
1.038573333159443837e-10
9.591149036819448128e-11
8.857357157957334781e-11
8.179706289389137345e-11
7.553900955965491370e-11
6.975974372491574381e-11
6.442263486328294028e-11
5.949385685746256631e-11
5.494216794414768340e-11
5.073871658732494322e-11
4.685685878205192841e-11
4.327198936059356893e-11
3.996138618808913137e-11
3.690406532401797184e-11
3.408064837254527414e-11
3.147323967997860534e-11
2.906531286768710211e-11
2.684160604971368172e-11
2.478802507018798072e-11
2.289155235386560633e-11
2.114017170870299316e-11
1.952225322843512779e-11
1.802864352177515502e-11
1.662836471891028375e-11
1.535616235969946697e-11
1.390447901593202121e-11
1.284067844319517131e-11
1.091546891574473784e-11
1.008035986801391447e-11
7.896058229389054224e-12
7.291891557389236348e-12
