# bin_3_1
3.140124318112925952e-12
3.159759376582828177e-12
3.180157664688000475e-12
3.201350990167215663e-12
3.223371381770705365e-12
3.246247982475385351e-12
3.270009629482805066e-12
3.294688572806810128e-12
3.320324587727499261e-12
3.346958311055420284e-12
3.374624100217227360e-12
3.403355400424296318e-12
3.433193936573395838e-12
3.464189463136980869e-12
3.496385202739402736e-12
3.529817930025471604e-12
3.564532337897552469e-12
3.600585769591217126e-12
3.638030323467493005e-12
3.676913910217860962e-12
3.717283769482881663e-12
3.759195176910059411e-12
3.802715040921160590e-12
3.847907084720012209e-12
3.894824035493307157e-12
3.943525924663173034e-12
3.994083610620750204e-12
4.046569847666999794e-12
4.101049112116231081e-12
4.157589438470112350e-12
4.216274340882985585e-12
4.277178471754075507e-12
4.340385825695920883e-12
4.405981878495433881e-12
4.474045176126997180e-12
4.544658531018249180e-12
4.617913483353155831e-12
4.693914289493139538e-12
4.772753741021906010e-12
4.854524542526881992e-12
4.939341437735856593e-12
5.027302540071677914e-12
5.118499528859395909e-12
5.213074501822096220e-12
5.311118068671152873e-12
5.412735875901471628e-12
5.518090145161997557e-12
5.627271425600999350e-12
5.740413474982271920e-12
5.857641965121759444e-12
5.979102220282144994e-12
6.104939885916407925e-12
6.235264108080836228e-12
6.370207911411360623e-12
6.509945202592610423e-12
6.654585477673499473e-12
6.804302352197167543e-12
6.959233054107158705e-12
7.119559305511056508e-12
7.285415892056613584e-12
7.456927938179493567e-12
7.634299017671069647e-12
7.817636772417332459e-12
8.007140552130147257e-12
8.203003341117333916e-12
8.405291337013216718e-12
8.614199722568418611e-12
8.829914073872289298e-12
9.052556443044934064e-12
9.282305571200009538e-12
9.519269473447012615e-12
9.763628394523868409e-12
1.001551956445647710e-11
1.027505889335720473e-11
1.054242272941186330e-11
1.081768354812854914e-11
1.110097287676410902e-11
1.139239228067537281e-11
1.169205296334192702e-11
1.200007537726037245e-11
1.231648520946138657e-11
1.264137011210766431e-11
1.297475779443300166e-11
1.331669595508055108e-11
1.366720727493728364e-11
1.402632007975695091e-11
1.439389686218711741e-11
1.476995286938451370e-11
1.515443623271799420e-11
1.554732658799095815e-11
1.594832892618969044e-11
1.635743115602685487e-11
1.677435213158271455e-11
1.719893455984597597e-11
1.763088328559682823e-11
1.806997137558363326e-11
1.851565170669180870e-11
1.896779689046873530e-11
1.942582199671300686e-11
1.988931233288742071e-11
2.035790525149529912e-11
2.083090778139855109e-11
2.130792097933311264e-11
2.178761915081003956e-11
2.226940621646301137e-11
2.275241222094530731e-11
2.323600003862925700e-11
2.371900295910755692e-11
2.420043438334508008e-11
2.467933937851514902e-11
2.515436047813328840e-11
2.562428332973008798e-11
2.608766670825727328e-11
2.654319932619545112e-11
2.698923045106212127e-11
2.742424852780171885e-11
2.784638433762232904e-11
2.825420962202041669e-11
2.864556405694877525e-11
2.901852456121876957e-11
2.937125395245172410e-11
2.970141177549432097e-11
3.000663324837434615e-11
3.028493110780170027e-11
3.053402460048132240e-11
3.075280995525238896e-11
3.093799675524886871e-11
3.108269697141848354e-11
3.118755566471337211e-11
3.125460172269435189e-11
3.128628200847609570e-11
3.129176579360869939e-11
3.125089180976861506e-11
3.115119897969787717e-11
3.099389313598423345e-11
3.077860146901817613e-11
3.051225496052696321e-11
3.019605851269786785e-11
2.981469347853002643e-11
2.937052322714805091e-11
2.887105740426774394e-11
2.832435627386555143e-11
2.774083965162810245e-11
2.712063013106012893e-11
2.646486347940488738e-11
2.577276326788464569e-11
2.504471432186824078e-11
2.428534654933667682e-11
2.349972561445264462e-11
2.269813237044588453e-11
2.188941538155617941e-11
2.108482344188026646e-11
2.029378128127276374e-11
1.952318035164573058e-11
1.877832416710360936e-11
1.806479061197817602e-11
1.738596244917736380e-11
1.674660931986113750e-11
1.615550292666436176e-11
1.561507470795834376e-11
1.512672427810600871e-11
1.468358155187010593e-11
1.427726211361368288e-11
1.389943842967822486e-11
1.354399184601148997e-11
1.320067470699444904e-11
1.286139696620745054e-11
1.250988826637943702e-11
1.213461760338552835e-11
1.171855273051217160e-11
1.125887359138494070e-11
1.075760340206716764e-11
1.021636521784346850e-11
9.633321575168737264e-12
9.035497050182443746e-12
8.441896289721248216e-12
7.871878038250876286e-12
7.343695644056724882e-12
6.879644405344584859e-12
6.489374996355970824e-12
6.185893323793132490e-12
5.948088019242297087e-12
5.763667773452340777e-12
5.597966156008534174e-12
5.426079257859230620e-12
5.224206389556295420e-12
4.977935713734863969e-12
4.682496685852461396e-12
4.358920131501256964e-12
4.035332488030405086e-12
3.742027656886861641e-12
3.506327332348627058e-12
3.324377742883830956e-12
3.196724352883462981e-12
3.086242731846022149e-12
2.970823652762691303e-12
2.822997430650356982e-12
2.647117250009441250e-12
2.462923145413446245e-12
2.293548129663312073e-12
2.165482816432356639e-12
2.062265248198939364e-12
1.976616599455941510e-12
1.883064573412869890e-12
1.773992252045414983e-12
1.665075505403479235e-12
1.564611845233366865e-12
1.486089039739426952e-12
1.417501635778283437e-12
1.345191301604058092e-12
1.273440897920677551e-12
1.203737217813737255e-12
1.142092942586930862e-12
1.088715869540465252e-12
1.035690973263511372e-12
9.835032940952688255e-13
9.365416615990752224e-13
8.933330546550858569e-13
8.518415239897143005e-13
8.128600446176900027e-13
7.766215838326650520e-13
7.426384375085293518e-13
7.106483095749787281e-13
6.804161961533881803e-13
6.518375220414123012e-13
6.248713932179749782e-13
5.994342685958881758e-13
5.754112365438761232e-13
5.526819101808254944e-13
5.311294111416728461e-13
5.106466647945777561e-13
4.911378114620283974e-13
4.725104079132023291e-13
4.546872685963486696e-13
4.375841251566555556e-13
4.211587974063211769e-13
4.053326708988984308e-13
3.900615709155271406e-13
3.752984258024606914e-13
3.610022134039298785e-13
3.471355903371209543e-13
3.336677272780615970e-13
3.205716504837365849e-13
3.078171131227484517e-13
2.953995600139440941e-13
2.832852230035675502e-13
2.714768439876264283e-13
2.599536441310363277e-13
2.487141916297941254e-13
2.377567248526665983e-13
2.270740727966587483e-13
2.166637411955607484e-13
2.065340390006707620e-13
1.966881319542178715e-13
1.871186549149913749e-13
1.778386635444899188e-13
1.688477561868234998e-13
1.601496983649336893e-13
1.517445612153856825e-13
1.436349071167400505e-13
1.358286710587133455e-13
1.283200739071232801e-13
1.211116112659707726e-13
1.141999149290484411e-13
1.075884125157323138e-13
1.012670630323600958e-13
9.523434837365618702e-14
8.948576642982930240e-14
8.401862318488372105e-14
7.882276402142680621e-14
7.388809653242931447e-14
6.921208147202070355e-14
6.478662312058873934e-14
6.060020833693702249e-14
5.664261509630381894e-14
5.291165728769786574e-14
4.939229316541611268e-14
4.607681367616584285e-14
4.295822145164212822e-14
4.002639771997161300e-14
3.727252694826596026e-14
3.468783006625358857e-14
3.226531413816030590e-14
2.999633017483865311e-14
2.787143733220719853e-14
2.588370818841406676e-14
2.402770350972131880e-14
2.229167911372402097e-14
2.067272853382466394e-14
1.916214686480714062e-14
1.775424050330155984e-14
1.644197824394278766e-14
1.522120070201003216e-14
1.408387731708962005e-14
1.302637485728870894e-14
1.204333062273449944e-14
1.112973688637151184e-14
1.028103958701526469e-14
9.494221229100467882e-15
8.768427645711173888e-15
8.097694582337320719e-15
7.478117362057205471e-15
6.905982766147877567e-15
6.377631182547720210e-15
5.889704792938135477e-15
5.439107918273876615e-15
5.022984562787557738e-15
4.638698898875855481e-15
4.283814597467273362e-15
3.956081844484020919e-15
3.653423076358869264e-15
3.373919757637122416e-15
3.115800189129665767e-15
2.877428258573105058e-15
2.657293057291926573e-15
2.453999294372967764e-15
2.266258446138965415e-15
2.092880583990530685e-15
1.932766828319285916e-15
1.784902380348586036e-15
1.648350087529267170e-15
1.522244501565058856e-15
1.405786391305130699e-15
1.298237675650790322e-15
1.198916744303442091e-15
1.107194136651110720e-15
1.022488551370037651e-15
9.442631614203191193e-16
8.720222110552698967e-16
8.053078732557293911e-16
7.436973476540358593e-16
6.868001805394773259e-16
6.342557899465671421e-16
5.857311801291672353e-16
5.409188309253996479e-16
4.995347486279874622e-16
4.613168074816843783e-16
4.260229404906591882e-16
3.934294059381193778e-16
3.633295838139668131e-16
3.355326660565051051e-16
3.098624462927660464e-16
2.861562022353514574e-16
2.642636636399098850e-16
2.440460592710713831e-16
2.253752368265518567e-16
2.081328502326345597e-16
1.922096091522060010e-16
1.775045859416763900e-16
1.639245756579771210e-16
1.513835050537952518e-16
1.398018868102500299e-16
1.291063155435360987e-16
1.192290023872817842e-16
1.101073451973143154e-16
1.016835316517059198e-16
9.390417272779208688e-17
8.671996423072278954e-17
8.008537422616291890e-17
7.395835439419026005e-17
6.830007347328319372e-17
6.307467110348907159e-17
5.824903050732560583e-17
5.379256856653630880e-17
4.967704196319173734e-17
4.587636821085087558e-17
4.236647681979645503e-17
3.912513175023612153e-17
3.613178424854406264e-17
3.336745814628456004e-17
3.081462948728337997e-17
2.845711537096396049e-17
2.627997130608124742e-17
2.426939642307851580e-17
2.241264594322189614e-17
2.069795034877727715e-17
1.911444074107228115e-17
1.765207991259223568e-17
1.630159869556292435e-17
1.505443718298625965e-17
1.390269044904455442e-17
1.283905842436657631e-17
1.185679960803502733e-17
1.094968832257907010e-17
1.011197524069676608e-17
9.338350933222930898e-18
8.623912207044329492e-18
7.964131019374973243e-18
7.354825771161062528e-18
6.792134797489209862e-18
6.272491886816206771e-18
5.792603673718070669e-18
5.349428761746670090e-18
4.940158443962896925e-18
4.562198898855658992e-18
4.213154795518340606e-18
3.890815779899311031e-18
3.593139399930798366e-18
0.000000000000000000e+00
0.000000000000000000e+00
