# bin_1_1
3.660122864329892571e-05
3.682566275564574080e-05
3.705875264293532421e-05
3.730082383939045015e-05
3.755221434995282192e-05
3.781327505817243142e-05
3.808436809421573554e-05
3.836586556372855703e-05
3.865815557293686552e-05
3.896164210777114406e-05
3.927673997701532625e-05
3.960387770363348037e-05
3.994349744513749084e-05
4.029606157353630373e-05
4.066204492408310111e-05
4.104193610316248994e-05
4.143624186098007007e-05
4.184548957665590476e-05
4.227021696381452932e-05
4.271098231472512274e-05
4.316836307661705440e-05
4.364295260171985677e-05
4.413536317382333408e-05
4.464622801627438569e-05
4.517619790551288936e-05
4.572594323968403863e-05
4.629615431916396593e-05
4.688754205768298723e-05
4.750083722778573886e-05
4.813679066089726968e-05
4.879617658932311187e-05
4.947978803674464907e-05
5.018843948474375094e-05
5.092296802085987290e-05
5.168422695683065697e-05
5.247309600384033202e-05
5.329047350452771462e-05
5.413727552933631919e-05
5.501444428882702032e-05
5.592293227514047937e-05
5.686372114542363065e-05
5.783780137493205274e-05
5.884619098952687249e-05
5.988991552466374583e-05
6.097002485381820938e-05
6.208757570048345031e-05
6.324364625199538966e-05
6.443931967474255296e-05
6.567569058428886122e-05
6.695386260844114594e-05
6.827494203353648135e-05
6.964004371969202819e-05
7.105027933708195429e-05
7.250675893857368864e-05
7.401058765402155899e-05
7.556286510682739426e-05
7.716466872870279261e-05
7.881706592438155541e-05
8.052110605351132033e-05
8.227780061377991470e-05
8.408814306392717211e-05
8.595309140493994076e-05
8.787355330462811144e-05
8.985039363367363220e-05
9.188442535292748448e-05
9.397638734394867335e-05
9.612695848212982693e-05
9.833673487815713520e-05
1.006062230543593714e-04
1.029358447566900309e-04
1.053259082615874665e-04
1.077766083571168046e-04
1.102880091064589935e-04
1.128600420752495754e-04
1.154924885228915442e-04
1.181849788918937916e-04
1.209369637713725049e-04
1.237477085586514015e-04
1.266162652383926866e-04
1.295414602545184152e-04
1.325218724861623113e-04
1.355558293228245376e-04
1.386414012331373753e-04
1.417763799825255938e-04
1.449582709485966925e-04
1.481842682077620600e-04
1.514512269660158708e-04
1.547556063827501018e-04
1.580934757776855789e-04
1.614604768315787409e-04
1.648518588533146500e-04
1.682624529286190040e-04
1.716866361323679145e-04
1.751183166430967384e-04
1.785508803027527336e-04
1.819771751800283298e-04
1.853895368456173005e-04
1.887797802433650916e-04
1.921392120717387757e-04
1.954586102347749814e-04
1.987281418864494606e-04
2.019373755352975352e-04
2.050753063636363480e-04
2.081303276255028190e-04
2.110901174430146910e-04
2.139416797370068514e-04
2.166715998161406441e-04
2.192663908154413943e-04
2.217128185386180378e-04
2.239974179607541179e-04
2.261060869200674230e-04
2.280231081813096901e-04
2.297315861305036973e-04
2.312145340032742836e-04
2.324559422668601692e-04
2.334409556088559495e-04
2.341563688476097215e-04
2.345885069033792274e-04
2.347225766139130908e-04
2.345432023033985685e-04
2.340359601981202651e-04
2.331892729048251958e-04
2.319956160630307529e-04
2.304482737831322194e-04
2.285392274029517362e-04
2.262593931790515215e-04
2.236027632255669392e-04
2.205720058030084796e-04
2.171794304527657597e-04
2.134434539539580651e-04
2.093848431202044707e-04
2.050254467928633772e-04
2.003902234252827753e-04
1.955092949699693903e-04
1.904171044767324851e-04
1.851504175403650228e-04
1.797467441144321506e-04
1.742445127798451364e-04
1.686841124654207109e-04
1.631080202687734465e-04
1.575600141142466664e-04
1.520838300004578902e-04
1.467213875471608058e-04
1.415113298160187690e-04
1.364874091010497990e-04
1.316764530051788918e-04
1.270963605067131498e-04
1.227547964090861779e-04
1.186488953334805115e-04
1.147668600331601586e-04
1.110891009737388711e-04
1.075898519256547392e-04
1.042368048956776518e-04
1.009918198759348934e-04
9.781358122609717931e-05
9.474352802294228894e-05
9.157049482593881528e-05
8.834788551134949467e-05
8.506077488074122585e-05
8.164746807246419681e-05
7.821487590408050155e-05
7.471457567887085534e-05
7.118065179297303484e-05
6.761589496186329415e-05
6.408526796632983756e-05
6.062654924862611873e-05
5.729290753510316508e-05
5.413249721078562850e-05
5.118126281659249414e-05
4.846434405323788743e-05
4.598941934690790260e-05
4.377458727768065327e-05
4.172600874799341848e-05
3.983981559696881633e-05
3.805086408581381596e-05
3.632994537749359811e-05
3.461424802463998788e-05
3.291452136987071475e-05
3.119537870797297604e-05
2.952763352700016111e-05
2.787473897021321156e-05
2.633330714908991459e-05
2.486041945190211504e-05
2.350854762831542223e-05
2.225796407541505079e-05
2.108861249232589591e-05
2.002936125442367432e-05
1.899627452152868062e-05
1.804491347360069107e-05
1.709539346807472298e-05
1.618407228102428815e-05
1.531012244064156334e-05
1.447016536643715445e-05
1.371045135791365453e-05
1.299820436216969697e-05
1.234206387754924761e-05
1.172373889598533420e-05
1.112981861945091760e-05
1.056663481971193963e-05
1.003236260030102168e-05
9.537961837288616674e-06
9.077306749158156428e-06
8.646815208909550815e-06
8.240127091167024956e-06
7.855768990451453932e-06
7.495549477483907670e-06
7.158266968777096998e-06
6.841185581342288483e-06
6.543794189057803986e-06
6.263231469309698258e-06
5.998988917017683508e-06
5.750119773043566986e-06
5.515321467814176961e-06
5.293301294858160029e-06
5.083215126570200465e-06
4.884156851377931742e-06
4.695123786524588515e-06
4.515347209748965415e-06
4.344058315231202015e-06
4.180587662971564338e-06
4.024315472669450755e-06
3.874615366066254256e-06
3.730884212219740298e-06
3.592623395345668613e-06
3.459328284087612181e-06
3.330583676245372743e-06
3.205996111165264032e-06
3.085228340475959684e-06
2.967999483885546402e-06
2.854052567500757313e-06
2.743183420080841085e-06
2.635202946227372103e-06
2.529956763186712202e-06
2.427334431309929459e-06
2.327235003862808464e-06
2.229598197859071328e-06
2.134335305808174148e-06
2.041454317059593899e-06
1.950916401764415388e-06
1.862709115135886002e-06
1.776860963148278666e-06
1.693365099185146882e-06
1.612256784731228872e-06
1.533541659442058279e-06
1.457247183163182328e-06
1.383394601710054765e-06
1.312001444583049669e-06
1.243086106574197288e-06
1.176679606535291179e-06
1.112734919561261489e-06
1.051289053370129884e-06
9.923266496976362536e-07
9.358395766833075052e-07
8.817753143837967632e-07
8.301265082951859210e-07
7.808355705804565050e-07
7.338798246861065882e-07
6.891827579160547272e-07
6.467212380475621186e-07
6.064161394186057174e-07
5.681982482266411514e-07
5.320119394778730693e-07
4.977726334873321066e-07
4.654284617118441944e-07
4.349057974066031000e-07
4.061112556409803521e-07
3.789929600747636524e-07
3.534738248559315075e-07
3.294763708831172098e-07
3.069298390733192326e-07
2.857687617359740663e-07
2.659215912622561598e-07
2.473215909063738697e-07
2.299017850620273530e-07
2.136049743720325911e-07
1.983655805237256091e-07
1.841210321304759444e-07
1.708235830109864319e-07
1.584106863992536126e-07
1.468379168117275758e-07
1.360506654352112533e-07
1.260040261510792677e-07
1.166548986567904940e-07
1.079566733478140390e-07
9.986992223086510498e-08
9.236051666378531690e-08
8.538812340183581122e-08
7.892168142703818958e-08
7.292806119931778373e-08
6.737619662496322603e-08
6.223841217890504834e-08
5.748660545246238895e-08
5.309438336808555742e-08
4.903604523253315677e-08
4.528785620970571257e-08
4.182592608282611389e-08
3.862859846825990934e-08
3.567561455531590269e-08
3.294833519248334950e-08
3.042955371106080787e-08
2.810332307644093234e-08
2.595492475619812535e-08
2.397076417280848975e-08
2.213828668718941731e-08
2.044589579083603635e-08
1.888288174550988722e-08
1.743935372146136984e-08
1.610617718397903917e-08
1.487491507293797257e-08
1.373777663066856519e-08
1.268756682493858399e-08
1.171764004455090935e-08
1.082186099860729048e-08
9.994561290285748329e-09
9.230504020733924727e-09
8.524854691052230391e-09
7.873148362120191694e-09
7.271261538748005283e-09
6.715386641807366719e-09
6.202006538663710879e-09
5.727872645323691580e-09
5.289985638447714791e-09
4.885575045943950546e-09
4.512081451316511341e-09
4.167141133859534589e-09
3.848571113163018576e-09
3.554355388338394385e-09
3.282632031767835942e-09
3.031681454817619070e-09
2.799915546604609094e-09
2.585867632017150518e-09
2.388183178759440031e-09
2.205611372804802676e-09
2.036996941798121817e-09
1.881272809987860260e-09
1.737453489766031000e-09
1.604628842609670949e-09
1.481958317211866233e-09
1.368665628297075583e-09
1.264033842410579431e-09
1.167400839546009304e-09
1.078155121861389749e-09
9.957319429331075836e-10
9.196097337616715904e-10
8.493068031762010333e-10
7.843782827612287917e-10
7.244133145077122117e-10
6.690324693152635658e-10
6.178853816332048599e-10
5.706484056187102299e-10
5.270226193283272681e-10
4.867320484124755530e-10
4.495217446069271671e-10
4.151562014632244665e-10
3.834179205963184784e-10
3.541060357448432074e-10
3.270350453081264244e-10
3.020336242886465499e-10
2.789435462446018955e-10
2.576186829453483647e-10
2.379240806369318833e-10
2.197351044236208790e-10
2.029366652242446378e-10
1.874224594989735581e-10
1.730943027514503490e-10
1.598615178191153377e-10
1.476403607645660851e-10
1.363534906795580940e-10
1.259294800422356695e-10
1.163023625250051451e-10
1.074112153877222141e-10
9.919977381040137864e-11
9.161607472203421915e-11
8.461212797119778405e-11
7.814361262419792720e-11
7.216765954408527979e-11
6.665048568906662698e-11
6.155508457611282499e-11
5.641479385218932290e-11
5.210183121509473779e-11
4.606440196526144697e-11
4.254246405022542123e-11
3.928982013907559567e-11
3.402745737024912792e-11
3.142561687446927211e-11
2.902271906691708229e-11
2.312137158073189086e-11
2.135324983594328650e-11
1.472308763210444412e-11
1.359713795962667383e-11
8.139034501521259946e-12
7.516513040123543045e-12
2.806768593694322789e-12
2.592052135126979239e-12
2.749904443126462698e-13
2.539476423847949913e-13
4.543406084333045832e-15
4.196013217646956042e-15
0.000000000000000000e+00
2.564763093239013818e-31
