# bin_3_3
4.277921248051871604e-06
4.304854747460741374e-06
4.332839268264333549e-06
4.361915693372518921e-06
4.392126189020128760e-06
4.423514020246205916e-06
4.456123700976898758e-06
4.490002199441920204e-06
4.525198813965876042e-06
4.561764511827139325e-06
4.599752008236832916e-06
4.639216094222127322e-06
4.680213115533412145e-06
4.722799952783938048e-06
4.767036852515348091e-06
4.812988268373775017e-06
4.860722304735944065e-06
4.910305944533232425e-06
4.961804101100901980e-06
5.015289937883855476e-06
5.070844397081062554e-06
5.128547472422477531e-06
5.188472646577471959e-06
5.250702860921408553e-06
5.315331769245462633e-06
5.382449846074701632e-06
5.452143217488069099e-06
5.524512365012409950e-06
5.599659458087461276e-06
5.677683611217280705e-06
5.758695106677025234e-06
5.842804026118384906e-06
5.930122210494458952e-06
6.020776042696355249e-06
6.114875595170976336e-06
6.212558056372705430e-06
6.313956225162378702e-06
6.419184084797093324e-06
6.528416113172337685e-06
6.641765668785422375e-06
6.759392408275056604e-06
6.881464075896488142e-06
7.008111321594562667e-06
7.139524937518465622e-06
7.275859307828415122e-06
7.417289245400244205e-06
7.564005987195480522e-06
7.716178391003607499e-06
7.874010476875878452e-06
8.037691130465198059e-06
8.207421582907136834e-06
8.383414924724550706e-06
8.565877833862326092e-06
8.755028173521260321e-06
8.951099823523620986e-06
9.154300519552030475e-06
9.364896988309440182e-06
9.583092184194081731e-06
9.809172238498342855e-06
1.004335160319709370e-05
1.028592053412201278e-05
1.053712042896176469e-05
1.079722376596804713e-05
1.106651447106638232e-05
1.134524772491945440e-05
1.163371948908188095e-05
1.193221449029827304e-05
1.224098861335301906e-05
1.256039528975101013e-05
1.289064140690028458e-05
1.323210243607469630e-05
1.358503778643405273e-05
1.394972616115159853e-05
1.432651834293158358e-05
1.471565621989666833e-05
1.511745799889595079e-05
1.553220940411042508e-05
1.596020369846960074e-05
1.640170554876215625e-05
1.685698971663157920e-05
1.732634380406706352e-05
1.780999844489844660e-05
1.830819671189313772e-05
1.882120048988421756e-05
1.934920485589392691e-05
1.989240865851742805e-05
2.045100284112661023e-05
2.102514469441566216e-05
2.161501101304903619e-05
2.222069187104417401e-05
2.284226229099742622e-05
2.347983190160726636e-05
2.413341204011837168e-05
2.480297560128747055e-05
2.548847594249495965e-05
2.618985646405754171e-05
2.690699730798805771e-05
2.763970190933673867e-05
2.838770271477381586e-05
2.915079594175479027e-05
2.992862733616426691e-05
3.070200777816772288e-05
3.150741143772823569e-05
3.232608075681182310e-05
3.315739320787468856e-05
3.400064979078106409e-05
3.485507992969004784e-05
3.571984598526536275e-05
3.659401802988155195e-05
3.747652873818992097e-05
3.836617283831976542e-05
3.926158965980990089e-05
4.016129394627166485e-05
4.106367628010625256e-05
4.196705704564385008e-05
4.286969457962567321e-05
4.376972894359167966e-05
4.466514968410772622e-05
4.555375463888174093e-05
4.643320906585624160e-05
4.730101060247117825e-05
4.815450714964037798e-05
4.899089354808280547e-05
4.980722496429479808e-05
5.060041619974684342e-05
5.136720322003566634e-05
5.210416249405720572e-05
5.280770853965563552e-05
5.347407537539759082e-05
5.409937203390275377e-05
5.467966443284683206e-05
5.521093562742135228e-05
5.568888726582859770e-05
5.610890179895393093e-05
5.646651878198104198e-05
5.675811192651485104e-05
5.698146485143015078e-05
5.713552703295644186e-05
5.721886388480584699e-05
5.722790226299190574e-05
5.715649825747949836e-05
5.699637228117848090e-05
5.673927957401242564e-05
5.638011390376836064e-05
5.591699929342658950e-05
5.534949691913636086e-05
5.467782979287004160e-05
5.390308974028332857e-05
5.302917484678485398e-05
5.206420191963694359e-05
5.101785552028701489e-05
4.989813094387105750e-05
4.875230180205037506e-05
4.749916850557725593e-05
4.618538087983016998e-05
4.481730617688767769e-05
4.340534321067517331e-05
4.196279609348245226e-05
4.050522358203388125e-05
3.904925861401372685e-05
3.761097727392941835e-05
3.620470057728882284e-05
3.484231212555535795e-05
3.353438375653325240e-05
3.229041958172081892e-05
3.111928800967905145e-05
3.002872812427076775e-05
2.902259342400735271e-05
2.810057769228162396e-05
2.725706214571545707e-05
2.648211955413609669e-05
2.576168099576148682e-05
2.508021430098713962e-05
2.442060514184168259e-05
2.376302816582118971e-05
2.308603320420094023e-05
2.237021059692085741e-05
2.159790741887521537e-05
2.075751208868467675e-05
1.984494692787432352e-05
1.886594969087151952e-05
1.783675317854908004e-05
1.678020094200830442e-05
1.572690152021614983e-05
1.471078706843890106e-05
1.376495986120388709e-05
1.291857707220275609e-05
1.218856254160487219e-05
1.157876882378409425e-05
1.107750002590063300e-05
1.065721985501612489e-05
1.028087665241806890e-05
9.908420688498086238e-06
9.505359488324731341e-06
9.084380879007913399e-06
8.585010472316984977e-06
8.044551671491118749e-06
7.482669088989239663e-06
6.981763138430785411e-06
6.542702497151631716e-06
6.176717797734923643e-06
5.873708046733625345e-06
5.608269807359436320e-06
5.353606245292197115e-06
5.107665762009142372e-06
4.816354573677081316e-06
4.512460674397632694e-06
4.234002841066041535e-06
3.981507976545114028e-06
3.760408878261661018e-06
3.564443178417421914e-06
3.379528150937016480e-06
3.196876661193786932e-06
3.017402065292014906e-06
2.845051393599959206e-06
2.684869295145037892e-06
2.538504612453288121e-06
2.403749381421577025e-06
2.276274290935454119e-06
2.154282107212810528e-06
2.039201887477921464e-06
1.932033450176100999e-06
1.832644105770919248e-06
1.739593461082564255e-06
1.651804824406216180e-06
1.569374975696393562e-06
1.492558448651093210e-06
1.420767154664839001e-06
1.353374744388705436e-06
1.290174505347481821e-06
1.230897523056427381e-06
1.175206094268000449e-06
1.122786853646336038e-06
1.073429754736457566e-06
1.026934591508904253e-06
9.831385509668233463e-07
9.418407415657318328e-07
9.028393128258269966e-07
8.659430068245175235e-07
8.309658346931643411e-07
7.977344988001903261e-07
7.661054692843771216e-07
7.359357242342843479e-07
7.070955203990097194e-07
6.794783221894708360e-07
6.529692395141748819e-07
6.274885414612631907e-07
6.029455023891408837e-07
5.792691744775762270e-07
5.563910753620410489e-07
5.342526152479895080e-07
5.127991444114920513e-07
4.919887432062690861e-07
4.717805032329439385e-07
4.521408305567086101e-07
4.330433212774416664e-07
4.144685147236467045e-07
3.963960731506980915e-07
3.788132093452196952e-07
3.617079340588977453e-07
3.450802526159875366e-07
3.289240999813396060e-07
3.132306025277677730e-07
2.980069050721051114e-07
2.832541670614526375e-07
2.689725924947284242e-07
2.551551017057390437e-07
2.418189601913672588e-07
2.289521278862439372e-07
2.165615090764368317e-07
2.046461470512053342e-07
1.932022507248635510e-07
1.822267499585523229e-07
1.717219945913821634e-07
1.616744038211966706e-07
1.520816802675792454e-07
1.429386623485194073e-07
1.342310969373392956e-07
1.259523011480694012e-07
1.180922279681331410e-07
1.106377544254421721e-07
1.035766448797967977e-07
9.689420434794422663e-08
9.058033291995910357e-08
8.462031478953425988e-08
7.899849357452700834e-08
7.370241526363879679e-08
6.871824881470858837e-08
6.403185019038796520e-08
5.962866152974579905e-08
5.549512380577925754e-08
5.161950811617263700e-08
4.798795139881510715e-08
4.458685668167605665e-08
4.140517496503211624e-08
3.843113270113681361e-08
3.565239358586341744e-08
3.305914111819775716e-08
3.064065493081591266e-08
2.838423252451859380e-08
2.628321173057132240e-08
2.432704137844810694e-08
2.250596900490740437e-08
2.081348996502110924e-08
1.924033182216631170e-08
1.777947233189093929e-08
1.642550570852366996e-08
1.517194497701932527e-08
1.401231556810903387e-08
1.294118418753673474e-08
1.195192177735830140e-08
1.103827232861342321e-08
1.019446387459027631e-08
9.415177193831909890e-09
8.695461032917186759e-09
8.030759252135194135e-09
7.416867244707543968e-09
6.849901668371878482e-09
6.326276596452364987e-09
5.842679082381472388e-09
5.396049187026995526e-09
4.983560897907253711e-09
4.602604248591634347e-09
4.250768803080922105e-09
3.925828401307692916e-09
3.625727085484644078e-09
3.348566053688254143e-09
3.092591662457672218e-09
2.856184338388607347e-09
2.637848320497187565e-09
2.436202285332717342e-09
2.249970667158400218e-09
2.077975126286183952e-09
1.919127466432111389e-09
1.772422642713365347e-09
1.636932383333346899e-09
1.511799384703968542e-09
1.396231888797532081e-09
1.289498716344345623e-09
1.190924674266941684e-09
1.099886034419685270e-09
1.015806733779015928e-09
9.381547518318472766e-10
8.664387428817098252e-10
8.002049259111862899e-10
7.390342122986309237e-10
6.825395540817237291e-10
6.303635448740241726e-10
5.821761401200271325e-10
5.376724244517606266e-10
4.965707816938346283e-10
4.586111273157013047e-10
4.235532619264511160e-10
3.911753507021628136e-10
3.612725191113542755e-10
3.336555560414658999e-10
3.081497161101054760e-10
2.845936135735591603e-10
2.628382008256756497e-10
2.427458250163732411e-10
2.241893687392747334e-10
2.070514411791226237e-10
1.912236012469144122e-10
1.766057060746174436e-10
1.631052624229520113e-10
1.506368441507026884e-10
1.391215562759975486e-10
1.284865361629694481e-10
1.186644961515219539e-10
1.095933007339912315e-10
1.012155498190892706e-10
9.347823063825572318e-11
8.633238355547321032e-11
7.973279213559140877e-11
7.363769691828816421e-11
6.800853108271942298e-11
6.280967657402090800e-11
5.800824404462811576e-11
5.357386015276620442e-11
4.947846448601080121e-11
4.569614138032399371e-11
4.220295663889759416e-11
3.897680600846375273e-11
3.599727524517654905e-11
3.324551088337519954e-11
3.070410088839248477e-11
2.835696443724737600e-11
2.618925012892079872e-11
2.418724197935799234e-11
2.233827260568516891e-11
2.063064449613767198e-11
1.905355452432596162e-11
1.759702349998150807e-11
1.625183594957222527e-11
1.500948017249329991e-11
1.386209493582675496e-11
1.280242003177413333e-11
1.182375039055279224e-11
1.091989420402844212e-11
1.008513330649607488e-11
