# bin_5_5
1.768270682755398412e-06
1.779458091591811105e-06
1.791082975927686644e-06
1.803162478747506785e-06
1.815713935686218532e-06
1.828755676500712843e-06
1.842306873393484679e-06
1.856387024063591494e-06
1.871016430234279415e-06
1.886216633190176817e-06
1.902009583197579427e-06
1.918417904597290645e-06
1.935465605534918668e-06
1.953177397195022406e-06
1.971578607716353451e-06
1.990695819632366031e-06
2.010556640621035782e-06
2.031189678122675956e-06
2.052624481132615100e-06
2.074891942219323535e-06
2.098023916668124349e-06
2.122053846191837771e-06
2.147015821597602549e-06
2.172945401713214267e-06
2.199879412251120877e-06
2.227856580695418206e-06
2.256915966082406612e-06
2.287098876312341107e-06
2.318447616430394427e-06
2.351006120275219838e-06
2.384820510099380774e-06
2.419938370671906310e-06
2.456408281769555871e-06
2.494282122110724716e-06
2.533612639987756862e-06
2.574454004368659331e-06
2.616863728781120674e-06
2.660900252921633546e-06
2.706624018754815772e-06
2.754097614636657543e-06
2.803387145066770738e-06
2.854559073486857000e-06
2.907683147799541168e-06
2.962831516564752238e-06
3.020077904386870012e-06
3.079499989598285814e-06
3.141175657069816468e-06
3.205188514067063707e-06
3.271622973712308493e-06
3.340568160205010723e-06
3.412114829975605580e-06
3.486357417614179559e-06
3.563391327562443466e-06
3.643316130527767786e-06
3.726235428641263424e-06
3.812252832854778121e-06
3.901479106151070926e-06
3.994024526317896157e-06
4.090006954257300911e-06
4.189544884528275869e-06
4.292761380219079874e-06
4.399782975484866614e-06
4.510739454538893414e-06
4.625764295535808062e-06
4.744994852370185431e-06
4.868571722194673561e-06
4.996637344184951855e-06
5.129337859943847509e-06
5.266824473728390169e-06
5.409251394162096379e-06
5.556775202531953987e-06
5.709552566793659310e-06
5.867747622600662310e-06
6.031525645889136774e-06
6.201058645169778890e-06
6.376520987305397583e-06
6.558086413131487142e-06
6.745931225531680198e-06
6.940228088584846910e-06
7.141149404570588683e-06
7.348878013942246046e-06
7.563599336208377747e-06
7.785497800493786221e-06
8.014750005630651310e-06
8.251535056833948626e-06
8.496031259157163203e-06
8.748422430327788420e-06
9.008882844723530746e-06
9.277581917042878777e-06
9.554680314685645780e-06
9.840347544054955635e-06
1.013473753649813535e-05
1.043799714918647386e-05
1.075026915095245162e-05
1.107169093280708682e-05
1.140238474270738962e-05
1.174245450292910974e-05
1.209199745922935514e-05
1.245110207553209181e-05
1.281984845581345039e-05
1.319829436158233313e-05
1.358647162817441452e-05
1.398439573761963551e-05
1.439205960114426169e-05
1.480944942869982050e-05
1.523649727716814442e-05
1.567312108610950650e-05
1.611921028189880286e-05
1.657464514540160993e-05
1.703925818834502957e-05
1.751282884993201174e-05
1.799510325045452849e-05
1.848579770769831804e-05
1.898458538060137667e-05
1.949107664614923262e-05
2.000483132006371508e-05
2.052536972582935643e-05
2.105217837585742077e-05
2.158470911014703095e-05
2.212236346527233726e-05
2.266447684036595832e-05
2.321018797909630833e-05
2.382316631614610241e-05
2.437452364700934369e-05
2.492648002385080920e-05
2.547802488015933652e-05
2.602804053126207140e-05
2.657527890995384375e-05
2.711843124032327021e-05
2.766385247317915702e-05
2.819450796743030354e-05
2.871649263699856144e-05
2.922810829295396552e-05
2.972758169579660820e-05
3.021303521641858768e-05
3.068251447145782832e-05
3.113394792012087791e-05
3.156514406939942268e-05
3.197383059682471109e-05
3.235764059971026296e-05
3.271409431340304021e-05
3.304069890887513934e-05
3.333516422146573629e-05
3.359512294191260401e-05
3.381733271877225018e-05
3.399794196575358051e-05
3.413463405804211594e-05
3.422842932581130290e-05
3.428244946809018960e-05
3.429686171541235549e-05
3.426476465380646233e-05
3.417512885418286153e-05
3.402175488128519876e-05
3.380531675623757828e-05
3.352838741687042966e-05
3.319067450894582746e-05
3.278783480079277939e-05
3.231759815413036879e-05
3.178501037148880515e-05
3.119877103385782885e-05
3.056662015653339060e-05
2.989316513191814578e-05
2.917947710872096932e-05
2.842582510073540566e-05
2.763362929917196091e-05
2.680660794666520541e-05
2.595191459269609853e-05
2.507825194071079260e-05
2.419635147162521106e-05
2.325884689398539042e-05
2.239503962967053877e-05
2.155244800390480002e-05
2.073763190597980398e-05
1.995616679707564616e-05
1.921330449370360106e-05
1.851491043180902637e-05
1.786711528106102052e-05
1.727383733417606491e-05
1.673435377197747130e-05
1.624360202696635802e-05
1.579321637737715609e-05
1.537434609369593385e-05
1.497808610763881055e-05
1.459432568877603738e-05
1.421108264227373448e-05
1.381373653204712504e-05
1.338763889478968395e-05
1.292040586990115751e-05
1.240565319198938764e-05
1.184329341485140428e-05
1.123584582368179032e-05
1.059279891892689728e-05
9.931464132786611997e-06
9.275191280754136586e-06
8.645839088884038759e-06
8.064973050564264696e-06
7.552060252925337222e-06
7.120813219879415294e-06
6.772964491098562699e-06
6.498202824270161126e-06
6.273352415448155618e-06
6.070606744119348487e-06
5.860499091467255805e-06
5.620440288305686607e-06
5.336599961450802832e-06
5.010384554330457204e-06
4.659219987762744679e-06
4.312158335433245637e-06
3.998475338588202579e-06
3.738640029704608511e-06
3.537067473975667228e-06
3.381149112906689875e-06
3.246097637327866907e-06
3.105016338522485177e-06
2.940681893123577372e-06
2.753949662740468531e-06
2.562595950870351933e-06
2.388879545788617669e-06
2.245074154996519816e-06
2.128859486831571057e-06
2.025051597791059701e-06
1.919098487713764691e-06
1.805039214579581900e-06
1.690739844541853621e-06
1.586452657408434282e-06
1.496276346103784335e-06
1.415818350872966692e-06
1.337517206282956284e-06
1.259827614069280307e-06
1.185916880944088291e-06
1.118551714699410713e-06
1.057233365521415300e-06
9.992483531374891824e-07
9.437194555919145820e-07
8.919744849605751455e-07
8.441250287920853299e-07
7.992954863168966788e-07
7.572271325049579345e-07
7.179973769900170399e-07
6.814107135097834481e-07
6.471486815795217324e-07
6.149961898443199875e-07
5.848107830162135226e-07
5.565108696913492717e-07
5.300033915931269070e-07
5.051723025777990275e-07
4.818877563574173528e-07
4.600247127602772974e-07
4.394678782323599135e-07
4.201042716053500866e-07
4.018370388620609057e-07
3.845758374136167295e-07
3.682368656180456141e-07
3.527405778677000179e-07
3.380194064679390317e-07
3.240134421759808816e-07
3.106644839178091279e-07
2.979143170940278985e-07
2.857198548569762604e-07
2.740339604839195489e-07
2.628183030094575516e-07
2.520342164127080237e-07
2.416490008666950392e-07
2.316352628634616741e-07
2.219647008581120717e-07
2.126175075573305700e-07
2.035681727408910654e-07
1.948063025793949025e-07
1.863128055126591635e-07
1.780790970820114741e-07
1.700927715826183543e-07
1.623460181164352160e-07
1.548348648577419115e-07
1.475504264608410114e-07
1.404929128725321441e-07
1.336564864289330163e-07
1.270396972955269009e-07
1.206404575132581490e-07
1.144585722740720042e-07
1.084913316902525599e-07
1.027373460564554340e-07
9.719882621279593141e-08
9.187142334412647274e-08
8.675451178627222786e-08
8.184654844255580869e-08
7.714613890194660183e-08
7.264875075172306357e-08
6.835292451448122676e-08
6.425528505491870811e-08
6.035064869842293822e-08
5.663658955122497198e-08
5.310681249688046547e-08
4.975874143630654133e-08
4.658448472655275187e-08
4.357992931716953264e-08
4.074019483156453926e-08
3.805751044771297399e-08
3.552784029544858024e-08
3.314289968673792293e-08
3.089860921451835526e-08
2.878723580467525197e-08
2.680379681147444208e-08
2.494249274136823466e-08
2.319613610776302728e-08
2.155967217279811648e-08
2.002748507431765867e-08
1.859424544285261747e-08
1.725396137129439864e-08
1.600227784274964945e-08
1.483381945224538032e-08
1.374371198635148485e-08
1.272744969782985841e-08
1.178114070266904045e-08
1.089990864539391407e-08
1.008040501084718002e-08
9.318679877860938858e-09
8.612192513161730417e-09
7.958355117101322130e-09
7.354105921657281560e-09
6.795740914424913420e-09
6.279761120207039441e-09
5.802955927515720456e-09
5.362352171762540469e-09
4.955201690192551405e-09
4.578964987447791889e-09
4.231294903310505527e-09
3.910022417683780272e-09
3.613143146024248995e-09
3.338805895607690705e-09
3.085298473530065740e-09
2.851037878119480747e-09
2.634564353029906532e-09
2.434527306703055029e-09
2.249678692045449103e-09
2.078865229408342035e-09
1.921021220331852150e-09
1.775161955777362649e-09
1.640377454000121044e-09
1.515826802216549503e-09
1.400732980753718929e-09
1.294378091744561344e-09
1.196098584345509511e-09
1.105281275575815237e-09
1.021359547749627576e-09
9.438098111876316496e-10
8.721482361062320892e-10
8.059277332923064797e-10
7.447351655107958405e-10
6.881887670904841979e-10
6.359357715284246871e-10
5.876501956820316865e-10
5.430308191550788120e-10
5.017993156744555811e-10
4.636984564492543011e-10
4.284905613469555756e-10
3.959559612953680343e-10
3.658916665378822921e-10
3.381101022410861873e-10
3.124379377296339952e-10
2.887150046575953495e-10
2.667933178109030284e-10
2.465361301911724881e-10
2.278170507800155347e-10
2.105192867082605283e-10
1.945349143653827168e-10
1.797642063478786579e-10
1.661150143318210936e-10
1.535021816535793372e-10
1.418470161777994124e-10
1.310768066429742942e-10
1.211243716851469682e-10
1.119276157300264995e-10
1.034291577641555210e-10
9.557597436569857497e-11
8.831906865953814416e-11
8.161316450688916499e-11
7.541642394478671531e-11
6.969018626276578448e-11
6.439872642270298663e-11
5.950903335959916852e-11
5.499060186900045400e-11
5.081524499115477064e-11
4.695691682514052861e-11
4.339154673198933221e-11
4.009689270476756729e-11
3.705239845546163835e-11
3.423906867314780920e-11
3.163935054958491850e-11
2.923702421974625056e-11
2.701710153136412137e-11
2.496573490504489912e-11
2.307012732273287489e-11
2.131845143961298312e-11
1.969977809543500508e-11
1.820400809470543602e-11
1.682180926728105564e-11
1.554455863759389851e-11
1.436428741669578853e-11
1.327363182198296706e-11
1.226578792634848776e-11
