# bin_4_2
6.807851323757602251e-10
6.850557269884642226e-10
6.894929086767008593e-10
6.941029806933074798e-10
6.988923705829904474e-10
7.038679257174670266e-10
7.090370271121920941e-10
7.144070585249971233e-10
7.199853579371886950e-10
7.257795884277835831e-10
7.317984431906808558e-10
7.380512494986043016e-10
7.445467134333575830e-10
7.512928524086766106e-10
7.582989539382261632e-10
7.655763750692513950e-10
7.731360037045365900e-10
7.809869557735148817e-10
7.891396055061020047e-10
7.976071346059963545e-10
8.064009506212288938e-10
8.155317026663822726e-10
8.250132648495889870e-10
8.348598512767768538e-10
8.450835801432382813e-10
8.556981648080580602e-10
8.667184705224115920e-10
8.781599883726364530e-10
8.900391523613581789e-10
9.023707313243062370e-10
9.151704678974983540e-10
9.284574449443320987e-10
9.422495676049856752e-10
9.565625842255927767e-10
9.714166576966183410e-10
9.868332477178816837e-10
1.002831454050634997e-09
1.019431687214232864e-09
1.036656136831266687e-09
1.054525271266639234e-09
1.073062488806366735e-09
1.092293476440738555e-09
1.112240202952686481e-09
1.132929746110309788e-09
1.154387188388432628e-09
1.176635423987540620e-09
1.199706714029575625e-09
1.223626239605186118e-09
1.248420649479528981e-09
1.274125624173882806e-09
1.300765274283537502e-09
1.328372988644507729e-09
1.356980595443134163e-09
1.386618746550666906e-09
1.417326663695540762e-09
1.449128592130207279e-09
1.482065119235539744e-09
1.516167652661276421e-09
1.551476399417973379e-09
1.588024044494410655e-09
1.625850464168823514e-09
1.664989874939808980e-09
1.705483315012536305e-09
1.747363416830904176e-09
1.790673342093151972e-09
1.835448295699802718e-09
1.881740749807237954e-09
1.929569963679096513e-09
1.978985145126750323e-09
2.030022979425492071e-09
2.082728181426547063e-09
2.137132851290656651e-09
2.193273380564478781e-09
2.251191712052409972e-09
2.310921039964259386e-09
2.372498469784672308e-09
2.435958603132258667e-09
2.501331390057835097e-09
2.568649538507455398e-09
2.637940120824488769e-09
2.709233560321019178e-09
2.782557001277024829e-09
2.857928270689096273e-09
2.935367889763497355e-09
3.014892160183537547e-09
3.096517330511230986e-09
3.180253790046979084e-09
3.266100893616072735e-09
3.354061511381056410e-09
3.444126708316326185e-09
3.536297879323573825e-09
3.630553163902457447e-09
3.726868458052130422e-09
3.825217127669802835e-09
3.925570291210556875e-09
4.027873140755094301e-09
4.132086979852556023e-09
4.238143053704257625e-09
4.345957694139485170e-09
4.455479623383514019e-09
4.566599246131508814e-09
4.679213942143587055e-09
4.793252601019542052e-09
4.908548612022995282e-09
5.024998222694417026e-09
5.142406669527317650e-09
5.260584968437821909e-09
5.379414559972430259e-09
5.498642757934539356e-09
5.618053768432090413e-09
5.737417277853509020e-09
5.856501632575889452e-09
5.975041542579561822e-09
6.092726051563826196e-09
6.209268893489098511e-09
6.324349027687173233e-09
6.437607119830918963e-09
6.548688610146254081e-09
6.657189531112068252e-09
6.762736781642736735e-09
6.864866624111662465e-09
6.963108588891531743e-09
7.057077050911322754e-09
7.146197684346247232e-09
7.229951551223328489e-09
7.307875829540430479e-09
7.379416365656355801e-09
7.444157054027804574e-09
7.501243303191919850e-09
7.549740025939670595e-09
7.589756835517647274e-09
7.621006717944017151e-09
7.643593185242819790e-09
7.657598244812202750e-09
7.660445674604251791e-09
7.652004649466139574e-09
7.632425204465483250e-09
7.600255197991936857e-09
7.555709682465809255e-09
7.497379011712823817e-09
7.423834397124772460e-09
7.336897512087725324e-09
7.236611554786776717e-09
7.123237090076660581e-09
6.998119013639778080e-09
6.861574944396048055e-09
6.714731156497396579e-09
6.558362699370242292e-09
6.393098094360002576e-09
6.219527135218916331e-09
6.038634657380967032e-09
5.851813530812732753e-09
5.660526761870603334e-09
5.467067973808638231e-09
5.273311546038846637e-09
5.081204342005800580e-09
4.892676939590154465e-09
4.709466913625982570e-09
4.532838392755495678e-09
4.364339037385411238e-09
4.205698967921729625e-09
4.057252613364033194e-09
3.920000453713271514e-09
3.793570365686037993e-09
3.677259345724138780e-09
3.570443884094388361e-09
3.471323336619486082e-09
3.378183328972945005e-09
3.288416397372100747e-09
3.199591037083169453e-09
3.109063840767555116e-09
3.013385100243109791e-09
2.911544962978191652e-09
2.801864157458734898e-09
2.682480749332008493e-09
2.554285036085094065e-09
2.420009260819309795e-09
2.281981442867249764e-09
2.143109798794751105e-09
2.008195601757379536e-09
1.882014777922538364e-09
1.767442027320151945e-09
1.667977666665541505e-09
1.583145785833782960e-09
1.512120257642031570e-09
1.451811993652021582e-09
1.398004636350799796e-09
1.345604603602327938e-09
1.290900367655856949e-09
1.230153344518419633e-09
1.164544443115660275e-09
1.095682389374782546e-09
1.026574446696365821e-09
9.615634279838247162e-10
9.033074599725369968e-10
8.532997234685886837e-10
8.099563822527778706e-10
7.717136804480626139e-10
7.337229429639685552e-10
6.963948493323692994e-10
6.586822377742597288e-10
6.209573000308285683e-10
5.856408577681087792e-10
5.523177787013169743e-10
5.220289054323364813e-10
4.931496345380586351e-10
4.664492887353394002e-10
4.416634512724312739e-10
4.176329507377423227e-10
3.956225526532237020e-10
3.739965271066443310e-10
3.531092691880541297e-10
3.343679563902922351e-10
3.168705488219654390e-10
3.007102566824028932e-10
2.853289588231388704e-10
2.702354432310599035e-10
2.564894114710055979e-10
2.440273275142782438e-10
2.320332849389525993e-10
2.206616558051431730e-10
2.101458184566228741e-10
2.003291505334746863e-10
1.910834965481645555e-10
1.823979091244645093e-10
1.742373534999629301e-10
1.665713790771657674e-10
1.593588884988534316e-10
1.525535727337028700e-10
1.461366620871640514e-10
1.400792923414086399e-10
1.343557292711123217e-10
1.289413473333355678e-10
1.238081252961631328e-10
1.189333911496426558e-10
1.142937721568858860e-10
1.098674163684844953e-10
1.056368445538049394e-10
1.015830277796649112e-10
9.769375501722176169e-11
9.395134574083877993e-11
9.034567640819413066e-11
8.686519553135224074e-11
8.349857049877221315e-11
8.023922226425149554e-11
7.707793494045029570e-11
7.400813792500694879e-11
7.102505762930012277e-11
6.812300208261794087e-11
6.529798049919675986e-11
6.254691062869484380e-11
5.986718777595421606e-11
5.725719155229605990e-11
5.471573576551096292e-11
5.224150445256359391e-11
4.983433501860115195e-11
4.749394057039341159e-11
4.522067460713491912e-11
4.301457943579301864e-11
4.087587867577354811e-11
3.880568885116405371e-11
3.680363630917331058e-11
3.487112343206022857e-11
3.300755828794318361e-11
3.121354277086200504e-11
2.948864186919008222e-11
2.783277273220324984e-11
2.624581869460681128e-11
2.472660060934189715e-11
2.327543350913280089e-11
2.189029122783469699e-11
2.057020026060794904e-11
1.931382110728875813e-11
1.812010207906349193e-11
1.698694547495938681e-11
1.591229199696894668e-11
1.489494109155074967e-11
1.393279710511653669e-11
1.302354701091233270e-11
1.216525128134004659e-11
1.135664132376694101e-11
1.059464987757184248e-11
9.877567639500070352e-12
9.203398110608978952e-12
8.570308153888956736e-12
7.975994016566213216e-12
7.419017156740143893e-12
6.896956330543518923e-12
6.408277544107542185e-12
5.951175915836257059e-12
5.523992658689786878e-12
5.124937548804069268e-12
4.752437040151096697e-12
4.404935625346182264e-12
4.080892101275844500e-12
3.779059035586265656e-12
3.498079041190056170e-12
3.236570038118056421e-12
2.993317725023017989e-12
2.767101454027683991e-12
2.557351274618308383e-12
2.362793677483037036e-12
2.182551533862758714e-12
2.015862253232721537e-12
1.861734318841828613e-12
1.719343314842180399e-12
1.587825276377635392e-12
1.466350239862425449e-12
1.354163622082599441e-12
1.250562392972589006e-12
1.154888173018137549e-12
1.066533725742392005e-12
9.849378261322042694e-13
9.095862768860459471e-13
8.399995624076524388e-13
7.757363727346544292e-13
7.163894626411020810e-13
6.615827673179214280e-13
6.109689769632993350e-13
5.642273165081205951e-13
5.210615500461611506e-13
4.811981050775979284e-13
4.443843390342877606e-13
4.103869381928084748e-13
3.789904389570555096e-13
3.499958622069642580e-13
3.232194520954950157e-13
2.984915113209993771e-13
2.756553255042587082e-13
2.545661698588584358e-13
2.350903936745155141e-13
2.171045746541884151e-13
2.004947630886785872e-13
1.851557068988077376e-13
1.709901813469738911e-13
1.579084007510963196e-13
1.458274494403454331e-13
1.346707601219492982e-13
1.243676437830225577e-13
1.148527962580954334e-13
1.060659049884170307e-13
9.795127248592935601e-14
9.045746324862256153e-14
8.353697758250558127e-14
7.714595039158496349e-14
7.124387302415860451e-14
6.579333649306608161e-14
6.075979765052249867e-14
5.611135428373816192e-14
5.181854292481948966e-14
4.785415451001333882e-14
4.419306189914445190e-14
4.081206055396397702e-14
3.768972141103130582e-14
3.480625501553443611e-14
3.214338605395285912e-14
2.968423748947989946e-14
2.741322356508316124e-14
2.531595099537582332e-14
2.337912772044631831e-14
2.159047887837970962e-14
1.993866907145082840e-14
1.841323323375475766e-14
1.700450408338408408e-14
1.570355226338117748e-14
1.450213106853293116e-14
1.339261446247325061e-14
1.236798367943923388e-14
1.142174578387173390e-14
1.054790355247789595e-14
9.740917825936402471e-15
8.995673158431759429e-15
8.307445552406995014e-15
7.671872497892682046e-15
7.084925306393262258e-15
6.542883562643908030e-15
6.042311555043528438e-15
5.580036800183473696e-15
5.153129281346212741e-15
4.758883022010968934e-15
4.394799100374468037e-15
4.058569805724425202e-15
3.748064005343951713e-15
3.461313631488779685e-15
3.196501202680528013e-15
2.951948300126486436e-15
2.726104926141958758e-15
2.517539677051312031e-15
2.324930668214207026e-15
2.147057153599589612e-15
1.982791815200530502e-15
1.831093623121235140e-15
1.691001484605755319e-15
1.561627510418953723e-15
1.442151634800498533e-15
1.331816542467378675e-15
1.229922867208038587e-15
1.135824835375132452e-15
1.048926188921064451e-15
9.686760816809132088e-16
