# bin_4_4
2.329335465750715228e-06
2.344046423412418513e-06
2.359332072433136534e-06
2.375214816759690402e-06
2.391717851063597740e-06
2.408865013435239792e-06
2.426680997499971771e-06
2.445191401315016152e-06
2.464423505776969026e-06
2.484405561157660401e-06
2.505166031150648496e-06
2.526734081625167227e-06
2.549141043587499716e-06
2.572420297575845999e-06
2.596605103377970909e-06
2.621728577303776546e-06
2.647827125260089844e-06
2.674940038320942241e-06
2.703105253001220894e-06
2.732361049583979597e-06
2.762750312277762227e-06
2.794317351612890617e-06
2.827105220855168579e-06
2.861160967327838801e-06
2.896534186795776285e-06
2.933272736687249637e-06
2.971428579308782956e-06
3.011057333464682676e-06
3.052212268683337696e-06
3.094950908953182079e-06
3.139335292520377094e-06
3.185424567630721798e-06
3.233283178327037931e-06
3.282977667667819557e-06
3.334576663988480207e-06
3.388147934848826789e-06
3.443769990530878902e-06
3.501514361640429074e-06
3.561462305006672151e-06
3.623693039365701794e-06
3.688291088067130515e-06
3.755345825524696217e-06
3.824941764036645918e-06
3.897179156761992450e-06
3.972144747439643405e-06
4.049947395309105244e-06
4.130679136589781229e-06
4.214453062356589263e-06
4.301372917175239181e-06
4.391551174058256104e-06
4.485106429545945744e-06
4.582155006627901699e-06
4.682820745843299705e-06
4.787229884040527214e-06
4.895513691703548719e-06
5.007805419419699749e-06
5.124244417042551203e-06
5.244973115235662100e-06
5.370133888968890231e-06
5.499878076093953895e-06
5.634359804509859717e-06
5.773736050619250113e-06
5.918164379288413024e-06
6.067813009630648877e-06
6.222845838015568039e-06
6.383436863848681426e-06
6.549763612403934012e-06
6.721998706027551802e-06
6.900328996744031590e-06
7.084946124909697873e-06
7.276032035561164134e-06
7.473782761589411220e-06
7.678384644834514465e-06
7.890030796712709787e-06
8.108926953449795065e-06
8.335259597290648690e-06
8.569236381260213382e-06
8.811067922493863100e-06
9.060940197765116343e-06
9.319058244379529204e-06
9.585621517033707874e-06
9.860827478280810519e-06
1.014487319356946249e-05
1.043795001174282490e-05
1.074024746615367562e-05
1.105194078212404960e-05
1.137320716286450909e-05
1.170422568193169472e-05
1.204515941068916658e-05
1.239615226487015573e-05
1.275734258246055332e-05
1.312886293618895866e-05
1.351083324891352313e-05
1.390336680357060937e-05
1.430654685893046536e-05
1.472044471197765792e-05
1.514511809515993099e-05
1.558059445180027064e-05
1.602688728947906127e-05
1.648397022138522501e-05
1.695180389597789646e-05
1.743031911301667553e-05
1.791942453241070294e-05
1.841897011648677520e-05
1.892879790328613922e-05
1.944869932925798615e-05
1.998565256384681008e-05
2.052508627795795052e-05
2.107370396086862498e-05
2.163110550376370485e-05
2.219684357065776693e-05
2.277041878444209199e-05
2.335127981576396410e-05
2.393885386618262431e-05
2.453250072415819679e-05
2.513148257387446671e-05
2.573492372945849203e-05
2.634183046948678584e-05
2.695114916818983769e-05
2.756178214381168142e-05
2.817258053526592733e-05
2.878234753816696966e-05
2.938979614198903770e-05
2.999351768905024701e-05
3.059198408099664880e-05
3.118356683819393930e-05
3.176653752233419284e-05
3.233905794450341286e-05
3.289919696758426951e-05
3.344494314674673681e-05
3.397417360470404138e-05
3.448463936589618849e-05
3.497398477962607594e-05
3.543976470048896350e-05
3.587937242043342021e-05
3.629012810120041670e-05
3.666934638242541855e-05
3.701442503269268428e-05
3.732260959604612643e-05
3.759039214329775759e-05
3.781425152796821353e-05
3.799177458287074025e-05
3.812231661186760173e-05
3.820741693139460300e-05
3.824660332726457812e-05
3.823502594656861295e-05
3.816607818750462086e-05
3.803279108746213680e-05
3.783119948780114657e-05
3.756123710073473835e-05
3.722195857504362955e-05
3.681167070663656188e-05
3.632985152703812167e-05
3.577800392821233778e-05
3.516173804900815040e-05
3.448868327263092447e-05
3.376510510585256224e-05
3.299492575080683980e-05
3.217997307217710691e-05
3.132183716555380596e-05
3.042356487830242829e-05
2.949082317917484295e-05
2.853189184090088517e-05
2.755722466369158502e-05
2.657849174457662303e-05
2.560703142852745830e-05
2.465303651151115992e-05
2.372519852256047896e-05
2.283059064910604753e-05
2.197555614404920443e-05
2.116675797814843762e-05
2.041038963425743084e-05
1.971119614366618754e-05
1.906448500977821862e-05
1.848054395356872419e-05
1.794653413340304885e-05
1.745395017022045511e-05
1.699280340527385986e-05
1.655231893240484233e-05
1.612001549680531755e-05
1.568166019821475924e-05
1.522146611454908019e-05
1.472553441104119066e-05
1.418413208903964379e-05
1.359196104504548619e-05
1.294898967233464730e-05
1.226304139342013413e-05
1.154838562387138206e-05
1.082447139103647531e-05
1.011496718457419189e-05
9.444561667767146021e-06
8.835084128627127456e-06
8.304559650815492860e-06
7.860904815728097435e-06
7.500796226087356103e-06
7.208249558464325106e-06
6.957768206209854719e-06
6.719811454657245751e-06
6.466913749669558029e-06
6.178380856012894397e-06
5.847764616628497299e-06
5.483324715043497318e-06
5.106565905001649849e-06
4.746090100222914775e-06
4.426743914497392315e-06
4.162623860547970509e-06
3.951442358245551148e-06
3.776579536631222787e-06
3.613206525210047482e-06
3.440622415091918989e-06
3.249997893377223256e-06
3.047190493921698001e-06
2.849201144124333521e-06
2.671343162836585880e-06
2.519655649568227120e-06
2.388176367037838859e-06
2.265110605417543154e-06
2.142060709062375383e-06
2.017600680847110338e-06
1.897604244158801302e-06
1.787585079832478404e-06
1.687945213490509974e-06
1.596096443320942868e-06
1.508655817851956092e-06
1.424608956125206684e-06
1.345525957207009668e-06
1.271979789725562613e-06
1.203566861096675012e-06
1.139723202604552573e-06
1.079582298494381957e-06
1.023045093542445809e-06
9.703425030748514208e-07
9.211624109821327752e-07
8.751001553532016490e-07
8.319814492857928121e-07
7.916371026798583784e-07
7.537996829585466327e-07
7.182555117518342220e-07
6.848527117718690256e-07
6.534751751167634053e-07
6.240023859894605299e-07
5.963111713257508556e-07
5.702584060099177637e-07
5.457091907861489675e-07
5.225400501256529854e-07
5.006319821774931006e-07
4.798764842500543803e-07
4.601748103324389402e-07
4.414390241255994425e-07
4.235855293358107953e-07
4.065454101118646471e-07
3.902462011868513129e-07
3.746304123901003084e-07
3.596421143962883367e-07
3.452310421846417439e-07
3.313515626909582998e-07
3.179668312285359743e-07
3.050336156710624447e-07
2.925250938037970773e-07
2.804124715664211735e-07
2.686720380995230535e-07
2.572813500140173482e-07
2.462255268179855655e-07
2.354861579043845246e-07
2.250579447677118964e-07
2.149282633212726139e-07
2.050891843697278136e-07
1.955379553156725391e-07
1.862704127804660295e-07
1.772833743408066380e-07
1.685746444576708717e-07
1.601439609603942204e-07
1.519923495011477025e-07
1.441181289293231063e-07
1.365200871229070801e-07
1.291986144773996478e-07
1.221535333615943119e-07
1.153823635938318769e-07
1.088847354427276608e-07
1.026585273140675458e-07
9.670081303557107923e-08
9.100702822504651408e-08
8.557274312677818945e-08
8.039603117370489190e-08
7.546849439672843779e-08
7.078656792865889332e-08
6.634156192784578831e-08
6.212864310830637273e-08
5.813877007110837769e-08
5.436668766866470541e-08
5.080336528850184605e-08
4.744074944503659353e-08
4.427144005572099154e-08
4.128672365980067393e-08
3.847818984868091557e-08
3.583965204113795856e-08
3.336090305654463294e-08
3.103611594856349219e-08
2.885697248354268031e-08
2.681486991102574395e-08
2.490384158032376708e-08
2.311760695821487482e-08
2.144763353303466398e-08
1.988863839640144421e-08
1.843387693408040070e-08
1.707725435874645775e-08
1.581313765456299205e-08
1.463617853651867093e-08
1.354030946312390303e-08
1.252159213180037324e-08
1.157504853104837318e-08
1.069671216558452428e-08
9.882800800957862825e-09
9.129951507880950832e-09
8.434067132433494895e-09
7.791237411184809992e-09
7.197399390830217973e-09
6.648824326757668984e-09
6.142060865410892676e-09
5.673922044245560096e-09
5.241463715984971020e-09
4.841966348410723470e-09
4.472917651209823583e-09
4.131997003442140971e-09
3.817060655704464824e-09
3.526128242570692179e-09
3.257370111661815948e-09
3.009096054043833583e-09
2.779744793269001025e-09
2.567874060966793435e-09
2.372151533805911676e-09
2.191346616444798949e-09
2.024322576299793450e-09
1.870029100503739061e-09
1.727495837320211671e-09
1.595826394276522429e-09
1.474192876530129595e-09
1.361830387847152773e-09
1.258032239993894061e-09
1.162145618145356318e-09
1.073567473086513144e-09
9.917407267022772682e-10
9.161507674994955665e-10
8.463222788031053800e-10
7.818161473322712918e-10
7.222266784919153196e-10
6.671791047042544035e-10
6.163272274183863136e-10
5.693512389388742494e-10
5.259557103552952994e-10
4.858677329056518325e-10
4.488352014974495536e-10
4.146252288494188515e-10
3.830226978803059113e-10
3.538288788413669600e-10
3.268601762143187688e-10
3.019469894668071925e-10
2.789326461206246232e-10
2.576724161735404238e-10
2.380326016701171604e-10
2.198896977621685355e-10
2.031296307182503160e-10
1.876470248125399105e-10
1.733445140978386134e-10
1.601321475372897634e-10
1.479268313236442756e-10
1.366518222029264742e-10
1.262362125114309668e-10
1.166144933868581819e-10
1.077261500263035807e-10
9.951528088329204593e-11
9.193024591459703902e-11
8.492334189898893588e-11
7.845050899559859876e-11
7.247104104133214354e-11
6.694733115508898750e-11
6.184463935076233189e-11
5.713087395049534825e-11
5.277638966763041696e-11
4.875380108765682378e-11
4.503781037281923579e-11
4.160504815904166415e-11
3.843392657036100879e-11
3.550450517860955829e-11
3.279836202621329257e-11
3.029847842534489338e-11
2.798913298771928447e-11
2.585580272143112411e-11
2.388507166930966652e-11
2.206454651360648789e-11
2.038277893646471915e-11
1.882919486703847632e-11
1.739402622123576376e-11
1.606824736020936403e-11
1.484352015585558756e-11
1.371214225261845584e-11
1.266699992430976221e-11
1.170152011717954699e-11
1.080963043733832790e-11
9.985721420666507803e-12
