# bin_1_1
1.256156278940120960e-05
6.860804322657787820e-06
1.332439625807163828e-05
7.986462761046636381e-06
1.418324613486842377e-05
9.194791450871755875e-06
1.514520596520697822e-05
1.049407159864958589e-05
1.621790803204867189e-05
1.189307343969148848e-05
1.740952500733283027e-05
1.340105696070537267e-05
1.872876331193655051e-05
1.502776312551766958e-05
2.018484605432964134e-05
1.678339327280891927e-05
2.178748299930927294e-05
1.867857400062755983e-05
2.354682467433120169e-05
2.072430447857312566e-05
2.547339738000513063e-05
2.293188275603571039e-05
2.757801551309050622e-05
2.531280735262796960e-05
2.987166730184212914e-05
2.787865009789093141e-05
3.236536985853871962e-05
3.064089614023522441e-05
3.506998944907448450e-05
3.361074698853238870e-05
3.799602297384277184e-05
3.679888291946002585e-05
4.115333727540586360e-05
4.021518170177951126e-05
4.455086380454812540e-05
4.386839190908463316e-05
4.819624775009132716e-05
4.776576105556101364e-05
5.209545323095201116e-05
5.191262165852376492e-05
5.625232943891052100e-05
5.631194232205649576e-05
6.066814734980075950e-05
6.096385629165159786e-05
6.534112265600047883e-05
6.586518679228791620e-05
7.026594834507302230e-05
7.100899711479797800e-05
7.543336981228120173e-05
7.638420368901482536e-05
8.082984652701548606e-05
8.197530230498581340e-05
8.643735678494068864e-05
8.776227056439976008e-05
9.223341521364276105e-05
9.372072263299871823e-05
9.819138510426855175e-05
9.982240372865782601e-05
1.042811773649261856e-04
1.060361190826435119e-04
1.104704317992578259e-04
1.123291915515932734e-04
1.167262703531147394e-04
1.186695292225157844e-04
1.230176906827803421e-04
1.250283529618158448e-04
1.293186254506034291e-04
1.313835777070591101e-04
1.356116216061563589e-04
1.377237536945809173e-04
1.418919887365727053e-04
1.440523502512290437e-04
1.481721235249804634e-04
1.503920051606572267e-04
1.544855420521205240e-04
1.567881749450213775e-04
1.608899569537772581e-04
1.633114270581590408e-04
1.674685522283810414e-04
1.700574534179682799e-04
1.743284851095022259e-04
1.771438179819188744e-04
1.815956555976540982e-04
1.847025638260750698e-04
1.894050237333994350e-04
1.928681966753223063e-04
1.978863218187384694e-04
2.017613240025556149e-04
2.071459778106178172e-04
2.114694049907105545e-04
2.172474336997783225e-04
2.220275887326979487e-04
2.281936560321403296e-04
2.334042285136366326e-04
2.399171148769501565e-04
2.454968437702253429e-04
2.522831983336391273e-04
2.581442752371479335e-04
2.651120499098872231e-04
2.711586167194544980e-04
2.782202810341671590e-04
2.843754847681560782e-04
2.914775105612012283e-04
2.977133918960358735e-04
3.048640000465476863e-04
3.112240926782586497e-04
3.185075062584723097e-04
3.251096113119990349e-04
3.326747485234288746e-04
3.396839078979582770e-04
3.477015273253375948e-04
3.552731878618908910e-04
3.638692588563683153e-04
3.720794193742637092e-04
3.812707664322509036e-04
3.900672066528720785e-04
3.997385677525403620e-04
4.089523753056927436e-04
4.189074368605457776e-04
4.283429084500983632e-04
4.384251823444760979e-04
4.479958778879974002e-04
4.582171704690757253e-04
4.680398855258578370e-04
4.786136085563732828e-04
4.889619929124304400e-04
5.001720856386804000e-04
5.112753910868249796e-04
5.232409901700543590e-04
5.350687421159960227e-04
5.476106431539235885e-04
5.598739583811984145e-04
5.726758009644970131e-04
5.851287705657756558e-04
5.981077692994605718e-04
6.108756812135027973e-04
6.243451478149429027e-04
6.378313643402715475e-04
6.521414786138308214e-04
6.664986186960884622e-04
6.815298372479889830e-04
6.964015333415762279e-04
7.117163029569807241e-04
7.267966738539226789e-04
7.423957437413111283e-04
7.580196420996716854e-04
7.744157435088889823e-04
7.909891278651620065e-04
8.082303215215490277e-04
8.253909785867523862e-04
8.429267395767942560e-04
8.603147224621808357e-04
8.782592421128179077e-04
8.964087180650309522e-04
9.153175416781320550e-04
9.343418836729635701e-04
9.537638766075920123e-04
9.730291594735172205e-04
9.927450271968133334e-04
1.012684938229527079e-03
1.033360079119914274e-03
1.054154812583514003e-03
1.075253746585060240e-03
1.096246390855187347e-03
1.117784269859041935e-03
1.139651378051477048e-03
1.162068010228358567e-03
1.184375681060400665e-03
1.206947735460912538e-03
1.229736079113925851e-03
1.253183097920837616e-03
1.276652927139844797e-03
1.300275009333145626e-03
1.324000622505366572e-03
1.348360037400372783e-03
1.372760218047637667e-03
1.397251731505027737e-03
1.421863509679136993e-03
1.447036619377379965e-03
1.472101533956241817e-03
1.497263519225426522e-03
1.522675863632012719e-03
1.548386167301278636e-03
1.573821148064757708e-03
1.599606439512683354e-03
1.625498702151170066e-03
1.651278077734319146e-03
1.677122025153473346e-03
1.703200421831302944e-03
1.728908130565197246e-03
1.754890136710282903e-03
1.780707148581173486e-03
1.806360198837238468e-03
1.832103124141870034e-03
1.857533883687373898e-03
1.882904278569987088e-03
1.908119822093528673e-03
1.932991786543308789e-03
1.957838600400564275e-03
1.982170235700840902e-03
2.006470532781888701e-03
2.030197345764545545e-03
2.053808408735057801e-03
2.076830683153090950e-03
2.099636922075132604e-03
2.121840862639211636e-03
2.143738535568428649e-03
2.165012269061791957e-03
2.185904308388302540e-03
2.206145420534521770e-03
2.225943051361700675e-03
2.245062593472172373e-03
2.263689363106214953e-03
2.281615254684277432e-03
2.299011573621372734e-03
2.315692214250970535e-03
2.331819831555579769e-03
2.347227871236548091e-03
2.362074055210512408e-03
2.376210016188986477e-03
2.389791200424897649e-03
2.402686557773405385e-03
2.415051118690457292e-03
2.426770387951454784e-03
2.438000124451551991e-03
2.448641449616659541e-03
2.458851262118967769e-03
2.468544958203721697e-03
2.477880188472485461e-03
2.486784692161891734e-03
2.495415607000905662e-03
2.503710353285932763e-03
2.511823360060770095e-03
2.519698262559622384e-03
2.527483661686609658e-03
2.535125159569254997e-03
2.542761595849561251e-03
2.550335664972306748e-03
2.557971952996640833e-03
2.565605070796848301e-03
2.573340733942740700e-03
2.581100514023115973e-03
2.588967147035213176e-03
2.596845148929733966e-03
2.604791488179628630e-03
2.612691422629983846e-03
2.620575609308838615e-03
2.628310582722907709e-03
2.635903276362256634e-03
2.643205559032695169e-03
2.650206984958949907e-03
2.656752717811822640e-03
2.662825094094773814e-03
2.668274088775452260e-03
2.673087972302568525e-03
2.677135226184927316e-03
2.680424232303438899e-03
2.682855288949433873e-03
2.684468971425055597e-03
2.685206733779160141e-03
2.685147448014024024e-03
2.684275148468782696e-03
2.682703444796841977e-03
2.680449420899624294e-03
2.677646244003362326e-03
2.674323138555148843e-03
2.670607571419947573e-03
2.666512467053230948e-03
2.662130585727490346e-03
2.657431325913408270e-03
2.652450769029068497e-03
2.647100834942928919e-03
2.641358167666499508e-03
2.635087303521609255e-03
2.628229487346512693e-03
2.620638548530576650e-03
2.612267010760445634e-03
2.603009334492453145e-03
2.592878853083650879e-03
2.581850227467966889e-03
2.570019706125737085e-03
2.557440189601448925e-03
2.544261873450272531e-03
2.530560935124094753e-03
2.516467527740938286e-03
2.501999848084607292e-03
2.487195730991511450e-03
2.471969028422625874e-03
2.456259500065710762e-03
2.439918558006100215e-03
2.422874073995701701e-03
2.405028980177538987e-03
2.386413859444638276e-03
2.367065296473567278e-03
2.347137161023040829e-03
2.326743389145354869e-03
2.306036034679500180e-03
2.285045925156576653e-03
2.263780723793714592e-03
2.242119464757070385e-03
2.219967768448527674e-03
2.197203179243992482e-03
2.173836753970119582e-03
2.149922467618143283e-03
2.125637327258498178e-03
2.101109968730587377e-03
2.076452174038192610e-03
2.051616154351710696e-03
2.026517769811406709e-03
2.001014162318837369e-03
1.975092848964003604e-03
1.948816699056201080e-03
1.922377832726056149e-03
1.895896063317690713e-03
1.869417172722766165e-03
1.842815826791439383e-03
1.815989754435502193e-03
1.788900832456795506e-03
1.761705273142250483e-03
1.734562692034040789e-03
1.707563795978887886e-03
1.680589436057255753e-03
1.653522314624652004e-03
1.626345537418809719e-03
1.599253646052111030e-03
1.572385032905654475e-03
1.545724613691060265e-03
1.519091216200306764e-03
1.492469671301067426e-03
1.466012033444881457e-03
1.439887837038782842e-03
1.413995067145731822e-03
1.388201720717613125e-03
1.362555003744424578e-03
1.337270157160938121e-03
1.312315723354336595e-03
1.287542317921310398e-03
1.262971711692278129e-03
1.238818455971033320e-03
1.215015201387551879e-03
1.191422618728464437e-03
1.168145268708562770e-03
1.145339262043250372e-03
1.122816274166490080e-03
1.100575176357226686e-03
1.078794408205934439e-03
1.057391880423283513e-03
1.036251658853013565e-03
1.015592745611002901e-03
9.953024030849219866e-04
9.753276216078780262e-04
9.558276085759203657e-04
9.366768844619857487e-04
9.178824970427939319e-04
8.995811733985990735e-04
8.815504261108162700e-04
8.640026702755751681e-04
8.468005604709168393e-04
8.299967133865241700e-04
8.135950006983441252e-04
7.975331873725679914e-04
7.819157475649177354e-04
7.666223058683566908e-04
7.517484269788609046e-04
7.372025325817687866e-04
7.230722970470012051e-04
7.092730406188670587e-04
6.958467680148219510e-04
6.827561961479796607e-04
6.700379528594931945e-04
6.576433920262724116e-04
6.455867385395954415e-04
6.338562932448338219e-04
6.224657404602403207e-04
6.113774344925037955e-04
6.005982225401951865e-04
5.901256478703798946e-04
5.799613701563550430e-04
5.700735717451050786e-04
5.604679426352184024e-04
5.511477401864013073e-04
5.421036306805717287e-04
5.333030287637193249e-04
5.247553754462105924e-04
5.164703633026925022e-04
5.084285665867694769e-04
5.005974858706141190e-04
4.929877697374457270e-04
4.856162425391266071e-04
4.784545926729965736e-04
4.714732148903325558e-04
4.646856779669195840e-04
4.581113856516970785e-04
4.517137391302649308e-04
4.454681342292235186e-04
4.393931559455459723e-04
4.335053343263090323e-04
4.277604577293680371e-04
4.221423502668716844e-04
4.166746743619845639e-04
4.113655964834162242e-04
4.061668874228253965e-04
4.010739419331774526e-04
3.961121486772106303e-04
3.912791177375009202e-04
3.865276785061898257e-04
3.818639670301883743e-04
3.773164806905886693e-04
3.728715143007921002e-04
3.684787977894604075e-04
3.641560667983865119e-04
3.599387577110745701e-04
3.557989633168952715e-04
3.516855548019735323e-04
3.476238013305762509e-04
3.436587321731148295e-04
3.397471578489867010e-04
3.358450908132679645e-04
3.319812413396247357e-04
3.282059707291734010e-04
3.244619659489623737e-04
3.207146843529687093e-04
3.169992182745824281e-04
3.133606760824608436e-04
3.097319200239907408e-04
3.060933312306114728e-04
3.024865561755906936e-04
2.989418715444816001e-04
2.953876179055320620e-04
2.918214280141881618e-04
2.882860608314146236e-04
2.847947069502389066e-04
2.812810569494838988e-04
2.777569475297202552e-04
2.742633010692626869e-04
2.707968800826302132e-04
2.672969172200537983e-04
2.637865978260477379e-04
2.603105241119200758e-04
2.568485073208458735e-04
2.533456931941478426e-04
2.498309714724422431e-04
2.463566769652502796e-04
2.428838955865169464e-04
2.393742063953862849e-04
2.358518599615590239e-04
2.323758123252558591e-04
2.288918200964801470e-04
2.253785255706703544e-04
2.218578265616145907e-04
2.183842819844375514e-04
2.148960235973262250e-04
2.113869946995246643e-04
2.078797520814924945e-04
2.044148913323067212e-04
2.009300094497524928e-04
1.974335597029605247e-04
1.939470419337197124e-04
1.904936067781637864e-04
1.870206469435017351e-04
1.835467173234124551e-04
1.800886915810464596e-04
1.766572569005333030e-04
1.732138225256932230e-04
1.697768353025469750e-04
1.663648415384207980e-04
1.629791619144930700e-04
1.595884157563639920e-04
1.562113545829597406e-04
1.528688230092313364e-04
1.495486636118317444e-04
1.462360184691426654e-04
1.429382784375441318e-04
1.396835350295056550e-04
1.364481511170048472e-04
1.332318141438364255e-04
1.300349986623486808e-04
1.268851299135091519e-04
1.237556792447157001e-04
1.206534185601504183e-04
1.175763800483380696e-04
1.145452914193138328e-04
1.115364485740382632e-04
1.085604649195273734e-04
1.056152669319923495e-04
1.027147144574637509e-04
9.984272384959888276e-05
9.701070529144828545e-05
9.421521362906028825e-05
9.146416360088982435e-05
8.874833329350526013e-05
8.607375973035059815e-05
8.343666856222248880e-05
8.084155594723442301e-05
7.828367483781477527e-05
7.576358223730673416e-05
7.327575918425771487e-05
7.081819453520464829e-05
6.838895236207973808e-05
6.597841796748478459e-05
6.358025636105609272e-05
6.118910359305912525e-05
5.881019340626262491e-05
5.643703820110659337e-05
5.407944052415289047e-05
5.175894522307239454e-05
4.951704554177926472e-05
4.738445977922055465e-05
4.540458648460992839e-05
4.362088137403019567e-05
4.206796517068578741e-05
4.074183315595470377e-05
3.962482242199306183e-05
3.868477521190195895e-05
3.787366720976465938e-05
3.712506804077138930e-05
3.638712167224349739e-05
3.562317744880277046e-05
3.480046319226311495e-05
3.388882692037515607e-05
3.288141157302817351e-05
3.178873814101669461e-05
3.062226305530912234e-05
2.939543687408296979e-05
2.813424973502201144e-05
2.686282781958415365e-05
2.558752154733853084e-05
2.430880689315168539e-05
2.304515275052531283e-05
2.181940068631647522e-05
2.064230502329896010e-05
1.950991037437756992e-05
1.842549377221416708e-05
1.738478265415685435e-05
1.638341004673403699e-05
1.542184262865210561e-05
1.451919918533208324e-05
1.367551462209826056e-05
1.287482291468552226e-05
1.209670660336562778e-05
1.134951216374763840e-05
1.064434884919993742e-05
9.991465057509235946e-06
9.383378784094205239e-06
8.809336810021706064e-06
8.253040335871450261e-06
7.720186134643069212e-06
7.227759344879821142e-06
6.787317357947106898e-06
6.378854243892823720e-06
5.978769082000473186e-06
5.582356772404108841e-06
5.213286301407866574e-06
4.887625867765087097e-06
4.592781795056696596e-06
4.303702314033194064e-06
4.011801266345848215e-06
3.734867577250897549e-06
3.495067048447018363e-06
3.285708279187306311e-06
3.079698385730749611e-06
2.868895546121013384e-06
2.664176394106294555e-06
2.495119452020508668e-06
2.349844024964829782e-06
2.198799210649844857e-06
2.044676947896486548e-06
1.901348764434908410e-06
1.775574548812384208e-06
1.676182311870757530e-06
1.576491420883266760e-06
1.451390007213716207e-06
1.343947925116913262e-06
1.272537081139811719e-06
1.199138717818029726e-06
1.121713823154039137e-06
1.034612711785516821e-06
9.557427078317874459e-07
9.058035119212868222e-07
8.621557780295969952e-07
7.946099728112562316e-07
7.203830188623612113e-07
6.807426362612108521e-07
6.373006494402765500e-07
5.936236181157617029e-07
5.485404008564669179e-07
4.962781684413685592e-07
4.588461883117301989e-07
4.372217259237819185e-07
4.104795008872213185e-07
3.602265722662910611e-07
3.358710696456783554e-07
3.237484322987930430e-07
2.995833672427642727e-07
2.700380450316248256e-07
2.519022511412992159e-07
2.341601167896542713e-07
2.173507550911817566e-07
2.047744597816821338e-07
1.830535215337434936e-07
1.620963908018100266e-07
1.575738138143672162e-07
1.497600948529956977e-07
1.240208295312220707e-07
1.119583793287045826e-07
1.103478917652161603e-07
1.039891220508889568e-07
8.206330106590791655e-08
7.799770651490539968e-08
7.404198147599239423e-08
6.804346414614495862e-08
5.689993833224725086e-08
5.240500700113893903e-08
4.936722789262843717e-08
4.234412430168845110e-08
4.141189002833851149e-08
3.525665593873612410e-08
3.281476486875483313e-08
2.782937970598161186e-08
2.981948791376869150e-08
2.445816571375542588e-08
2.162026822933802887e-08
2.050370685008445798e-08
2.171011000846296344e-08
1.860709337167647799e-08
1.684368919517478285e-08
1.780123689446795781e-08
1.788430697368867028e-08
1.638447503909598247e-08
1.575370902897280484e-08
1.578940387367361184e-08
1.598299089710391196e-08
1.551625604787929866e-08
1.521795997827769929e-08
1.342472876502137807e-08
1.420893580955504559e-08
1.405690025653845598e-08
1.362186696681717338e-08
1.065029771764956763e-08
1.121706091879246489e-08
1.121751967601950202e-08
9.776300196402014869e-09
6.922352447519319817e-09
7.181655428264265610e-09
7.564524832517609044e-09
5.390082615808183819e-09
3.385636928792715915e-09
3.872363205181097716e-09
4.396293571176641989e-09
2.433803658424446940e-09
1.611458001024422987e-09
2.726708216780189454e-09
3.222086079043071866e-09
1.962749234871621232e-09
1.876909344522407589e-09
3.189677412905386219e-09
3.390080961121393121e-09
2.562407424809919739e-09
2.426754374741917446e-09
3.258019866839358105e-09
2.877075443942361938e-09
1.912876666736570619e-09
1.607577972936337111e-09
2.015205502937650805e-09
1.306463221191368102e-09
5.113210956659643167e-10
6.689898508543082453e-10
9.665380552746355174e-10
8.273123049138462861e-10
3.820835097347709059e-10
1.032095374402382022e-09
1.206738760030412918e-09
1.226874124495902895e-09
7.031217876534689892e-10
1.085357126656745756e-09
8.189341240424380995e-10
6.433138130798966227e-10
8.351233724247865469e-11
4.342899633025934392e-10
2.938816334128997428e-10
3.870480467301508729e-10
2.317711815892164616e-10
6.723646256451725141e-10
5.268381420198989543e-10
4.823866327654608368e-10
2.344316578460723371e-10
3.261461133135530262e-10
1.280780516054735430e-10
1.206555962154420767e-10
1.274049137024678388e-10
3.410713563239978819e-10
2.999180412498245038e-10
2.480885982653384455e-10
1.617031139251536438e-10
1.452835025274466836e-10
7.265587215425795856e-11
5.873140264303558580e-11
1.649411933814195058e-10
2.080424708936999480e-10
1.741551626958713077e-10
4.348650415085909463e-11
5.792069822180141248e-11
5.908851952588718722e-11
1.193215719572502308e-10
9.233024219701456001e-11
1.111476250107265334e-10
3.877867755897474315e-11
3.478424753512664588e-11
3.919593441323670238e-11
1.041903461195294051e-10
6.389570287582443623e-11
2.688735531746099954e-11
9.824998150014223207e-12
6.433131973493660163e-11
5.927577115781879330e-11
2.878464022171013362e-11
6.909246927339118250e-12
4.054726611908361908e-11
4.606751394369876117e-11
1.963109063380933102e-11
8.980332033758016591e-12
3.295411016871571999e-11
3.191397767893661631e-11
6.267127453781448008e-12
1.742957966058518426e-11
2.692089235929435863e-11
1.349341378740411987e-11
5.616306685650891088e-12
2.586805119159944421e-11
7.572825259128817180e-12
9.458114448848853089e-12
1.578201329148346312e-11
9.271162092423364306e-12
5.536207194705427626e-12
1.621391988704837996e-11
1.061030325757634998e-12
1.292865583373538873e-11
4.724974797065817655e-12
7.068923467775104152e-12
7.106274699730781850e-12
4.543010295832933693e-12
6.585800624681970891e-12
4.151100039945025907e-12
5.226559032747318020e-12
4.080175337567153719e-12
4.124670152611202115e-12
3.820584521675608021e-12
3.373412297502786136e-12
3.435941393580659201e-12
2.833988505317631609e-12
3.032336882064694546e-12
2.410098009592865319e-12
2.657518790440961379e-12
2.058449065767972741e-12
2.323754516419648898e-12
1.760229967885672440e-12
2.030591114401131628e-12
1.505385239873023039e-12
1.774254865354139869e-12
1.287019485099052140e-12
1.550509325464770126e-12
1.099701827748941797e-12
1.355373820308342128e-12
9.389304444176112650e-13
1.185267396238321818e-12
8.009087935572434687e-13
1.037014055935742413e-12
6.824122103261636776e-13
9.078155614155009131e-13
5.806904256608376060e-13
7.952166890979456539e-13
4.933908904777888011e-13
6.970694680460111110e-13
4.184968340176376535e-13
6.114987092869666891e-13
3.542764930892814850e-13
5.368698760928064038e-13
2.992410322821929499e-13
4.717597703038795501e-13
2.521093434720305070e-13
4.149301774817594169e-13
2.117783784759978968e-13
3.653044119627026633e-13
1.772979962017531522e-13
3.219465922961669737e-13
1.478495401680520641e-13
2.840434218650443236e-13
1.227275301657633556e-13
2.508882298949931799e-13
1.013239741880186181e-13
2.218670290264897131e-13
8.311489992317933675e-14
1.964463577221862596e-13
6.764877446215773392e-14
1.741626938908725864e-13
5.453653651713623842e-14
1.546132461613060439e-13
4.344300976139395184e-14
1.374479496059561150e-13
3.407950101883857262e-14
1.223625124263306474e-13
2.619741710156977260e-14
1.090923781282604212e-13
1.958275797776788562e-14
9.740748422868071389e-14
1.405136485381251538e-14
8.710771351803547340e-14
9.444819004937547153e-15
7.801894703766477483e-14
5.626901655594741645e-15
6.998963939816362844e-14
2.480538038980080779e-15
6.288784764189380904e-14
-9.484068197374066376e-17
5.659865363119044566e-14
-2.185574874246590941e-15
5.102192774501108741e-14
-3.865742400516990980e-15
4.607038880666231431e-14
-5.198855641668196495e-15
4.166792080476089182e-14
-6.239326314365867290e-15
3.774811229119982030e-14
-7.033729681556498364e-15
3.425298906048112375e-14
-7.621895477322897458e-15
3.113191420753283109e-14
-8.037849252247435118e-15
2.834063348777389462e-14
-8.310624424664161530e-15
2.584044663689849421e-14
-8.464962762706785778e-15
2.359748788653498011e-14
-8.521918435042537475e-15
2.158210125421770474e-14
-8.499378821273689973e-15
1.976829792866360588e-14
-8.412513460298942854e-15
1.813328495984629773e-14
-8.274160914315082726e-15
1.665705575409057838e-14
-8.095162039717276995e-15
1.532203415706511661e-14
-7.884647055551045155e-15
1.411276510773775839e-14
-7.650282631508558095e-15
1.301564564217907283e-14
-7.398484574534249653e-15
1.201869089991776706e-14
-7.134600760985319092e-15
1.111133059035984653e-14
-6.863068443105970996e-15
1.028423182640284943e-14
-6.587549439108988340e-15
9.529144858214871647e-15
-6.311046260422873376e-15
8.838768779460857031e-15
-6.036001775868860810e-15
8.206634422962310543e-15
-5.764384740064350477e-15
7.627002372529274086e-15
-5.497763095808504188e-15
7.094773944451875768e-15
-5.237366769856545579e-15
6.605413578703708587e-15
-4.984141412866543343e-15
6.154881047386248373e-15
-4.738794346096283000e-15
5.739572261719653553e-15
-4.501833819270338500e-15
5.356267535855399166e-15
-4.273602479126606546e-15
5.002086348123296614e-15
-4.054305909527216087e-15
4.674447748319525576e-15
-3.844036894575438027e-15
4.371035692605385222e-15
-3.642796034608451920e-15
4.089768667421741878e-15
-3.450509233376281164e-15
3.828773050267645847e-15
-3.267042483449441707e-15
3.586359724740246458e-15
-3.092214353624475284e-15
3.361003547572719306e-15
-2.925806507350556953e-15
3.151325285629234046e-15
-2.767572528543831856e-15
2.956075743832446103e-15
-2.617245310288804872e-15
2.774121748660985412e-15
-2.474543207064172876e-15
2.604433821932102290e-15
-2.339175148328051875e-15
2.446075284614503951e-15
-2.210844848617344719e-15
2.298192634966343936e-15
-2.089254264549845793e-15
2.160007033639583248e-15
-1.974106409410359507e-15
2.030806764664656560e-15
-1.865107617030358842e-15
1.909940549929915161e-15
-1.761969346637263683e-15
1.796811615370377106e-15
-1.664409603999051310e-15
1.690872415138296547e-15
-1.572154028005232062e-15
1.591619934109267400e-15
-1.484936707943090378e-15
1.498591507929992190e-15
-1.402500770859967714e-15
1.411361084398834469e-15
-1.324598779661265189e-15
1.329535886828537824e-15
-1.250992968271438024e-15
1.252753430607859795e-15
-1.181455357148243097e-15
1.180678840169296551e-15
-1.115767749909119866e-15
1.113002460835722094e-15
-1.053721656879462674e-15
1.049437688057174993e-15
-9.951181357169613878e-16
9.897190353348292636e-16
-9.397675898752405871e-16
9.336003822237962839e-16
-8.874895134417163527e-16
8.808533985864261264e-16
-8.381122095561544341e-16
8.312661203647006564e-16
-7.914724803610244294e-16
7.846416615953666201e-16
-7.474153004109555924e-16
7.407970488911227454e-16
-7.057934770254409434e-16
6.995621658518754857e-16
-6.664673051478533918e-16
6.607787977067351804e-16
-6.293042139633711181e-16
6.242997594322309235e-16
-5.941784185939380813e-16
5.899881102593751912e-16
-5.609705678853780947e-16
5.577164355889737769e-16
-5.295673992026902164e-16
5.273661982161039905e-16
-4.998613955067663620e-16
4.988271465662667449e-16
-4.717504509905508875e-16
4.719967775008381316e-16
-4.451375394184722713e-16
4.467798547108670569e-16
-4.199303937768052767e-16
4.230879631753010351e-16
-3.960411867400737293e-16
4.008391142721824167e-16
-3.733862247014181967e-16
3.799573869063261028e-16
-3.518856425406183793e-16
3.603726041647500808e-16
-3.314631076996951572e-16
3.420200472307440980e-16
-3.120455275430401808e-16
3.248401978236661613e-16
-2.935627639018318877e-16
3.087785137079728749e-16
-2.759473492501570043e-16
2.937852322182803742e-16
-2.591342070730990109e-16
2.798152020735403698e-16
-2.430603743819835696e-16
2.668277402055958397e-16
-2.276647246157303449e-16
2.547865169381042187e-16
-2.128876914456892397e-16
2.436594645930476594e-16
-1.986709905915724638e-16
2.334187125515801037e-16
-1.849573390678818929e-16
2.240405450637789490e-16
-1.716901722415724992e-16
2.155053855134664748e-16
-1.588133534660678322e-16
2.077978048242179471e-16
-1.462708802905160713e-16
2.009065530014969219e-16
-1.340065791509350614e-16
1.948246182616395196e-16
-1.219637954745049333e-16
1.895493089100788298e-16
-1.100850696721261909e-16
1.850823622416447113e-16
-9.831180270721463971e-17
1.814300801243841187e-16
-8.658390880218279642e-17
1.786034885628331815e-16
-7.483945291452084092e-17
1.766185269595250827e-16
-6.301427353607925811e-17
1.754962627741601268e-16
-5.104158865300791555e-17
1.752631342070157580e-16
-3.885158398613110643e-17
1.759512195788035774e-16
-2.637098484295146530e-17
1.775985337056538976e-16
-1.352260926018438196e-17
1.802493507620995277e-16
-2.249044249951587417e-19
1.839545512760284708e-16
1.360853280746803646e-17
1.887719919257287063e-16
2.806944981020658020e-17
1.947668954214347879e-16
4.325544305079133092e-17
2.020122563707373959e-16
5.927046997775015488e-17
2.105892571547595823e-16
7.622536261663609721e-17
2.205876883785215028e-16
9.423833430212146302e-17
2.321063632424499532e-16
1.134354717179209833e-16
