# bin_4_4
2.891373854047392111e+00
2.890998961840629544e+00
2.890423420189194736e+00
2.889994060188148861e+00
2.889380991808272459e+00
2.888893820503871446e+00
2.888238347515760918e+00
2.887689665406626194e+00
2.886986636432566922e+00
2.886372378480709600e+00
2.885616354779336756e+00
2.884932082980305346e+00
2.884117327392850871e+00
2.883358226283839532e+00
2.882478695868922802e+00
2.881639571933524380e+00
2.880688915312177745e+00
2.879764201410007995e+00
2.878735762027667011e+00
2.877719528153932504e+00
2.876606354830765877e+00
2.875492326688609435e+00
2.874287193027606158e+00
2.873068780079938378e+00
2.871764214463892628e+00
2.870434549295805216e+00
2.869022877368256452e+00
2.867574868321478565e+00
2.866048269949419858e+00
2.864474669073187929e+00
2.862825251833392315e+00
2.861118740186357812e+00
2.859338631347691173e+00
2.857491923545475210e+00
2.855573382302720287e+00
2.853579351889821147e+00
2.851514903168816506e+00
2.849366729830690392e+00
2.847149320277515550e+00
2.844840659021575124e+00
2.842463834705830639e+00
2.839989005854414383e+00
2.837447109695036662e+00
2.834801306736665971e+00
2.832089691577312163e+00
2.829269201543311407e+00
2.826384452100807465e+00
2.823386880085402950e+00
2.820327033587278986e+00
2.817151519261712256e+00
2.813916270481640503e+00
2.810563680015481847e+00
2.807154551659281516e+00
2.803627623448838424e+00
2.800048077666634327e+00
2.796351495010995780e+00
2.792606956584857247e+00
2.788747315437694496e+00
2.784845072605616867e+00
2.780830708600935619e+00
2.776779654512774975e+00
2.772620291823614025e+00
2.768430469705991381e+00
2.764136656557696359e+00
2.759818576637409926e+00
2.755400880535086472e+00
2.750964588867424787e+00
2.746432541176264230e+00
2.741886442195304419e+00
2.737247249049287845e+00
2.732596717160786337e+00
2.727853793700487195e+00
2.723099655947241793e+00
2.718251094167511983e+00
2.713388125350925772e+00
2.708425270296033638e+00
2.703440909945858284e+00
2.698347288284829393e+00
2.693220856362623650e+00
2.687971763060194252e+00
2.682674502151658480e+00
2.677237584983286123e+00
2.671733866926229606e+00
2.666071027079840228e+00
2.660321000330480246e+00
2.654391816955198991e+00
2.648355603717818862e+00
2.642122259208634638e+00
2.635765511920427517e+00
2.629198825996550859e+00
2.622499018920622316e+00
2.615584711570170029e+00
2.608537020541926488e+00
2.601280795892579434e+00
2.593901926494255328e+00
2.586331564244116255e+00
2.578659633556671160e+00
2.570822241300608102e+00
2.562911082684863562e+00
2.554864297578948396e+00
2.546771624882107066e+00
2.538569088336095181e+00
2.530339956567078996e+00
2.522013793222191769e+00
2.513663477365044585e+00
2.505209257357655428e+00
2.496712177911023289e+00
2.488083718925535148e+00
2.479375839138318938e+00
2.470496447484715308e+00
2.461495829097708476e+00
2.452287567940394819e+00
2.442930439965018241e+00
2.433353670389465595e+00
2.423632784793469330e+00
2.413717698207830331e+00
2.403701063949872818e+00
2.393548240384867132e+00
2.383357872824310331e+00
2.373094539020490945e+00
2.362843514313305082e+00
2.352549181478493345e+00
2.342267853731332838e+00
2.331915952025700456e+00
2.321524146274785760e+00
2.310996709357731493e+00
2.300365701934889096e+00
2.289556943997447913e+00
2.278636823783837251e+00
2.267575733835037965e+00
2.256479073616270092e+00
2.245343128022605050e+00
2.234271585901145496e+00
2.223232741498521126e+00
2.212277329695506722e+00
2.201315632609554207e+00
2.190351856528845786e+00
2.179285450248211298e+00
2.168150640645060356e+00
2.156914910080200531e+00
2.145689231537995401e+00
2.134495950179180923e+00
2.123445074717394743e+00
2.112498869936966006e+00
2.101668216553504109e+00
2.090830969113687487e+00
2.079975634398298023e+00
2.069044865968226343e+00
2.058145097493275344e+00
2.047320950541197782e+00
2.036687469611921486e+00
2.026188798395480273e+00
2.015789260594337495e+00
2.005348019456314024e+00
1.994884882995149322e+00
1.984425273652094424e+00
1.974123940315834380e+00
1.963979257017276714e+00
1.953960630786677921e+00
1.943896918549966157e+00
1.933784103660699971e+00
1.923665542908498782e+00
1.913704099446157381e+00
1.903853376433219058e+00
1.894014140295982696e+00
1.884036185675998398e+00
1.874030205414179084e+00
1.864097081813791856e+00
1.854265231491823540e+00
1.844319954466925093e+00
1.834231309692354372e+00
1.824103699576673732e+00
1.814075057212998665e+00
1.803954467050501220e+00
1.793649585190641549e+00
1.783262499926276057e+00
1.772958749028946457e+00
1.762528070574089778e+00
1.751912840543202510e+00
1.741280455771000879e+00
1.730704971129067182e+00
1.719928032040837218e+00
1.709091267333104014e+00
1.698337336751172266e+00
1.687502591257967532e+00
1.676552327643287654e+00
1.665765593353746521e+00
1.654898496927471818e+00
1.644005388909753007e+00
1.633261785712976089e+00
1.622465321928052928e+00
1.611695505383000881e+00
1.601083489331595944e+00
1.590340923062628642e+00
1.579794281105682208e+00
1.569161049512913131e+00
1.558587798120202095e+00
1.548028220357190676e+00
1.537401196362694122e+00
1.526822683630366440e+00
1.516122153543302042e+00
1.505449856769458084e+00
1.494652326709423384e+00
1.483854879502802149e+00
1.472955123604234640e+00
1.462046496230580361e+00
1.451072833589437172e+00
1.440103228548122782e+00
1.429111006189935917e+00
1.418145196900690186e+00
1.407191077356926057e+00
1.396277053074462815e+00
1.385387070865243375e+00
1.374528677331830151e+00
1.363679472922626701e+00
1.352831727156227570e+00
1.341961718957127569e+00
1.331058854134769431e+00
1.320109490827764853e+00
1.309113481634148313e+00
1.298075516766582727e+00
1.287009925217178496e+00
1.275935181617637415e+00
1.264869172380309159e+00
1.253826973108276954e+00
1.242811992721974956e+00
1.231820799302370872e+00
1.220836206510661492e+00
1.209841384189752844e+00
1.198815538567519878e+00
1.187752367068364290e+00
1.176651213551197506e+00
1.165530342683161136e+00
1.154407168223187341e+00
1.143304679127769230e+00
1.132227353070548004e+00
1.121173033876355030e+00
1.110119109059711562e+00
1.099048627328715888e+00
1.087944677715242170e+00
1.076815578558623088e+00
1.065675801538469525e+00
1.054553108633541569e+00
1.043455981727748449e+00
1.032383073174369725e+00
1.021308821014130341e+00
1.010217322776089333e+00
9.991002578608607632e-01
9.879795674482991785e-01
9.768756119764954171e-01
9.658046368014733263e-01
9.547498218591166097e-01
9.436916897169493890e-01
9.326143547987245652e-01
9.215372361255481648e-01
9.104821358179311375e-01
8.994629447930539978e-01
8.884569734764846682e-01
8.774465527609347504e-01
8.664310158668085959e-01
8.554418619190687911e-01
8.444887963491113370e-01
8.335585958953637409e-01
8.226256805028271391e-01
8.117058350802927036e-01
8.008224173304212545e-01
7.899790974651774711e-01
7.791459306189312262e-01
7.683273509251511424e-01
7.575478219212917752e-01
7.468152042062464746e-01
7.360995939689403134e-01
7.254098934682384758e-01
7.147702766655980033e-01
7.041761420352145029e-01
6.936031720966389091e-01
6.830794331431399025e-01
6.726120650074363105e-01
6.621805591758178622e-01
6.517935963945483691e-01
6.414755631752996345e-01
6.311978169213833256e-01
6.209768396628503329e-01
6.108255812134211205e-01
6.007248833169300806e-01
5.906907271307405560e-01
5.807315435184076113e-01
5.708265393647665720e-01
5.610095190043634661e-01
5.512548679761238857e-01
5.415837662056186552e-01
5.319919581907399664e-01
5.224791195320029891e-01
5.130574183490369533e-01
5.037167205803957382e-01
4.944730143462273131e-01
4.853163588332785605e-01
4.762600426295721667e-01
4.672976032005422553e-01
4.584385058164636151e-01
4.496794971350770997e-01
4.410270354816410165e-01
4.324799924351012126e-01
4.240427888611270069e-01
4.157155173817876359e-01
4.075012353045811553e-01
3.994006690292952189e-01
3.914159151178208118e-01
3.835479798357449011e-01
3.757982342136159670e-01
3.681677566049587069e-01
3.606573370592598970e-01
3.532680072497126345e-01
3.460000761156962756e-01
3.388544667226918161e-01
3.318310881569506710e-01
3.249307327272242807e-01
3.181529848541724825e-01
3.114985122508899806e-01
3.049666478081084486e-01
2.985579592667615412e-01
2.922715993230996512e-01
2.861080694064168650e-01
2.800664065560948823e-01
2.741470786477830934e-01
2.683490575208964946e-01
2.626727975829401540e-01
2.571172327307266192e-01
2.516828016784315447e-01
2.463683975710496132e-01
2.411744120612976661e-01
2.360996614222603818e-01
2.311444294790069298e-01
2.263073898289239272e-01
2.215886348768207059e-01
2.169866125434276316e-01
2.125011336097243908e-01
2.081303406279187418e-01
2.038736894323799620e-01
1.997289662651070830e-01
1.956952414474290303e-01
1.917699457369921034e-01
1.879517934037174265e-01
1.842379230256873390e-01
1.806267815798248133e-01
1.771153291646169192e-01
1.737018710098731100e-01
1.703833174677631956e-01
1.671579486490038235e-01
1.640227198052033597e-01
1.609759453144891106e-01
1.580146443376697074e-01
1.551371408477509595e-01
1.523404538928241070e-01
1.496228241137261272e-01
1.469811658881776950e-01
1.444135403793616879e-01
1.419166921635572898e-01
1.394884851246078750e-01
1.371255339304882914e-01
1.348256025880026632e-01
1.325853173788132389e-01
1.304025061288179854e-01
1.282739620576250072e-01
1.261976946180605463e-01
1.241707216922937895e-01
1.221912236885186465e-01
1.202563737009155892e-01
1.183644234719446187e-01
1.165126073232033987e-01
1.146991969644483439e-01
1.129215008530273928e-01
1.111778887309831376e-01
1.094658607645999371e-01
1.077840019949546785e-01
1.061300780384405451e-01
1.045028952807415257e-01
1.029004257141193368e-01
1.013216062393083178e-01
9.976453942619775694e-02
9.822827246307246074e-02
9.671108220423035862e-02
9.521220947013789293e-02
9.373017723844241644e-02
9.226443678589385522e-02
9.081370438006593215e-02
8.937754813404684417e-02
8.795479660735397442e-02
8.654511372266331104e-02
8.514748558196963413e-02
8.376174745578654490e-02
8.238708468325010859e-02
8.102346877447068330e-02
7.967018401501042846e-02
7.832724258043513577e-02
7.699401333982447415e-02
7.567063225789363856e-02
7.435664691819054983e-02
7.305229763091942996e-02
7.175714784782498412e-02
7.047137817686364991e-02
6.919459236581891604e-02
6.792712644529670662e-02
6.666877466097981264e-02
6.541990123794012846e-02
6.418023725086131892e-02
6.295015015978992767e-02
6.172953075149573837e-02
6.051881165534901685e-02
5.931775983725938450e-02
5.812668764142725486e-02
5.694553113416113421e-02
5.577483653090500870e-02
5.461450616673760305e-02
5.346483343952303235e-02
5.232572496589738692e-02
5.119774823107894196e-02
5.008089750660655454e-02
4.897545797457376199e-02
4.788132806844762335e-02
4.679897158421401221e-02
4.572829568243712284e-02
4.466973759773303077e-02
4.362338823537842414e-02
4.258956427427754154e-02
4.156819257613345031e-02
4.055952607753531697e-02
3.956348935346760964e-02
3.858080582716818391e-02
3.761098723555146572e-02
3.665423019602856436e-02
3.571107545558215024e-02
3.478123412424259653e-02
3.386497306318935613e-02
3.296239155808255300e-02
3.207289564340598531e-02
3.119770937468246269e-02
3.033604291442231621e-02
2.948806594763523498e-02
2.865408812584496756e-02
2.783382635957808160e-02
2.702763933699966342e-02
2.623533918055304115e-02
2.545640311159612715e-02
2.469195941593576443e-02
2.394118665658537259e-02
2.320435697951784768e-02
2.248166498215129275e-02
2.177257681521251043e-02
2.107757107999209609e-02
2.039644108964735331e-02
1.972847549834440273e-02
1.907486628812997409e-02
1.843461818889538875e-02
1.780785837665883539e-02
1.719467199158350446e-02
1.659439572054319592e-02
1.600762520213165618e-02
1.543380960122171970e-02
1.487229216419829261e-02
1.432416166208479516e-02
1.378819205323516921e-02
1.326476119653405630e-02
1.275384687313917478e-02
1.225473038802133742e-02
1.176828031512507089e-02
1.129393618474743011e-02
1.083108872216459462e-02
1.038090833372668810e-02
9.942312223880377803e-03
9.515810990173944120e-03
9.101272506959719524e-03
8.697998363474087821e-03
8.306932405232787808e-03
7.927310723305266288e-03
7.558570268419965640e-03
7.201705286120413038e-03
6.855470915553307440e-03
6.520422125775151255e-03
6.196297775718716608e-03
5.882365994611915040e-03
5.579660165081493789e-03
5.287331407645682983e-03
5.005021226464005657e-03
4.733649384125452296e-03
4.471938838175387558e-03
4.220557069631454897e-03
3.979122486770550818e-03
3.746815341801722470e-03
3.524492162423331024e-03
3.311186942742057413e-03
3.106595451552862132e-03
2.911307349719024704e-03
2.724144668249864256e-03
2.545733450192403432e-03
2.375697738003080053e-03
2.213359235233977075e-03
2.059351196462166911e-03
1.912768145857741487e-03
1.773490338907299322e-03
1.641758137358755119e-03
1.516645003717010049e-03
1.398595198369414951e-03
1.287304089669239881e-03
1.182343074518260465e-03
1.084150903372461342e-03
9.922068302857390675e-04
9.066655254303014480e-04
8.278648029376674050e-04
7.556526897697891324e-04
6.908568384432774807e-04
6.340318605407523327e-04
5.859835947215157308e-04
5.478208423452732550e-04
5.199271334678447383e-04
5.022848257116112585e-04
4.935327081031453235e-04
4.903926392397184265e-04
4.881868710832316331e-04
4.808711087285897278e-04
4.623358001924910690e-04
4.274700525447389576e-04
3.735047419163057690e-04
3.006598598821744661e-04
2.121562618921862071e-04
1.135812369208728220e-04
1.174044065026113532e-05
-8.642844068709336402e-05
-1.750672650528414874e-04
-2.505822414669147216e-04
-3.111304181396959477e-04
-3.569074408651946146e-04
-3.891577511439292840e-04
-4.096530157477656702e-04
-4.207069692234029993e-04
-4.242800033529376346e-04
-4.220609935381895803e-04
-4.157827153728247370e-04
-4.062966375716138860e-04
-3.946959854500690142e-04
-3.817365766456305839e-04
-3.678609918227979548e-04
-3.536437576189376941e-04
-3.391186659840451077e-04
-3.244261815460193206e-04
-3.100280676972297193e-04
-2.957319513891831244e-04
-2.817516822139370415e-04
-2.679946784621516629e-04
-2.544127775888315704e-04
-2.413674737022318811e-04
-2.287671173325284048e-04
-2.165068157116011472e-04
-2.047540396425893126e-04
-1.933273610094808279e-04
-1.824540464278781690e-04
-1.719973812869714919e-04
-1.618862521066323653e-04
-1.524553160386830062e-04
-1.435555789284103821e-04
-1.349942700349037144e-04
-1.268189846591781728e-04
-1.190678601735818616e-04
-1.118037201827249658e-04
-1.048878532525668279e-04
-9.839799473452837683e-05
-9.250766135579421281e-05
-8.685140170606840552e-05
-8.133767745728571477e-05
-7.631464724854949034e-05
-7.154574783014094560e-05
-6.700272380942088051e-05
-6.269872194809391936e-05
-5.871810840936612892e-05
-5.487741000589574722e-05
-5.126590671856535373e-05
-4.809747229640834627e-05
-4.524058225912721870e-05
-4.215908410886185734e-05
-3.951138275677176109e-05
-3.715368792687859695e-05
-3.484169708629513454e-05
-3.250731845385624734e-05
-3.071164655757950714e-05
-2.868579435888084559e-05
-2.677847498710244221e-05
-2.531746820261487384e-05
-2.390328168374302668e-05
-2.224725585400494303e-05
-2.099483910983424489e-05
-2.008562880480728709e-05
-1.856847564961926266e-05
-1.754252018436663283e-05
-1.627024743082314999e-05
-1.515166642254952584e-05
-1.370084943607869735e-05
-1.305404512935669700e-05
-1.173523043665983589e-05
-1.081240476332765144e-05
-1.009581624965298102e-05
-9.280271324066674684e-06
-8.682986314810956790e-06
-8.036309166515085857e-06
-7.676820164779428503e-06
-6.897297955436912625e-06
-6.924503875408952716e-06
-6.263153726277193736e-06
-5.976750028120017464e-06
-5.737479660959413923e-06
-5.153135055388747095e-06
-4.985231547123473177e-06
-4.519675941056885862e-06
-4.308046655270142976e-06
-3.786190213279549913e-06
-3.747371653180324300e-06
-3.421840026603430648e-06
-2.987190507774346445e-06
-3.007096439239917715e-06
-2.615458419815622244e-06
-2.533213527504320657e-06
-2.357878088265709617e-06
-2.141207100235185748e-06
-2.008871788479276324e-06
-1.830581853094060279e-06
-1.791633322868879717e-06
-1.554578120153269074e-06
-1.603490333808838707e-06
-1.400539020085007656e-06
-1.305646345333667796e-06
-1.376551010882793235e-06
-1.076622870743420433e-06
-1.112529624456379694e-06
-9.943371628713962326e-07
-8.634513727244747640e-07
-8.956149612492595689e-07
-7.336585862802437877e-07
-7.419174364429973634e-07
-7.077459227233169545e-07
-6.302999493721362488e-07
-6.158498323174106929e-07
-5.607787315483531674e-07
-5.318243573692641022e-07
-4.708751273857868173e-07
-4.552953273239003664e-07
-4.200742961355151023e-07
-3.582977919222866427e-07
-3.813945294517541900e-07
-3.264044234440723369e-07
-3.130749411251347320e-07
-3.035607618121234976e-07
-2.570878369027144245e-07
-2.694484357601144577e-07
-2.335577378616185683e-07
-2.064929148848864797e-07
-2.105420049175612464e-07
-1.871092539357267492e-07
-1.813051793559867806e-07
-1.571446733174889394e-07
-1.574470195352165974e-07
-1.419821712841040805e-07
-1.345883965751580767e-07
-1.212608067306239395e-07
-1.057089323981586252e-07
-1.154241326642988941e-07
-9.772229162597487427e-08
-8.204606295254656319e-08
-9.590937231458736315e-08
-6.999283987065269436e-08
-7.771506833861698481e-08
-7.077543251073154086e-08
-5.239498644975457234e-08
-7.088968837958902864e-08
-5.148213318458110205e-08
-4.719594744370786722e-08
-5.768465961051985215e-08
-3.627561936446670431e-08
-4.797342881885556209e-08
-4.017047607734275832e-08
-2.909349690145047354e-08
-4.279147760752680346e-08
-2.770714823913998179e-08
-2.731806669682335506e-08
-3.284086331205523148e-08
-1.881456790547275230e-08
-2.706278946299233605e-08
-2.269269871346443741e-08
-1.449573811991510163e-08
-2.504145452115878375e-08
-1.442687688824393829e-08
-1.658486132981842484e-08
-1.811371773103252468e-08
-1.135954988789154749e-08
-1.633782596451064423e-08
-1.269101475453006441e-08
-9.402537298956056343e-09
-1.405533173171503508e-08
-8.042294520548267946e-09
-9.746624582661641522e-09
-9.531366202938119445e-09
-6.466650225071594826e-09
-9.076786144432078196e-09
-7.266319387071863929e-09
-5.691310188711302323e-09
-8.154271565653897907e-09
-5.041450507054112669e-09
-5.749256449670367453e-09
-5.667700542614233713e-09
-3.577278460851018347e-09
-5.396691712431497690e-09
-3.957645188778514130e-09
-3.570369902038487685e-09
-4.661815759862991252e-09
-3.092060299253416830e-09
-3.515950914495920358e-09
-3.260855612642856465e-09
-2.232112035559477386e-09
-3.205582701946891209e-09
-2.431142018440261873e-09
-2.330763205672531785e-09
-2.762026807006666091e-09
-1.872733275133589477e-09
-2.081260750978649106e-09
-1.954324244577668998e-09
-1.530184621708018868e-09
-2.103901204194144967e-09
-1.585299587679422266e-09
-1.474416273020393440e-09
-1.566330063196286236e-09
-1.206521593281383652e-09
-1.438344772400073614e-09
-1.391747318463923049e-09
-1.056051161865049592e-09
-1.255341510195905770e-09
-9.905359341546439139e-10
-1.087093131726042527e-09
-1.109976467821201219e-09
-8.686006575633990117e-10
-9.125602944613183452e-10
-9.403131606855479013e-10
-8.133980661283378074e-10
-8.857944334992229564e-10
-7.026594538163993417e-10
-7.965104679425995686e-10
-7.742244542388255401e-10
-6.559679861335249661e-10
-6.846403201124193296e-10
-7.095090967174749656e-10
-5.933182959912414737e-10
-6.430925772586147943e-10
-5.923028206690635508e-10
-5.971795766416178548e-10
-5.464324394775625027e-10
-5.606735923263338606e-10
-5.344003380040860773e-10
-5.145267430337533825e-10
-5.004324798248234972e-10
-5.045222999484065119e-10
-4.553010399423380667e-10
-4.849518393048308916e-10
-4.339415901016653600e-10
-4.501387012104795729e-10
-4.187172491216108895e-10
-4.227322628782460106e-10
-3.956733368176337096e-10
-3.994881264871681759e-10
-3.762424923490517638e-10
-3.719468263351785041e-10
-3.599778901159217024e-10
-3.472303868886084948e-10
-3.380514959401738739e-10
-3.288196169820534251e-10
-3.129158504609803226e-10
-3.101885397946171553e-10
-2.902062157071689240e-10
-2.879051422579112358e-10
-2.704856419708415402e-10
-2.652293466299522122e-10
-2.486978776391839793e-10
-2.435917763773297843e-10
-2.263299488891217622e-10
-2.217519683928901974e-10
-2.036792386175291798e-10
-1.990736499008786798e-10
-1.816335878266219619e-10
-1.763284167923104424e-10
-1.586692795356705426e-10
-1.531082027778080219e-10
-1.363851294647198710e-10
-1.297762773217019975e-10
-1.135631357549147411e-10
-1.070110202679360609e-10
-9.084312820612515232e-11
-8.494569748813209320e-11
-6.832069347051652291e-11
-6.257494941855332925e-11
-4.752473649718618208e-11
-4.089289893139037670e-11
-2.717597486575288387e-11
-2.094076251160129690e-11
-7.687847766802979939e-12
-2.931105418870456156e-12
1.028221420549311669e-11
1.416262996553562863e-11
2.539018971679946179e-11
2.932183513929960757e-11
3.859079317872890032e-11
4.165271264062939434e-11
4.977839274164890033e-11
5.089650365323656019e-11
5.836250384459179174e-11
5.811350512757442522e-11
6.351273845354165594e-11
6.274572809228774518e-11
6.614003262069912524e-11
6.448944432462702230e-11
6.672248077589918884e-11
6.349495583631338710e-11
6.525198567973262749e-11
6.112991217684275002e-11
6.171465328507332598e-11
5.763354932415944731e-11
5.731616591978154833e-11
5.341967683622541426e-11
5.307283942260676367e-11
4.904171211903025516e-11
4.942563177895458280e-11
4.588294424303981072e-11
4.664061799419200433e-11
4.426277329145901677e-11
4.547140961410042948e-11
4.429425842628609281e-11
4.630812949298560758e-11
4.574220348402149177e-11
4.871626861697762881e-11
4.869160255503584780e-11
5.188745513538896030e-11
5.231419016573331952e-11
5.519435663881461655e-11
5.563103860074115182e-11
5.798862614327661304e-11
5.769175210149774300e-11
5.946403155884089660e-11
5.833672426739623824e-11
5.921156641373839182e-11
5.754448586645411410e-11
5.764121386657440081e-11
5.579954496210008966e-11
5.570320109150812042e-11
5.393161880666679026e-11
5.428737393775876596e-11
5.304268218548127659e-11
5.399932063774318801e-11
5.355280858609853620e-11
5.495596155460989059e-11
5.506910192075739830e-11
5.659335331299186234e-11
5.658893792934930456e-11
5.780531770818852604e-11
5.724861676211068088e-11
5.780173860329877572e-11
5.673657148591928339e-11
5.677081335320871844e-11
5.564552705321015648e-11
5.576880439995842098e-11
5.503408624436220318e-11
5.571628044323987858e-11
5.552230887214072913e-11
5.656716327240239088e-11
5.653398713875660597e-11
5.731538422922154463e-11
5.691578504200085059e-11
5.713814788189569467e-11
5.632835020225248239e-11
5.639456674196759787e-11
5.574912520973023583e-11
5.620733273359691045e-11
5.606502913309167357e-11
5.679132166731650644e-11
5.670693921160963605e-11
5.710807118708908885e-11
5.659499825312727593e-11
5.665105879734788130e-11
5.609835697778930912e-11
5.641240989060090895e-11
5.628874551032576977e-11
5.683996453114314634e-11
5.669929974697141390e-11
5.690047577269385224e-11
5.642344712991333270e-11
5.652244570719506464e-11
5.628235960178656500e-11
5.671684020803901678e-11
5.663693237316183185e-11
5.686218577968311904e-11
5.648477473131392550e-11
5.657045314443993400e-11
5.640409711076534561e-11
5.676521837061342708e-11
5.663893901888289115e-11
5.674616371658131675e-11
5.643149208714141709e-11
5.662862344326309966e-11
5.658072513034005608e-11
5.679225013706680509e-11
5.653254162085470097e-11
5.662292012879962717e-11
5.653819885980480939e-11
5.677130838141250265e-11
5.656920404279160164e-11
5.663676624016967924e-11
5.655322612447945937e-11
5.674842460979341745e-11
5.656506586430489139e-11
5.664658577897564696e-11
5.658983880515066550e-11
5.672308614068665573e-11
5.654476057303633644e-11
5.667822395580306201e-11
5.661498398328160731e-11
5.666813482921068692e-11
5.657076822605339338e-11
5.670971537425790122e-11
5.657502718676355793e-11
5.667242251852565573e-11
5.661228268259458341e-11
5.666123824558018375e-11
5.659978986623516780e-11
5.668372720190423888e-11
5.658377915469098544e-11
5.668795256859172685e-11
5.659098055002522979e-11
5.667550074219568725e-11
5.660440918065257129e-11
5.666478791492090616e-11
5.661191974051196415e-11
5.666047986303856247e-11
5.661413360949529720e-11
5.665954265274820483e-11
5.661443883793967495e-11
5.665927247014633255e-11
5.661460918692769357e-11
5.665870262094548819e-11
5.661506276548855193e-11
5.665773952833447591e-11
5.661573640293677066e-11
5.665650651418519520e-11
5.661649917278582497e-11
5.665511850510074883e-11
5.661725657970793507e-11
5.665364597643656870e-11
5.661795326719108156e-11
5.665212589379201810e-11
5.661855853215962441e-11
5.665057537763760723e-11
5.661905502252477231e-11
5.664900046833605054e-11
5.661943216437470352e-11
5.664740093210199589e-11
5.661968263876947549e-11
5.664577277946596070e-11
5.661980050888931444e-11
5.664410957750106056e-11
5.661978019681035582e-11
5.664240313624088818e-11
5.661961589525829243e-11
5.664064386340617381e-11
5.661930120491802613e-11
5.663882093673935504e-11
5.661882888973110841e-11
5.663692237090697050e-11
5.661819069475115763e-11
5.663493501925501472e-11
5.661737719482761906e-11
5.663284453235936354e-11
5.661637765782752147e-11
5.663063528583733427e-11
5.661517991136540369e-11
5.662829028351549986e-11
5.661377020710581500e-11
5.662579104035004088e-11
5.661213307793745728e-11
5.662311744650107983e-11
5.661025118533872944e-11
5.662024761365494389e-11
5.660810515400805078e-11
5.661715770342277456e-11
5.660567339251736519e-11
5.661382173788397839e-11
5.660293189768012644e-11
5.661021139109862357e-11
5.659985404120888774e-11
5.660629576116284236e-11
5.659641033723022578e-11
5.660204112140671940e-11
5.659256818916450067e-11
5.659741064986244894e-11
5.658829161427790428e-11
5.659236413567743693e-11
5.658354094498971895e-11
5.658685766118501561e-11
5.657827250499027848e-11
5.658084325863967584e-11
5.657243825954567257e-11
5.657426854029847216e-11
5.656598543835417502e-11
5.656707630102197560e-11
5.655885613042548508e-11
5.655920409262939333e-11
5.655098685002223749e-11
5.655058376931947256e-11
5.654230807366214655e-11
5.654114100454002493e-11
5.653274374806577368e-11
5.653079477923813259e-11
5.652221077014549325e-11
5.651945684311466225e-11
5.651061844022002440e-11
5.650703115055009536e-11
5.649786789141730873e-11
5.649341327454287000e-11
5.648385149859804392e-11
5.647848980290357428e-11
5.646845227226953402e-11
5.646213772289093851e-11
