# bin_2_2
2.994125238166527314e+00
2.993564026138721523e+00
2.993410725233189851e+00
2.992828893196772810e+00
2.992628593744668386e+00
2.992022401119677877e+00
2.991772695457441067e+00
2.991138211863860974e+00
2.990836413720282305e+00
2.990169506996362081e+00
2.989812645168277161e+00
2.989108971153298988e+00
2.988693784924521424e+00
2.987948779570476887e+00
2.987471716513215192e+00
2.986680591016977804e+00
2.986137807940715927e+00
2.985295547693471718e+00
2.984682915621018395e+00
2.983784283911037338e+00
2.983097398097092068e+00
2.982136945625369684e+00
2.981371141762417576e+00
2.980343223171602496e+00
2.979493601052874752e+00
2.978392399784534295e+00
2.977453855808900318e+00
2.976273418702394036e+00
2.975240688678371104e+00
2.973974971785061427e+00
2.972842685525212136e+00
2.971485612599571891e+00
2.970248361741262499e+00
2.968793896775712149e+00
2.967446317105009612e+00
2.965888552036544557e+00
2.964425421274281103e+00
2.962758679583562316e+00
2.961175031069434915e+00
2.959393987343439836e+00
2.957685239270014588e+00
2.955785053859540046e+00
2.953947152584646574e+00
2.951923619174674052e+00
2.949953193630760140e+00
2.947802895803591117e+00
2.945697418035344572e+00
2.943417888679185523e+00
2.941175833060206468e+00
2.938765707724263265e+00
2.936386698394922501e+00
2.933845850447736936e+00
2.931330783049374222e+00
2.928660424839517606e+00
2.926011544829498323e+00
2.923214275203431356e+00
2.920435191225374538e+00
2.917514966095243967e+00
2.914610573522885328e+00
2.911572573311048018e+00
2.908548860917431256e+00
2.905399227501187287e+00
2.902262940266639557e+00
2.899008357704133676e+00
2.895766492403806236e+00
2.892413591734324996e+00
2.889072710782363718e+00
2.885627291304118103e+00
2.882192656156919774e+00
2.878658735547332093e+00
2.875133285433498553e+00
2.871512020310824642e+00
2.867895256170208906e+00
2.864183813601819395e+00
2.860470690460173770e+00
2.856661198001873458e+00
2.852841178678569012e+00
2.848919931134433980e+00
2.844976403473475912e+00
2.840923549624227107e+00
2.836833846599820408e+00
2.832623804009813284e+00
2.828360073515784556e+00
2.823962903847995420e+00
2.819494029988575790e+00
2.814877926674743236e+00
2.810172582250559881e+00
2.805307453661310291e+00
2.800338144924720662e+00
2.795200006965552042e+00
2.789947654961491441e+00
2.784523190726880149e+00
2.778981411889457576e+00
2.773271670493639540e+00
2.767449559396856884e+00
2.761471470112736970e+00
2.755393501041750071e+00
2.749177854637849361e+00
2.742879711729806491e+00
2.736464724754736899e+00
2.729984649660023965e+00
2.723405348599055475e+00
2.716772055646003103e+00
2.710047476060427840e+00
2.703267645417501974e+00
2.696389847790410688e+00
2.689440037890412860e+00
2.682370313074531776e+00
2.675198715295856733e+00
2.667875799695047512e+00
2.660417259051614636e+00
2.652778720679335844e+00
2.644981092324181216e+00
2.636992227077730622e+00
2.628844412444172995e+00
2.620521302994598400e+00
2.612066969538175520e+00
2.603476939150366043e+00
2.594799056481347233e+00
2.586028789115916382e+00
2.577203735017091546e+00
2.568305053605035138e+00
2.559348825583090292e+00
2.550296171988192029e+00
2.541144193325627576e+00
2.531845474516234873e+00
2.522397990016534752e+00
2.512770362039320915e+00
2.502985604440721268e+00
2.493045172844058577e+00
2.483000656906421799e+00
2.472872701490885561e+00
2.462711855166920483e+00
2.452518615807788738e+00
2.442305194061361817e+00
2.432030041893053607e+00
2.421671849085799355e+00
2.411181508157395736e+00
2.400560213369959506e+00
2.389808934097418014e+00
2.378985617593613267e+00
2.368131746475433896e+00
2.357305402026760976e+00
2.346504703771771450e+00
2.335716306214375759e+00
2.324877254852194319e+00
2.313958932747303354e+00
2.302946312772100601e+00
2.291898045150350782e+00
2.280874198915177953e+00
2.269940924804679128e+00
2.259085554492869186e+00
2.248265407149823147e+00
2.237406345057460832e+00
2.226507388566146162e+00
2.215616282190635999e+00
2.204831653512852707e+00
2.194181787444742682e+00
2.183630838208175273e+00
2.173083319753250642e+00
2.162523352149405387e+00
2.152011712182172687e+00
2.141654518396813422e+00
2.131446144907318541e+00
2.121300927863579933e+00
2.111135974614076982e+00
2.101017883992434498e+00
2.091044963225641151e+00
2.081221997918156319e+00
2.071413974556818527e+00
2.061580614212771057e+00
2.051816343740411330e+00
2.042200376680676666e+00
2.032607352961145253e+00
2.022944790312307450e+00
2.013296842259181929e+00
2.003755678959612485e+00
1.994173038534318820e+00
1.984474851770849257e+00
1.974784976847109519e+00
1.965123222719315610e+00
1.955300263110553383e+00
1.945384691371253805e+00
1.935479792643733710e+00
1.925433078199963566e+00
1.915220780507245202e+00
1.905018382437540847e+00
1.894654789813098317e+00
1.884149021547556480e+00
1.873644368250946934e+00
1.862982282812638557e+00
1.852245738031301769e+00
1.841530433136424172e+00
1.830660280985089372e+00
1.819882832212249335e+00
1.809032979477978920e+00
1.798231851725935249e+00
1.787487901941745561e+00
1.776754094037340304e+00
1.766150737543774385e+00
1.755555498209072196e+00
1.745099247255215147e+00
1.734655246507170512e+00
1.724316683391223570e+00
1.713974920484502951e+00
1.703681479548306399e+00
1.693347273873598402e+00
1.682996730355911685e+00
1.672560886229390364e+00
1.662055862333386536e+00
1.651437029442250015e+00
1.640728168653956986e+00
1.629912607303958039e+00
1.619029444780108351e+00
1.608086467168545308e+00
1.597133353363723085e+00
1.586188116182448260e+00
1.575294679491483274e+00
1.564460016429713773e+00
1.553703162505628343e+00
1.543003760062445551e+00
1.532348824989702818e+00
1.521693630030684474e+00
1.511009031365708966e+00
1.500251826833908453e+00
1.489409332357217508e+00
1.478471157012832382e+00
1.467463451873781688e+00
1.456413777490539019e+00
1.445371433959073526e+00
1.434366382002640883e+00
1.423424395271726484e+00
1.412533548908899483e+00
1.401670479024182292e+00
1.390786316456187111e+00
1.379846848043134289e+00
1.368826788789968552e+00
1.357741272239981312e+00
1.346621112782952379e+00
1.335516659309898380e+00
1.324454655241848355e+00
1.313439997462347186e+00
1.302435771200077141e+00
1.291400288568765875e+00
1.280298447802745709e+00
1.269140826601040217e+00
1.257963972008866005e+00
1.246818338634144707e+00
1.235715794812423107e+00
1.224630702046530351e+00
1.213507366505472751e+00
1.202321637641226237e+00
1.191095129872824510e+00
1.179889450149014474e+00
1.168733927331616629e+00
1.157601252732825436e+00
1.146422675098336841e+00
1.135177130041311155e+00
1.123913994593754184e+00
1.112707421039397016e+00
1.101549169198199785e+00
1.090359178046541588e+00
1.079086349424165814e+00
1.067801280949750131e+00
1.056593330816528509e+00
1.045433339035483966e+00
1.034198862328099766e+00
1.022888456328520546e+00
1.011637734427214053e+00
1.000488778206505502e+00
9.892857722745403981e-01
9.779721161110753735e-01
9.667208671508622508e-01
9.555998444544956394e-01
9.444008935058822996e-01
9.330907872710129114e-01
9.219068878970141379e-01
9.108195172482772550e-01
8.995796068803865175e-01
8.883402266836227801e-01
8.772798704734152686e-01
8.661422274593181259e-01
8.549191690980045832e-01
8.438740469572560965e-01
8.328028487008094505e-01
8.216488514313130542e-01
8.106454300761384291e-01
7.996185391330453696e-01
7.885608691915562130e-01
7.776215577551573999e-01
7.666409383566398228e-01
7.557092018340939577e-01
7.448231930704193315e-01
7.339422516544547026e-01
7.231198467627444337e-01
7.123172198640929098e-01
7.015639974924785527e-01
6.908431838365124422e-01
6.801719971602795400e-01
6.695398353774680844e-01
6.589596544875098161e-01
6.484254991635656218e-01
6.379456330743872305e-01
6.275185055714120885e-01
6.171491452811238565e-01
6.068382908048454150e-01
5.965897308789869236e-01
5.864049623243572373e-01
5.762874679289071711e-01
5.662389701324795910e-01
5.562628589692577563e-01
5.463609776866213963e-01
5.365366158851662126e-01
5.267917113605598001e-01
5.171294195199284127e-01
5.075517451978136529e-01
4.980616865415085082e-01
4.886612723041104389e-01
4.793533199610158224e-01
4.701398360052819192e-01
4.610234404546425524e-01
4.520060714754277065e-01
4.430901283288674608e-01
4.342774371647512011e-01
4.255701602793049987e-01
4.169699741843742036e-01
4.084787847670289795e-01
4.000980890973903081e-01
3.918295287201143950e-01
3.836743995225866954e-01
3.756340734647894974e-01
3.677096380552033472e-01
3.599022034566770056e-01
3.522126487117702709e-01
3.446418404185006001e-01
3.371904656966113190e-01
3.298591731055288134e-01
3.226484839925786163e-01
3.155588658229954158e-01
3.085907063123622951e-01
3.017443332859217620e-01
2.950200374016341276e-01
2.884180462880643336e-01
2.819385876686839043e-01
2.755818203752708473e-01
2.693479307008871948e-01
2.632370252622893703e-01
2.572492517273873291e-01
2.513846595061515199e-01
2.456433386840491395e-01
2.400252526384843155e-01
2.345303915950921470e-01
2.291585827500453865e-01
2.239096559562016864e-01
2.187832386467125079e-01
2.137789338502833203e-01
2.088961068736579774e-01
2.041340785941315183e-01
1.994919093313294312e-01
1.949686090758367407e-01
1.905629239956385945e-01
1.862735624247028876e-01
1.820989867568115206e-01
1.780376512497461872e-01
1.740877970096747496e-01
1.702476945944653153e-01
1.665154360223829733e-01
1.628891736526942580e-01
1.593669039347774263e-01
1.559466958564497685e-01
1.526264636975999123e-01
1.494041840878340133e-01
1.462776625753789694e-01
1.432447454805550469e-01
1.403030907915503722e-01
1.374503840867431770e-01
1.346841238609541025e-01
1.320018473245580803e-01
1.294009316305577695e-01
1.268788251358886066e-01
1.244328542314023511e-01
1.220604458279584970e-01
1.197589279482837166e-01
1.175257328149118125e-01
1.153581893024448884e-01
1.132537144172216653e-01
1.112096130933203225e-01
1.092232783114407552e-01
1.072920144311690221e-01
1.054132507175609135e-01
1.035843807705765646e-01
1.018029659413953736e-01
1.000665615452971113e-01
9.837288817544041775e-02
9.671963978395491102e-02
9.510464013413388873e-02
9.352566802956176206e-02
9.198063609456487433e-02
9.046745210636779333e-02
8.898421007650197945e-02
8.752904660605348441e-02
8.610029251215245427e-02
8.469629636488319735e-02
8.331555076268121196e-02
8.195654040111037542e-02
8.061790445907146552e-02
7.929832173288162145e-02
7.799665947075415384e-02
7.671181428586479334e-02
7.544280949993319163e-02
7.418864583945690427e-02
7.294845726494456062e-02
7.172143754277215955e-02
7.050698404503383254e-02
6.930452517962878978e-02
6.811355104320472587e-02
6.693346869683410028e-02
6.576379157329095837e-02
6.460412498572276618e-02
6.345426221211748763e-02
6.231395682329640001e-02
6.118295790030031656e-02
6.006100464060812327e-02
5.894804687138847227e-02
5.784407810777805747e-02
5.674904399766493579e-02
5.566275557315905620e-02
5.458518872103487740e-02
5.351644429003396541e-02
5.245661503754440319e-02
5.140562817523873507e-02
5.036356821438563863e-02
4.933066445123973631e-02
4.830706940133351612e-02
4.729270306474311902e-02
4.628764529623634327e-02
4.529214836415307310e-02
4.430645033654339454e-02
4.333061848505843222e-02
4.236473796026742067e-02
4.140901099147981101e-02
4.046372740099062754e-02
3.952883420218588489e-02
3.860441054216753876e-02
3.769085195145865930e-02
3.678816984971716025e-02
3.589650747314857004e-02
3.501619574873716945e-02
3.414701595538263690e-02
3.328944202756881077e-02
3.244337019598389493e-02
3.160869294003139374e-02
3.078618925339740228e-02
2.997540941252501215e-02
2.917658220140918746e-02
2.838995868309963921e-02
2.761509713230619195e-02
2.685275060932501914e-02
2.610263189774040746e-02
2.536444146206941197e-02
2.463901275801312282e-02
2.392585418072857087e-02
2.322517468938639987e-02
2.253706771243695062e-02
2.186117610856844889e-02
2.119826261856171123e-02
2.054776118653551392e-02
1.990947616677848572e-02
1.928418664274199334e-02
1.867120898134182194e-02
1.807082707485913042e-02
1.748300842444903275e-02
1.690716379112820050e-02
1.634412012738175463e-02
1.579318326713909093e-02
1.525401472896303727e-02
1.472737895736216107e-02
1.421236841309193692e-02
1.370928710241733559e-02
1.321792851377229586e-02
1.273753828702782996e-02
1.226907891872307081e-02
1.181171337119313151e-02
1.136511791897273915e-02
1.093001297611349842e-02
1.050543135076824341e-02
1.009185162781355352e-02
9.688978525776823988e-03
9.296095710152541686e-03
8.914289923610580965e-03
8.542595949448901493e-03
8.180793942626642112e-03
7.829523259518123696e-03
7.487726809641829379e-03
7.156014847676929122e-03
6.834006286912476524e-03
6.520946319635481832e-03
6.217976610195887800e-03
5.923977998665022615e-03
5.638930922824815159e-03
5.363369905573654901e-03
5.096235602325603631e-03
4.838286579327080034e-03
4.589121615719394566e-03
4.347966190560497053e-03
4.115937736477977629e-03
3.891883694809662557e-03
3.675899269216196478e-03
3.468355651147062707e-03
3.268228508215981643e-03
3.076299409445502463e-03
2.892092614179221990e-03
2.714965758336164003e-03
2.545905607720584576e-03
2.383791581373922649e-03
2.228811250221964489e-03
2.081141244396393641e-03
1.939883896039939397e-03
1.805760482469730621e-03
1.678251516096344658e-03
1.556857171085542467e-03
1.442347250988044224e-03
1.333785467955463317e-03
1.231473522499476050e-03
1.135503256906234297e-03
1.045289185748382414e-03
9.615415285027810368e-04
8.840297841606827196e-04
8.128089068668360078e-04
7.488087881515518391e-04
6.918502999436758382e-04
6.427074438773622321e-04
6.016530301034421534e-04
5.680745645714621811e-04
5.414201649419428386e-04
5.196212655537780275e-04
5.000678518125418158e-04
4.799471460278030674e-04
4.558138394070424177e-04
4.253687771876962223e-04
3.871123131847246305e-04
3.405138468420192762e-04
2.864905387625222557e-04
2.265349043926504196e-04
1.628045865909547192e-04
9.759455382913028972e-05
3.295830663042339593e-05
-2.917296920604689887e-05
-8.725401919764202660e-05
-1.400922836545403399e-04
-1.868473584256579638e-04
-2.268465130700526194e-04
-2.597313499482997463e-04
-2.856985037698343073e-04
-3.050501789937421523e-04
-3.185092674875075898e-04
-3.267374519371118243e-04
-3.303448657225825365e-04
-3.302679831600272681e-04
-3.270501284092898280e-04
-3.212852029094430298e-04
-3.136582421506466730e-04
-3.044054002987353451e-04
-2.940026983064602585e-04
-2.826167754749664331e-04
-2.705089578189964045e-04
-2.584341755770454556e-04
-2.465819747837330101e-04
-2.351043686166628325e-04
-2.240705160642878077e-04
-2.132966227906859646e-04
-2.029980428453524797e-04
-1.929663004793389291e-04
-1.828957054923533419e-04
-1.729126215549115983e-04
-1.628851495103948244e-04
-1.531859759173817288e-04
-1.442773893734137483e-04
-1.360761911667443568e-04
-1.285459854524103576e-04
-1.213321541121977176e-04
-1.143281348415882469e-04
-1.075975239941748664e-04
-1.008056228489758539e-04
-9.429291182364013665e-05
-8.842019389234296060e-05
-8.307577093747108834e-05
-7.834247864020151887e-05
-7.389792582912218936e-05
-6.927189621410742408e-05
-6.451640026983457429e-05
-6.005798502034630627e-05
-5.629275412569185430e-05
-5.307421723531079497e-05
-4.995308898955498373e-05
-4.678391524394678186e-05
-4.350173955306017192e-05
-4.054103903371796620e-05
-3.808669543722638162e-05
-3.594423716595342762e-05
-3.373725128626449388e-05
-3.142523497812882427e-05
-2.931947061787746416e-05
-2.747441155967309559e-05
-2.607303658860578465e-05
-2.447194289862004911e-05
-2.280557625475841834e-05
-2.130573388648637171e-05
-2.035838879839448442e-05
-1.903499197115137036e-05
-1.767212332848472613e-05
-1.653239158613073622e-05
-1.565224295154774687e-05
-1.454676192362058657e-05
-1.337718716748808256e-05
-1.250462297881186564e-05
-1.167679603452515319e-05
-1.083425940236396379e-05
-9.936462409921877602e-06
-9.361174276046053724e-06
-8.642383893253801095e-06
-8.028184864239445840e-06
-7.529894243738989741e-06
-6.970864158359012626e-06
-6.566837206746105618e-06
-6.082917585999982082e-06
-5.761743909439409533e-06
-5.350154780760876894e-06
-5.012574307276998572e-06
-4.640674437841570231e-06
-4.402433665960913161e-06
-4.096874894092754650e-06
-3.780370473903694989e-06
-3.594622837035797734e-06
-3.247185162599776170e-06
-3.125526617994158196e-06
-2.889718382163519735e-06
-2.595597679166418601e-06
-2.516480294891962380e-06
-2.295512520415678430e-06
-2.105854276992721106e-06
-1.993966514116048769e-06
-1.831614592783403153e-06
-1.727716612839039610e-06
-1.582265995273623482e-06
-1.548403336914666939e-06
-1.346257016103768591e-06
-1.333267729437933975e-06
-1.218006682693269065e-06
-1.081010646530328576e-06
-1.112928449875371850e-06
-9.230529324971007058e-07
-9.038695286663959069e-07
-8.796322981322044463e-07
-7.381612748835682339e-07
-7.639880651120034008e-07
-6.717820492391498717e-07
-6.308484191410541169e-07
-6.094353976150851656e-07
-5.355298242282691078e-07
-5.155379800493146824e-07
-4.670052365158140285e-07
-4.408297134126055000e-07
-4.099677127885430686e-07
-3.791433593227988044e-07
-3.675345370833273458e-07
-3.171332597745285662e-07
-3.240834304432958865e-07
-2.848507933905647522e-07
-2.562866614986502929e-07
-2.559666827769679862e-07
-2.241869084943068864e-07
-2.189789760119906883e-07
-2.018470240731794927e-07
-1.791634504603652313e-07
-1.813622407595218741e-07
-1.603766159132784018e-07
-1.477322652621583093e-07
-1.368000035828986582e-07
-1.338491230775911487e-07
-1.223692791494897562e-07
-1.089579037097612203e-07
-1.096506992629700079e-07
-9.311385297664963626e-08
-9.585182688605525989e-08
-8.553656972680590317e-08
-6.990207907312818739e-08
-8.305902211428432218e-08
-6.549032329905191035e-08
-6.163900871811776479e-08
-6.570394049465581749e-08
-4.741255608417773711e-08
-5.847522888673260632e-08
-4.810896930812451769e-08
-3.756092820017748806e-08
-5.091069107526840897e-08
-3.444254535832775590e-08
-3.674609886364402610e-08
-3.802439418178815650e-08
-2.542333704172420139e-08
-3.527397089222989652e-08
-2.743328066353640293e-08
-2.089126708043488792e-08
-3.087009771504150936e-08
-1.870906341313890641e-08
-2.213695858475322001e-08
-2.225924283790082900e-08
-1.422999421539105238e-08
-2.148029266249320253e-08
-1.574950434773555543e-08
-1.269898868250891502e-08
-1.826291802913572960e-08
-1.090177047284186575e-08
-1.386348364842359156e-08
-1.290497092304650032e-08
-8.945169798912056877e-09
-1.310311341229593527e-08
-9.357733819671540810e-09
-8.449315239463312635e-09
-1.083488256769779277e-08
-7.071156725862440843e-09
-8.727797817168082859e-09
-8.099081470375000933e-09
-5.927053197154891921e-09
-8.295214781570842590e-09
-6.057731126369957789e-09
-5.791419442851903924e-09
-6.911871927625047986e-09
-4.846642144812067529e-09
-5.853509727773613831e-09
-5.406655664983573066e-09
-4.244337496238211575e-09
-5.536130358131294710e-09
-4.217476026312689903e-09
-4.236119662611743978e-09
-4.629926036994354557e-09
-3.606448639634709009e-09
-4.127585681962086061e-09
-3.812339418593156847e-09
-3.237517382826337720e-09
-3.857965680811117442e-09
-3.118514282974378794e-09
-3.192073314685539951e-09
-3.261390177561484810e-09
-2.778799359059584154e-09
-3.003768291597891561e-09
-2.800993213908121399e-09
-2.510572046605375028e-09
-2.780022457681422958e-09
-2.380982442104660871e-09
-2.423936619837611257e-09
-2.404399556003163983e-09
-2.162289245128978791e-09
-2.262947030871419195e-09
-2.130562391464583069e-09
-1.995721147973755086e-09
-2.100844241665794746e-09
-1.901460347093224333e-09
-1.923452409944878953e-09
-1.897489167604299300e-09
-1.780444827464281880e-09
-1.830056561973596451e-09
-1.751233623598230243e-09
-1.695840940016895638e-09
-1.728014415824721232e-09
-1.630798765223909699e-09
-1.631790930353250390e-09
-1.602968097931174047e-09
-1.531806321472893363e-09
-1.536402006880844235e-09
-1.469225212428362464e-09
-1.423109196003390030e-09
-1.398545843016182139e-09
-1.324351953765341330e-09
-1.287518065787033690e-09
-1.238735231549649315e-09
-1.170296675181113838e-09
-1.139611727033001174e-09
-1.075301884698958597e-09
-1.032157276818878806e-09
-9.921795023326607282e-10
-9.435852731016000100e-10
-9.084665245856113565e-10
-8.747462258342579075e-10
-8.309906458310079985e-10
-8.042406926036380168e-10
-7.588674542119351269e-10
-7.236657927672805299e-10
-6.783057185548481251e-10
-6.321041140754069254e-10
-5.812192003422017638e-10
-5.330078532948635974e-10
-4.774347084622123735e-10
-4.314391090493995699e-10
-3.808661206211359529e-10
-3.427576497079717830e-10
-3.016816682221386222e-10
-2.713692708153214478e-10
-2.372123270410820349e-10
-2.097773914761333270e-10
-1.757064174048818517e-10
-1.432442796287391397e-10
-1.053952606129689158e-10
-7.210282697014689531e-11
-3.492557768508628796e-11
-9.286290057928934949e-12
1.673357994822351033e-11
3.011437810280024920e-11
4.307058735597709506e-11
5.187023088028009671e-11
6.298066965832340380e-11
7.281994757084711382e-11
8.763471365911378307e-11
9.460894576417116520e-11
1.021817810293926516e-10
9.759091927405770953e-11
9.135786591565760570e-11
8.185050069120686516e-11
7.547965414845649689e-11
7.038047666735642939e-11
6.959924607475209389e-11
6.197769695557119613e-11
5.444718102227124791e-11
3.934506296589793968e-11
2.894434299944445325e-11
2.239141705759066675e-11
2.153574853752249479e-11
1.960494330389025885e-11
1.701165605372002748e-11
9.857419992598154241e-12
1.023765928336394488e-11
1.337602896463716299e-11
2.216297012661806433e-11
2.709254453787974313e-11
3.003964634066925229e-11
3.384690619649724780e-11
4.423133571845776389e-11
5.260143423528434420e-11
5.880770582891115354e-11
5.903756351184724537e-11
6.391498356197013547e-11
6.865126609065479205e-11
6.926567847617050993e-11
6.455902015193878149e-11
6.340048599680406320e-11
6.180858192524655057e-11
5.816620667937879659e-11
5.109840476362870044e-11
5.032384653147298909e-11
4.868908373392632783e-11
4.566332473254646531e-11
4.572447060412922795e-11
4.966434693685802905e-11
4.970898577845689340e-11
5.362029937272400010e-11
5.767256471876661841e-11
5.957418910031321601e-11
6.124863447030177837e-11
6.326920004835671552e-11
6.091796092903656343e-11
6.077615900461422836e-11
5.774376723633210141e-11
5.576808012178530560e-11
5.424575065094152655e-11
5.328765033188517760e-11
5.393744861384004083e-11
5.535961316003990592e-11
5.712128172679168100e-11
5.938375658819627145e-11
6.003168738939872075e-11
6.083842865236647581e-11
5.940208090184597529e-11
5.846938578783578597e-11
5.657805217767635345e-11
5.612836399862526141e-11
5.592375710182267949e-11
5.728834047760513031e-11
5.827334023000512882e-11
5.973007546271274504e-11
5.956936249270641044e-11
5.923760772952377480e-11
5.783740677779699874e-11
5.724791142123468817e-11
5.695466233910239881e-11
5.794325697354512450e-11
5.867078570074803037e-11
5.950151476383767676e-11
5.894961680502302757e-11
5.838374001256811456e-11
5.751284219307543480e-11
5.779487808527416553e-11
5.830901728142470446e-11
5.914297180762248732e-11
5.891210374877739586e-11
5.851464928444404673e-11
5.780601928017870204e-11
5.816799309087652681e-11
5.859725867455549211e-11
5.905531094423772744e-11
5.855194251872364761e-11
5.821709164334849855e-11
5.812075594013453401e-11
5.877318178228290524e-11
5.878556191062755034e-11
5.856032491998925190e-11
5.814863174545418471e-11
5.855924928375994255e-11
5.875091545841391402e-11
5.865835817136518808e-11
5.824736467964086188e-11
5.857527471128471676e-11
5.870378376388554798e-11
5.860222165038756443e-11
5.832530457881263872e-11
5.868088605693023279e-11
5.864211004238335853e-11
5.848783917853531222e-11
5.848411782434955428e-11
5.874600719494123440e-11
5.846090737971022697e-11
5.855842148543876411e-11
5.863847185463819446e-11
5.856107925096849631e-11
5.850725649871380164e-11
5.869342310568259662e-11
5.847723636674553848e-11
5.863236129288677496e-11
5.857795263268641057e-11
5.855839299924166821e-11
5.860665733815714157e-11
5.857583843732892391e-11
5.856960832941668274e-11
5.861833011606085134e-11
5.853876616901207347e-11
5.863841096738284443e-11
5.853239189134878116e-11
5.863847950987698411e-11
5.853867990119905269e-11
5.863173901001095111e-11
5.854711356174896661e-11
5.862509116267523791e-11
5.855395868971255656e-11
5.862014661001391397e-11
5.855888956707807719e-11
5.861663940334283617e-11
5.856242661926925089e-11
5.861404176098410583e-11
5.856505687594342683e-11
5.861197089352736545e-11
5.856709339288313849e-11
5.861019958270180898e-11
5.856871819216294296e-11
5.860859964723530662e-11
5.857003583744336350e-11
5.860709785599280249e-11
5.857110788333903879e-11
5.860565033190769541e-11
5.857197187229624986e-11
5.860422888241864278e-11
5.857265140998292942e-11
5.860281379593012815e-11
5.857316154331530354e-11
5.860138997713841875e-11
5.857351170787281332e-11
5.859994480453783888e-11
5.857370739744503189e-11
5.859846689229834128e-11
5.857375113987926422e-11
5.859694534090324195e-11
5.857364308137384159e-11
5.859536925770356266e-11
5.857338133999876575e-11
5.859372743092608701e-11
5.857296221641920731e-11
5.859200809078219064e-11
5.857238031213718745e-11
5.859019872100706889e-11
5.857162858413446997e-11
5.858828589755054757e-11
5.857069835404194888e-11
5.858625514108727717e-11
5.856957928183228054e-11
5.858409077397912329e-11
5.856825931138585466e-11
5.858177577634214699e-11
5.856672459148044087e-11
5.857929163664464176e-11
5.856495937512470408e-11
5.857661819398250564e-11
5.856294589829503883e-11
5.857373346978147448e-11
5.856066423923281921e-11
5.857061348678014786e-11
5.855809215802273567e-11
5.856723207399707282e-11
5.855520491695475690e-11
5.856356065599554855e-11
5.855197508076664225e-11
5.855956802526011713e-11
5.854837229679757165e-11
5.855522009654118893e-11
5.854436305415253281e-11
5.855047964201599269e-11
5.853991042146792077e-11
5.854530600651705755e-11
5.853497376276757868e-11
5.853965480178807370e-11
5.852950843088413654e-11
5.853347757946457702e-11
5.852346543840982055e-11
5.852672148236864656e-11
5.851679110588460906e-11
5.851932887415647911e-11
5.850942668797329345e-11
5.851123694784258861e-11
5.850130797821822503e-11
5.850237731423118101e-11
5.849236489395176015e-11
5.849267557209870984e-11
5.848252104357790633e-11
5.848205086255865762e-11
5.847169327947059001e-11
5.847041541160772875e-11
5.845979124077260474e-11
