# bin_1_1
3.161140680509967993e+00
3.161905106673355892e+00
3.161150025458274282e+00
3.161870306512269302e+00
3.161156674628376795e+00
3.161835188207330560e+00
3.161160520516737016e+00
3.161799491246624516e+00
3.161161426803229979e+00
3.161762932713623186e+00
3.161159224872621465e+00
3.161725203031429121e+00
3.161153709724005889e+00
3.161685961087526309e+00
3.161144635186937890e+00
3.161644828637023785e+00
3.161131708339163460e+00
3.161601383884585559e+00
3.161114583013581836e+00
3.161555154116958199e+00
3.161092852272719966e+00
3.161505607261251516e+00
3.161066039718571474e+00
3.161452142231627516e+00
3.161033589495369167e+00
3.161394077909145395e+00
3.160994854832245071e+00
3.161330640617506127e+00
3.160949084992367375e+00
3.161260949942323428e+00
3.160895410479768852e+00
3.161184002766460832e+00
3.160832826387416805e+00
3.161098655412996283e+00
3.160760173804812556e+00
3.161003603837994280e+00
3.160676119245036997e+00
3.160897361864801081e+00
3.160579132140501013e+00
3.160778237560990522e+00
3.160467460555462349e+00
3.160644307971753886e+00
3.160339105410157057e+00
3.160493392586745998e+00
3.160191793695300344e+00
3.160323026136083069e+00
3.160022951391114443e+00
3.160130431550477237e+00
3.159829677071264609e+00
3.159912494234005997e+00
3.159608717506806386e+00
3.159665739120070871e+00
3.159356446913036187e+00
3.159386312342231662e+00
3.159068851842398828e+00
3.159069969667813726e+00
3.158741524014737401e+00
3.158712074108041445e+00
3.158369663565235186e+00
3.158307605193935164e+00
3.157948095151448253e+00
3.157851182226134590e+00
3.157471298981481045e+00
3.157337103179151949e+00
3.156933457916540675e+00
3.156759399715707737e+00
3.156328520197252629e+00
3.156111906721007276e+00
3.155650274823349033e+00
3.155388341746026892e+00
3.154892433056774692e+00
3.154582385629159713e+00
3.154048704858572361e+00
3.153687750419456925e+00
3.153112853511201408e+00
3.152698214880270910e+00
3.152078705752447529e+00
3.151607602110757522e+00
3.150940089523401433e+00
3.150409669546454516e+00
3.149690668634720137e+00
3.149097880896938761e+00
3.148323645734123044e+00
3.147665035196157479e+00
3.146831314918195233e+00
3.146102743221935949e+00
3.145204466222380368e+00
3.144400768777805055e+00
3.143431678062064361e+00
3.142546292597874658e+00
3.141498579664665058e+00
3.140523206866534522e+00
3.139387217692885645e+00
3.138311599058908552e+00
3.137075706043482182e+00
3.135887617046276610e+00
3.134538352845893883e+00
3.133223896847806333e+00
3.131746414852174976e+00
3.130290650120103990e+00
3.128669498991862419e+00
3.127057329099645067e+00
3.125277404095795131e+00
3.123494520186960610e+00
3.121541904840280601e+00
3.119575426282203079e+00
3.117437722555497448e+00
3.115276116862866207e+00
3.112941871732627597e+00
3.110573845077630128e+00
3.108030912811368562e+00
3.105443324593014420e+00
3.102676490382401564e+00
3.099851926519578083e+00
3.096840735944241363e+00
3.093755945346663871e+00
3.090474092282251561e+00
3.087100609631530101e+00
3.083517941038909527e+00
3.079825421439175592e+00
3.075912293800829200e+00
3.071873316303837864e+00
3.067605038263176542e+00
3.063198256477650983e+00
3.058556061750062671e+00
3.053764387168752314e+00
3.048730719698276914e+00
3.043534289509205681e+00
3.038084774580323888e+00
3.032453848531500906e+00
3.026553260987232097e+00
3.020449053952470653e+00
3.014057782126100538e+00
3.007443746492573844e+00
3.000531304573748947e+00
2.993384909532617044e+00
2.985935712031190903e+00
2.978245204355247200e+00
2.970246153084782126e+00
2.961992560937559915e+00
2.953416310112312537e+00
2.944565863664573957e+00
2.935377854233386152e+00
2.925903237715024918e+00
2.916089470400677008e+00
2.905991267779760800e+00
2.895561284362855314e+00
2.884848456092850455e+00
2.873802065064496869e+00
2.862464275990940887e+00
2.850789247149075667e+00
2.838826353976847461e+00
2.826544610137716074e+00
2.813998924091568377e+00
2.801159090736211610e+00
2.788069831061936288e+00
2.774697911333841027e+00
2.761092103687708743e+00
2.747237308096897923e+00
2.733194789665716051e+00
2.718952378014004800e+00
2.704558775405003335e+00
2.689996825972998717e+00
2.675323998548023940e+00
2.660545697512113783e+00
2.645727148836907627e+00
2.630863776600857129e+00
2.616005814657825557e+00
2.601158758568216545e+00
2.586394074420184541e+00
2.571722632223438776e+00
2.557193373638903644e+00
2.542807636163610940e+00
2.528631835216511803e+00
2.514680610578444497e+00
2.500995504931839086e+00
2.487571049097556664e+00
2.474462943710278306e+00
2.461673534422076592e+00
2.449223306048690763e+00
2.437097748597901070e+00
2.425333654625404733e+00
2.413899992082424006e+00
2.402793179310370508e+00
2.391990182938927845e+00
2.381483598618099773e+00
2.371207660040441922e+00
2.361154909065722229e+00
2.351262026507383585e+00
2.341481454034061827e+00
2.331758659398945444e+00
2.322044388766640655e+00
2.312258934121223852e+00
2.302376665046252935e+00
2.292308972537678180e+00
2.282037422162346285e+00
2.271498257957907274e+00
2.260673461822812591e+00
2.249535816786883746e+00
2.238079987983566443e+00
2.226312016796644144e+00
2.214251695054133773e+00
2.201932401469895773e+00
2.189401230136238663e+00
2.176711306026022807e+00
2.163928731303373265e+00
2.151114447887062742e+00
2.138337935229366327e+00
2.125651730592478028e+00
2.113110126659171417e+00
2.100740557058173863e+00
2.088566484708758164e+00
2.076579289896967939e+00
2.064765365511105344e+00
2.053080900783740059e+00
2.041482957115991148e+00
2.029907699615731698e+00
2.018303933193295485e+00
2.006613156280763199e+00
1.994802424351636461e+00
1.982842960772212670e+00
1.970738570360827335e+00
1.958499697842985610e+00
1.946165164591756813e+00
1.933771237498753015e+00
1.921368238248643223e+00
1.908988351591670352e+00
1.896662536567228718e+00
1.884393323982350710e+00
1.872177783278205387e+00
1.859989021963667222e+00
1.847805625072519442e+00
1.835598220261763558e+00
1.823358153147229599e+00
1.811079762734978393e+00
1.798779580351822061e+00
1.786469210497560356e+00
1.774166204600468921e+00
1.761865628144778428e+00
1.749555994709766971e+00
1.737203673147639460e+00
1.724782997476307367e+00
1.712272145152665681e+00
1.699683752780240420e+00
1.687049562675408065e+00
1.674428768092240949e+00
1.661869823104711097e+00
1.649404948899251711e+00
1.637017861235546379e+00
1.624663037850945235e+00
1.612268879644017217e+00
1.599784251948602964e+00
1.587186341344943408e+00
1.574503319183484740e+00
1.561782744340875606e+00
1.549080403845426002e+00
1.536421116072001825e+00
1.523807566333035268e+00
1.511213271209573161e+00
1.498612586887755338e+00
1.485975806880303729e+00
1.473291638265590731e+00
1.460559665138520646e+00
1.447810443947679548e+00
1.435077717509106066e+00
1.422380597988019746e+00
1.409683847205544405e+00
1.396937675491227049e+00
1.384127658563031549e+00
1.371316489112265113e+00
1.358559117000924799e+00
1.345829353093064507e+00
1.333042404043565110e+00
1.320207146658667563e+00
1.307414337555995010e+00
1.294664416805944462e+00
1.281810032400529265e+00
1.268851644653979704e+00
1.256023845102207215e+00
1.243384870918812890e+00
1.230603800643053747e+00
1.217579756385873901e+00
1.204679339285501527e+00
1.191968755092543963e+00
1.179087952017205509e+00
1.166202403145155664e+00
1.153561325261946546e+00
1.140636164999937474e+00
1.127461420513916623e+00
1.114903010415286833e+00
1.102389877651569927e+00
1.089134434009342289e+00
1.076214567593062110e+00
1.063821901632586497e+00
1.050876143479152924e+00
1.037904237847025346e+00
1.025333430126407208e+00
1.012520608220673468e+00
9.996796647322307994e-01
9.870810458764436301e-01
9.743011449861791462e-01
9.615428336572992007e-01
9.489702845238631168e-01
9.362736899607733143e-01
9.235956511122068724e-01
9.110503768378828138e-01
8.984465377595118873e-01
8.858813734942468932e-01
8.733898337800027889e-01
8.608652063999953086e-01
8.484551669297858423e-01
8.360024051227364916e-01
8.236362991614160078e-01
8.113231905508890840e-01
7.989943317251916310e-01
7.867822577283876129e-01
7.745713464166339435e-01
7.624208541672438111e-01
7.503451347222237500e-01
7.382897533597185813e-01
7.263264455266602582e-01
7.144047949827223576e-01
7.025561210622122132e-01
6.907704884516521204e-01
6.790559050764990445e-01
6.674124138517559812e-01
6.558449130151605688e-01
6.443552179041021066e-01
6.329441019462840323e-01
6.216239156371268226e-01
6.103830933576066542e-01
5.992350110786073270e-01
5.881786404272625335e-01
5.772147214314574670e-01
5.663524341724605060e-01
5.555867314016571523e-01
5.449245851672582797e-01
5.343728346010606645e-01
5.239235508094993721e-01
5.135870783842700904e-01
5.033632298548973427e-01
4.932520185750098318e-01
4.832627058102264006e-01
4.733878209677409021e-01
4.636351515738122986e-01
4.540098277048785769e-01
4.445038150377111918e-01
4.351265129502278062e-01
4.258761441481906385e-01
4.167530881183962310e-01
4.077653910633349810e-01
3.989036748408704702e-01
3.901757444662388163e-01
3.815852283918420573e-01
3.731237618939775569e-01
3.648001185951934011e-01
3.566107712005929242e-01
3.485565876622172543e-01
3.406446845668404944e-01
3.328643176985565111e-01
3.252235833416447508e-01
3.177246638060738371e-01
3.103594185441255204e-01
3.031367109338282684e-01
2.960515150861371958e-01
2.891052175388111323e-01
2.823046029295911419e-01
2.756379206721670805e-01
2.691134794009102382e-01
2.627319935948388974e-01
2.564857786779540239e-01
2.503833928192288338e-01
2.444181460908802783e-01
2.385915495726446400e-01
2.329094624264228253e-01
2.273588178048776554e-01
2.219473944045596558e-01
2.166735824324927673e-01
2.115301497736252201e-01
2.065241198603239015e-01
2.016470963964377416e-01
1.969003671200013905e-01
1.922884449948919494e-01
1.877972650780543595e-01
1.834340017855914384e-01
1.791950151819456938e-01
1.750739312351467236e-01
1.710765183294190306e-01
1.671930102186915124e-01
1.634249071614692905e-01
1.597755064862143304e-01
1.562302684093240801e-01
1.527957724306793219e-01
1.494667747396838942e-01
1.462376675012184712e-01
1.431131733954999763e-01
1.400819153166597553e-01
1.371457868197381302e-01
1.343068536611350117e-01
1.315505254873042817e-01
1.288831054977510049e-01
1.262982339894528627e-01
1.237913829045528269e-01
1.213665919373530938e-01
1.190111466369267040e-01
1.167278965420454201e-01
1.145181543664450102e-01
1.123678125846451770e-01
1.102831835597138377e-01
1.082571168750659091e-01
1.062865941146793475e-01
1.043755673406236845e-01
1.025104170791803215e-01
1.006953418323707078e-01
9.893118849261967052e-02
9.720493062698655484e-02
9.552343114041000893e-02
9.387906862156764065e-02
9.227051386737153416e-02
9.070216262101257754e-02
8.916015031565982518e-02
8.765042700590845726e-02
8.617336566921096619e-02
8.471754179838227039e-02
8.329100924848498178e-02
8.188573969944032416e-02
8.050194724479131647e-02
7.914499313528636226e-02
7.780101636391287268e-02
7.647747260172596540e-02
7.517432672641737035e-02
7.388210543792457508e-02
7.260974789740373692e-02
7.134900654964736189e-02
7.010169075002921357e-02
6.887376463955122152e-02
6.765158537101989555e-02
6.644387863205468425e-02
6.524972962914356300e-02
6.406208207725561099e-02
6.288974596669932859e-02
6.172442022150297775e-02
6.056924011055937751e-02
5.943040875326232458e-02
5.829472271116905441e-02
5.717160990196645115e-02
5.605915879863095780e-02
5.495252719825502452e-02
5.386041082384249168e-02
5.277398277677331634e-02
5.169733889908331714e-02
5.063633871217346205e-02
4.957842383434329925e-02
4.853348535510408623e-02
4.749870259140498430e-02
4.647084533377190962e-02
4.545834706503112943e-02
4.445165780069160189e-02
4.345587690186419882e-02
4.247617624494217509e-02
4.150079610554661957e-02
4.053971238434340291e-02
3.958914892180674661e-02
3.864730142475300556e-02
3.772186318019247336e-02
3.680278576545441271e-02
3.589621512555994653e-02
3.500613721053175836e-02
3.412197152696863633e-02
3.325323010478265645e-02
3.239527585489989508e-02
3.154781377892752064e-02
3.071777091679152652e-02
2.989478033994507136e-02
2.908534111818721068e-02
2.829232726333316683e-02
2.750666901369630893e-02
2.673726659483810497e-02
2.597897393950135761e-02
2.523230035905410507e-02
2.450327587483370692e-02
2.378181766986269680e-02
2.307486804846076850e-02
2.238386993857885768e-02
2.170114132413623886e-02
2.103516716839931924e-02
2.038025244826959306e-02
1.973733560454076288e-02
1.911185708188201451e-02
1.849415897621477581e-02
1.789109043024619122e-02
1.730290571927126098e-02
1.672350030125806936e-02
1.616027550723366998e-02
1.560738197233572759e-02
1.506611206561706863e-02
1.454114171336312947e-02
1.402377452771819306e-02
1.352043663121393902e-02
1.303008313989699810e-02
1.254865511063219495e-02
1.208195147021976987e-02
1.162479503249459409e-02
1.117858691964244110e-02
1.074694691491512831e-02
1.032264528146940169e-02
9.911300543348138675e-03
9.511211253858611533e-03
9.119837179964450022e-03
8.741655519231417495e-03
8.372042488750891867e-03
8.012484754839796844e-03
7.665647936445460497e-03
7.325862513135480113e-03
6.997689977740510596e-03
6.679244518484476686e-03
6.369177114173836356e-03
6.070668162711600688e-03
5.779965307605888433e-03
5.498645239250248007e-03
5.228237609968443972e-03
4.964668645970176861e-03
4.711483987641386893e-03
4.466784468630773629e-03
4.229993328726735537e-03
4.003278050574207887e-03
3.783676430086238898e-03
3.572550372698813509e-03
3.370685621515955889e-03
3.175325086807788497e-03
2.988866252633252604e-03
2.809722566122827177e-03
2.637715987627301233e-03
2.474153583883422717e-03
2.316844121745347072e-03
2.166923734238180525e-03
2.024635596170103191e-03
1.888269926067231074e-03
1.759396805428897499e-03
1.636850668850919985e-03
1.520748458525545159e-03
1.411918738354189492e-03
1.308961541170997316e-03
1.212980792860182460e-03
1.124269172536768733e-03
1.042125869889734329e-03
9.679456223676624008e-04
9.011086370938290466e-04
8.417342122667638600e-04
7.898827417858656939e-04
7.434014018925152317e-04
7.015030882012831051e-04
6.622602342647353419e-04
6.230175722133181933e-04
5.827545071928916329e-04
5.395413668237673691e-04
4.929534797830886599e-04
4.433911700615206491e-04
3.903551533293244421e-04
3.352907669763846620e-04
2.789976042018675324e-04
2.218700528711568766e-04
1.652832056935512586e-04
1.093752022460406500e-04
5.521020406416697379e-05
4.054586934696932291e-06
-4.421348049382064674e-05
-8.824149218701924724e-05
-1.276404089667382323e-04
-1.624059825124654166e-04
-1.917461297820165851e-04
-2.163975291507252801e-04
-2.363310425306897966e-04
-2.516350585969197415e-04
-2.637612752251972310e-04
-2.724192215936326934e-04
-2.782010050880479317e-04
-2.817426108177707939e-04
-2.826875165522392411e-04
-2.819765478696763012e-04
-2.793174004796292859e-04
-2.746198752075385842e-04
-2.690880335449039517e-04
-2.621315444151327409e-04
-2.542172063589692959e-04
-2.457073936625550387e-04
-2.361842868174429655e-04
-2.267259565179084399e-04
-2.169674613384367837e-04
-2.067392306728115816e-04
-1.970315845633143035e-04
-1.871048747162019801e-04
-1.774323828001225919e-04
-1.683575804305004306e-04
-1.593742807206594144e-04
-1.510881160505797506e-04
-1.428905036116135752e-04
-1.349705454967397829e-04
-1.280557917107526950e-04
-1.207531109166180540e-04
-1.135420149752161268e-04
-1.070372044617615392e-04
-1.005363739461367792e-04
-9.450141856752602575e-05
-8.842809470788153936e-05
-8.271916517214639207e-05
-7.806782192080232970e-05
-7.312947811267505845e-05
-6.834495819844778710e-05
-6.433684647090878988e-05
-6.040643669390182823e-05
-5.685152888229866866e-05
-5.327937899129248035e-05
-5.004549064877234291e-05
-4.726679899978428114e-05
-4.396356157230425538e-05
-4.073724186959242876e-05
-3.835001148324238002e-05
-3.584106914547869471e-05
-3.341093803335478139e-05
-3.149049067765594850e-05
-2.977708012355633198e-05
-2.798823476242461557e-05
-2.615923135735643434e-05
-2.466049254224110781e-05
-2.312292317223061565e-05
-2.151967409912792923e-05
-2.000483019777688469e-05
-1.875202346924323112e-05
-1.761193555022685521e-05
-1.648382325058412567e-05
-1.533487483509538333e-05
-1.440482834394913740e-05
-1.342676683197619318e-05
-1.236142754959957801e-05
-1.169859050283102885e-05
-1.075033132661425700e-05
-1.002301606760757202e-05
-9.471551210147436165e-06
-8.706123596337199584e-06
-8.218527658229990960e-06
-7.703707550923745439e-06
-7.126626080696120725e-06
-6.614570741135121883e-06
-6.133842271840081518e-06
-5.827570171288951117e-06
-5.475662758602522220e-06
-5.053088338085055448e-06
-4.713006435994791247e-06
-4.381163764623483092e-06
-3.995829553532642144e-06
-3.918373652580317697e-06
-3.588402605222714447e-06
-3.206490570361871127e-06
-3.107094641696936391e-06
-2.815521019393121642e-06
-2.720210970238862446e-06
-2.498453763245097851e-06
-2.206895643626745902e-06
-2.212867006992909365e-06
-2.019486037256373537e-06
-1.851134958068241334e-06
-1.756183812391712243e-06
-1.614145112012146758e-06
-1.529353774294858467e-06
-1.398103469649778022e-06
-1.315060735473377376e-06
-1.204038732446547438e-06
-1.134998190843097140e-06
-1.059400695508805548e-06
-9.658556243257738503e-07
-9.329367190963153731e-07
-8.412039843763558377e-07
-7.894636009023858217e-07
-7.648192844725783546e-07
-6.614982400624277135e-07
-6.406084395328720988e-07
-5.920235268234854403e-07
-5.440434949933172464e-07
-5.149177733864053423e-07
-4.701967874909390851e-07
-4.593961083190617084e-07
-4.032054448305437690e-07
-3.989891059236115389e-07
-3.523705470999507849e-07
-3.239237210618145088e-07
-3.242775335072377267e-07
-2.686364337546277208e-07
-2.784918885857637493e-07
-2.514245910044135596e-07
-2.186220678846494045e-07
-2.296956050407676601e-07
-1.930654075785437352e-07
-1.822743621475584576e-07
-1.804995655358460311e-07
-1.507037014750548531e-07
-1.588742805765484144e-07
-1.377808605164181239e-07
-1.237811358725704365e-07
-1.247400568833130445e-07
-1.104062245586599134e-07
-1.034414316904708263e-07
-9.454302624630073337e-08
-8.950095298425898135e-08
-8.589724363706091716e-08
-7.616066223020619847e-08
-7.197820691147135314e-08
-6.340495064518023956e-08
-6.631755795922533944e-08
-5.712160303870748273e-08
-4.860891367467920999e-08
-5.435202619130029764e-08
-4.373062484592283337e-08
-4.346793526693897735e-08
-4.126020468747288327e-08
-3.109277449234095783e-08
-4.002273872973091753e-08
-3.034690283705710495e-08
-2.519737087109974010e-08
-3.269424738325233644e-08
-2.107796318999259696e-08
-2.494196124555588381e-08
-2.327481179725727211e-08
-1.491180133698730100e-08
-2.358887326701452001e-08
-1.538977959245905432e-08
-1.352021289084166934e-08
-1.853141640132783270e-08
-9.961617937526213913e-09
-1.411066097738669281e-08
-1.241902544373291331e-08
-7.302750873641746796e-09
-1.316255844873857522e-08
-7.403155911146797496e-09
-7.505052962421241408e-09
-9.481656818642746760e-09
-4.947885262216726107e-09
-7.401705516934851605e-09
-6.315944038047345673e-09
-3.510216728244522991e-09
-6.849860873410408703e-09
-3.295176813814976264e-09
-3.979760658633124115e-09
-4.404097997698618828e-09
-2.352048105255729603e-09
-3.523083568791646887e-09
-2.912307783869142570e-09
-1.542773377968295317e-09
-3.161227238765834905e-09
-1.254699775127347092e-09
-1.818599735182683112e-09
-1.754638295090422842e-09
-8.953474636811542879e-10
-1.393501660169278529e-09
-1.054994069578382969e-09
-4.740625927146103907e-10
-1.133443362971334547e-09
-2.331905677278579045e-10
-5.600832939907689177e-10
-4.167308419342620178e-10
-1.067823058513081248e-10
-2.558338944195646918e-10
-1.108850829128305596e-10
1.113285407085989489e-10
-1.118903690823889732e-10
2.680791844505313788e-10
9.903106351497379420e-11
2.175522476918874935e-10
2.780507632659085233e-10
2.934262469217054938e-10
3.126880858319547706e-10
3.873091857126207177e-10
3.349475760361809969e-10
4.594991389153119729e-10
3.862991067657498771e-10
4.492940314099575495e-10
4.145613120663699696e-10
4.809221358619271904e-10
4.352231117373153133e-10
4.547203597860723355e-10
4.508518917895614064e-10
4.606202473833778981e-10
4.316752889997174826e-10
4.525868198224880074e-10
3.858876628804634573e-10
4.536155494956471036e-10
3.804635334554460987e-10
3.822159186465593493e-10
3.795397823480424003e-10
3.465020582085510810e-10
3.330340371101314051e-10
3.292770051613925234e-10
2.592825862021532113e-10
3.116707477493647528e-10
2.356603774483229431e-10
2.342310972800756863e-10
2.219734975365268513e-10
1.841004480157838885e-10
1.749226776623219811e-10
1.625928700548961193e-10
1.054338965447914442e-10
1.435429187598899290e-10
8.067228076916843493e-11
8.476033613055670782e-11
7.011769498757664541e-11
4.541083100088900878e-11
4.259556161901433977e-11
3.567292343196746648e-11
1.094509888834042711e-13
3.296002821951729286e-11
-6.675558015270730264e-12
7.575104065453299972e-12
1.483233959342799425e-12
-4.577802086784199717e-12
3.388984651240128140e-12
7.874636784419813074e-12
-5.525708812585663287e-12
2.682537798882302591e-11
8.951241005130949142e-12
3.063952526541092339e-11
3.266317500697680733e-11
3.854668450687509961e-11
5.076988121808939192e-11
5.938216467054898894e-11
5.529060619072368464e-11
7.946902108978489298e-11
6.836326255575343689e-11
8.395996769756063552e-11
8.139972294452878964e-11
8.315988267313157146e-11
8.587674061449640870e-11
8.564701106845224225e-11
7.627045680540876994e-11
8.460208141029895774e-11
6.944272183619763909e-11
7.344643291393143540e-11
6.394914080179864400e-11
6.054335381238431133e-11
5.752976543234639471e-11
5.506785413747918097e-11
4.817567048026470522e-11
5.447499835963034555e-11
4.685447365137527911e-11
5.417742350310446336e-11
5.229144203911658269e-11
5.639096821941023428e-11
5.953767929163862250e-11
6.347355956339210232e-11
6.305970853569981918e-11
6.987213043003918238e-11
6.574418661287766778e-11
7.025007867192673072e-11
6.620301300962457193e-11
6.589055647389287397e-11
6.321293127987777467e-11
6.185037210296657010e-11
5.775843607409753199e-11
5.960302448972131556e-11
5.573653757392648933e-11
5.942583625398894341e-11
5.832560984457413888e-11
6.140957227405153779e-11
6.240771288625770165e-11
6.466465173560135566e-11
6.369603587755636666e-11
6.554206522007243310e-11
6.216811299776882879e-11
6.303807348313874939e-11
5.985402178499522206e-11
6.022397285919841395e-11
5.930310290685627641e-11
6.085922038968448855e-11
6.077549968834115332e-11
6.340357502135002060e-11
6.237226626838155730e-11
6.397435125115702801e-11
6.182918502725285726e-11
6.188512533253133912e-11
6.032004972922027577e-11
6.098510976190563347e-11
6.054359903474859905e-11
6.250458457383616822e-11
6.192743633959412084e-11
6.323316327642246854e-11
6.159854556722104222e-11
6.174283798946747850e-11
6.062969672567326702e-11
6.154656851304601140e-11
6.140290638259982937e-11
6.274204394270826735e-11
6.178118165321220812e-11
6.220181768539316804e-11
6.087975183467139775e-11
6.161555708201434091e-11
6.146567091284839034e-11
6.243756114250027875e-11
6.171201658991522750e-11
6.191600548588172236e-11
6.100533843399817182e-11
6.197585494126861946e-11
6.168913813759755516e-11
6.222342395669346806e-11
6.135465551570137683e-11
6.171123990013366180e-11
6.150754112794675753e-11
6.222308813893761619e-11
6.148745373436336972e-11
6.179028556286845434e-11
6.144398048751446188e-11
6.211987404916216727e-11
6.155896632871441786e-11
6.176400534891253095e-11
6.153860290430922930e-11
6.206508054836019586e-11
6.147135977944069587e-11
6.183514414508981042e-11
6.163139683298624694e-11
6.192911738060881918e-11
6.147192406349771308e-11
6.192976467787891198e-11
6.161704402288708188e-11
6.180763649733903122e-11
6.160988857303492149e-11
6.190608896405964240e-11
6.152387093990661110e-11
6.191445651019204766e-11
6.158606794884538911e-11
6.182966472473269869e-11
6.164926967689443194e-11
6.180587905785258251e-11
6.163973109759847148e-11
6.183211342388438126e-11
6.161222521784678315e-11
6.185186843225408980e-11
6.160286931042593754e-11
6.185213180474967869e-11
6.160883772593083804e-11
6.184273082781950837e-11
6.161956013668559353e-11
6.183197031588172367e-11
6.162968476564504076e-11
6.182271549260631714e-11
6.163803580925897203e-11
6.181516740942657121e-11
6.164488399398967502e-11
6.180888479038547962e-11
6.165068480558876456e-11
6.180346505148127789e-11
6.165576822501213560e-11
6.179864796453577252e-11
6.166033546452090521e-11
6.179427874676794402e-11
6.166450575284719618e-11
6.179026457331156514e-11
6.166835212926034515e-11
6.178654687132530033e-11
6.167192217822327814e-11
6.178308607794085083e-11
6.167524914126893382e-11
6.177985355171962445e-11
6.167835781610473081e-11
6.177682724428338169e-11
6.168126775573861445e-11
6.177398931290025263e-11
6.168399506464482367e-11
6.177132475122533327e-11
6.168655345090897607e-11
6.176882057014147598e-11
6.168895486809218964e-11
6.176646528521986771e-11
6.169120992497956159e-11
6.176424858217766213e-11
6.169332815716793942e-11
6.176216108965849637e-11
6.169531821494113991e-11
6.176019421760888275e-11
6.169718799748580677e-11
6.175834003915430991e-11
6.169894475236184374e-11
6.175659119992568156e-11
6.170059515125631315e-11
6.175494084708856404e-11
6.170214534936510346e-11
6.175338257143782931e-11
6.170360103309462582e-11
6.175191035924327095e-11
6.170496745851882364e-11
6.175051855079231995e-11
6.170624948368088574e-11
6.174920180465164179e-11
6.170745159527259987e-11
6.174795506506248128e-11
6.170857793113398852e-11
6.174677353295954974e-11
6.170963229916635419e-11
6.174565263881257877e-11
6.171061819296022852e-11
6.174458801721733511e-11
6.171153880502033596e-11
6.174357548262835164e-11
6.171239703685664146e-11
6.174261100599377633e-11
6.171319550721434522e-11
6.174169069165192042e-11
6.171393655749660733e-11
6.174081075451014672e-11
6.171462225507794900e-11
6.173996749673577292e-11
6.171525439402688528e-11
6.173915728428439523e-11
6.171583449338130519e-11
6.173837652203891043e-11
6.171636379256918690e-11
6.173762162809254816e-11
6.171684324402968140e-11
6.173688900618170703e-11
6.171727350253422373e-11
6.173617501588321872e-11
6.171765491079576163e-11
6.173547594042595863e-11
6.171798748118374719e-11
6.173478795111422133e-11
6.171827087282760946e-11
6.173410706783811809e-11
