# bin_5_5
3.373235267236214696e+00
3.372652118399425802e+00
3.372066399513415469e+00
3.371419735301015574e+00
3.370784592029643090e+00
3.370070246784488077e+00
3.369379749506016708e+00
3.368593119336636743e+00
3.367841003662033206e+00
3.366977034926780021e+00
3.366156684487103590e+00
3.365209864870743584e+00
3.364314297577348789e+00
3.363278650759527810e+00
3.362300509609704058e+00
3.361169594711636233e+00
3.360101144394288752e+00
3.358868061587176435e+00
3.357701192367817278e+00
3.356358596247907222e+00
3.355084836822411098e+00
3.353624959374724046e+00
3.352235500613859109e+00
3.350650185813375703e+00
3.349135917527557016e+00
3.347416669824747171e+00
3.345768232875731218e+00
3.343906281981096740e+00
3.342114138192845640e+00
3.340100522670305327e+00
3.338155045048749603e+00
3.335980717216375790e+00
3.333872302899933970e+00
3.331528257368749024e+00
3.329247465465805078e+00
3.326724893254680904e+00
3.324262609190198781e+00
3.321553078666067194e+00
3.318900705786658190e+00
3.315996370590906128e+00
3.313146048456845794e+00
3.310039880993489447e+00
3.306984727905673882e+00
3.303670774767675677e+00
3.300405149531245197e+00
3.296878802315053036e+00
3.293398576912925702e+00
3.289656848123673871e+00
3.285959678793902050e+00
3.282001467922624816e+00
3.278087047082474559e+00
3.273913376478367887e+00
3.269783642102532806e+00
3.265397836112720498e+00
3.261057108807733584e+00
3.256464883190753667e+00
3.251919894792913102e+00
3.247129317258448555e+00
3.242389089143663750e+00
3.237410367044566417e+00
3.232485892696887131e+00
3.227330941882966098e+00
3.222234628370673093e+00
3.216916379995474085e+00
3.211661209107405934e+00
3.206192621298715295e+00
3.200791005956992397e+00
3.195183767623283266e+00
3.189646105805141740e+00
3.183909053432894432e+00
3.178242022987681104e+00
3.172379340446500606e+00
3.166584035570106703e+00
3.160593372388672329e+00
3.154663455422260565e+00
3.148534178172909037e+00
3.142454303931268900e+00
3.136166180478530574e+00
3.129911033216473459e+00
3.123433725351730583e+00
3.116968070963237469e+00
3.110261852750910272e+00
3.103542021312196919e+00
3.096560114056944535e+00
3.089537252107357634e+00
3.082230031265219328e+00
3.074855257744467441e+00
3.067176303266054838e+00
3.059407535223051422e+00
3.051321043893733709e+00
3.043130725182506158e+00
3.034619204113385926e+00
3.026001528230534809e+00
3.017072040078000228e+00
3.008047653010514910e+00
2.998734385502945798e+00
2.989350241073473136e+00
2.979711132522333550e+00
2.970033497371200593e+00
2.960139429964733004e+00
2.950239345871390029e+00
2.940156304347533833e+00
2.930089273055549448e+00
2.919856823643617094e+00
2.909641776969337901e+00
2.899254596636296366e+00
2.888860293971441173e+00
2.878261786203339945e+00
2.867609759740439301e+00
2.856705862907544802e+00
2.845695667534866136e+00
2.834390806565104892e+00
2.822944324882618261e+00
2.811189981323705567e+00
2.799298537638247986e+00
2.787131982277898601e+00
2.774879354510984442e+00
2.762424333289131173e+00
2.749960650225824921e+00
2.737373654488260755e+00
2.724838077407361947e+00
2.712217001938708627e+00
2.699647094248933232e+00
2.686959544374240227e+00
2.674257114643667332e+00
2.661358442902844512e+00
2.648365676449379258e+00
2.635126208545190529e+00
2.621782108145425561e+00
2.608237727916127291e+00
2.594680888143582553e+00
2.581049878743459480e+00
2.567528325276445589e+00
2.554022194188747097e+00
2.540648043797021582e+00
2.527242568471991024e+00
2.513863220756707761e+00
2.500335304207313314e+00
2.486751260094406835e+00
2.473021807984468801e+00
2.459331836527053117e+00
2.445661237044942649e+00
2.432191952997129647e+00
2.418831794588818251e+00
2.405639241767029812e+00
2.392420076138693119e+00
2.379203651260887842e+00
2.365876938621945147e+00
2.352612557146388284e+00
2.339424265644278300e+00
2.326493725268987234e+00
2.313712754378200565e+00
2.301076395769194427e+00
2.288373509011171425e+00
2.275665857927183122e+00
2.262947897407901809e+00
2.250445760822688435e+00
2.238122002122597820e+00
2.225973758322296714e+00
2.213756636030318248e+00
2.201499130237060342e+00
2.189221557066328927e+00
2.177156156610898119e+00
2.165214187906390642e+00
2.153304757025513272e+00
2.141212763487350568e+00
2.129104029391221342e+00
2.117072990641082342e+00
2.105183310543003561e+00
2.093142868754975350e+00
2.080942597642482017e+00
2.068683395874274744e+00
2.056561400395084949e+00
2.044315786964097992e+00
2.031858880226305342e+00
2.019290761584572103e+00
2.006839608763049565e+00
1.994222803142616129e+00
1.981393532464586382e+00
1.968534009220012315e+00
1.955758327662328933e+00
1.942726639957877532e+00
1.929635230934944712e+00
1.916637696989859085e+00
1.903554545002485332e+00
1.890322328643367689e+00
1.877304550267213656e+00
1.864181577741469420e+00
1.851040131643859832e+00
1.838076467802393754e+00
1.825061198581089394e+00
1.812073314752593367e+00
1.799292334450281583e+00
1.786346021569972908e+00
1.773653067443233144e+00
1.760849009565540690e+00
1.748130846946680306e+00
1.735424861361951621e+00
1.722647720285705564e+00
1.709925640519338375e+00
1.697064884031301624e+00
1.684234439294628238e+00
1.671261015528210159e+00
1.658283641413724085e+00
1.645191303891929024e+00
1.632084532925221820e+00
1.618908650726237131e+00
1.605734890777889001e+00
1.592544314654198656e+00
1.579384025781925383e+00
1.566249218194879500e+00
1.553162070735255806e+00
1.540115542249731684e+00
1.527106535167517487e+00
1.514119620635562491e+00
1.501133299608372607e+00
1.488130025805729062e+00
1.475085246158029939e+00
1.461993451962604107e+00
1.448843496389937924e+00
1.435652152231190692e+00
1.422426641429928917e+00
1.409200398738902127e+00
1.395985462506219354e+00
1.382810658444250551e+00
1.369670482776797815e+00
1.356570458527307510e+00
1.343479953551790285e+00
1.330387543773750680e+00
1.317258506513024674e+00
1.304094129227239884e+00
1.290884998149039342e+00
1.277662511616774799e+00
1.264439979481840171e+00
1.251254333692150222e+00
1.238103180555119698e+00
1.224991999761669836e+00
1.211885158364435222e+00
1.198769531127319876e+00
1.185616866893559163e+00
1.172445081429500879e+00
1.159265100369043067e+00
1.146118661104906344e+00
1.133009547232917358e+00
1.119943179074874839e+00
1.106881444545766646e+00
1.093811503509716898e+00
1.080716881707184385e+00
1.067631397864056142e+00
1.054574363640208068e+00
1.041572313982177311e+00
1.028598744420058830e+00
1.015635729898659356e+00
1.002658175783828653e+00
9.896961507879850073e-01
9.767714797104428692e-01
9.639071806529270203e-01
9.510701787480324576e-01
9.382442139100835021e-01
9.254237190579363004e-01
9.126531686606507154e-01
8.999400425085912758e-01
8.872732290191512883e-01
8.746166936742267861e-01
8.619950990184964690e-01
8.494332207154754455e-01
8.369405352662911968e-01
8.244759544080590974e-01
8.120497407554201352e-01
7.996883729878202507e-01
7.874061825808086335e-01
7.751624376139858441e-01
7.629725966401046389e-01
7.508630560284854649e-01
7.388323634018455488e-01
7.268469555475467470e-01
7.149456766422126464e-01
7.031340286328353617e-01
6.913904852748210539e-01
6.797225400916300231e-01
6.681640882467831943e-01
6.566764371456986771e-01
6.452834845593208302e-01
6.339981025227610090e-01
6.227998105033668574e-01
6.117052530942098665e-01
6.007278951411779699e-01
5.898388124142498468e-01
5.790826606602076376e-01
5.684245111503586356e-01
5.578931220430533022e-01
5.474799784249100298e-01
5.371869282118997280e-01
5.270257402823165238e-01
5.169858345392986942e-01
5.070836370594066222e-01
4.973085328249035597e-01
4.876735233882014686e-01
4.781720359205809401e-01
4.688122592628097274e-01
4.595913460597945699e-01
4.505136980835363625e-01
4.415788761830958808e-01
4.327887214227299495e-01
4.241441202071198346e-01
4.156452245941618107e-01
4.072935677183112668e-01
3.990881591865064193e-01
3.910307986301306271e-01
3.831196991854728395e-01
3.753567323876390582e-01
3.677395521933893296e-01
3.602700170263962720e-01
3.529454000315413453e-01
3.457675248781277300e-01
3.387334262082293268e-01
3.318449023849854851e-01
3.250988613276388217e-01
3.184970927916429551e-01
3.120364564263263807e-01
3.057187376579187932e-01
2.995407847318491412e-01
2.935043537587410101e-01
2.876062716958603938e-01
2.818482031629232498e-01
2.762268965354702788e-01
2.707438268903804568e-01
2.653955686948213377e-01
2.601832860994510721e-01
2.551032687126921217e-01
2.501562519644094928e-01
2.453381453585694871e-01
2.406491745552140349e-01
2.360848259357246903e-01
2.316448048411397509e-01
2.273242123705883355e-01
2.231223124003907099e-01
2.190339455856280260e-01
2.150580929880095415e-01
2.111895201095629893e-01
2.074271180859731667e-01
2.037657613770815224e-01
2.002044057398644772e-01
1.967381417662213416e-01
1.933660358793373724e-01
1.900833720829197271e-01
1.868892390215703414e-01
1.837789712379007123e-01
1.807515082807329976e-01
1.778020641239479449e-01
1.749292963062336892e-01
1.721282335063727686e-01
1.693972812691686702e-01
1.667314099588384224e-01
1.641289874448375874e-01
1.615851902632869375e-01
1.590986172703727497e-01
1.566648637357910545e-01
1.542828721449125973e-01
1.519486361490199888e-01
1.496612970323786818e-01
1.474170148512588818e-01
1.452148865969152269e-01
1.430510614313423023e-01
1.409245533140327244e-01
1.388316208215027714e-01
1.367714460237085261e-01
1.347406875787633962e-01
1.327389182114331045e-01
1.307632532904390021e-01
1.288135246447498217e-01
1.268870355750276735e-01
1.249835986087401291e-01
1.231005499548267629e-01
1.212377369740020305e-01
1.193927620749200558e-01
1.175657926504295875e-01
1.157548555490966191e-01
1.139603634369894675e-01
1.121804900926712673e-01
1.104155932822698388e-01
1.086638683103680059e-01
1.069257523159532763e-01
1.051997419121292604e-01
1.034865579292781196e-01
1.017849556907946817e-01
1.000956856581424470e-01
9.841750182976417849e-02
9.675112716724929007e-02
9.509546308373664769e-02
9.345137345004905782e-02
9.181791497881840181e-02
9.019596762943239698e-02
8.858464913778860139e-02
8.698488188503669671e-02
8.539588766753666849e-02
8.381857759299135568e-02
8.225220288277811098e-02
8.069774183539103751e-02
7.915463797838688531e-02
7.762388821195966015e-02
7.610479925223961883e-02
7.459820453592098943e-02
7.310359131426741319e-02
7.162204961018774074e-02
7.015308725477796548e-02
6.869751933841922176e-02
6.725485371072574547e-02
6.582611191707059273e-02
6.441081582635851954e-02
6.300975247851736682e-02
6.162256593305090457e-02
6.025020872403896721e-02
5.889213704069157923e-02
5.754915129473142654e-02
5.622101906973474977e-02
5.490865562615700191e-02
5.361161782416137833e-02
5.233039178593244800e-02
5.106462297662388294e-02
4.981555587858147588e-02
4.858243677130312521e-02
4.736576492057414933e-02
4.616572125493922235e-02
4.498234290929681994e-02
4.381562206581691293e-02
4.266615421548530795e-02
4.153278960798819502e-02
4.041726789476298570e-02
3.931844097346526290e-02
3.823669271897352229e-02
3.717224611845645899e-02
3.612489535726086387e-02
3.509485976113220496e-02
3.408219764578088173e-02
3.308587335646165362e-02
3.210761835665765923e-02
3.114624041533551116e-02
3.020209850671084703e-02
2.927530563789454074e-02
2.836555087354103444e-02
2.747313320788096619e-02
2.659793816233849834e-02
2.573900055289275041e-02
2.489809527226777633e-02
2.407360888879191835e-02
2.326600373038330630e-02
2.247528573434396867e-02
2.170087148527656551e-02
2.094325522084457616e-02
2.020204312045438544e-02
1.947612036274623537e-02
1.876712310301047529e-02
1.807340823015819026e-02
1.739550229393575093e-02
1.673335323630548502e-02
1.608618348392301667e-02
1.545476933114114416e-02
1.483879612984273684e-02
1.423729966062139106e-02
1.365200062937287594e-02
1.308133804714248921e-02
1.252606856129241143e-02
1.198611924372802208e-02
1.146076920399589742e-02
1.095096423987479244e-02
1.045613548999743160e-02
9.975303303929013501e-03
9.509903430699927218e-03
9.058276694305610055e-03
8.621107176208344172e-03
8.198018338956690465e-03
7.788204773125401333e-03
7.392634361706415178e-03
7.010587074609746748e-03
6.641343936236969968e-03
6.286215599329948028e-03
5.943637964180947635e-03
5.614435309385180754e-03
5.298086247145405298e-03
4.993803873150600217e-03
4.702273534173112730e-03
4.422524578307628941e-03
4.153916797960495975e-03
3.897289002848023862e-03
3.651109625441777400e-03
3.416120373593530598e-03
3.191863670875935179e-03
2.977711378375361932e-03
2.774207856148796277e-03
2.580553333364855872e-03
2.396309904166102778e-03
2.221922896685812280e-03
2.056064691234479620e-03
1.899269743324359617e-03
1.751076610172675038e-03
1.611075998054385455e-03
1.479514544785983168e-03
1.355920947015708949e-03
1.240139741764429739e-03
1.132495923149126659e-03
1.032480469453654452e-03
9.408091137294478674e-04
8.577698297686168604e-04
7.841785096920134883e-04
7.212463729758935909e-04
6.704154828926883443e-04
6.332242386649145939e-04
6.108878876348733259e-04
6.027634869929648096e-04
6.061537188632846627e-04
6.147902477154080147e-04
6.196644409712892369e-04
6.096546312377464820e-04
5.749535567728012667e-04
5.092655117588848999e-04
4.123476327275998345e-04
2.899324227865344755e-04
1.522880419155329913e-04
1.128082613937244940e-05
-1.220070371657606349e-04
-2.400423870141551964e-04
-3.379506243430399973e-04
-4.145587176342391267e-04
-4.707906843742407197e-04
-5.091249334463884488e-04
-5.327676157382197058e-04
-5.446417028150623381e-04
-5.470530181591296177e-04
-5.427710598239543277e-04
-5.333083351525926604e-04
-5.204714234578270695e-04
-5.051648446000779223e-04
-4.880160714273980922e-04
-4.698685463654768087e-04
-4.512835776131630516e-04
-4.324282914174227459e-04
-4.139697728190630641e-04
-3.955143348877193025e-04
-3.773587975191065825e-04
-3.592125780267428192e-04
-3.411645209131866923e-04
-3.236175693963291335e-04
-3.067223415593640663e-04
-2.903108261696932084e-04
-2.747442076281429745e-04
-2.594801236467651653e-04
-2.446355374179363159e-04
-2.300847264724969609e-04
-2.163287680511442564e-04
-2.037467288101203105e-04
-1.919113395497762755e-04
-1.802709939773855681e-04
-1.694452693784330270e-04
-1.590983521639224407e-04
-1.494420968831501942e-04
-1.400901121148216265e-04
-1.316695582542043680e-04
-1.239043512998450741e-04
-1.164898091723087634e-04
-1.095270736314001681e-04
-1.035168530686295194e-04
-9.740123409575091994e-05
-9.124080783170013449e-05
-8.560262839750044201e-05
-8.036548734465794952e-05
-7.506171431056546861e-05
-7.023551474843312188e-05
-6.587768874415053145e-05
-6.161451043699483294e-05
-5.727804012021990007e-05
-5.354238571393201595e-05
-5.022320347139308522e-05
-4.671978832352023620e-05
-4.356183849626615905e-05
-4.093547566712607620e-05
-3.837751461790362464e-05
-3.568982154957792992e-05
-3.397509751810106276e-05
-3.168862376650698496e-05
-2.978307072261010663e-05
-2.812206673603442946e-05
-2.736500050948110179e-05
-2.534580043917177412e-05
-2.441868800149972030e-05
-2.257360014909531214e-05
-2.105915623678042647e-05
-1.906606320482947587e-05
-1.785100741190947764e-05
-1.597522396081269301e-05
-1.434796659904536895e-05
-1.345039283728182836e-05
-1.202443235187560142e-05
-1.156931784784662846e-05
-1.067784676419395221e-05
-1.036314987750626007e-05
-9.495896053342093717e-06
-9.436880184756321993e-06
-8.539704929875445970e-06
-7.853942203622367815e-06
-7.628256470959519078e-06
-6.576803155312140091e-06
-6.503246892941163829e-06
-5.955831047715062119e-06
-5.703045836624838530e-06
-5.230841434073024531e-06
-5.118352068577584323e-06
-4.724606430794712860e-06
-3.950716286071228830e-06
-3.938034396532695710e-06
-3.322238932600550931e-06
-3.185957856501023463e-06
-3.146968978014777357e-06
-2.892366523534928668e-06
-2.879020430342035801e-06
-2.503572685803705058e-06
-2.332311884654589612e-06
-1.940215973044191293e-06
-2.004326823118538891e-06
-1.917667208122738808e-06
-1.847642230036020270e-06
-1.993211267697419118e-06
-1.494706789316940903e-06
-1.477507415926157835e-06
-1.348073153875018257e-06
-1.210336060431249698e-06
-1.330647057900957538e-06
-1.061516142417614163e-06
-9.557010438449237158e-07
-9.116340707736200838e-07
-8.829592425057152142e-07
-9.486733244148372693e-07
-8.190626874893787742e-07
-6.881390134096231078e-07
-6.318706651388729936e-07
-6.449753251062424205e-07
-6.064892863772296474e-07
-4.363351247692523427e-07
-4.551773404919155646e-07
-4.554106458358261026e-07
-4.402736675492658984e-07
-3.569803011681151729e-07
-3.115595973264712595e-07
-3.732499773857741742e-07
-3.036839899493285815e-07
-2.237315547793530077e-07
-2.925277736544419091e-07
-2.674400693937814913e-07
-2.179370897717829967e-07
-2.271843590028891598e-07
-2.433590683180642440e-07
-1.863563923760258481e-07
-2.002678301589448549e-07
-1.909576615639225305e-07
-1.385677394178476593e-07
-1.748783209456813511e-07
-1.331829351948287858e-07
-9.638147732192252578e-08
-1.331151101015777394e-07
-7.293727683046018702e-08
-9.780774116245817790e-08
-8.198931726430681649e-08
-6.423676331829026738e-08
-9.699732922477369936e-08
-7.111704442325675375e-08
-7.559796293554612422e-08
-8.439081711032925977e-08
-6.268861051506550300e-08
-6.555061193686711185e-08
-5.789120018403630058e-08
-3.199398500844732757e-08
-5.080395845464262762e-08
-2.814331696132451641e-08
-3.039931790179280498e-08
-4.170299313348758229e-08
-2.868077226001941201e-08
-4.022451504534246655e-08
-3.846444941975813588e-08
-2.308283146791935490e-08
-3.594483437275318223e-08
-1.756373457609366875e-08
-1.726368882217151918e-08
-1.988457971532013180e-08
-1.217668058719385400e-08
-2.122715968581665337e-08
-2.040999609424591249e-08
-1.600280798587620812e-08
-2.170526597757579225e-08
-9.915901065964536168e-09
-9.321543969644666116e-09
-9.356529941692268319e-09
-7.834141578600135785e-09
-1.453604033356098215e-08
-1.327762554379174523e-08
-8.491883841193490502e-09
-8.377150190686825832e-09
-3.392342524898486607e-09
-6.081996244743593873e-09
-9.567697067466827133e-09
-7.122443947004818792e-09
-7.651673214726608802e-09
-3.537849992982443432e-09
-2.608896870688556590e-09
-5.973016079937229016e-09
-5.570957375173098248e-09
-5.404284553634206107e-09
-3.168838088061668043e-09
-1.233340959852554993e-09
-4.632417391904475589e-09
-4.795333267603529668e-09
-2.549338981171956330e-09
-1.745334943412416874e-09
-2.269157788511186906e-09
-3.940493291833614036e-09
-2.509763506400112816e-09
-7.055075596925008439e-10
-2.521469346731428255e-09
-2.741713866193254136e-09
-1.450790430890520897e-09
-1.125861635945441820e-09
-2.068390157405352813e-09
-2.013382904013818260e-09
-6.758869774674917584e-10
-1.437190336721825890e-09
-1.993993730457284393e-09
-4.769214417478913095e-10
-1.316628104396996260e-09
-1.525138108238824349e-09
-4.703543614558813240e-10
-1.266574977595466564e-09
-1.124285980299803272e-09
-3.730533137672994183e-10
-1.446262848718578537e-09
-3.761097157537503720e-10
-9.708578515535680605e-10
-7.569772718318530338e-10
-5.683298679085679965e-10
-8.635880125012462511e-10
-4.859184843624664517e-10
-7.505822032553842784e-10
-5.009066900604311475e-10
-6.715231727353560364e-10
-4.568142361102663162e-10
-6.292339120602375065e-10
-4.322368606267132054e-10
-5.565794935661999499e-10
-4.475119838214053427e-10
-4.727390232220384105e-10
-4.479886943230114486e-10
-4.368276261905081139e-10
-4.081656974056988887e-10
-4.235090834851416235e-10
-3.758562317205227912e-10
-3.948037817151037412e-10
-3.666110673768752388e-10
-3.559166481319733331e-10
-3.555133598116125329e-10
-3.337963020245161580e-10
-3.296767782414141937e-10
-3.216963133363504253e-10
-3.063679715504013228e-10
-3.029687210947198510e-10
-2.929935699529141075e-10
-2.796990208626697666e-10
-2.795424550126209928e-10
-2.616747172947788283e-10
-2.608503124669987301e-10
-2.480877064237013746e-10
-2.425874384679937363e-10
-2.317165962474405096e-10
-2.274630111487539788e-10
-2.141186505578736521e-10
-2.122626042064057867e-10
-1.972022794057321215e-10
-1.955573089271875675e-10
-1.818297082774731288e-10
-1.787786873906677358e-10
-1.650929718638810505e-10
-1.621295046293089914e-10
-1.486284368208400503e-10
-1.451871746116198542e-10
-1.314389622822763363e-10
-1.281874338582438134e-10
-1.143861766777851972e-10
-1.112684271910455153e-10
-9.677198774090600646e-11
-9.354857787292471048e-11
-8.009983235106675455e-11
-7.566747381343562757e-11
-6.279895181769117161e-11
-5.847414224078395869e-11
-4.539260204310528707e-11
-4.191345446347474253e-11
-2.820096883121139259e-11
-2.488988823479973480e-11
-1.253186101929297083e-11
-8.340714823147054306e-12
2.876677961546403584e-12
6.781666605488182388e-12
1.773891411729370506e-11
2.035963097041504683e-11
3.141716044400794933e-11
3.335821637546641711e-11
4.282469781956908170e-11
4.491977386065540012e-11
5.280930943367276996e-11
5.427922255251523418e-11
6.132579188313214632e-11
6.126302165842127515e-11
6.785575163454385285e-11
6.675659556871393220e-11
7.172872397594646103e-11
7.031106272688742527e-11
7.369476754451983840e-11
7.164912987107562454e-11
7.413740795575141272e-11
7.088739626639008755e-11
7.302168652903465789e-11
6.910808164638263927e-11
7.031406693141682951e-11
6.648005987940935339e-11
6.695487628091398294e-11
6.329809065740628936e-11
6.372634307046610575e-11
5.998055420832895845e-11
6.095186753257434893e-11
5.759651864305029856e-11
5.882041099676281085e-11
5.638690391662899099e-11
5.791541170789442726e-11
5.642517986154530919e-11
5.853951880257115428e-11
5.753334362082852914e-11
6.035723351357587692e-11
5.978406087576888227e-11
6.274919413386053485e-11
6.254850739458960965e-11
6.524435771472897587e-11
6.507821166254484323e-11
6.735393376101663989e-11
6.665227939136059092e-11
6.846363283874073778e-11
6.715267841338629340e-11
6.826026729226902900e-11
6.656426371438610858e-11
6.705620685599196558e-11
6.525098267489625370e-11
6.557606503036683874e-11
6.384274806613347046e-11
6.449170683504126243e-11
6.317817186752657246e-11
6.426367469852831446e-11
6.357497212057420899e-11
6.497966141926597655e-11
6.473520083466788539e-11
6.621343879561234115e-11
6.589696635697684355e-11
6.712507207448386963e-11
6.640566953855985570e-11
6.711421994971002425e-11
6.602531904275585055e-11
6.632385402575333643e-11
6.520518285802623999e-11
6.555591000626723277e-11
6.474814129914954761e-11
6.550939510895966328e-11
6.512549915325825821e-11
6.614832354970995267e-11
6.589991836648795813e-11
6.670944979389759836e-11
6.619601471420388490e-11
6.656895124528352249e-11
6.575610728310284504e-11
6.599895412220851218e-11
6.532213098185607381e-11
6.585134374817734562e-11
6.556727188434196684e-11
6.628921798840542126e-11
6.605955462763943621e-11
6.652461418384420743e-11
6.597941039641790415e-11
6.617312901821011563e-11
6.560707458559532625e-11
6.598755492284126488e-11
6.575590587338150189e-11
6.630774812214466279e-11
6.607159611388215689e-11
6.634966830568098736e-11
6.586612094276819194e-11
6.605900691514741648e-11
6.576271238342640524e-11
6.620293430986057993e-11
6.603528093220799475e-11
6.630980538046068765e-11
6.592310811697463586e-11
6.608519679294317451e-11
6.586497220685553101e-11
6.622996952229547613e-11
6.604609759678459718e-11
6.621264015313205210e-11
6.589142939445238007e-11
6.612071407710194309e-11
6.600728386910887465e-11
6.624231622357988987e-11
6.597316232090568387e-11
6.611139352597569254e-11
6.597975416575257214e-11
6.622171200518414578e-11
6.600545094119296861e-11
6.611744215536401936e-11
6.599536512556900065e-11
6.620013270122624730e-11
6.600625826748037824e-11
6.612092414162854982e-11
6.602684675964080383e-11
6.617715804542401463e-11
6.599431804956981392e-11
6.614139018035348955e-11
6.604918341076843858e-11
6.613210666417470420e-11
6.601709864123604636e-11
6.616212562126199911e-11
6.602170180850136360e-11
6.613237194217787273e-11
6.605125383057481916e-11
6.612250810972611611e-11
6.604296444060854926e-11
6.613827120097715975e-11
6.603191947564917615e-11
6.614024275577009860e-11
6.603840758720983342e-11
6.612962111165061893e-11
6.604954307136775567e-11
6.612037678381571815e-11
6.605611215154254539e-11
6.611604584755008854e-11
6.605858894082595040e-11
6.611432137704492228e-11
6.605954685898164762e-11
6.611314698543224349e-11
6.606033404078256468e-11
6.611178456386127499e-11
6.606126957700291712e-11
6.611015861723257564e-11
6.606230703193161091e-11
6.610835826545477018e-11
6.606334824502649398e-11
6.610646625432533287e-11
6.606432238752697255e-11
6.610453157002345459e-11
6.606518800806508730e-11
6.610257771833425948e-11
6.606592202918142872e-11
6.610061306787172821e-11
6.606651115675697511e-11
6.609863747471779501e-11
6.606694687656498082e-11
6.609664590012640590e-11
6.606722276259049555e-11
6.609463029081377360e-11
6.606733303490950609e-11
6.609258054132996436e-11
6.606727175970684944e-11
6.609048497928048616e-11
6.606703237621517478e-11
6.608833059580295072e-11
6.606660739141363003e-11
6.608610313496027550e-11
6.606598816093489819e-11
6.608378709944803609e-11
6.606516471300213041e-11
6.608136570342888610e-11
6.606412559209783316e-11
6.607882078838087566e-11
6.606285770855854797e-11
6.607613271127802587e-11
6.606134618615181802e-11
6.607328020920180055e-11
6.605957420215292718e-11
6.607024024335301484e-11
6.605752281631623515e-11
6.606698782283115156e-11
6.605517078582596940e-11
6.606349580890241276e-11
6.605249436403434157e-11
6.605973469870683999e-11
6.604946708088849603e-11
6.605567238808874010e-11
6.604605950316923660e-11
6.605127391200874576e-11
6.604223897277214061e-11
6.604650116161939192e-11
6.603796932118755888e-11
6.604131257638542868e-11
6.603321055858229351e-11
6.603566280968779975e-11
6.602791853557082215e-11
6.602950236662102700e-11
6.602204457612009007e-11
6.602277721209928302e-11
6.601553507989093521e-11
6.601542834803566678e-11
6.600833109256063114e-11
6.600739135804082391e-11
6.600036784273711732e-11
6.599859591841170795e-11
6.599157424429106974e-11
6.598896527463616430e-11
6.598187236340497032e-11
6.597841568252175225e-11
6.597117684991714483e-11
6.596685581419772186e-11
6.595939433319319427e-11
6.595418612921921029e-11
6.594642278348467226e-11
6.594029821251148624e-11
6.593215084070352835e-11
6.592507408130151305e-11
6.591645711370347829e-11
6.590838546510270748e-11
6.589920945463751778e-11
6.589009306395978935e-11
6.588026421485737896e-11
6.587004579263406814e-11
