# bin_3_3
3.083730815618226817e+00
3.083222036769921903e+00
3.082765930056825976e+00
3.082211623656672117e+00
3.081708425888326275e+00
3.081104599110977560e+00
3.080549979207448441e+00
3.079892317259388612e+00
3.079281631262934305e+00
3.078565485489231701e+00
3.077893764729033421e+00
3.077114142993747858e+00
3.076376084962276103e+00
3.075527645114379371e+00
3.074717607945322229e+00
3.073794655338228932e+00
3.072906656930213920e+00
3.071903147123770772e+00
3.070930870125632151e+00
3.069840418084128331e+00
3.068777222144857486e+00
3.067593119419965486e+00
3.066432062283280136e+00
3.065147303863427375e+00
3.063881173069630481e+00
3.062488495733173277e+00
3.061109852841225720e+00
3.059601786995992168e+00
3.058103026351264742e+00
3.056471963415536841e+00
3.054845387529295131e+00
3.053083664906806494e+00
3.051321578442772076e+00
3.049421583999605279e+00
3.047516408145245936e+00
3.045470705779742548e+00
3.043415114339931726e+00
3.041216591665350855e+00
3.039003669496498361e+00
3.036645707767660962e+00
3.034269131086543503e+00
3.031745796191306130e+00
3.029200032745450688e+00
3.026506284280698456e+00
3.023786809271821863e+00
3.020918722311777493e+00
3.018022243229388835e+00
3.014977234316593258e+00
3.011901914400868741e+00
3.008678959490834526e+00
3.005424625389935933e+00
3.002024452989201730e+00
2.998592767380034552e+00
2.995018005063688538e+00
2.991412579768173430e+00
2.987667826945854532e+00
2.983894246804323469e+00
2.979986041541950126e+00
2.976051764663909083e+00
2.971988408403328563e+00
2.967902505425646709e+00
2.963693707781775544e+00
2.959466402845196242e+00
2.955122710954148690e+00
2.950764692128734268e+00
2.946296677332624459e+00
2.941818156442850718e+00
2.937235347846185007e+00
2.932644871532266606e+00
2.927954453570717153e+00
2.923257501256394164e+00
2.918462832845453381e+00
2.913660284461180083e+00
2.908759351099139856e+00
2.903845967350155099e+00
2.898829942651032443e+00
2.893793069308030486e+00
2.888645232423506570e+00
2.883464008276237056e+00
2.878159325963435489e+00
2.872804725455924135e+00
2.867310441919060260e+00
2.861746493776305300e+00
2.856024049691083810e+00
2.850210510591901780e+00
2.844219001241096390e+00
2.838115594646777318e+00
2.831816743724222540e+00
2.825388771562544754e+00
2.818753024802082230e+00
2.811977721547185727e+00
2.804990571492375739e+00
2.797863042272369150e+00
2.790530162232976341e+00
2.783067248922236558e+00
2.775416604704800339e+00
2.767656766291841208e+00
2.759735840660257900e+00
2.751733401116933209e+00
2.743600307366799385e+00
2.735413501805620928e+00
2.727122313364498396e+00
2.718796583832195690e+00
2.710379638327379492e+00
2.701930341928611590e+00
2.693383053257379256e+00
2.684784277175477296e+00
2.676059885306643960e+00
2.667246867601839266e+00
2.658267791037751238e+00
2.649157680697811657e+00
2.639845075551852105e+00
2.630373360021975415e+00
2.620687054247976988e+00
2.610846296702608704e+00
2.600816636050887531e+00
2.590675395827317651e+00
2.580403807544924266e+00
2.570085178114501989e+00
2.559699993657416517e+00
2.549318030727822482e+00
2.538899383519842345e+00
2.528484588157934532e+00
2.518005467423783728e+00
2.507476702726268769e+00
2.496817784602174850e+00
2.486044873578157510e+00
2.475099129682377885e+00
2.464031485043777447e+00
2.452827997945770999e+00
2.441579127585103315e+00
2.430296941321914872e+00
2.419070321041733251e+00
2.407882903396143082e+00
2.396770260075225423e+00
2.385657258598715025e+00
2.374532668133714441e+00
2.363310219477332108e+00
2.352009206756072945e+00
2.340611862021660272e+00
2.329215209660550290e+00
2.317856669285153437e+00
2.306632524922172411e+00
2.295519286525086411e+00
2.284513368675873846e+00
2.273505791133806131e+00
2.262470627129179679e+00
2.251364093399766286e+00
2.240279627853317912e+00
2.229276177463359154e+00
2.218456148482551349e+00
2.207776752897161021e+00
2.197188454270676772e+00
2.186562377545964608e+00
2.175905305888006680e+00
2.165256014299831389e+00
2.154757856684148987e+00
2.144422024327856668e+00
2.134204973982126496e+00
2.123946424412545220e+00
2.113629963219461061e+00
2.103311673270743309e+00
2.093143972216542803e+00
2.083092023334708109e+00
2.073043826237535026e+00
2.062859427060855122e+00
2.052639124145287930e+00
2.042496271584493872e+00
2.032448350379502777e+00
2.022289709505127764e+00
2.011979162240530083e+00
2.001633049744606652e+00
1.991379993152865069e+00
1.981037787138704598e+00
1.970502738845402391e+00
1.959888270381575648e+00
1.949351384130522336e+00
1.938689749929954464e+00
1.927835228222922748e+00
1.916966613941478270e+00
1.906148994093537885e+00
1.895130888024908700e+00
1.884045866151560000e+00
1.873047175442776879e+00
1.861960311327669482e+00
1.850759129001452230e+00
1.839716475043019717e+00
1.828594688751917330e+00
1.817439943101469835e+00
1.806437933096309623e+00
1.795375831151156953e+00
1.784342160288807211e+00
1.773461208018732638e+00
1.762449782599628811e+00
1.751629712808967509e+00
1.740723509209674669e+00
1.729871568861852449e+00
1.719034758080565606e+00
1.708123756144005911e+00
1.697263084468216832e+00
1.686273326752750545e+00
1.675313387989063818e+00
1.664221251072856900e+00
1.653130365832258919e+00
1.641930442405627799e+00
1.630722459123498780e+00
1.619442958776363684e+00
1.608168083120227188e+00
1.596864332079525717e+00
1.585587386645622932e+00
1.574316040667079086e+00
1.563085004773737907e+00
1.551871993846009934e+00
1.540690545608083939e+00
1.529512230013126306e+00
1.518335030993127610e+00
1.507129392436504123e+00
1.495890212220918336e+00
1.484598232554629194e+00
1.473258632578809957e+00
1.461870725832306261e+00
1.450454028934070383e+00
1.439021860205694781e+00
1.427597129709200940e+00
1.416189914662042248e+00
1.404808429367379041e+00
1.393444341188693425e+00
1.382085030592779207e+00
1.370708868938653735e+00
1.359299446977823012e+00
1.347845837175473127e+00
1.336351670473086228e+00
1.324830805968889136e+00
1.313304851072223167e+00
1.301792543118480250e+00
1.290302363526806717e+00
1.278827951766778437e+00
1.267350459495215631e+00
1.255848799622115486e+00
1.244309692414570456e+00
1.232737516596562166e+00
1.221150336256431101e+00
1.209572154317636983e+00
1.198014892204439574e+00
1.186473458500855171e+00
1.174925481508892977e+00
1.163351364341801863e+00
1.151745894194937447e+00
1.140127538138328012e+00
1.128519731277262128e+00
1.116935324997771595e+00
1.105360326412150762e+00
1.093771832763110741e+00
1.082156657310894055e+00
1.070531002959698830e+00
1.058919374467343077e+00
1.047332515120849905e+00
1.035750174296929504e+00
1.024151505263806383e+00
1.012538230772998871e+00
1.000938908629375179e+00
9.893655599175152915e-01
9.778019478890738192e-01
9.662245783502633190e-01
9.546463820663134703e-01
9.430928581318037685e-01
9.315648554893468658e-01
9.200342937837522328e-01
9.085028499450643613e-01
8.969969325622152434e-01
8.855217275455383730e-01
8.740490077128776347e-01
8.625850676051274313e-01
8.511558507370662330e-01
8.397541773624235262e-01
8.283572624214809998e-01
8.169907701322579596e-01
8.056634097048158694e-01
7.943521901427109677e-01
7.830673048894652988e-01
7.718308885224459681e-01
7.606156439154739823e-01
7.494358635943304536e-01
7.383059448502673483e-01
7.272045245077549680e-01
7.161490193469830512e-01
7.051458572299772465e-01
6.941755567906272573e-01
6.832701240181802138e-01
6.724052542624077144e-01
6.616004239421483524e-01
6.508527885403009305e-01
6.401604017764283006e-01
6.295369461134795452e-01
6.189708002251004260e-01
6.084795468282321318e-01
5.980519392633680820e-01
5.877029370265702823e-01
5.774249763962088222e-01
5.672292816567714446e-01
5.571117125109893431e-01
5.470805892708975326e-01
5.371341135982354853e-01
5.272786811683766173e-01
5.175139288185124364e-01
5.078450035153714293e-01
4.982723816431503527e-01
4.888003581510387274e-01
4.794298782644582091e-01
4.701646023443793454e-01
4.610057093874247447e-01
4.519563413241640681e-01
4.430177547875699395e-01
4.341926349806500829e-01
4.254822079384674161e-01
4.168887359353614097e-01
4.084133392107898164e-01
4.000578794237119040e-01
3.918233207198124624e-01
3.837111449160855448e-01
3.757221315976053688e-01
3.678574078077327392e-01
3.601175597183248756e-01
3.525033923778385092e-01
3.450153083287468281e-01
3.376538340305589858e-01
3.304192142320196424e-01
3.233117481771357604e-01
3.163315601038846903e-01
3.094787784213906545e-01
3.027534493492309853e-01
2.961555850182515104e-01
2.896851931061147911e-01
2.833422141165282127e-01
2.771266441801782388e-01
2.710383770516776036e-01
2.650774010261591762e-01
2.592435597733127040e-01
2.535368086211270411e-01
2.479569063954541741e-01
2.425037199482517614e-01
2.371768588220027341e-01
2.319760209007628304e-01
2.269005824782281688e-01
2.219499820538504975e-01
2.171232791592832279e-01
2.124195754791404489e-01
2.078375549474626716e-01
2.033759423034912917e-01
1.990330353827446941e-01
1.948071985550834107e-01
1.906963928244179984e-01
1.866986983461046135e-01
1.828118411007479405e-01
1.790337333857625612e-01
1.753619895976257226e-01
1.717944686061464721e-01
1.683287700407578857e-01
1.649627642941806638e-01
1.616940640269824425e-01
1.585205362572751076e-01
1.554397530143907802e-01
1.524494924311426414e-01
1.495471854126629585e-01
1.467304227585278509e-01
1.439964192054691006e-01
1.413425434094892352e-01
1.387658124817990057e-01
1.362634457456400050e-01
1.338323830693361749e-01
1.314698419571683485e-01
1.291728349079612759e-01
1.269387020167398183e-01
1.247646054255212994e-01
1.226480247141156360e-01
1.205862337222000785e-01
1.185767791718820574e-01
1.166169709409666938e-01
1.147043760196959222e-01
1.128363461167554982e-01
1.110105310659967592e-01
1.092244278067527469e-01
1.074758798193745229e-01
1.057626110606652986e-01
1.040826860938313114e-01
1.024340290860272229e-01
1.008148683234866699e-01
9.922327640900356627e-02
9.765762860428636727e-02
9.611617056513017954e-02
9.459747097530285531e-02
9.309998716396029883e-02
9.162249407794674505e-02
9.016365418732434633e-02
8.872244365994498561e-02
8.729773536939403056e-02
8.588870302384180033e-02
8.449438573270744157e-02
8.311406829680365038e-02
8.174688236116596507e-02
8.039223728865248220e-02
7.904946893239674088e-02
7.771822414646609167e-02
7.639802158801420329e-02
7.508856948559085309e-02
7.378939553929216022e-02
7.250028370526559462e-02
7.122095641520070908e-02
6.995138416766824574e-02
6.869133619428059723e-02
6.744072378902526976e-02
6.619936264912480717e-02
6.496738857361218644e-02
6.374482538922471297e-02
6.253176670763276046e-02
6.132806309253320542e-02
6.013381529606293824e-02
5.894910749769456670e-02
5.777418442207268856e-02
5.660904813573251759e-02
5.545384192904345005e-02
5.430861758809511775e-02
5.317365108187428052e-02
5.204914138425864589e-02
5.093533135341747620e-02
4.983209856582667546e-02
4.873960929709218737e-02
4.765826765638574852e-02
4.658841308403618986e-02
4.552985366236400600e-02
4.448278643580262648e-02
4.344749068120002528e-02
4.242423361559941042e-02
4.141319258492771188e-02
4.041436931420102491e-02
3.942773335604200791e-02
3.845391030058135234e-02
3.749270336182762564e-02
3.654422476542941445e-02
3.560896591958938318e-02
3.468664535648480901e-02
3.377763374954294989e-02
3.288193063917711767e-02
3.199907812639848914e-02
3.113004755844240787e-02
3.027441662095479644e-02
2.943229241222680009e-02
2.860404555284800157e-02
2.778914566074169173e-02
2.698816018158332192e-02
2.620092005925235557e-02
2.542696998819351031e-02
2.466734384713879791e-02
2.392132418899878959e-02
2.318912511974136753e-02
2.247097320145096874e-02
2.176627179261788128e-02
2.107580073761314288e-02
2.039910921963689408e-02
1.973570127632616120e-02
1.908652621833118943e-02
1.845070289710347075e-02
1.782855451755120668e-02
1.722002779395901545e-02
1.662438728368431998e-02
1.604238769599582518e-02
1.547338068540517544e-02
1.491683804923908327e-02
1.437360330494346500e-02
1.384263387349293772e-02
1.332425671228079644e-02
1.281836679204399060e-02
1.232423870547124517e-02
1.184279499476331536e-02
1.137319257061260129e-02
1.091504575010589055e-02
1.046935172258264476e-02
1.003508676987330088e-02
9.612727067151919172e-03
9.202002718542602946e-03
8.802179345966111915e-03
8.414388277904943925e-03
8.037663894739208517e-03
7.671580781897880535e-03
7.316999404168304105e-03
6.972707190058743780e-03
6.639302810534444821e-03
6.316422855294586379e-03
6.003306178410862393e-03
5.701113032555773022e-03
5.408781891674744116e-03
5.126171391028981443e-03
4.854077471143733447e-03
4.591235980959480246e-03
4.338409666898717341e-03
4.095276203937888403e-03
3.860919114594746435e-03
3.636430575613003400e-03
3.420691167831738967e-03
3.213603206316852264e-03
3.015675551223589122e-03
2.825755798211753312e-03
2.644540652397815803e-03
2.471636355725196840e-03
2.306293233376191260e-03
2.149381674831244392e-03
1.999807273866324731e-03
1.857616536192823083e-03
1.722967580179856142e-03
1.594905242441202724e-03
1.473915008321716701e-03
1.359527443087201392e-03
1.251205512401345988e-03
1.149503031054813522e-03
1.053666464720167490e-03
9.640021292556396563e-04
8.808448258685036688e-04
8.040458677949010192e-04
7.345887436813361253e-04
6.729894796215121332e-04
6.199395963924891201e-04
5.767010580806812082e-04
5.435208376863172580e-04
5.206330858705839190e-04
5.069733399253643046e-04
4.997455736818458500e-04
4.950180857846815056e-04
4.874267807721757587e-04
4.713991765761193446e-04
4.422202342052364808e-04
3.967337470132869192e-04
3.344661058759726001e-04
2.573157440652547616e-04
1.691880470550102724e-04
7.532533125892721814e-05
-1.847729620588804353e-05
-1.067451589071314808e-04
-1.852774316527139200e-04
-2.512709036375887993e-04
-3.036897010345799403e-04
-3.429288947784120563e-04
-3.703474612799949784e-04
-3.881275684319805143e-04
-3.981424877129516597e-04
-4.020090060994503645e-04
-4.011605499152191162e-04
-3.962426638242271871e-04
-3.881722245822395202e-04
-3.777624560455456935e-04
-3.656869901745434816e-04
-3.529646253220850103e-04
-3.398423733142196283e-04
-3.263958802416581494e-04
-3.126994824552989057e-04
-2.983452485654813934e-04
-2.835514506666585556e-04
-2.685959648259126850e-04
-2.540745430520551136e-04
-2.411532904232327175e-04
-2.299901581749121723e-04
-2.199520269982196160e-04
-2.097866917521182338e-04
-1.982269641696772532e-04
-1.855771995139338050e-04
-1.731020797375067556e-04
-1.622175140115628687e-04
-1.535982536544398076e-04
-1.459645968121142147e-04
-1.380283442439773185e-04
-1.296279351143096595e-04
-1.214691098978120813e-04
-1.141111886726867868e-04
-1.071099874047143553e-04
-1.000872123995867347e-04
-9.373484562624808249e-05
-8.842601031300241542e-05
-8.395744104071913266e-05
-7.920877436239201659e-05
-7.348641054733215405e-05
-6.801761491368837789e-05
-6.398616854636098418e-05
-6.066705993847953406e-05
-5.680485579343147495e-05
-5.268904073567554427e-05
-4.925842829732030687e-05
-4.626394190478972664e-05
-4.307022775550523031e-05
-4.031243677220979952e-05
-3.800688869216979572e-05
-3.565997783866090530e-05
-3.308930515920773896e-05
-3.107629016219780907e-05
-2.909686434560111872e-05
-2.726775732336278541e-05
-2.575962640925405928e-05
-2.426015689704411185e-05
-2.234965108843763916e-05
-2.130867451433995444e-05
-2.063196502808968191e-05
-1.865803651598314556e-05
-1.774615792798546691e-05
-1.683972688990027354e-05
-1.566867648870589339e-05
-1.417857584898685069e-05
-1.349147917407791048e-05
-1.251709283197907005e-05
-1.111120095265914800e-05
-1.047568996872306921e-05
-9.647848616603526585e-06
-8.851301375822410414e-06
-8.207015970722446747e-06
-7.830392194968012842e-06
-6.954714737099811902e-06
-6.989808063709548172e-06
-6.324912954845097031e-06
-6.034708208845019684e-06
-5.851710120813529927e-06
-5.291881343281390993e-06
-5.132087034229144157e-06
-4.735989894759586991e-06
-4.429077003369332821e-06
-3.936107581278588891e-06
-3.816146605636472576e-06
-3.457780073022768018e-06
-3.082601977569843751e-06
-3.044245957838829179e-06
-2.702103885319048029e-06
-2.611407336669740514e-06
-2.473726507307341926e-06
-2.223141965966679337e-06
-2.140277185518504658e-06
-1.904978201326736171e-06
-1.816934967954248918e-06
-1.574926353767969767e-06
-1.612524868667956861e-06
-1.428433533403013768e-06
-1.365569907839350463e-06
-1.418541481491846695e-06
-1.144178118440305111e-06
-1.170131552516198741e-06
-1.024203107577495437e-06
-8.766964710985356791e-07
-9.246433906016328533e-07
-7.725372599004362215e-07
-7.933845571208460727e-07
-7.516262645454137408e-07
-6.543160320234474116e-07
-6.253314984791597450e-07
-5.531033066518800217e-07
-5.416680437545021688e-07
-5.080481462738165270e-07
-4.868638252075232955e-07
-4.389621717490359420e-07
-3.672422058783670813e-07
-3.763831664483286985e-07
-3.407248949992021131e-07
-3.353121332358864049e-07
-3.100868134680941492e-07
-2.513598909842534165e-07
-2.661915173136598743e-07
-2.447786748607039594e-07
-2.217681664789684096e-07
-2.104058213319638562e-07
-1.801732562085755207e-07
-1.850128347543482700e-07
-1.704717381759268062e-07
-1.557725124682914868e-07
-1.385753742766159088e-07
-1.404985443738799259e-07
-1.316982964515835531e-07
-1.065607081904526947e-07
-1.154295943191125871e-07
-1.077947847959585189e-07
-8.922402420776261015e-08
-9.497716955393852554e-08
-7.796808864886150473e-08
-8.561730571083150475e-08
-6.975960409516034342e-08
-5.890543310312301161e-08
-7.503269717879545367e-08
-5.040635888198419000e-08
-5.287832315355071417e-08
-5.690081276453438737e-08
-3.545030220040282721e-08
-5.167135812693368558e-08
-3.694361872533907567e-08
-3.114983924546415533e-08
-4.249330610402731281e-08
-2.757140184291254354e-08
-3.031885853080393265e-08
-3.232769366851888232e-08
-2.185871983126029759e-08
-2.869700418381857059e-08
-2.522623977475121579e-08
-1.605721465348156603e-08
-2.746752366963347202e-08
-1.488937368760082254e-08
-1.823252103106465679e-08
-1.793920440547303226e-08
-1.138758366607579820e-08
-1.650828304112392161e-08
-1.266171639315134497e-08
-9.700426965590214249e-09
-1.497892793401627059e-08
-8.865058168427332276e-09
-1.145532576309192928e-08
-1.064971812909684621e-08
-7.549020593357003738e-09
-1.007135708166805900e-08
-7.472575090056506883e-09
-5.836742062283542844e-09
-8.220755393866961408e-09
-5.068857467042313469e-09
-6.503330019529034177e-09
-6.361530403506037469e-09
-4.621122198670311033e-09
-6.388157585945025610e-09
-4.573842140978063750e-09
-3.879105361707327944e-09
-4.836223190775498800e-09
-3.116017783633163981e-09
-4.056015150276954880e-09
-3.889608538079938314e-09
-3.079599503538552351e-09
-3.925369939561958444e-09
-2.808551360987114376e-09
-2.516250618615670379e-09
-2.982335329690820920e-09
-2.243329683708599103e-09
-2.816342969578671431e-09
-2.599734447380081442e-09
-1.997269286780364087e-09
-2.330512678948119906e-09
-1.801228907945185438e-09
-1.930442200200629021e-09
-2.193552820941676356e-09
-1.721401839845550489e-09
-1.773743611765958096e-09
-1.586614885956801376e-09
-1.466837998616645536e-09
-1.808468703287554754e-09
-1.462167063642415031e-09
-1.358581506264884330e-09
-1.384662027390854799e-09
-1.315124137654281157e-09
-1.424331150527669614e-09
-1.234487585192124732e-09
-1.087449171720695762e-09
-1.289861114063207031e-09
-1.162378269541315962e-09
-1.079192699496680558e-09
-1.063424238157696000e-09
-1.064510303908501362e-09
-1.069323490393809958e-09
-9.447360304078623730e-10
-9.545574343723902648e-10
-1.014534133307719084e-09
-8.605001631733224608e-10
-8.945599809247692866e-10
-9.176854874333549586e-10
-8.033499063278964183e-10
-8.398515705261687751e-10
-8.299347417340504286e-10
-7.473583356556802415e-10
-7.907855445811983757e-10
-7.402185482348157084e-10
-7.068476007437349988e-10
-7.303799548234966360e-10
-6.588519858558196801e-10
-6.792695154434119074e-10
-6.421810747520487657e-10
-6.167225604749953824e-10
-6.189287356568504779e-10
-5.707531337635885560e-10
-5.773171222756550529e-10
-5.377626986643613336e-10
-5.316241091412234430e-10
-5.010548943513507414e-10
-4.903326013640974508e-10
-4.602707631210838985e-10
-4.499104947311186688e-10
-4.196463694384564515e-10
-4.067978315420691123e-10
-3.807520892853234551e-10
-3.635667640188771251e-10
-3.393069395231177690e-10
-3.211233990931714295e-10
-2.976605903343140668e-10
-2.789216054374221752e-10
-2.554471792419526434e-10
-2.368730112518371457e-10
-2.141968342213963536e-10
-1.959341166305495835e-10
-1.729164028594970208e-10
-1.550751874393766178e-10
-1.342092031193992108e-10
-1.157937360808940050e-10
-9.649462747998890493e-11
-7.913756993071385628e-11
-6.082982520190121079e-11
-4.595436244688665685e-11
-2.777648524310507337e-11
-1.473644666253148372e-11
2.872491323548121592e-13
1.277807013663224672e-11
2.478812828293414067e-11
3.532971420803150260e-11
4.535017076824293248e-11
5.230812769952479107e-11
6.119754389893086906e-11
6.541172806724520772e-11
7.084632494433207383e-11
7.373290498222588251e-11
7.584026752183165764e-11
7.681047497885992646e-11
7.698617808692386218e-11
7.492174171069984493e-11
7.435422698576211272e-11
7.047085502056594522e-11
6.798058088531709502e-11
6.390446193937647337e-11
6.003147308380143742e-11
5.605757674404587324e-11
5.229672702164716208e-11
4.795764279190151852e-11
4.566862243502353346e-11
4.205672609857022642e-11
4.064393302930362625e-11
3.899031603515212653e-11
3.858905535237961616e-11
3.895837248814866141e-11
4.019491099673979383e-11
4.156494239057309408e-11
4.467681928419486966e-11
4.691793880898113008e-11
5.057414644923625431e-11
5.350196363215471934e-11
5.672618822288762631e-11
5.952803178505565884e-11
6.191193470977727949e-11
6.326878824105139378e-11
6.467560095679904834e-11
6.439895266397679959e-11
6.426337851612822693e-11
6.288840038017997333e-11
6.143472818333168751e-11
5.963010442041534809e-11
5.791697934767009221e-11
5.615498998157029924e-11
5.535626675382916295e-11
5.448211549850228481e-11
5.486936368545963631e-11
5.537515110749809762e-11
5.666980902762613555e-11
5.812149127423278765e-11
5.971375496114791727e-11
6.088044217897072047e-11
6.197496849109081482e-11
6.206030741868116959e-11
6.200088348655994543e-11
6.108582422313402426e-11
6.013895565727365274e-11
5.904962800204879465e-11
5.832660213198264787e-11
5.789844297418988516e-11
5.825694735647934265e-11
5.876977358662646007e-11
5.984604221516131770e-11
6.060318007214992730e-11
6.124601833927209333e-11
6.128040304911975606e-11
6.094361520640111580e-11
6.017885279324191117e-11
5.959841922856843855e-11
5.909372495650177490e-11
5.927460061382707905e-11
5.965423918889102901e-11
6.036732283716377705e-11
6.081496766715500007e-11
6.096748685298217892e-11
6.059180003804534466e-11
6.014455444060433570e-11
5.966273669397137562e-11
5.972205745202502722e-11
5.999691136319005588e-11
6.052306235920204195e-11
6.073653040442955433e-11
6.064855522244846516e-11
6.021584205286630562e-11
5.996723670697282092e-11
5.994364159162357870e-11
6.033709238368710360e-11
6.058292109790706052e-11
6.061617754973513914e-11
6.029173612262060761e-11
6.009131873126052347e-11
6.013266033926399311e-11
6.045975969626520591e-11
6.055404089337773747e-11
6.043469779317403703e-11
6.016320229324209522e-11
6.022813287189669360e-11
6.042836858383528830e-11
6.053766926765929356e-11
6.033133601191554541e-11
6.023481719057837123e-11
6.033375892864398038e-11
6.051534057473171968e-11
6.038321039093048902e-11
6.027552173146930506e-11
6.034676571705631650e-11
6.048768741325408826e-11
6.036188709450014652e-11
6.030710909913330675e-11
6.040118240913104351e-11
6.045387962588908493e-11
6.031248485078999734e-11
6.037729231434957386e-11
6.043602027626426575e-11
6.036426862561173565e-11
6.034961136338530797e-11
6.044587211033536367e-11
6.035260561902198303e-11
6.038224852261425670e-11
6.041653194897911005e-11
6.036633548208831024e-11
6.038932588032417746e-11
6.041204462193489009e-11
6.035593125696543671e-11
6.042395142672418574e-11
6.036545251027314625e-11
6.040498942932386042e-11
6.038666319310368913e-11
6.038901703498111165e-11
6.039723273772671401e-11
6.038462271233916829e-11
6.039829249133806123e-11
6.038624503824613818e-11
6.039605869880434505e-11
6.038892890190597581e-11
6.039378185464394203e-11
6.039091103658724557e-11
6.039222206235703720e-11
6.039203227681037727e-11
6.039125585067734190e-11
6.039253169672819889e-11
6.039063608331540497e-11
6.039263265435351986e-11
6.039018341137154290e-11
6.039247659517333572e-11
6.038979124505883501e-11
6.039214322102368123e-11
6.038939913616464963e-11
6.039167566370859340e-11
6.038897201429105612e-11
6.039109665665135517e-11
6.038848812097300995e-11
6.039041743251405254e-11
6.038793255235287144e-11
6.038964241999677922e-11
6.038729384098836913e-11
6.038877172701048061e-11
6.038656210463155260e-11
6.038780247686694325e-11
6.038572800082917129e-11
6.038672953903660476e-11
6.038478210238905948e-11
6.038554592998714722e-11
6.038371449739885096e-11
6.038424302443628784e-11
6.038251451100420657e-11
6.038281065348398905e-11
6.038117049284772101e-11
6.038123712952850857e-11
6.037966963920483816e-11
6.037950922183194937e-11
6.037799783164297054e-11
6.037761209521330335e-11
6.037613948066272757e-11
6.037552921989930958e-11
6.037407736761458864e-11
6.037324225678411192e-11
6.037179247975942498e-11
6.037073092047848386e-11
6.036926383500317085e-11
6.036797282133040316e-11
6.036646829388837684e-11
6.036494328688611702e-11
6.036338035621758730e-11
6.036161516240452553e-11
6.035997194074471859e-11
6.035795859022535193e-11
6.035621214590833635e-11
6.035394076693579809e-11
6.035206699023243284e-11
6.034952567754324632e-11
6.034749913069197862e-11
6.034467380548600254e-11
6.034246755747422919e-11
6.033934181759801861e-11
6.033692726394584860e-11
6.033348222260705331e-11
6.033082889048341336e-11
6.032704300241679467e-11
6.032411834085695206e-11
6.031996721502648415e-11
6.031673637032774670e-11
6.031219256858381160e-11
6.030861814494587647e-11
6.030365096597812159e-11
6.029969277141901467e-11
6.029426802000710894e-11
6.028988279797465108e-11
6.028396253965989236e-11
6.027910368692602956e-11
6.027264598864238829e-11
6.026726326042785651e-11
6.026022191823523151e-11
6.025426112211403350e-11
6.024658537766214128e-11
6.023998805825009401e-11
6.023162230629097139e-11
6.022432542372674114e-11
6.021520891413202859e-11
