# bin_4_3
3.422466797064907529e-01
3.421059832376969756e-01
3.421332758213012082e-01
3.419931499728121049e-01
3.420094554029329270e-01
3.418690756513674822e-01
3.418742542295422071e-01
3.417327813925962188e-01
3.417266360695764837e-01
3.415832136408807895e-01
3.415654899276769907e-01
3.414192417470702789e-01
3.413896278636607273e-01
3.412396562123574117e-01
3.411977835796982661e-01
3.410431678062389449e-01
3.409886120053263192e-01
3.408284078086660229e-01
3.407606901494147356e-01
3.405939296650011827e-01
3.405125195292291740e-01
3.403382123861259378e-01
3.402425305289727420e-01
3.400596660662441040e-01
3.399490890808382071e-01
3.397566399315298802e-01
3.396305060987734881e-01
3.394274333650073583e-01
3.392850501235472604e-01
3.390703103757782833e-01
3.389109636510393431e-01
3.386835179833300735e-01
3.385064836067948613e-01
3.382653089649059752e-01
3.380698663892610090e-01
3.378139693510869845e-01
3.375994178167963655e-01
3.373278509398084379e-01
3.370935281660810690e-01
3.368054089147706209e-01
3.365507122633316084e-01
3.362452443800734159e-01
3.359696542631013250e-01
3.356461512390062074e-01
3.353492563028746543e-01
3.350071663299387104e-01
3.346886896326480287e-01
3.343276210656448977e-01
3.339874460725048011e-01
3.336071919944651465e-01
3.332453867406642289e-01
3.328459467115379988e-01
3.324627839312328526e-01
3.320443804208878524e-01
3.316403508425389557e-01
3.312034372401863047e-01
3.307792526443857350e-01
3.303245091575920944e-01
3.298810912621246150e-01
3.294094045640564850e-01
3.289478554587969006e-01
3.284602777526588469e-01
3.279818276155042067e-01
3.274795110470878345e-01
3.269854394474139281e-01
3.264695427493571334e-01
3.259610712442871927e-01
3.254326374126721433e-01
3.249107936472557245e-01
3.243706006125225971e-01
3.238360580091457219e-01
3.232844488919593973e-01
3.227373514155577050e-01
3.221740571190604974e-01
3.216138454682463399e-01
3.210378198122525450e-01
3.204630832508477689e-01
3.198723788665182588e-01
3.192807647144190186e-01
3.186724850507981488e-01
3.180607037359307609e-01
3.174310704654714765e-01
3.167950352166421513e-01
3.161396078397362142e-01
3.154747409722944984e-01
3.147888126568473832e-01
3.140905310588561483e-01
3.133696980301109436e-01
3.126340558315620077e-01
3.118749149884660343e-01
3.110993312273359068e-01
3.103002042321189591e-01
3.094841428868526090e-01
3.086456639165331972e-01
3.077910766912903551e-01
3.069164341570986831e-01
3.060277469041697840e-01
3.051223655946142532e-01
3.042058198215963905e-01
3.032763433670463415e-01
3.023386276553875485e-01
3.013912387445099039e-01
3.004375762561726226e-01
2.994759704402584766e-01
2.985081391332562450e-01
2.975317857971280788e-01
2.965468378649838144e-01
2.955503790534570463e-01
2.945409181957416855e-01
2.935154684162338268e-01
2.924720269129185146e-01
2.914085575620404822e-01
2.903237672371737910e-01
2.892176789613503107e-01
2.880907065983430715e-01
2.869454755587233508e-01
2.857841893138732270e-01
2.846114316864657434e-01
2.834299437744457473e-01
2.822443574850469483e-01
2.810557453514362369e-01
2.798665109550677599e-01
2.786742852571454376e-01
2.774783166502569065e-01
2.762732057781461803e-01
2.750568482599948794e-01
2.738239656679801737e-01
2.725749733354318471e-01
2.713085453770135991e-01
2.700302576478001426e-01
2.687432992266164944e-01
2.674562265508818593e-01
2.661720535843613011e-01
2.648960684910332541e-01
2.636252015779081415e-01
2.623579848925994829e-01
2.610860235671459972e-01
2.598065345510846003e-01
2.585146637047734952e-01
2.572154197209647331e-01
2.559129049338794704e-01
2.546183849809998678e-01
2.533359436235054218e-01
2.520698011970011754e-01
2.508126814427074081e-01
2.495589366382573726e-01
2.482988150106363034e-01
2.470340467730476885e-01
2.457686364990944450e-01
2.445159832685127599e-01
2.432812137827377041e-01
2.420659793414754735e-01
2.408581099694395156e-01
2.396492958424005504e-01
2.384339204818862745e-01
2.372227610549293153e-01
2.360259470804840776e-01
2.348509851448206120e-01
2.336867176272757196e-01
2.325209024938612312e-01
2.313456036411335182e-01
2.301732345323001527e-01
2.290153072660751354e-01
2.278737054699083164e-01
2.267297853411665565e-01
2.255732736940338212e-01
2.244099556726708855e-01
2.232584393762183927e-01
2.221151499805288365e-01
2.209620476117188648e-01
2.197889636198760155e-01
2.186146030956184760e-01
2.174483643479141748e-01
2.162746471454289332e-01
2.150763750138485197e-01
2.138716747294555631e-01
2.126734438087842793e-01
2.114635348409248661e-01
2.102291916318754783e-01
2.089957844835825529e-01
2.077659353403819020e-01
2.065156290081214263e-01
2.052554514467665181e-01
2.040076088531745380e-01
2.027475342938286629e-01
2.014767751666075302e-01
2.002221044234668013e-01
1.989607327855611174e-01
1.976935960201154641e-01
1.964462600936816294e-01
1.951901195881616813e-01
1.939394967805900816e-01
1.927044967525756991e-01
1.914567645067788426e-01
1.902291327166972801e-01
1.889937845676095129e-01
1.877628874330427022e-01
1.865358039903061427e-01
1.852985073381346048e-01
1.840689904128997301e-01
1.828230188481375085e-01
1.815824188162329378e-01
1.803250567543086269e-01
1.790697446099216716e-01
1.778003794813047267e-01
1.765319583310430429e-01
1.752538459901462897e-01
1.739780991396966403e-01
1.726976134258891571e-01
1.714220048726694534e-01
1.701456714228155309e-01
1.688757281890016504e-01
1.676065387050940658e-01
1.663426939247150127e-01
1.650779404050753962e-01
1.638149921623057170e-01
1.625475551244887629e-01
1.612779015502761315e-01
1.600010090404755114e-01
1.587202467512258131e-01
1.574328133594732060e-01
1.561436428093228301e-01
1.548516275598851577e-01
1.535620094553767079e-01
1.522733895518966207e-01
1.509892394625746426e-01
1.497061228781331188e-01
1.484250377230353635e-01
1.471410968905902950e-01
1.458547869064805991e-01
1.445625275704293666e-01
1.432670361313666541e-01
1.419676567370706521e-01
1.406691015446604742e-01
1.393713474263518215e-01
1.380775267211828139e-01
1.367848003295393799e-01
1.354930898984753052e-01
1.341979317138380368e-01
1.328998221143624647e-01
1.315972927463494591e-01
1.302943800475093727e-01
1.289919368361830687e-01
1.276932303806341540e-01
1.263958306522219299e-01
1.250990010347663162e-01
1.237987052731319149e-01
1.224961217268287633e-01
1.211916511373703209e-01
1.198897090884225025e-01
1.185901081652728506e-01
1.172929046112050344e-01
1.159938561344637936e-01
1.146930587459528139e-01
1.133908221931031329e-01
1.120915248745493059e-01
1.107949015468756571e-01
1.095001336896224559e-01
1.082033753713087521e-01
1.069062867048748700e-01
1.056107531595975868e-01
1.043195716494530745e-01
1.030295249730381751e-01
1.017392807118362719e-01
1.004490233765047147e-01
9.916301030640684022e-02
9.788008208019659262e-02
9.659829195831752535e-02
9.531662045234469416e-02
9.403934537582042674e-02
9.276589326783997447e-02
9.149421879560863669e-02
9.022391769886337065e-02
8.895913487064280312e-02
8.769795615874823036e-02
8.643888491025532306e-02
8.518382251385349380e-02
8.393485667356673230e-02
8.268833037139140807e-02
8.144646590703445710e-02
8.021083071182930069e-02
7.897930014962592504e-02
7.775257371718023724e-02
7.653328651798514681e-02
7.531806968222107268e-02
7.410987124384034452e-02
7.290854835388166366e-02
7.171277176276652510e-02
7.052536844112640424e-02
6.934442058394839348e-02
6.817134086314445562e-02
6.700664548260840125e-02
6.584930816162751221e-02
6.470171188233697634e-02
6.356174036099937474e-02
6.243219134586420332e-02
6.131101225640677582e-02
6.020066529382326476e-02
5.909954010566310922e-02
5.800963531369494885e-02
5.692975110234038683e-02
5.586151807926582197e-02
5.480402094251598383e-02
5.375863501574659753e-02
5.272462383208458697e-02
5.170318549680906484e-02
5.069369273243234247e-02
4.969721274608225603e-02
4.871318415902077537e-02
4.774256954618934928e-02
4.678484638412489655e-02
4.584088771713102500e-02
4.491019261076961699e-02
4.399355403720259239e-02
4.309048153439610368e-02
4.220169500133023194e-02
4.132670772210598337e-02
4.046617271910557534e-02
3.961960375454866290e-02
3.878759336880546055e-02
3.796965547317807110e-02
3.716632919854597622e-02
3.637713044836912712e-02
3.560255268194955497e-02
3.484211734212273870e-02
3.409628034438674099e-02
3.336457297301483049e-02
3.264742123256076517e-02
3.194437023313621143e-02
3.125582239480897279e-02
3.058133912343976787e-02
2.992130293670616781e-02
2.927529122739951084e-02
2.864366673933700300e-02
2.802601893762247942e-02
2.742268682093493629e-02
2.683326403383918743e-02
2.625805813568133501e-02
2.569665609521025115e-02
2.514932391166431816e-02
2.461563001723882094e-02
2.409578885748388591e-02
2.358934027899002236e-02
2.309644062316067864e-02
2.261659604147087804e-02
2.214990454871403405e-02
2.169584111976572208e-02
2.125445320032762556e-02
2.082519508083696680e-02
2.040807842289349069e-02
2.000255267050625799e-02
1.960861121496429785e-02
1.922571417813851227e-02
1.885385027203801550e-02
1.849249856981331763e-02
1.814164661575701221e-02
1.780078868468792236e-02
1.746990239540217524e-02
1.714848277226679873e-02
1.683648128981495018e-02
1.653337712244905972e-02
1.623908320532084504e-02
1.595305637221318754e-02
1.567517393149264054e-02
1.540488195421319505e-02
1.514204275861050393e-02
1.488611682596458104e-02
1.463697816007786430e-02
1.439412344445643692e-02
1.415745180989756886e-02
1.392649722578292136e-02
1.370117390674692459e-02
1.348103407282007400e-02
1.326598611165395215e-02
1.305558361745551808e-02
1.284972357659307923e-02
1.264796862851672553e-02
1.245022452173384468e-02
1.225608806227862849e-02
1.206549594193379558e-02
1.187808935495855006e-02
1.169383146752447575e-02
1.151239063291251315e-02
1.133373588192851389e-02
1.115754850541128725e-02
1.098380373318597406e-02
1.081220910925919168e-02
1.064276464597775293e-02
1.047521485692516630e-02
1.030958004665057624e-02
1.014562377169700262e-02
9.983368149760351098e-03
9.822590484334859512e-03
9.663329327463452204e-03
9.505400068054141102e-03
9.348872710513562306e-03
9.193589978299830309e-03
9.039619962384313340e-03
8.886798504021534151e-03
8.735184041533446825e-03
8.584631860220456184e-03
8.435231053703662676e-03
8.286874674859103992e-03
8.139659689186860836e-03
7.993470291451625770e-03
7.848384411146687792e-03
7.704295624688489198e-03
7.561305550055489808e-03
7.419334202666388531e-03
7.278479716252168712e-03
7.138655515036732707e-03
6.999962070890402253e-03
6.862332813523660396e-03
6.725865172282620603e-03
6.590480964633411466e-03
6.456281766890458601e-03
6.323221829664355843e-03
6.191400135596518937e-03
6.060735883841209676e-03
5.931315861026006941e-03
5.803103931175558963e-03
5.676203098666069563e-03
5.550544989806876356e-03
5.426221855059200697e-03
5.303211173585796294e-03
5.181592238270345784e-03
5.061279933453963556e-03
4.942385213567738675e-03
4.824898876327818678e-03
4.708859226757440217e-03
4.594212509464488253e-03
4.481067129053967202e-03
4.369360641306939928e-03
4.259210656380581217e-03
4.150550007041889887e-03
4.043376574824597211e-03
3.937744044303088942e-03
3.833674813900539869e-03
3.731105842595874335e-03
3.630160283620710148e-03
3.530717347475248284e-03
3.432906613407940653e-03
3.336625785226513766e-03
3.241904322586296964e-03
3.148799018465371462e-03
3.057283102861590822e-03
2.967329484776229463e-03
2.879029711489325318e-03
2.792250654332437652e-03
2.707129627319096801e-03
2.623576043160236963e-03
2.541576327530072326e-03
2.461210726841636925e-03
2.382440453376951858e-03
2.305231059092287087e-03
2.229648110460978779e-03
2.155570428304442576e-03
2.083121429314615386e-03
2.012181478087598629e-03
1.942747005329530097e-03
1.874883027357596805e-03
1.808497251372266157e-03
1.743581893454404117e-03
1.680174763565723010e-03
1.618141563578952410e-03
1.557609632890676879e-03
1.498461396491463770e-03
1.440674288799292501e-03
1.384325764237279415e-03
1.329337354930630339e-03
1.275716107548179436e-03
1.223498117541878521e-03
1.172558893065454248e-03
1.123059564162095115e-03
1.074881361068007061e-03
1.028005847724760852e-03
9.825144342770753252e-04
9.383158356365980078e-04
8.954225899274110591e-04
8.538338325678923634e-04
8.134342735685179144e-04
7.743758112060440679e-04
7.365087724038041957e-04
6.998251302259136594e-04
6.643986332698639200e-04
6.301193525472982690e-04
5.970432826425279898e-04
5.651748331318983158e-04
5.343888713844018165e-04
5.048479177606411379e-04
4.764083989874437204e-04
4.490603250268256443e-04
4.228496162043754924e-04
3.976575114292575500e-04
3.735279634589768957e-04
3.504414433490472543e-04
3.282808103952414942e-04
3.071802114387392349e-04
2.869955599192859706e-04
2.677492003948712300e-04
2.494545080302015393e-04
2.320090971145420558e-04
2.154436598573574249e-04
1.997341475267446680e-04
1.847784907067930688e-04
1.706766819127375706e-04
1.573114075167342100e-04
1.447194237605218116e-04
1.328988100094839395e-04
1.217909930361917264e-04
1.114160129435630290e-04
1.017645141056746543e-04
9.279120051343265328e-05
8.459298994818532154e-05
7.714672630518577671e-05
7.058629954129446967e-05
6.502098048849856281e-05
6.058630943422876810e-05
5.743738785461957515e-05
5.567716134177093270e-05
5.522812188229628895e-05
5.582943328504359661e-05
5.682871441776508452e-05
5.735130102034128989e-05
5.632109719908185038e-05
5.280631477383408235e-05
4.625061501734046020e-05
3.674146702892541982e-05
2.494594140826922663e-05
1.195902617269993281e-05
-1.053756793100536717e-06
-1.308393478136716682e-05
-2.349445791360566690e-05
-3.194409685473114898e-05
-3.842703600686945246e-05
-4.306512897428021867e-05
-4.613422058996763392e-05
-4.794456009586286463e-05
-4.876670672425789823e-05
-4.882048874185323926e-05
-4.830929883159575447e-05
-4.735963702650433269e-05
-4.615283623462417733e-05
-4.474310872706318892e-05
-4.319454425971836875e-05
-4.156603466265700318e-05
-3.990362744011534033e-05
-3.825864513945985787e-05
-3.664899183406757283e-05
-3.501126999904047359e-05
-3.338302160454842036e-05
-3.175546170817091250e-05
-3.018456527157655387e-05
-2.866876402242744077e-05
-2.717456963885867373e-05
-2.571332388703131638e-05
-2.433911608283037195e-05
-2.302144505578641249e-05
-2.175564668555764029e-05
-2.048803413335319857e-05
-1.928240622841887342e-05
-1.816064344805447383e-05
-1.709400347562771679e-05
-1.608026873272050622e-05
-1.515421027124444459e-05
-1.423911898054916152e-05
-1.333654465536003899e-05
-1.246591447878678831e-05
-1.171988804118602319e-05
-1.103878936987902026e-05
-1.036489242757156367e-05
-9.729245837966763699e-06
-9.148249807128456648e-06
-8.586159479935993562e-06
-8.028716233153655811e-06
-7.521050482487041853e-06
-7.028610707030676900e-06
-6.526095755537761769e-06
-6.125855499940473083e-06
-5.764394410549099351e-06
-5.383664605879533651e-06
-5.026447707952481145e-06
-4.728298094300370776e-06
-4.406525991903422493e-06
-4.131544685347880194e-06
-3.900618548105498295e-06
-3.681870642848017914e-06
-3.410281092323333446e-06
-3.216982227033528823e-06
-3.022993057613576920e-06
-2.817330019225165344e-06
-2.648988176208514372e-06
-2.513181600948407640e-06
-2.357082362064792964e-06
-2.209783319255001546e-06
-2.140251654776404622e-06
-1.955616047132785376e-06
-1.846682375382081477e-06
-1.676279129018926888e-06
-1.583467325424221961e-06
-1.395210056516947439e-06
-1.340869955421434160e-06
-1.202985419839906124e-06
-1.087619575978504042e-06
-1.034633227019312722e-06
-9.586051918358126241e-07
-9.006729408837444158e-07
-8.264719771076172696e-07
-8.303077811296412239e-07
-7.249100306104188467e-07
-7.268525452880946403e-07
-6.844624001745084277e-07
-6.173015410415125358e-07
-6.020808908245754051e-07
-5.454055393566436217e-07
-5.245403620853145350e-07
-4.557698518420098827e-07
-4.505176997541411249e-07
-3.968238367296841765e-07
-3.730126217119274414e-07
-3.622665781414301518e-07
-3.052129556604665195e-07
-3.163913596449066886e-07
-2.759307878387478592e-07
-2.594868079716743359e-07
-2.409602558537405286e-07
-2.226084119388755510e-07
-2.089545121173517667e-07
-1.857697322621677176e-07
-1.943795009487600792e-07
-1.597019859986750404e-07
-1.667015734189017776e-07
-1.569433889878644658e-07
-1.343612443389483133e-07
-1.434667373507314311e-07
-1.153695133087965286e-07
-1.091811736144105244e-07
-1.060923584333628177e-07
-8.437147202252680136e-08
-8.912243269742163786e-08
-7.930675883821035033e-08
-7.776344765099329916e-08
-7.631931880962418594e-08
-6.951553502175972642e-08
-6.601514045687198670e-08
-5.737586879990030316e-08
-5.438523518703239788e-08
-4.778209617819306220e-08
-4.406796375832964471e-08
-4.410240053877999768e-08
-3.815377982673168286e-08
-4.073686241379047582e-08
-3.602875136005165118e-08
-3.137023254871995736e-08
-3.161979636437970613e-08
-2.707256356411979369e-08
-2.591939191247650038e-08
-2.417955841146134870e-08
-2.173745765799138445e-08
-2.256440622688218525e-08
-1.951476584628340341e-08
-1.819151205632202811e-08
-1.647449059365899227e-08
-1.660726015042687528e-08
-1.445520837752332032e-08
-1.301907153392341173e-08
-1.378814407051254515e-08
-1.127471365736437965e-08
-1.137675749957279962e-08
-1.061716879163088030e-08
-8.119484789204418311e-09
-1.032750410408881562e-08
-7.996122724220449203e-09
-6.900950318987162438e-09
-8.298077458584955162e-09
-5.673609249945998737e-09
-6.969524851785485518e-09
-5.894964517041839127e-09
-4.263986703486291719e-09
-6.340394316697910373e-09
-4.079619179250221664e-09
-4.234326801086548068e-09
-4.653203214429568361e-09
-3.075477634853436958e-09
-3.984871999100508426e-09
-3.450493173117484497e-09
-2.217451022036385930e-09
-3.771838893854695458e-09
-2.196405924719377955e-09
-2.408242189212339993e-09
-2.761593452236149649e-09
-1.604642577896634662e-09
-2.393845015911392338e-09
-1.893808304899903180e-09
-1.328426766596385268e-09
-2.137161283727674133e-09
-1.204578914986982469e-09
-1.491985498859775311e-09
-1.478609150658486084e-09
-9.667872735332084805e-10
-1.391015961769517603e-09
-1.052354671256140255e-09
-8.237806159658905009e-10
-1.197123644793478749e-09
-7.148202244411421867e-10
-8.820292510156305251e-10
-8.356587790107252100e-10
-5.901133279568604633e-10
-7.970258721576697056e-10
-6.358077262296701531e-10
-4.819164419989346716e-10
-7.172538962561963487e-10
-4.058854659238136542e-10
-5.551860277793578747e-10
-4.716760170522326183e-10
-3.779704488836322139e-10
-4.704417175968820097e-10
-3.833607953145529360e-10
-3.094870243511137908e-10
-4.233708020706996877e-10
-2.591710950860649509e-10
-3.439790926046392009e-10
-2.896570689970570392e-10
-2.446724610236861996e-10
-2.916029333604434994e-10
-2.413085131707563731e-10
-2.083811466636164363e-10
-2.613708805413224398e-10
-1.745239552136691248e-10
-2.231879970984304160e-10
-1.878262908772574578e-10
-1.690858442919027706e-10
-1.888460681418675280e-10
-1.634704948967729133e-10
-1.470519609434264941e-10
-1.719002937054726210e-10
-1.255890611400651976e-10
-1.536240640554165018e-10
-1.301913382394541066e-10
-1.248839829424355363e-10
-1.297001725010526339e-10
-1.191904367383764380e-10
-1.091606505231340947e-10
-1.214945466602552928e-10
-9.628186798592845097e-11
-1.125423308599454248e-10
-9.641978290686230551e-11
-9.746633030194607662e-11
-9.521521584656152440e-11
-9.248362507976364892e-11
-8.488577773241042850e-11
-9.204228378005768965e-11
-7.712193210240804063e-11
-8.701847091741638453e-11
-7.558031910926170129e-11
-7.868577953594364566e-11
-7.376148340953618642e-11
-7.460906835699725159e-11
-6.798180181961401016e-11
-7.285785862961723324e-11
-6.299324180140306403e-11
-6.930943845813980123e-11
-6.070829135930822504e-11
-6.414156027313261486e-11
-5.850588334587256607e-11
-6.054351143841048998e-11
-5.465534114367152133e-11
-5.807208081591129602e-11
-5.090181467045802380e-11
-5.484062289971477363e-11
-4.822184629572021157e-11
-5.097124070812909971e-11
-4.554657573029563001e-11
-4.752860592913630882e-11
-4.225281616824130503e-11
-4.454837037001362375e-11
-3.892023843931698832e-11
-4.121490835045619372e-11
-3.583818227982689692e-11
-3.769905482582362890e-11
-3.273564366365888341e-11
-3.419509396116204194e-11
-2.945408549756754817e-11
-3.082585644265373391e-11
-2.613416343301604227e-11
-2.729693710879963919e-11
-2.279833804417312010e-11
-2.384137944549462026e-11
-1.943816485278699930e-11
-2.031798349424135904e-11
-1.613423458837656005e-11
-1.685864105645817017e-11
-1.291249305161776837e-11
-1.340932608116113678e-11
-9.671409910483511214e-12
-1.021187015199752473e-11
-6.526247074447196885e-12
-7.087325209890730567e-12
-3.626702133086154465e-12
-4.110693495298898043e-12
-1.004662091365646512e-12
-1.362961884195154514e-12
1.476501793483224604e-12
9.638594751209519349e-13
3.667997129867657484e-12
3.001482962812277184e-12
5.445599160675372916e-12
4.728210799270236628e-12
6.771599440281881124e-12
6.061849708121707875e-12
7.795230438016562929e-12
6.884676463652656878e-12
8.431796600979619473e-12
7.329357512373920348e-12
8.643224317745263806e-12
7.460795456796737585e-12
8.451784930644161266e-12
7.284692365924565180e-12
8.055129406241554609e-12
6.798973761772996502e-12
7.493216605014621217e-12
6.181734663566266526e-12
6.825580716794760605e-12
5.585278709732146103e-12
6.137611157741166526e-12
5.074194012498004451e-12
5.633073573241501655e-12
4.691493315830018442e-12
5.358954726225673865e-12
4.548169818004287078e-12
5.334072872337248814e-12
4.701340266390244142e-12
5.522732395617513516e-12
5.087165273147096566e-12
5.936982737434862331e-12
5.586255176938098827e-12
6.452381108415306459e-12
6.103966768886443849e-12
6.924226284982258660e-12
6.543200814273490473e-12
7.210042027612517688e-12
6.784573979042179128e-12
7.285890596929419244e-12
6.766819539108345440e-12
7.148015943722067661e-12
6.551446047492646391e-12
6.869444671136508891e-12
6.279689543899110829e-12
6.573620137781043592e-12
6.085077675024243125e-12
6.424663582404832243e-12
6.057651855457036921e-12
6.485815735546955778e-12
6.215280583480864794e-12
6.697609975072531945e-12
6.473495445063417236e-12
6.911029962691512371e-12
6.667404246054542019e-12
6.996836081907146389e-12
6.679114253794353232e-12
6.908488089622516660e-12
6.536918355658712516e-12
6.734372973707106011e-12
6.398264363272559566e-12
6.632575981271281624e-12
6.400619186310450645e-12
6.695512473698953370e-12
6.537283314673162688e-12
6.837102559284762573e-12
6.658075601723752433e-12
6.885238810381455523e-12
6.640177904480041787e-12
6.789282919635163827e-12
6.537237499376969716e-12
6.695023244604387035e-12
6.516891966307548745e-12
6.734793116378240747e-12
6.611211176189215039e-12
6.823652753507356346e-12
6.665204376648727284e-12
6.800427585652641700e-12
6.603321416736168204e-12
6.720171204621611479e-12
6.573665843209977502e-12
6.742798143620709252e-12
6.643095261822217100e-12
6.798617788148128220e-12
6.657413885998406095e-12
6.752319576781638600e-12
6.605973533568101562e-12
6.726436066615950877e-12
6.639672313820182926e-12
6.774805509904900282e-12
6.665778611047892819e-12
6.747815692593840163e-12
6.626394706767373292e-12
6.731747047380325645e-12
6.659373040361420357e-12
6.763002297343728249e-12
6.660212300821591556e-12
6.728470410237475375e-12
6.646140363372450575e-12
6.747378664880335308e-12
6.673826215715042916e-12
6.737022651443850443e-12
6.651629360197488680e-12
6.734887952368384318e-12
6.676669851626355000e-12
6.736709961888352703e-12
6.659317221613492235e-12
6.731684517000338352e-12
6.678548169388060392e-12
6.730966370289428830e-12
6.665766016552325005e-12
6.732324639213637506e-12
6.679458438068264399e-12
6.723395406852259159e-12
6.674906077574642102e-12
6.731803376377475825e-12
6.675418009137171444e-12
6.723254843877666747e-12
6.683523018833433469e-12
6.722055970203850737e-12
6.679746120986112814e-12
6.725889739340603667e-12
6.679761558931125912e-12
6.722401155230307007e-12
6.684704164155842679e-12
6.718484019976598546e-12
6.686828573693943688e-12
6.718121965512048929e-12
6.686377115661726214e-12
6.718774867883739385e-12
6.686103454221002022e-12
6.718625252330886018e-12
6.686708776027952846e-12
6.717761284712940315e-12
6.687744874403325224e-12
6.716684304249793949e-12
6.688812565509343568e-12
6.715654984927570094e-12
6.689771683517030277e-12
6.714731926284715602e-12
6.690612146066148254e-12
6.713902136249618276e-12
6.691356031826249039e-12
6.713142734827993944e-12
6.692023970646317676e-12
6.712436491884137232e-12
6.692629775766131816e-12
6.711772220622775736e-12
6.693182089417309698e-12
6.711142605987218803e-12
6.693686434251648698e-12
6.710542508838260893e-12
6.694146533044687007e-12
6.709967976863875791e-12
6.694565037044026968e-12
6.709415711272154838e-12
6.694943912564060840e-12
6.708882780558002606e-12
6.695284647195648082e-12
6.708366461716845346e-12
6.695588362296490155e-12
6.707864147091387425e-12
6.695855875779435719e-12
6.707373285534845657e-12
6.696087737442628787e-12
6.706891341874733163e-12
6.696284248425098851e-12
6.706415766309829506e-12
6.696445470828905430e-12
6.705943969152926692e-12
6.696571230844813689e-12
6.705473298347442163e-12
6.696661117251048061e-12
6.705001018225583837e-12
6.696714476327791496e-12
6.704524288554019389e-12
6.696730403789389218e-12
6.704040143245973629e-12
6.696707734073578749e-12
6.703545468294631475e-12
6.696645027158479847e-12
6.703036978598584179e-12
6.696540552985579147e-12
6.702511193400592897e-12
6.696392273464419978e-12
6.701964410120979659e-12
6.696197822054921212e-12
6.701392676371616829e-12
6.695954480812004554e-12
6.700791759942891067e-12
6.695659154829145121e-12
6.700157116593099644e-12
6.695308343938660719e-12
6.699483855459304242e-12
6.694898111563253296e-12
6.698766701891908124e-12
6.694424050583522183e-12
6.697999957586259096e-12
6.693881246112907517e-12
6.697177457820746402e-12
6.693264235029121158e-12
6.696292525683078095e-12
6.692566962205451698e-12
6.695337923172879638e-12
6.691782733311589095e-12
6.694305799086279631e-12
6.690904164195076924e-12
6.693187633648368710e-12
6.689923126791047187e-12
6.691974179907853008e-12
6.688830691658284476e-12
6.690655401976238949e-12
6.687617067264388726e-12
6.689220410287602339e-12
6.686271536267404783e-12
6.687657394162491011e-12
6.684782389142147267e-12
6.685953552108797038e-12
6.683136855694773733e-12
6.684095020450765246e-12
6.681321035142970900e-12
