# bin_2_1
3.369396613186664835e-01
3.368645973727925624e-01
3.369335801329571556e-01
3.368633311263518060e-01
3.369272898132290028e-01
3.368615254329217490e-01
3.369207420493051663e-01
3.368591483923765728e-01
3.369138847801355086e-01
3.368561630447621247e-01
3.369066616621826937e-01
3.368525268687999619e-01
3.368990114776426736e-01
3.368481912124202116e-01
3.368908674738508302e-01
3.368431006475016698e-01
3.368821566249838861e-01
3.368371922390676620e-01
3.368727988068819790e-01
3.368303947196459869e-01
3.368627058734670610e-01
3.368226275566451600e-01
3.368517806236165368e-01
3.368137999021441065e-01
3.368399156455154642e-01
3.368038094104982005e-01
3.368269920259373551e-01
3.367925409124938319e-01
3.368128779098444325e-01
3.367798649307827685e-01
3.367974268978815022e-01
3.367656360241995106e-01
3.367804762675058461e-01
3.367496909482676215e-01
3.367618450067890179e-01
3.367318466210437178e-01
3.367413316508217069e-01
3.367118978866252554e-01
3.367187119153015606e-01
3.366896150732852644e-01
3.366937361265190387e-01
3.366647413486987817e-01
3.366661264546423338e-01
3.366369898839253194e-01
3.366355739665277680e-01
3.366060408481227895e-01
3.366017355264900313e-01
3.365715382695373958e-01
3.365642305881591523e-01
3.365330868140005149e-01
3.365226379373012500e-01
3.364902485503367124e-01
3.364764924639584431e-01
3.364425397900535075e-01
3.364252820609891503e-01
3.363894281072777326e-01
3.363684447616169249e-01
3.363303296570978596e-01
3.363053662383275189e-01
3.362646069158400364e-01
3.362353777829106827e-01
3.361915669548876662e-01
3.361577548661049963e-01
3.361104603257297208e-01
3.360717163244555383e-01
3.360204805648698834e-01
3.359764241330970846e-01
3.359207642143272055e-01
3.358709835837011548e-01
3.358103910863957098e-01
3.357544434898830366e-01
3.356883842733907608e-01
3.356257957851875862e-01
3.355537091189632060e-01
3.354839735718593841e-01
3.354052700461400693e-01
3.353278463531280673e-01
3.352419038214745628e-01
3.351562108956039898e-01
3.350623676028879894e-01
3.349677760193884302e-01
3.348653200865171486e-01
3.347611397371063613e-01
3.346492943896779981e-01
3.345347577271095552e-01
3.344126621571122393e-01
3.342869033012991209e-01
3.341535899070077198e-01
3.340156209251470831e-01
3.338699908900977231e-01
3.337186779246223978e-01
3.335594785512455696e-01
3.333935219388846072e-01
3.332193305296108909e-01
3.330372541990528901e-01
3.328464740156950041e-01
3.326466295857894995e-01
3.324375027364456225e-01
3.322180920259337755e-01
3.319887312011876590e-01
3.317478465894879158e-01
3.314962819254099191e-01
3.312319571024256448e-01
3.309561865977194151e-01
3.306664419862331283e-01
3.303644660499678865e-01
3.300473268086316359e-01
3.297171439120468728e-01
3.293706090247429108e-01
3.290101556253724469e-01
3.286321095017435967e-01
3.282391476056211177e-01
3.278272327261458341e-01
3.273992208368289858e-01
3.269507244539761603e-01
3.264847394121000446e-01
3.259965700882724304e-01
3.254893539823986992e-01
3.249581674687998523e-01
3.244063295327289098e-01
3.238287899751567389e-01
3.232290951311487803e-01
3.226021464500544167e-01
3.219517177649258155e-01
3.212726683682499695e-01
3.205689200368987968e-01
3.198352184572065271e-01
3.190755064378282269e-01
3.182843408014008890e-01
3.174656180601415079e-01
3.166137467822957019e-01
3.157326691645415684e-01
3.148168449703519500e-01
3.138704681595038126e-01
3.128882643042686373e-01
3.118747788607640903e-01
3.108249956004410786e-01
3.097436373509119822e-01
3.086257073085795222e-01
3.074758569364156036e-01
3.062890192098557396e-01
3.050698891632277476e-01
3.038136919429740845e-01
3.025256217643609857e-01
3.012015814586523899e-01
2.998473449115270917e-01
2.984592249819194576e-01
2.970430540237905537e-01
2.955951187542293357e-01
2.941212606165000687e-01
2.926182317073716121e-01
2.910926590392398094e-01
2.895423368728020641e-01
2.879745728458158460e-01
2.863874275569451289e-01
2.847879880380637663e-01
2.831743559539313115e-01
2.815541414081028648e-01
2.799266247517393502e-01
2.783003339740136028e-01
2.766748125625180244e-01
2.750580066387970368e-01
2.734491764113042289e-01
2.718567289230878758e-01
2.702810267555658674e-01
2.687306997161400535e-01
2.672052173291272759e-01
2.657119477417441145e-01
2.642503600236291161e-01
2.628283247312829252e-01
2.614448014936430753e-01
2.601054644547945438e-01
2.588076810387537341e-01
2.575568956636190565e-01
2.563499231938289880e-01
2.551894107596833217e-01
2.540695982729770375e-01
2.529923837308731827e-01
2.519509370500774836e-01
2.509436863016343833e-01
2.499614868356147823e-01
2.490023902900876940e-01
2.480553130412205265e-01
2.471152604474370351e-01
2.461711986096955795e-01
2.452178766222875561e-01
2.442423852144037510e-01
2.432404357313990018e-01
2.422008643796708938e-01
2.411192829450889419e-01
2.399878094651116678e-01
2.388052284892408228e-01
2.375660806115186818e-01
2.362745668684987366e-01
2.349291204527101939e-01
2.335386474586620686e-01
2.321071132519495761e-01
2.306470007270311484e-01
2.291671482936582238e-01
2.276824096235056105e-01
2.262038749484444333e-01
2.247465424857564287e-01
2.233201640996005932e-01
2.219365907417674422e-01
2.206005045330192982e-01
2.193172407807987834e-01
2.180835760473622265e-01
2.168963526381638141e-01
2.157437916502975006e-01
2.146150338447228856e-01
2.134922950790021090e-01
2.123611846201015618e-01
2.112036025792553284e-01
2.100083088882022664e-01
2.087639605272057775e-01
2.074690290119871605e-01
2.061240600075039398e-01
2.047399838719725085e-01
2.033288741319849713e-01
2.019102506380430206e-01
2.005004729300620681e-01
1.991177645045831002e-01
1.977715934009347809e-01
1.964682472657270362e-01
1.952022524261174397e-01
1.939643757507409083e-01
1.927363296188368547e-01
1.915013985475132741e-01
1.902413058084382880e-01
1.889470338434454666e-01
1.876144708657053461e-01
1.862518234507000991e-01
1.848711677797879871e-01
1.834912803036440332e-01
1.821262602080006565e-01
1.807873411187190804e-01
1.794737822272867156e-01
1.781790398438816148e-01
1.768876456452753987e-01
1.755862418156910743e-01
1.742630833702091264e-01
1.729174933527364288e-01
1.715546089451239764e-01
1.701878680900748009e-01
1.688281054809397108e-01
1.674835786620061939e-01
1.661518274004709916e-01
1.648259935899351880e-01
1.634942589942303681e-01
1.621505209995746100e-01
1.607931293513541193e-01
1.594293664048986592e-01
1.580665698152321497e-01
1.567115586442621444e-01
1.553630076509199820e-01
1.540168576448217586e-01
1.526657163352231061e-01
1.513070752636074823e-01
1.499407972543479461e-01
1.485726068305913694e-01
1.472076089350385641e-01
1.458503881665283441e-01
1.444968322103641067e-01
1.431379613430704134e-01
1.417650113704151948e-01
1.403851195246221817e-01
1.390155295123025325e-01
1.376641453392335179e-01
1.363095812046785094e-01
1.349288055339459835e-01
1.335357657742714255e-01
1.321713471933404493e-01
1.308313215199347346e-01
1.294620725688188922e-01
1.280545642353628222e-01
1.266785966444221034e-01
1.253495940215128279e-01
1.239819110669760083e-01
1.225623048828547584e-01
1.211977184047707129e-01
1.198775173344991396e-01
1.184825270645743639e-01
1.170702563806932661e-01
1.157470114797434502e-01
1.143939329106742758e-01
1.129724175190041924e-01
1.116282250573334967e-01
1.102932937450091244e-01
1.088839945713173524e-01
1.075337772776658735e-01
1.061951488236458629e-01
1.048033644916838286e-01
1.034597490499440386e-01
1.021094045576748377e-01
1.007403990945862915e-01
9.939977401808999802e-02
9.804651133966035825e-02
9.669872440874106856e-02
9.535704304512560014e-02
9.401542067135097713e-02
9.267735204880192534e-02
9.134505017859696763e-02
9.001329373134227263e-02
8.868816428279362174e-02
8.736561818105705035e-02
8.604845349169991386e-02
8.473582740118285050e-02
8.342755238780011351e-02
8.212569917788388463e-02
8.082804517688803314e-02
7.953723283042304915e-02
7.825174201345160008e-02
7.697292195370565582e-02
7.570110098479926330e-02
7.443575631577270535e-02
7.317781636771852893e-02
7.192765182325816520e-02
7.068494452056293953e-02
6.945077762107688957e-02
6.822489712091810155e-02
6.700773331335339866e-02
6.580040075985348069e-02
6.460178280952179330e-02
6.341330551017274053e-02
6.223488078788023958e-02
6.106660898143387306e-02
5.990931897860639344e-02
5.876282099959088262e-02
5.762750369066759609e-02
5.650447898517979572e-02
5.539255513203604486e-02
5.429316245569006105e-02
5.320604188232536114e-02
5.213139226805980908e-02
5.106992890035223776e-02
5.002129062690596067e-02
4.898588353352587715e-02
4.796464975944507436e-02
4.695635093914476282e-02
4.596230987780061672e-02
4.498210026694750285e-02
4.401592698111430474e-02
4.306437173822193210e-02
4.212682476601095627e-02
4.120370958776662512e-02
4.029576522727403021e-02
3.940171950849895299e-02
3.852276640342563313e-02
3.765832223705755516e-02
3.680860949988204456e-02
3.597412223778995860e-02
3.515403545832781335e-02
3.434884148260203968e-02
3.355912222976570325e-02
3.278365432422793851e-02
3.202358028902083098e-02
3.127822267146199847e-02
3.054787695135667211e-02
2.983303220556707963e-02
2.913273145965080552e-02
2.844758216008887175e-02
2.777801018035554528e-02
2.712287662207210973e-02
2.648330740837519931e-02
2.585849179598850855e-02
2.524872161670578194e-02
2.465444226353817603e-02
2.407449498025512544e-02
2.350946914709041435e-02
2.295951387406867591e-02
2.242347705579888356e-02
2.190232391224351122e-02
2.139500091418228278e-02
2.090169798836835624e-02
2.042271967580738812e-02
1.995668454509707396e-02
1.950412515412838776e-02
1.906490932077284373e-02
1.863798311090217666e-02
1.822416532017918922e-02
1.782230853631189271e-02
1.743262950439256748e-02
1.705539442351091534e-02
1.668916759156944749e-02
1.633450881582534236e-02
1.599109511696842137e-02
1.565802040681460450e-02
1.533595818599834890e-02
1.502363121997668353e-02
1.472124247275033958e-02
1.442893086530223738e-02
1.414517579542703962e-02
1.387049445038402579e-02
1.360438928983530825e-02
1.334609476909680466e-02
1.309620826434088926e-02
1.285336572824566197e-02
1.261786765238195711e-02
1.238981062877391771e-02
1.216771547336763237e-02
1.195214347619612955e-02
1.174250756489943030e-02
1.153821929807706190e-02
1.133982987359679132e-02
1.114589440916123261e-02
1.095685382791839260e-02
1.077279757082233100e-02
1.059234492744745397e-02
1.041613684824679864e-02
1.024354916837803657e-02
1.007423220465862232e-02
9.908772933255550683e-03
9.745698561080007663e-03
9.585635212943343850e-03
9.428685943989673773e-03
9.273622019643937980e-03
9.121204296316496457e-03
8.970789018804015483e-03
8.822257365958437181e-03
8.676256624085287167e-03
8.531312257827777454e-03
8.388236492237410857e-03
8.247103864284763969e-03
8.106862090732977824e-03
7.968423976295969935e-03
7.831092007528756699e-03
7.694915798903578796e-03
7.560627293184885543e-03
7.426757712896486611e-03
7.294265994409627855e-03
7.163173730575578442e-03
7.032597833114166870e-03
6.903522695647669287e-03
6.775188131336559380e-03
6.647796579822676070e-03
6.522105940436056550e-03
6.396650455461334699e-03
6.272491095193837018e-03
6.149533907537404163e-03
6.027115105902345477e-03
5.906176840403690176e-03
5.785906864627496718e-03
5.666627820704263699e-03
5.549094325852243700e-03
5.431872119348206580e-03
5.316061643016650740e-03
5.201435753665093788e-03
5.087527541790831491e-03
4.975252552641134564e-03
4.863720318211365440e-03
4.753331542075569724e-03
4.644776920186368709e-03
4.536696437322666579e-03
4.430204310644536222e-03
4.324956562439983068e-03
4.220635991747144836e-03
4.118111919402595543e-03
4.016426794781316305e-03
3.916067938975216663e-03
3.817600905015088898e-03
3.719791199679588038e-03
3.623709110378948734e-03
3.528911168958562446e-03
3.435257470545997286e-03
3.343478024285868010e-03
3.252602435132543983e-03
3.163197607955572574e-03
3.075688413324007865e-03
2.988990071590708151e-03
2.904075842447510943e-03
2.820454426904303157e-03
2.738120775462588811e-03
2.657717236638811823e-03
2.578248317804136738e-03
2.500320216895393893e-03
2.424237737891408225e-03
2.349090130564612799e-03
2.275771418578574797e-03
2.203735801724714029e-03
2.133043110147108713e-03
2.064246971993664425e-03
1.996402730338865759e-03
1.930147390060040153e-03
1.865623691550786535e-03
1.802060117646536903e-03
1.740276183708876255e-03
1.679697407403651140e-03
1.620416247280585288e-03
1.562906864311107251e-03
1.506279403016893203e-03
1.451143854771120862e-03
1.397524903506988008e-03
1.344830957261760078e-03
1.293759312279170633e-03
1.243751578303589232e-03
1.194935230030415990e-03
1.147706379941560492e-03
1.101312278486510886e-03
1.056308791416557449e-03
1.012603785801244327e-03
9.698255233297184332e-04
9.285064700853457075e-04
8.881746765425033727e-04
8.489487673419530847e-04
8.111189938366233443e-04
7.740915700633068611e-04
7.383123967913687250e-04
7.036454433834135646e-04
6.698677034845566206e-04
6.373535690742765337e-04
6.057268961191717132e-04
5.751147157501922385e-04
5.457114470564103847e-04
5.170931225513257946e-04
4.896059150915549937e-04
4.631019073071443969e-04
4.374687259746593416e-04
4.129494305533588277e-04
3.892491628715342793e-04
3.664862479896309065e-04
3.447488189297471758e-04
3.237554500564281124e-04
3.037335894529918836e-04
2.845542794172733494e-04
2.661714511144420764e-04
2.487263410545693010e-04
2.320036742785124950e-04
2.160962403243072880e-04
2.010298459987126828e-04
1.866245982428723217e-04
1.730130750135989483e-04
1.600951364861998558e-04
1.478527569298714224e-04
1.363699787705286912e-04
1.254934395892225391e-04
1.153104389087252743e-04
1.058381323959750413e-04
9.698746237160478761e-05
8.887653704597635524e-05
8.148376820852063277e-05
7.487293338721003565e-05
6.917589620957055932e-05
6.435184226566610134e-05
6.054162842546630937e-05
5.776092647476181345e-05
5.586294191203807294e-05
5.471784966840265065e-05
5.392647722283709221e-05
5.301984544442994740e-05
5.150152326312652047e-05
4.873224411502231164e-05
4.439893940873312569e-05
3.833850030542368793e-05
3.061201005552036526e-05
2.166511281355896731e-05
1.200013277473918806e-05
2.255832100755612726e-06
-6.937158113576368055e-06
-1.525794395856599468e-05
-2.235925271507603905e-05
-2.813963163621426873e-05
-3.264666198875341811e-05
-3.589960186334310914e-05
-3.810817382627676566e-05
-3.942612472086089555e-05
-3.996551269728416456e-05
-3.999784228805985242e-05
-3.956355655455404412e-05
-3.879892727618403645e-05
-3.783876108303282476e-05
-3.668577946179306197e-05
-3.545196251418630378e-05
-3.413209920529829800e-05
-3.271651855425882811e-05
-3.137567024253529727e-05
-3.002282380871583591e-05
-2.866248137154344690e-05
-2.731073659537724727e-05
-2.595174173259809106e-05
-2.470030267741457259e-05
-2.348636171156052305e-05
-2.223348037445545299e-05
-2.107372829749531266e-05
-1.994586695595332583e-05
-1.888525097223731224e-05
-1.785883369087416938e-05
-1.681544904103302274e-05
-1.590512057852497269e-05
-1.506004250911878002e-05
-1.416175362767941032e-05
-1.333868175808078066e-05
-1.256780847755653910e-05
-1.186802415876010650e-05
-1.116655463950785749e-05
-1.044351264030097722e-05
-9.852304399129029443e-06
-9.281377264962027292e-06
-8.658296074014386557e-06
-8.133169159980942870e-06
-7.613233518018173989e-06
-7.132196793816298986e-06
-6.639388660052414676e-06
-6.133982762888690020e-06
-5.757995085340447564e-06
-5.366819245255268888e-06
-4.952866878909407570e-06
-4.637712740990913062e-06
-4.294577486304329831e-06
-4.030665055315355643e-06
-3.794640224212167634e-06
-3.522268399081128356e-06
-3.346388838662985192e-06
-3.156590334504299559e-06
-2.957002392341958229e-06
-2.832284325630548445e-06
-2.686259369349281985e-06
-2.523024466609016104e-06
-2.397224500600305418e-06
-2.243052479928084952e-06
-2.164689268563761659e-06
-1.986742516384756705e-06
-1.856896926749066841e-06
-1.739896757528662112e-06
-1.587291120065418268e-06
-1.434431391100323460e-06
-1.358019464572525287e-06
-1.215913427840847043e-06
-1.108231250434971641e-06
-1.075785425345047872e-06
-9.820995324418014625e-07
-9.420342980477999212e-07
-8.818283569094543201e-07
-8.656655685132282331e-07
-7.939531702021924790e-07
-7.475122829265676676e-07
-7.020205533035304747e-07
-6.141708490412947711e-07
-5.900757095068348157e-07
-5.261854506916945040e-07
-5.031487979565236877e-07
-4.758513529609567580e-07
-4.655890879409171781e-07
-4.373784017358046961e-07
-4.301153367650996207e-07
-4.066093338761681032e-07
-3.393639009687252726e-07
-3.329974891639522012e-07
-2.714003030752024924e-07
-2.480284932780733636e-07
-2.472167211227739084e-07
-2.189407239981065435e-07
-2.379317450715527550e-07
-2.163621538886901215e-07
-1.972098052025326826e-07
-1.710616106848758364e-07
-1.418423036133685006e-07
-1.326772758881130219e-07
-1.255258602700276750e-07
-1.406356603127032563e-07
-1.294848878039924617e-07
-1.192549587625309267e-07
-1.029916940509393588e-07
-7.514125459406120327e-08
-7.903051040069561672e-08
-8.170456448125763369e-08
-8.517976220869155004e-08
-8.041937064003288410e-08
-6.032153109405367338e-08
-5.484221665531707007e-08
-5.805738321973078355e-08
-6.710738686637305592e-08
-6.128756682341596129e-08
-4.780751354707111223e-08
-4.168384019862652607e-08
-4.148507565938495866e-08
-5.166262536850213405e-08
-4.005350048111759457e-08
-2.790388116852261929e-08
-3.103573116430457688e-08
-3.211985796784286415e-08
-3.053867772070817334e-08
-1.915195747958860012e-08
-1.650233611823316578e-08
-2.606712515092353105e-08
-1.718128299012761032e-08
-1.128642704330350038e-08
-1.791845121911026463e-08
-1.754843578145044762e-08
-1.281079426048350788e-08
-1.368766346834356153e-08
-1.744201568416452879e-08
-1.212491704421603741e-08
-1.225461370210009792e-08
-1.459497563020802865e-08
-8.255240888553983398e-09
-9.563038468166453775e-09
-9.664565866295481822e-09
-4.156452085754768122e-09
-7.777792015266718456e-09
-4.015608306117468222e-09
-5.608496688306343724e-09
-6.176335181737674679e-09
-4.141081417537752617e-09
-7.611683629933195407e-09
-4.693894160389447110e-09
-6.003335317871507026e-09
-4.463262817176008595e-09
-3.262697090001670880e-09
-3.239751153343109651e-09
-2.276752563788605751e-09
-1.511975191325262312e-09
-3.149243079176201154e-09
-2.272206538355688035e-09
-3.266527757574329497e-09
-3.247845434504027200e-09
-2.005188197283116205e-09
-2.341018001355683709e-09
-1.134023326764334478e-09
-5.876854857571790184e-10
-1.612524169482497297e-09
-1.129696650248468000e-09
-2.036819330540207791e-09
-1.824088844106876320e-09
-9.883031449673909261e-10
-1.004671839989738135e-09
-3.162150051431473273e-10
-4.866757988073999687e-10
-1.254551504821335356e-09
-9.848534846248732616e-10
-1.081608968919314910e-09
-4.808719692979275624e-10
-4.115459421477913648e-11
-5.095403034337926476e-10
-6.803178093409603375e-10
-7.379126653578812121e-10
-5.674650063241934131e-10
4.574356674086976869e-11
-2.268902408052067284e-10
-4.993431227783615345e-10
-4.968533046495333296e-10
-2.958112552816527155e-10
5.559481505392925448e-11
-1.773926676265733285e-10
-4.756002840619616959e-10
-1.932936215283270316e-10
5.163922909484675986e-12
-8.208063420281828210e-11
-2.991784159914231818e-10
-1.744595842713489000e-10
8.571011452039182970e-11
-1.085724603788586641e-10
-2.457575903414983666e-10
3.730544277511197494e-11
8.582536308457994248e-12
-1.696900925734839947e-10
-3.392585995425521959e-11
6.358877789313345013e-11
-1.213580450727844596e-10
-1.596403268583598657e-11
5.307165093698701643e-11
-8.598818228947150881e-11
1.850899554892082601e-11
3.772944453000487267e-11
-7.474885175833071519e-11
8.357553552658154770e-11
-4.080359561187768535e-11
3.232963141457426994e-11
2.236487067076232039e-11
-6.952321879213353783e-12
5.213774171562395433e-11
-8.294796002226748267e-12
4.707207548373774358e-11
5.769048132359923983e-12
4.203463886010323898e-11
1.387280909588753347e-11
3.867427762104898202e-11
1.695607646540281119e-11
3.786193493377147211e-11
2.326241167286133683e-11
3.009278520662644201e-11
2.869192298324927766e-11
2.873639370779692187e-11
2.731502813352682727e-11
2.960075389478642165e-11
2.303856726270620555e-11
3.027162629963825814e-11
2.409068398277930001e-11
2.385223945532954633e-11
2.588894380126134534e-11
2.121803981575573061e-11
2.288186943266054408e-11
2.123322066653935704e-11
1.752426697919644545e-11
2.087395024511125158e-11
1.663251613071617920e-11
1.542308495154520467e-11
1.681204824050130998e-11
1.221800811809902328e-11
1.397765213288897573e-11
1.159693303326952337e-11
9.340702295153380859e-12
1.090906036677987386e-11
8.129156647553729411e-12
7.128171996550101338e-12
7.961800941471363993e-12
4.689457033575793781e-12
6.352469812915095816e-12
4.451853743686204300e-12
3.583834055733613324e-12
4.521211496428024023e-12
3.230026585892136352e-12
2.901605150865882628e-12
3.901759183276159381e-12
2.106422031382144109e-12
3.982084350315267308e-12
2.953447345389360885e-12
3.275414175115235854e-12
4.166489902964553008e-12
4.080589738876596089e-12
4.309000524640030845e-12
5.502185018703186905e-12
4.702770003035386275e-12
6.509728423720531195e-12
5.951887338013942980e-12
6.650553763212399126e-12
7.173239388185228551e-12
7.364438468945456352e-12
7.406684210847598592e-12
8.127191296025816573e-12
7.340285536064884719e-12
8.369770573324382614e-12
7.524351817460567983e-12
7.764950584102986807e-12
7.517320172569685423e-12
7.356956002785155795e-12
6.892177763586525708e-12
7.052869802872980730e-12
6.161602830783455329e-12
6.680327075926714107e-12
5.883699005785980851e-12
6.116085613452050085e-12
5.882020406452344660e-12
6.022244171065474604e-12
5.874154905165083733e-12
6.323590414976792773e-12
6.003306013102355016e-12
6.722533293352433204e-12
6.421346903240043160e-12
6.896830353902601786e-12
6.803569179871813288e-12
7.031650899894714960e-12
6.835904378859209617e-12
7.049936823884032312e-12
6.596738265201036947e-12
6.872089566863722056e-12
6.382895919867486738e-12
6.548992169291414941e-12
6.271205014029252825e-12
6.422674422306979286e-12
6.271447491944821562e-12
6.560408435836629271e-12
6.390500188650976576e-12
6.782113218064407129e-12
6.583849189220419349e-12
6.843638954632626947e-12
6.643980878759184321e-12
6.747850270984722253e-12
6.511282917839814123e-12
6.610183095917173199e-12
6.359606153219011319e-12
6.572150895344334016e-12
6.403179836419472800e-12
6.646930175249011588e-12
6.554455739898864859e-12
6.729392771797054737e-12
6.593398179430584049e-12
6.692625782992062683e-12
6.481522919167315346e-12
6.601769247845243397e-12
6.436913165785023899e-12
6.608218121038413958e-12
6.528536838204646972e-12
6.680388930476278723e-12
6.575005546593540715e-12
6.656767127738799122e-12
6.495886422964691060e-12
6.597444132758453885e-12
6.489624467404395170e-12
6.636234770586621681e-12
6.561623137828195882e-12
6.653033570073217780e-12
6.535482909230077896e-12
6.598186038110305320e-12
6.506370208962721240e-12
6.627373823331149431e-12
6.556449027198526353e-12
6.637521867804201609e-12
6.530702159996752009e-12
6.594197655872067694e-12
6.537466194541462036e-12
6.629467590071879658e-12
6.554533317504341969e-12
6.607580616071765029e-12
6.528670497216722803e-12
6.613272052303899675e-12
6.560349839749960264e-12
6.609370985419418922e-12
6.538645159742422425e-12
6.604348434916593103e-12
6.559697856845521758e-12
6.608404358097525552e-12
6.542013282713869352e-12
6.604956559270479078e-12
6.561210755681945328e-12
6.598993685808015430e-12
6.550365952646969652e-12
6.605970276332900310e-12
6.557630853372916476e-12
6.595073135445996521e-12
6.559530162813998360e-12
6.601432545893078885e-12
6.554415009589776458e-12
6.599316998427380295e-12
6.561619707212854082e-12
6.592862817778923941e-12
6.563651161115135745e-12
6.594850553665479056e-12
6.560346451430050665e-12
6.596980264264615129e-12
6.560394735186857259e-12
6.595094258215181767e-12
6.563180540861764415e-12
6.592274166168604703e-12
6.565525423540599732e-12
6.590550018971581243e-12
6.566700911595808792e-12
6.589758213826181923e-12
6.567264833312000305e-12
6.589299236777096417e-12
6.567688900528276827e-12
6.588867857360724787e-12
6.568138129540387162e-12
6.588394324710076056e-12
6.568627240742582810e-12
6.587890575296412217e-12
6.569134577618899172e-12
6.587379137974624416e-12
6.569640482415366964e-12
6.586875645802267017e-12
6.570133144863131450e-12
6.586388643113629511e-12
6.570606531719877995e-12
6.585922212206121809e-12
6.571057945462489946e-12
6.585477981058396386e-12
6.571486471902954893e-12
6.585056282965579747e-12
6.571892129388999928e-12
6.584656774525488015e-12
6.572275420739586591e-12
6.584278760261681557e-12
6.572637096513801359e-12
6.583921365608540359e-12
6.572978027190232696e-12
6.583583631206139616e-12
6.573299132364816489e-12
6.583264565575230699e-12
6.573601340529973635e-12
6.582963175095343337e-12
6.573885565739714902e-12
6.582678481171241449e-12
6.574152693997395214e-12
6.582409529905189664e-12
6.574403575277629340e-12
6.582155397344156572e-12
6.574639019027828463e-12
6.581915191928620731e-12
6.574859791700255125e-12
6.581688055254903225e-12
6.575066615607471827e-12
6.581473161662841555e-12
6.575260168563582138e-12
6.581269717164055988e-12
6.575441084012025251e-12
6.581076957809263853e-12
6.575609951387448116e-12
6.580894147783086301e-12
6.575767316657658987e-12
6.580720577224731926e-12
6.575913682863337733e-12
6.580555559892804505e-12
6.576049510634696567e-12
6.580398430696777945e-12
6.576175218644983425e-12
6.580248543128107727e-12
6.576291183907346109e-12
6.580105266563467013e-12
6.576397741958523731e-12
6.579967983495833055e-12
6.576495186837656679e-12
6.579836086637715228e-12
6.576583770881355842e-12
6.579708975933160559e-12
6.576663704282405801e-12
6.579586055414548978e-12
6.576735154404448917e-12
6.579466729925339280e-12
6.576798244832559704e-12
6.579350401653289747e-12
6.576853054112156290e-12
6.579236466474023374e-12
6.576899614176601957e-12
6.579124310050040877e-12
6.576937908393764015e-12
6.579013303662312820e-12
6.576967869247315056e-12
6.578902799723794951e-12
6.576989375546546939e-12
6.578792126943409651e-12
6.577002249185177450e-12
6.578680585054886755e-12
6.577006251336160352e-12
6.578567439094744084e-12
6.577001078066465725e-12
