# bin_4_2
3.073083126405089195e-04
3.071971679122682841e-04
3.072134591185298434e-04
3.071022195007103205e-04
3.071098454584716411e-04
3.069978582128569423e-04
3.069966639248651445e-04
3.068832615766637403e-04
3.068730462768358121e-04
3.067575445216788902e-04
3.067380614611608979e-04
3.066197573452474415e-04
3.065907137859016723e-04
3.064688842346892199e-04
3.064299417372898650e-04
3.063038425225247398e-04
3.062546176336979824e-04
3.061234828843511536e-04
3.060635483417819473e-04
3.059265907221890308e-04
3.058554773150425304e-04
3.057118890112157320e-04
3.056290882504475014e-04
3.054780429230262223e-04
3.053830106928195681e-04
3.052236665715658760e-04
3.051158279481120425e-04
3.049473322556755205e-04
3.048260876896944933e-04
3.046475825906728194e-04
3.045123156538743505e-04
3.043229459237559815e-04
3.041730328132557235e-04
3.039719554092814679e-04
3.038067763818647201e-04
3.035931720667218786e-04
3.034121249331794444e-04
3.031852120480397496e-04
3.029877277887539091e-04
3.027467781864692613e-04
3.025323386444944414e-04
3.022766956688331718e-04
3.020448531286471644e-04
3.017739513515424921e-04
3.015243496102467942e-04
3.012377358080239290e-04
3.009701320826759191e-04
3.006674866367583013e-04
3.003817733215673278e-04
3.000629308638913680e-04
2.997591557519852846e-04
2.994241234443449813e-04
2.991025065676677875e-04
2.987514779188730281e-04
2.984124226574276810e-04
2.980457842713550901e-04
2.976898798757970747e-04
2.973082080372808499e-04
2.969362202640508453e-04
2.965402638889634459e-04
2.961531101588644609e-04
2.957437564749964176e-04
2.953424619746815782e-04
2.949206815200588680e-04
2.945063131474701286e-04
2.940730814719715318e-04
2.936466577006873694e-04
2.932028527646178204e-04
2.927652296040535499e-04
2.923115065197732956e-04
2.918632429979736926e-04
2.913998916431256186e-04
2.909411027701358987e-04
2.904678989693947836e-04
2.899981098967065597e-04
2.895141771219700245e-04
2.890321988107775672e-04
2.885359040714850754e-04
2.880397573294981835e-04
2.875286709086986078e-04
2.870155905902004446e-04
2.864865425831450473e-04
2.859530947353553887e-04
2.854023592614913542e-04
2.848446980207092389e-04
2.842683252722566218e-04
2.836826000863414566e-04
2.830768939615232408e-04
2.824597886685427861e-04
2.818218919686979831e-04
2.811712351771063949e-04
2.804997370096442579e-04
2.798150725194070818e-04
2.791105013285271426e-04
2.783934595314930876e-04
2.776584858498425796e-04
2.769127722986635862e-04
2.761519420830807416e-04
2.753827850568160642e-04
2.746016660798260289e-04
2.738146684735597546e-04
2.730184411698320375e-04
2.722179761094619213e-04
2.714097338236533892e-04
2.705972838305357054e-04
2.697765739596540559e-04
2.689496566753591528e-04
2.681119763275067644e-04
2.672643770633270893e-04
2.664022633969666742e-04
2.655260291576204152e-04
2.646318984618191926e-04
2.637208368228623093e-04
2.627908201320615432e-04
2.618442199688794376e-04
2.608812218105813208e-04
2.599056706328343666e-04
2.589194231375999155e-04
2.579267457104469073e-04
2.569295653776685435e-04
2.559307177106707044e-04
2.549302918502904087e-04
2.539282039235167977e-04
2.529219288808158789e-04
2.519088072868493631e-04
2.508852129402163573e-04
2.498485534131609977e-04
2.487973507616534296e-04
2.477322930491297954e-04
2.466562666321725494e-04
2.455737112681940430e-04
2.444900495292062965e-04
2.434095380279948642e-04
2.423348940366621676e-04
2.412652341764052110e-04
2.401976449303282082e-04
2.391267389897759079e-04
2.380485366470452239e-04
2.369605839449325370e-04
2.358654746656040828e-04
2.347682313535080735e-04
2.336767338999961305e-04
2.325959525442002193e-04
2.315278944274295353e-04
2.304679636408327528e-04
2.294099266047082983e-04
2.283470745057840303e-04
2.272794001571952656e-04
2.262116986673489978e-04
2.251537886549195725e-04
2.241113710508421881e-04
2.230844464728434177e-04
2.220641710601820040e-04
2.210422259203846022e-04
2.200152301308469147e-04
2.189909126416574937e-04
2.179790673025863636e-04
2.169847153328706370e-04
2.159997597084996443e-04
2.150126904095874317e-04
2.140180796169580016e-04
2.130251349015216628e-04
2.120447101933311369e-04
2.110772139289747397e-04
2.101081705548068514e-04
2.091278237048598053e-04
2.081421583622270594e-04
2.071656782105778260e-04
2.061964843607808019e-04
2.052183687676759137e-04
2.042238692137402498e-04
2.032276321857863835e-04
2.022385778362905458e-04
2.012426038706513411e-04
2.002263897104857146e-04
1.992041536519065183e-04
1.981876879582753946e-04
1.971608083998361021e-04
1.961137558259846286e-04
1.950668779573771063e-04
1.940232853826296734e-04
1.929619232616488394e-04
1.918925533455050894e-04
1.908329201616531634e-04
1.897632683637589688e-04
1.886840380903942807e-04
1.876185150797149285e-04
1.865467504097839799e-04
1.854703310827855072e-04
1.844098991563025984e-04
1.833422377020582801e-04
1.822785844052425064e-04
1.812281745694218726e-04
1.801664728144644428e-04
1.791217599712864714e-04
1.780699790894714907e-04
1.770220552814433636e-04
1.759767567849074971e-04
1.749230136293374916e-04
1.738752445570882149e-04
1.728137933165649603e-04
1.717563128699457580e-04
1.706848835896940546e-04
1.696146455438482276e-04
1.685327112877017710e-04
1.674510349864791203e-04
1.663612902415526225e-04
1.652729803447931366e-04
1.641807187934589613e-04
1.630919807303859276e-04
1.620026232194401235e-04
1.609180469580183859e-04
1.598340681011112317e-04
1.587539954612381555e-04
1.576731165872785612e-04
1.565931887506946901e-04
1.555094503044824141e-04
1.544233037675135525e-04
1.533310320257019277e-04
1.522349658623152913e-04
1.511332244677806170e-04
1.500294572473861499e-04
1.489231806004866297e-04
1.478183147581422661e-04
1.467141186030190532e-04
1.456130502336020849e-04
1.445126553157988192e-04
1.434133424910484652e-04
1.423114329874306590e-04
1.412069211775658975e-04
1.400972031177707283e-04
1.389841448111852425e-04
1.378675663598548883e-04
1.367510089381414383e-04
1.356348068886547784e-04
1.345211959755724621e-04
1.334081495741769991e-04
1.322952373151773222e-04
1.311790644418096754e-04
1.300596894828304445e-04
1.289362015744928967e-04
1.278116205068096441e-04
1.266869581985554261e-04
1.255646030558898855e-04
1.244428178055149298e-04
1.233206615560955544e-04
1.221950450562260754e-04
1.210666318442747864e-04
1.199360194795736056e-04
1.188065786654706575e-04
1.176784051449903041e-04
1.165512429872613638e-04
1.154217953033958850e-04
1.142898458418506246e-04
1.131558808430370970e-04
1.120232612117233478e-04
1.108919829391656549e-04
1.097610807455460678e-04
1.086275538275009381e-04
1.074925087605343592e-04
1.063577119975872700e-04
1.052252238908828533e-04
1.040925462603151450e-04
1.029583017123354531e-04
1.018228170066301302e-04
1.006893799134095130e-04
9.955718678717548483e-05
9.842435764444775349e-05
9.729019488941624918e-05
9.615801226915742048e-05
9.502747468089109385e-05
9.389662868344771855e-05
9.276527045939593778e-05
9.163661164462302638e-05
9.050918119275830397e-05
8.938149178113957770e-05
8.825524479135687733e-05
8.713194595627403579e-05
8.600865519189117281e-05
8.488699505171741456e-05
8.376837424991767894e-05
8.265079682350571328e-05
8.153494175575913300e-05
8.042278722402476090e-05
7.931161589148899961e-05
7.820367350572849285e-05
7.709892890466595462e-05
7.599606989760760833e-05
7.489753925385857875e-05
7.380154323301273871e-05
7.270934516744334498e-05
7.162119097549611612e-05
7.053631224087619756e-05
6.945652327472451575e-05
6.838015071911063281e-05
6.730936865256560275e-05
6.624256281074137785e-05
6.518164340968673337e-05
6.412537299442401648e-05
6.307529308489718720e-05
6.203051888684245666e-05
6.099230495667101466e-05
5.996001644609221811e-05
5.893471689097757948e-05
5.791593525531882515e-05
5.690461052943970345e-05
5.590037888802126879e-05
5.490409442995345508e-05
5.391546562626065356e-05
5.293528409137795239e-05
5.196330825916013811e-05
5.100027919897416113e-05
5.004598994455505378e-05
4.910113731657276805e-05
4.816553784403569010e-05
4.723984715860427984e-05
4.632389632841187976e-05
4.541830064458206957e-05
4.452289848314770299e-05
4.363826497233745183e-05
4.276423986360940199e-05
4.190135751729848505e-05
4.104945404506224910e-05
4.020902279624669583e-05
3.937989270575116893e-05
3.856251605693461308e-05
3.775671196904698684e-05
3.696289263171616534e-05
3.618086643462549857e-05
3.541100720112618042e-05
3.465311276632952655e-05
3.390752168292218835e-05
3.317402303435691073e-05
3.245292384953285845e-05
3.174400729589930373e-05
3.104755371382776207e-05
3.036334367475271257e-05
2.969163569383577442e-05
2.903221139711779708e-05
2.838531191157742453e-05
2.775072288256410436e-05
2.712867151552873500e-05
2.651894895188094107e-05
2.592177004022065917e-05
2.533693075473163488e-05
2.476463249105574434e-05
2.420467288759290200e-05
2.365723615143188580e-05
2.312211589709303603e-05
2.259947332394591992e-05
2.208909065406756037e-05
2.159109911142895750e-05
2.110526186797149261e-05
2.063167362786999973e-05
2.017007233752828613e-05
1.972051212392550583e-05
1.928270286941234006e-05
1.885665811835703215e-05
1.844206136713808007e-05
1.803889014657291597e-05
1.764680774281861551e-05
1.726576397417496303e-05
1.689541072874702716e-05
1.653567967100497333e-05
1.618621976565966391e-05
1.584695207155927251e-05
1.551752750842513888e-05
1.519785912597621189e-05
1.488759906883413432e-05
1.458664948865517339e-05
1.429465846925276366e-05
1.401151130716514946e-05
1.373684575976672914e-05
1.347052572774946902e-05
1.321217614483555414e-05
1.296164045090807999e-05
1.271853455162445550e-05
1.248268843105147589e-05
1.225371757158314109e-05
1.203144823638471620e-05
1.181550427335385938e-05
1.160571541256836515e-05
1.140171811575278549e-05
1.120334728289640919e-05
1.101025099876720409e-05
1.082226739987616636e-05
1.063905416354346500e-05
1.046045252605363836e-05
1.028613150872225824e-05
1.011593924792594821e-05
9.949560500000229405e-06
9.786854603372883404e-06
9.627525251998353639e-06
9.471446205538268544e-06
9.318343830670572443e-06
9.168110987606603159e-06
9.020500220337153655e-06
8.875423583681033411e-06
8.732654312701154941e-06
8.592114845168116380e-06
8.453591258229141146e-06
8.317014899052366220e-06
8.182191198658311286e-06
8.049072352107778397e-06
7.917494431460346974e-06
7.787435753999403761e-06
7.658757877708697042e-06
7.531450014033926167e-06
7.405378958246616581e-06
7.280531038367014445e-06
7.156782066563592624e-06
7.034138552886070369e-06
6.912512859503794495e-06
6.791939408499975543e-06
6.672339850605334613e-06
6.553731123771586836e-06
6.436023630260188446e-06
6.319247724254518471e-06
6.203351949906634262e-06
6.088385340417327829e-06
5.974286327998516082e-06
5.861087876020649128e-06
5.748749350802511401e-06
5.637339516674012907e-06
5.526823914836582570e-06
5.417234702258283513e-06
5.308523351821529398e-06
5.200752423643513940e-06
5.093901284250958549e-06
4.988014841357158516e-06
4.883061368326777196e-06
4.779110287123467181e-06
4.676146583864514966e-06
4.574204752033488775e-06
4.473246530305821056e-06
4.373340269133227675e-06
4.274480301520385614e-06
4.176702845160169922e-06
4.079990590931096591e-06
3.984409798167336113e-06
3.889932617395763296e-06
3.796613637926377083e-06
3.704422603096156867e-06
3.613377348452106789e-06
3.523510050293630800e-06
3.434853116559409467e-06
3.347371115937374369e-06
3.261138794373892529e-06
3.176079589956111243e-06
3.092274793633127016e-06
3.009704133423750488e-06
2.928364430202003939e-06
2.848313275512310820e-06
2.769510788214063095e-06
2.691953693086204519e-06
2.615703731002881908e-06
2.540686827420389492e-06
2.467001847061664718e-06
2.394581467898956616e-06
2.323412941073867519e-06
2.253562109707003993e-06
2.185006320055292081e-06
2.117735331437339641e-06
2.051780298838271969e-06
1.987070710783177092e-06
1.923706168805091934e-06
1.861599986711270343e-06
1.800751779267087140e-06
1.741221509015709224e-06
1.682943628419932345e-06
1.625926358322241481e-06
1.570178622189573358e-06
1.515609119566304719e-06
1.462326748056357339e-06
1.410236759465257096e-06
1.359310457522024900e-06
1.309605561413048711e-06
1.261053029491279171e-06
1.213663628650436291e-06
1.167431721738635191e-06
1.122264347474070561e-06
1.078285842490628595e-06
1.035392747345812127e-06
9.935662393885646496e-07
9.528734002953521107e-07
9.132299702521647551e-07
8.746748803287179262e-07
8.371907743584844566e-07
8.006888772217609625e-07
7.653040025942072865e-07
7.309091989313158761e-07
6.975031399939148630e-07
6.651391361125533954e-07
6.337199434344635187e-07
6.032978840313957621e-07
5.738522441667080557e-07
5.452886862103181013e-07
5.177455877504009075e-07
4.910953522716405256e-07
4.653512493446075715e-07
4.405586622710641347e-07
4.166162365649093399e-07
3.935905873406014552e-07
3.714541670922366295e-07
3.501144620406224190e-07
3.296936001948685775e-07
3.100621403169792559e-07
2.912411117191763011e-07
2.732495677671855395e-07
2.559946550860390156e-07
2.395329740767649184e-07
2.238273924582865961e-07
2.087985200231613698e-07
1.945444071707655402e-07
1.809448330874874785e-07
1.680290481178301353e-07
1.557997265201690913e-07
1.441859069962551863e-07
1.332362776849398140e-07
1.229141933839470880e-07
1.131670410571881970e-07
1.040738790948311425e-07
9.555482458748146649e-08
8.766634379482372811e-08
8.042750140537947365e-08
7.382764315750146835e-08
6.793641351738065099e-08
6.277037913362274024e-08
5.834084731512340143e-08
5.471891406091786266e-08
5.183370432637674114e-08
4.963642764370114875e-08
4.793783724103822673e-08
4.643728514169127011e-08
4.479147748429215007e-08
4.264029002494305875e-08
3.970491273230608226e-08
3.586834670506305703e-08
3.108946933224521456e-08
2.545630241374906218e-08
1.905280208322011855e-08
1.198854540337758824e-08
4.427816023766663463e-09
-3.321977389151158313e-09
-1.084359795245215649e-08
-1.769049620371418415e-08
-2.353866007442517264e-08
-2.824209468109837817e-08
-3.181868124139976053e-08
-3.433049230808352671e-08
-3.591185535151531244e-08
-3.669070013832422356e-08
-3.686054314198013070e-08
-3.660818361295727965e-08
-3.603354594124003186e-08
-3.519688773124867304e-08
-3.416484055861075480e-08
-3.301031416945490668e-08
-3.183954692143635453e-08
-3.062012758961128636e-08
-2.933451628853178332e-08
-2.802150048825311446e-08
-2.675035970977392823e-08
-2.555274798186001154e-08
-2.436269210901175621e-08
-2.311999047502373786e-08
-2.192222535936716951e-08
-2.080809171892921890e-08
-1.975152428126323682e-08
-1.866859278383514301e-08
-1.757751839179510184e-08
-1.658715600924200461e-08
-1.570635247611186765e-08
-1.482065447301854124e-08
-1.393046466583422518e-08
-1.307781205158517106e-08
-1.231207068369708643e-08
-1.158134493694393958e-08
-1.086716549533014733e-08
-1.021015359706106312e-08
-9.623835095019482066e-09
-9.019169830154606939e-09
-8.456730156785994595e-09
-7.922963264988550656e-09
-7.449738739099347689e-09
-6.983408475100423356e-09
-6.507071462218310053e-09
-6.129071427259199671e-09
-5.767964585284030308e-09
-5.398817518745810858e-09
-5.024364359042916661e-09
-4.676402668673655391e-09
-4.412438568848313698e-09
-4.133347132596160777e-09
-3.844041270868722414e-09
-3.622135903649282635e-09
-3.389309174866713802e-09
-3.183450683558126434e-09
-2.981576468967514967e-09
-2.799438509329289475e-09
-2.621291829216942273e-09
-2.448008721360973696e-09
-2.307895360335146982e-09
-2.197047543385260003e-09
-2.040386551019627448e-09
-1.913958967454185441e-09
-1.811852854652988328e-09
-1.684334737484673971e-09
-1.570536151576169134e-09
-1.477274145201820453e-09
-1.370706242139108209e-09
-1.280404547610854492e-09
-1.198560416022446453e-09
-1.087681399524927575e-09
-1.005058809719405359e-09
-9.348799248950313578e-10
-8.605475367916747278e-10
-8.083638352701731222e-10
-7.459583757244005012e-10
-6.938272446740565132e-10
-6.372435070731967502e-10
-6.278983134294330121e-10
-5.657113697325014801e-10
-5.429974061658163679e-10
-5.163156101866490847e-10
-4.642892779071562821e-10
-4.505231716198836844e-10
-4.179295929841656328e-10
-3.944043266531305212e-10
-3.497084110464121417e-10
-3.419322741049500747e-10
-3.144798210961840473e-10
-2.801625239652467060e-10
-2.766327785782007408e-10
-2.392634532651061704e-10
-2.332206522506236137e-10
-2.156889833190324420e-10
-1.959178216055263063e-10
-1.861161958306751211e-10
-1.715563909396801714e-10
-1.633052580712460925e-10
-1.448904492633324802e-10
-1.465734754240119164e-10
-1.279155633014360281e-10
-1.202748286993932380e-10
-1.210179486384494981e-10
-9.734432852094138040e-11
-1.030432509596033776e-10
-9.166355885878848481e-11
-8.204148551680076511e-11
-8.495331885221774502e-11
-6.984685097348724050e-11
-7.000804163399087363e-11
-6.444533270468648703e-11
-5.633874444337511053e-11
-5.573953391627402762e-11
-4.918199396721358412e-11
-4.900727282858381076e-11
-4.377912586418835834e-11
-4.350141345175912730e-11
-3.955763251398300072e-11
-3.479757563914130925e-11
-3.446366455083543989e-11
-2.969205453285484154e-11
-2.809612708442419765e-11
-2.713908520084480150e-11
-2.347489985522999521e-11
-2.522834322523552570e-11
-2.182772342184005755e-11
-1.965874520490909648e-11
-1.892280409627488667e-11
-1.715615500649563510e-11
-1.636172057243692696e-11
-1.480467504857250826e-11
-1.411632639936700593e-11
-1.310984184291886348e-11
-1.250681481737733159e-11
-1.156129578595036963e-11
-9.804974591503302734e-12
-1.054374922313223924e-11
-8.838323073984129317e-12
-8.181431848961247411e-12
-8.902014683474278194e-12
-6.602645525919629945e-12
-7.308945642952313527e-12
-6.550086243632217301e-12
-5.108965221282651397e-12
-6.713005844244756306e-12
-4.643588809273596287e-12
-4.631404451351714883e-12
-5.138572713040111716e-12
-3.547791459427074721e-12
-4.534651337321536423e-12
-3.571568240285689939e-12
-2.776895142045277527e-12
-4.049770335602631258e-12
-2.540953117218996906e-12
-2.783794620508484843e-12
-2.919918863197406649e-12
-1.925994669311824086e-12
-2.703381187471385545e-12
-2.095028596746528822e-12
-1.554723067697985818e-12
-2.393585383545959810e-12
-1.413140872124108161e-12
-1.689260499334269755e-12
-1.685844739689471878e-12
-1.112447336761157519e-12
-1.611499480924899494e-12
-1.221896521704874419e-12
-9.669898105917627825e-13
-1.377081904324655653e-12
-8.425970131048732545e-13
-1.045118407016349095e-12
-9.794785834447999323e-13
-6.932945026327116594e-13
-9.710337309813592489e-13
-7.343813879936287549e-13
-6.147308108787545866e-13
-8.336676233594769484e-13
-5.197756618469063256e-13
-6.637129020253808751e-13
-6.018751221486806294e-13
-4.491110493119363254e-13
-6.103820154301784908e-13
-4.574585171644901556e-13
-4.216567191799317851e-13
-5.191829163651916275e-13
-3.482100182918010088e-13
-4.396235087675445440e-13
-3.857302606710854028e-13
-3.196869251926982628e-13
-3.945992804637552796e-13
-3.139943204913711208e-13
-3.011150305692431217e-13
-3.403234080539919125e-13
-2.559250377199002547e-13
-3.033983610349232996e-13
-2.699514834515159796e-13
-2.387985329267940186e-13
-2.738336693313737283e-13
-2.304660465743125938e-13
-2.276827541839731589e-13
-2.399846094216870739e-13
-1.998126083823257355e-13
-2.230466176154944619e-13
-2.024360302555536123e-13
-1.889387707017246246e-13
-2.023764147086744628e-13
-1.810343459166502438e-13
-1.789346079679504159e-13
-1.832232020132131222e-13
-1.615109138829509999e-13
-1.738900570441219247e-13
-1.598498626491892904e-13
-1.552162997298925909e-13
-1.576741525691568406e-13
-1.479406265875879800e-13
-1.447202443463985117e-13
-1.464042805797705067e-13
-1.334438585808655319e-13
-1.398793843735673314e-13
-1.296554517898567049e-13
-1.285045783526195412e-13
-1.260875241842100906e-13
-1.217784422525235921e-13
-1.176787862541125583e-13
-1.179653738496547876e-13
-1.094542671676276650e-13
-1.120817611890769386e-13
-1.043691490134544042e-13
-1.038858977822921172e-13
-9.952644153613660090e-14
-9.727906807158277251e-14
-9.262864386783673991e-14
-9.206442182414389589e-14
-8.551374222918069205e-14
-8.584891661628622362e-14
-7.951054534349836447e-14
-7.869217224244393260e-14
-7.359163803251181082e-14
-7.192040228397310239e-14
-6.690074226750719136e-14
-6.567065463634548652e-14
-6.004454675304888353e-14
-5.897695706561220291e-14
-5.347228467041696543e-14
-5.210446796063239860e-14
-4.697162866857346125e-14
-4.526995328889229387e-14
-4.031782339841868043e-14
-3.868812617133261809e-14
-3.378414209741740624e-14
-3.210225488647869498e-14
-2.738254019639312224e-14
-2.580409924328309857e-14
-2.123277384207522541e-14
-1.972221323657844447e-14
-1.544400882700003858e-14
-1.402752663824541872e-14
-1.016020777347531714e-14
-8.748587836294116876e-15
-5.250932340556301440e-15
-4.204356206634336227e-15
-9.369457755492871430e-16
-2.451661031083985796e-16
2.613483577150185317e-15
3.048493233113056322e-15
5.307345699206235273e-15
5.592041915114303279e-15
7.351444380151450446e-15
7.177770913396000160e-15
8.631127726587254315e-15
8.008767642967620379e-15
9.088008173085291273e-15
8.214629675288979460e-15
8.773818105363893446e-15
7.811485631530885016e-15
8.038402863599681273e-15
6.829815751981711079e-15
6.958215064871952682e-15
5.593080168131863512e-15
5.684152657202757007e-15
4.379493094370397420e-15
4.380567594061484829e-15
3.339061648767153156e-15
3.419656552018829819e-15
2.562548360477771731e-15
2.909656264325786926e-15
2.255643402180364886e-15
2.884576096967192240e-15
2.527206671806357473e-15
3.287147554238337268e-15
3.254672927740462905e-15
4.123130631143673473e-15
4.210464059762341695e-15
5.155143031065419597e-15
5.205801400919657248e-15
6.099965755442340710e-15
6.044725729709170543e-15
6.684631420951762711e-15
6.495873536518336891e-15
6.852039922531254298e-15
6.442809591341961597e-15
6.598714640777458952e-15
6.004367260971427658e-15
6.068850579040562805e-15
5.454682195867886740e-15
5.506093377629983060e-15
5.055627200681496329e-15
5.229929643522802172e-15
4.988035052294466429e-15
5.362653144908333481e-15
5.283831476361358804e-15
5.791280939529558395e-15
5.776771430556273877e-15
6.223065911250973566e-15
6.144057051744864505e-15
6.403427603937331431e-15
6.155786056790006357e-15
6.241018123439656928e-15
5.866330672566516248e-15
5.909840170875398722e-15
5.583986769985376918e-15
5.720414342237728802e-15
5.579033555152596079e-15
5.853348412453587601e-15
5.837845857533580573e-15
6.139553798065824535e-15
6.066203284511320434e-15
6.242141631308622227e-15
6.023135000206303301e-15
6.061882401486798655e-15
5.813654137869633948e-15
5.884419305104836067e-15
5.766594543947094395e-15
5.969258516360100884e-15
5.944901216620305117e-15
6.149960181941883093e-15
6.044456225449576858e-15
6.110585924559008320e-15
5.917128435059853495e-15
5.959002000918172200e-15
5.853386186512787651e-15
6.008749728140503894e-15
5.984319440629188639e-15
6.123274119793026416e-15
6.007448653431614823e-15
6.037317587367020234e-15
5.901888565108023067e-15
5.991115669629490379e-15
5.963566771107935992e-15
6.090212052054303882e-15
6.010648738450741266e-15
6.041286112542231184e-15
5.929539341423894553e-15
6.013560446763955066e-15
5.990534610343891977e-15
6.078416745005043649e-15
5.988732583998899339e-15
6.014050137835477644e-15
5.957906887206463261e-15
6.054276530404819823e-15
6.009142846868846924e-15
6.036948552338638774e-15
5.962737931826537920e-15
6.035570845932380956e-15
6.009131434317179773e-15
6.041780232614615663e-15
5.972567307177887612e-15
6.034406022185379887e-15
6.007885147210982244e-15
6.035340293573546131e-15
5.980566906103175271e-15
6.040212336806577422e-15
6.005296454911934554e-15
6.024781271495945946e-15
5.994380445104903621e-15
6.043224547748614230e-15
5.993512046690197072e-15
6.028309699135425397e-15
6.007641466569716122e-15
6.027701850281693721e-15
5.998578946703621579e-15
6.036861193953345490e-15
5.997053883970063187e-15
6.031568849377702856e-15
6.005284180358510133e-15
6.025349454079071236e-15
6.008076851912656544e-15
6.026019414263757849e-15
6.005902763012727961e-15
6.028602607226089456e-15
6.004157173969159800e-15
6.029540029976890073e-15
6.004210755127582137e-15
6.029009268715973331e-15
6.005180629499483706e-15
6.027997841334000600e-15
6.006280359784092895e-15
6.027021112266898764e-15
6.007231697262662996e-15
6.026197999322629151e-15
6.008011732028494349e-15
6.025506860912494480e-15
6.008660864159089995e-15
6.024906508516787823e-15
6.009216889503576952e-15
6.024366690677810112e-15
6.009704467024247649e-15
6.023868879972258137e-15
6.010138339864277841e-15
6.023402030000315197e-15
6.010527353294978868e-15
6.022959265261567037e-15
6.010877038846249220e-15
6.022535956776558322e-15
6.011191040072050190e-15
6.022128691617044297e-15
6.011471869166476451e-15
6.021734727001366218e-15
6.011721311197310555e-15
6.021351694595844870e-15
6.011940645689864687e-15
6.020977433844807807e-15
6.012130771993453079e-15
6.020609893004079206e-15
6.012292282180431367e-15
6.020247066622281893e-15
6.012425504132547822e-15
6.019886953177026701e-15
6.012530526799189585e-15
6.019527523932840671e-15
6.012607214249466102e-15
6.019166698151940438e-15
6.012655212207202284e-15
6.018802321750622252e-15
6.012673949282655665e-15
6.018432147682049638e-15
6.012662634128041753e-15
6.018053816979719159e-15
6.012620249349860505e-15
6.017664839707769598e-15
6.012545542567444317e-15
6.017262575353852050e-15
6.012437014962496053e-15
6.016844212287073620e-15
6.012292907397755334e-15
6.016406746006661527e-15
6.012111184212027717e-15
6.015946955934675554e-15
6.011889514669430247e-15
6.015461380568531147e-15
6.011625252060806319e-15
6.014946290799905280e-15
6.011315410370829377e-15
6.014397661240485053e-15
6.010956638457156068e-15
6.013811139389316333e-15
6.010545191640343063e-15
6.013182012501339145e-15
6.010076900641690815e-15
6.012505172037449076e-15
6.009547137750229167e-15
6.011775075549546675e-15
6.008950780169642771e-15
6.010985705941344034e-15
6.008282170473106987e-15
6.010130527992492968e-15
6.007535074146533647e-15
6.009202442159488051e-15
6.006702634211769278e-15
6.008193735616727937e-15
6.005777322992184941e-15
6.007096030658448052e-15
6.004750891144705251e-15
6.005900230560966078e-15
6.003614314157324343e-15
6.004596463190527850e-15
6.002357736615106313e-15
6.003174022677655172e-15
6.000970414681930584e-15
6.001621309690195832e-15
5.999440657377106317e-15
