# bin_5_4
4.921412881264329298e-01
4.919483814293924562e-01
4.919702249307965070e-01
4.917770002945871521e-01
4.917833598467614142e-01
4.915886375289249544e-01
4.915792353209137433e-01
4.913818094795163738e-01
4.913562847007024170e-01
4.911549195850926641e-01
4.911128280734657348e-01
4.909062547109709351e-01
4.908470689740432880e-01
4.906339824872270050e-01
4.905570922547642376e-01
4.903361499715666594e-01
4.902408634669394583e-01
4.900106840143561571e-01
4.898962301600212621e-01
4.896553937643821630e-01
4.895209255694770722e-01
4.892679758168162474e-01
4.891125752252896142e-01
4.888460225686234728e-01
4.886687070778595876e-01
4.883870344064112357e-01
4.881867657915120451e-01
4.878884364014995367e-01
4.876641319004937358e-01
4.873476002202922763e-01
4.870981465418637302e-01
4.867618719635292135e-01
4.864861424666621081e-01
4.861286066120641403e-01
4.858254819686399495e-01
4.854452096625864188e-01
4.851136022381302149e-01
4.847091863627527308e-01
4.843480684253869128e-01
4.839181986754523823e-01
4.835266343546639201e-01
4.830701296875907769e-01
4.826473103368263406e-01
4.821631545979297440e-01
4.817084368508514625e-01
4.811958166371375634e-01
4.807087619741510220e-01
4.801671052665892336e-01
4.796475193109862034e-01
4.790765327460892453e-01
4.785245017902004516e-01
4.779242036641426217e-01
4.773401250934948825e-01
4.767108703156773819e-01
4.760954726915959112e-01
4.754379649826841470e-01
4.747923126300438446e-01
4.741075983826795182e-01
4.734330745247058436e-01
4.727225120576032391e-01
4.720207740213950287e-01
4.712859716694821621e-01
4.705588716996719767e-01
4.698015885803017988e-01
4.690510546686837423e-01
4.682730594058311935e-01
4.675009326625919615e-01
4.667038182535147017e-01
4.659116471399801229e-01
4.650966049351449305e-01
4.642854025429613563e-01
4.634529653176004960e-01
4.626229440572351415e-01
4.617727174806376400e-01
4.609230259332686708e-01
4.600534390272498775e-01
4.591819376206996983e-01
4.582900549303068338e-01
4.573931789159489947e-01
4.564746279146963404e-01
4.555473950283314699e-01
4.545964682388463629e-01
4.536326902126438521e-01
4.526426777581730732e-01
4.516354240585561119e-01
4.505992130359275927e-01
4.495415459156721916e-01
4.484524825250409963e-01
4.473384300547555981e-01
4.461913758660072116e-01
4.450170336551207972e-01
4.438094619564769694e-01
4.425740227608964683e-01
4.413069084930885122e-01
4.400133326343445561e-01
4.386915184337822904e-01
4.373465132882733974e-01
4.359782283328535457e-01
4.345912514226147327e-01
4.331865709653756613e-01
4.317677579775668351e-01
4.303360602375705946e-01
4.288933295638086562e-01
4.274402281495267575e-01
4.259762835482434062e-01
4.245009946508442877e-01
4.230113865354357405e-01
4.215058188338137724e-01
4.199793641158982571e-01
4.184300867557672610e-01
4.168524677876561113e-01
4.152458344744708874e-01
4.136059139324402834e-01
4.119349855453977582e-01
4.102315216807662646e-01
4.085015867623913999e-01
4.067465133674043609e-01
4.049751858017309192e-01
4.031898918311354607e-01
4.013994526328918400e-01
3.996037620326272077e-01
3.978081402571846392e-01
3.960073944369576493e-01
3.942019487110982046e-01
3.923821382318460893e-01
3.905462275396493488e-01
3.886848433399885394e-01
3.867999606762622666e-01
3.848882918510024287e-01
3.829595272950804263e-01
3.810173097994576930e-01
3.790757510254992857e-01
3.771383172370232906e-01
3.752140864245249174e-01
3.732973969158506766e-01
3.713870179238595859e-01
3.694693026440612482e-01
3.675409543424443815e-01
3.655937588351628742e-01
3.636361459815230512e-01
3.616735287163720391e-01
3.597237442552655429e-01
3.577922397550551414e-01
3.558861243261611240e-01
3.539937039858469525e-01
3.521070899556414946e-01
3.502108941067274550e-01
3.483083438217990935e-01
3.464049279508813473e-01
3.445214898681077664e-01
3.426652634970255851e-01
3.408392585378163808e-01
3.390245644645031864e-01
3.372090652838183877e-01
3.353838120010103618e-01
3.335655446180127437e-01
3.317691901639794883e-01
3.300064979625495498e-01
3.282602001903455191e-01
3.265121103796236879e-01
3.247498695889498022e-01
3.229925860275467686e-01
3.212573747403269508e-01
3.195473705911815454e-01
3.178340601862490455e-01
3.161021444452485341e-01
3.143601215758622391e-01
3.126363929295311594e-01
3.109253107064596233e-01
3.091997680639683166e-01
3.074441582667670203e-01
3.056869859562680869e-01
3.039422922169933705e-01
3.021866256329218681e-01
3.003939673144735978e-01
2.985919132659518582e-01
2.967998474823628774e-01
2.949904336709342489e-01
2.931442375133668232e-01
2.912997970761070921e-01
2.894609807325074224e-01
2.875915463660860816e-01
2.857074382624418263e-01
2.838423832029485783e-01
2.819591198659384679e-01
2.800600866346004691e-01
2.781857635908980275e-01
2.763017310463137255e-01
2.744093608013757901e-01
2.725474289999668676e-01
2.706725877666468216e-01
2.688065747263908567e-01
2.669646525772993439e-01
2.651039293588424162e-01
2.632740787889565892e-01
2.614330086277339982e-01
2.595991073795103077e-01
2.577714206893287896e-01
2.559286838620105642e-01
2.540981420606275298e-01
2.522430859940217873e-01
2.503965637612629025e-01
2.485250609374859976e-01
2.466570666530483735e-01
2.447682138549895081e-01
2.428812222463717918e-01
2.409800184029740333e-01
2.390828739003851844e-01
2.371790700175619993e-01
2.352831791144102958e-01
2.333867563750015028e-01
2.315005749340505181e-01
2.296161290669911648e-01
2.277403528872828931e-01
2.258637964816483101e-01
2.239905391743484409e-01
2.221110679421682277e-01
2.202287932600417719e-01
2.183361401725120166e-01
2.164381939852376147e-01
2.145307647909939497e-01
2.126213245145596176e-01
2.107082643524189336e-01
2.087995265453920779e-01
2.068930580627182936e-01
2.049941046050853533e-01
2.030975090051128917e-01
2.012047494149925564e-01
1.993084596551506216e-01
1.974093417018125962e-01
1.955020234109187682e-01
1.935906092446706972e-01
1.916741851791234075e-01
1.897598977602909520e-01
1.878477978349677446e-01
1.859426260952628251e-01
1.840401431238641583e-01
1.821401996962846159e-01
1.802360831279432307e-01
1.783285241229453366e-01
1.764153774211318637e-01
1.745027719982091552e-01
1.725921012155704759e-01
1.706883242964245539e-01
1.687878330181759312e-01
1.668894885783589743e-01
1.649872378732050171e-01
1.630828651909234095e-01
1.611770817491826602e-01
1.592766086164103256e-01
1.573812619401555868e-01
1.554911228793421363e-01
1.535998308874224616e-01
1.517075330207874884e-01
1.498148089060847288e-01
1.479283356970654273e-01
1.460478180950690319e-01
1.441720171774007186e-01
1.422951837579095602e-01
1.404198615456924981e-01
1.385490381149640238e-01
1.366869929017124619e-01
1.348289385766911208e-01
1.329728661406590629e-01
1.311191749659460504e-01
1.292743780730395697e-01
1.274368269515555596e-01
1.256035826420809631e-01
1.237732112883200702e-01
1.219522625343692351e-01
1.201399811873240658e-01
1.183332817147559057e-01
1.165316662901821620e-01
1.147414836150217887e-01
1.129599316916602564e-01
1.111847607934340482e-01
1.094189805765507784e-01
1.076658010255385212e-01
1.059197551505136753e-01
1.041842544242013308e-01
1.024617864470971224e-01
1.007491312388852228e-01
9.904744445564354904e-02
9.736075116718435896e-02
9.568399449507274113e-02
9.402166540337564271e-02
9.237360852632132968e-02
9.073778210837020464e-02
8.911853957117363279e-02
8.751292501843228877e-02
8.592311623139910204e-02
8.434984700740057184e-02
8.279155482189184956e-02
8.125179599626394800e-02
7.972732095161266797e-02
7.822229315592205134e-02
7.673353233173868526e-02
7.526466391659097921e-02
7.381315255121671803e-02
7.238188975972550954e-02
7.096893652324848256e-02
6.957659628833691434e-02
6.820333527847988186e-02
6.685104239446197638e-02
6.551843057819435601e-02
6.420709666422008688e-02
6.291589855903316486e-02
6.164621672348745418e-02
6.039699436354699358e-02
5.916944262540335675e-02
5.796255675325328455e-02
5.677741036346116432e-02
5.561303351723890370e-02
5.447038631939940534e-02
5.334852650867638602e-02
5.224832097095361699e-02
5.116885430482395747e-02
5.011091823261529243e-02
4.907362678941003947e-02
4.805771222217075644e-02
4.706232151147917570e-02
4.608813994692484428e-02
4.513434939865036688e-02
4.420159611169895142e-02
4.328909517165781956e-02
4.239745586386627074e-02
4.152591968264556649e-02
4.067505433020243699e-02
3.984411517756702298e-02
3.903361763646778781e-02
3.824281388354929673e-02
3.747215246315425963e-02
3.672086368379909316e-02
3.598931464292554755e-02
3.527669794912514922e-02
3.458328972064214635e-02
3.390823692908995213e-02
3.325172501151959364e-02
3.261285915706350902e-02
3.199174679142467725e-02
3.138746770992742463e-02
3.080007498305958533e-02
3.022864784896982238e-02
2.967321301968836242e-02
2.913287372022518515e-02
2.860765246613370880e-02
2.809668992946432603e-02
2.760001085562204318e-02
2.711678831371619469e-02
2.664703662618176511e-02
2.618993967926473362e-02
2.574547741307737017e-02
2.531281976919260573e-02
2.489189450434032072e-02
2.448184851900918682e-02
2.408256304971152090e-02
2.369318064956199912e-02
2.331356833767182432e-02
2.294290292288580710e-02
2.258107723748197654e-02
2.222733314124736292e-02
2.188160625373978055e-02
2.154320039622951294e-02
2.121207371318678883e-02
2.088755842002547672e-02
2.056960043439096456e-02
2.025753395744916974e-02
1.995128618422524827e-02
1.965020872258090023e-02
1.935424513435366964e-02
1.906280603626400033e-02
1.877588602324198330e-02
1.849296742454496420e-02
1.821408312547784930e-02
1.793875307364306906e-02
1.766701021538539390e-02
1.739838666357391636e-02
1.713291642440914128e-02
1.687016841996034217e-02
1.661021232802341319e-02
1.635267602879583726e-02
1.609766176795882769e-02
1.584482893149008476e-02
1.559428025161290095e-02
1.534569105506446325e-02
1.509917676663108735e-02
1.485445590560910585e-02
1.461167521329968973e-02
1.437058719226525644e-02
1.413133950600744398e-02
1.389369148892267633e-02
1.365779149398303922e-02
1.342342804051950209e-02
1.319076954708558146e-02
1.295962736380086577e-02
1.273016732587695619e-02
1.250221272610318492e-02
1.227594040764368004e-02
1.205119751105998907e-02
1.182815426533530279e-02
1.160664895156529250e-02
1.138684715684021645e-02
1.116862389662773292e-02
1.095216887230772776e-02
1.073735479469316995e-02
1.052434176294032332e-02
1.031301752692903410e-02
1.010356924992548283e-02
9.895881558532614725e-03
9.690096812929293799e-03
9.486113469439491630e-03
9.284119316931621971e-03
9.084014585801908348e-03
8.885939011405177834e-03
8.689804723013337326e-03
8.495780191206045440e-03
8.303781769616241926e-03
8.113959827068457573e-03
7.926201040963594402e-03
7.740646644005017181e-03
7.557266324306017788e-03
7.376175576580416664e-03
7.197249333965535095e-03
7.020666249237383395e-03
6.846342579866167288e-03
6.674418291884388725e-03
6.504803189292931130e-03
6.337534912423893954e-03
6.172646904570255888e-03
6.010187177641617730e-03
5.850044517879799365e-03
5.692444099212937841e-03
5.537172700975918731e-03
5.384425524339946437e-03
5.234055163659485747e-03
5.086084409896082618e-03
4.940614036473646442e-03
4.797622195216308047e-03
4.656997904741241520e-03
4.518913340995351149e-03
4.383196380382904656e-03
4.250036084025632377e-03
4.119270162458330171e-03
3.990906974119112424e-03
3.865057124159177165e-03
3.741635323336140080e-03
3.620595210483378880e-03
3.502077274092516186e-03
3.385867057587231294e-03
3.272156061114818090e-03
3.160780064212373019e-03
3.051708505707090117e-03
2.945045916357280288e-03
2.840677551474008172e-03
2.738558103233658045e-03
2.638788603560361830e-03
2.541140031471903968e-03
2.445815874733861788e-03
2.352659470196098203e-03
2.261620753474226364e-03
2.172825537525229379e-03
2.086163794428057012e-03
2.001620580405919034e-03
1.919289480451906145e-03
1.838986385321895621e-03
1.760950690488988744e-03
1.685001016506019631e-03
1.611114007241381402e-03
1.539414336769650161e-03
1.469764242471001100e-03
1.402185500672020789e-03
1.336707335850276972e-03
1.273118634583757236e-03
1.211643743615379654e-03
1.152088813705299652e-03
1.094416732551713048e-03
1.038736720350807172e-03
9.849082854326497889e-04
9.329782789051858363e-04
8.829690806478954213e-04
8.346975707564358417e-04
7.883865717554073118e-04
7.438269920250859413e-04
7.010012720131398017e-04
6.599665601805974413e-04
6.205513486413327109e-04
5.827875618108319892e-04
5.466607629238241870e-04
5.119905440927203502e-04
4.789590345392349090e-04
4.473714413155167467e-04
4.172465959603914110e-04
3.886146975072627394e-04
3.613352348128329779e-04
3.354369604370788173e-04
3.108974440982184605e-04
2.875632222316644514e-04
2.655582240932298607e-04
2.447153266826771162e-04
2.250707769567552110e-04
2.066090195076544030e-04
1.892625190734571142e-04
1.730402506968740505e-04
1.579541511399389965e-04
1.439396309062863260e-04
1.311310869531019337e-04
1.195121796193097995e-04
1.092644184868671651e-04
1.005330927009962606e-04
9.352542715769595705e-05
8.844757548907029984e-05
8.546798648487474476e-05
8.448794267069461574e-05
8.514123087580327445e-05
8.651105619194088335e-05
8.732838637023025838e-05
8.598899373563981415e-05
8.107391960254056154e-05
7.163587758589056874e-05
5.767225005719636390e-05
4.004079276896438979e-05
2.029508650064398351e-05
1.939422125626922506e-07
-1.866098712227740606e-05
-3.519735964867457245e-05
-4.877402248091401238e-05
-5.930533709286952995e-05
-6.692333202235585337e-05
-7.203163897472248701e-05
-7.510955457139386823e-05
-7.658385935207494158e-05
-7.679733174675460947e-05
-7.607331368977004332e-05
-7.460822124749890631e-05
-7.271141011396424828e-05
-7.050108111985444001e-05
-6.808654705570691204e-05
-6.554308592908090038e-05
-6.292172711879123260e-05
-6.028994410588544125e-05
-5.771008494371132733e-05
-5.512057796581257990e-05
-5.258586088132019521e-05
-5.006061573123532456e-05
-4.759420813681429410e-05
-4.518153270026740808e-05
-4.280559893883915885e-05
-4.050519529558961552e-05
-3.836112243468430612e-05
-3.629500504529782206e-05
-3.429103507080063454e-05
-3.228674185423449850e-05
-3.039353487266705360e-05
-2.863871690206406918e-05
-2.696501876556570403e-05
-2.536103131338797193e-05
-2.389096607780620608e-05
-2.244883615839176225e-05
-2.103884327398396748e-05
-1.967604749028429757e-05
-1.849789775197214348e-05
-1.740662400473257568e-05
-1.634600739809762289e-05
-1.534393028656886703e-05
-1.443492395028655243e-05
-1.354543387291355552e-05
-1.266898392732226045e-05
-1.187365132214696080e-05
-1.110363666850605762e-05
-1.030922280957326211e-05
-9.668033009176903896e-06
-9.093779500861069804e-06
-8.500072522076073937e-06
-7.942405307944842651e-06
-7.465515387947247902e-06
-6.958988334922850044e-06
-6.526434185839243331e-06
-6.158306902924009420e-06
-5.811261311812356798e-06
-5.389821580074348719e-06
-5.069332222364134486e-06
-4.777535952051727002e-06
-4.452601338263866781e-06
-4.194648326566844407e-06
-3.955037299749593797e-06
-3.723757336312274007e-06
-3.479103131385534557e-06
-3.373759562876674285e-06
-3.085408979632543235e-06
-2.912541030060057637e-06
-2.650108532972986614e-06
-2.501385459615253153e-06
-2.216317419836064338e-06
-2.112250585704879943e-06
-1.906501922942052113e-06
-1.718711526732674651e-06
-1.642533254718767042e-06
-1.514586180907890913e-06
-1.422784043926444603e-06
-1.304181496601839934e-06
-1.310521151310326354e-06
-1.147624666684552904e-06
-1.142726715878696003e-06
-1.084505951391499308e-06
-9.706379537297455664e-07
-9.510387230341849243e-07
-8.626404363330714013e-07
-8.284914411269130263e-07
-7.198357102168587728e-07
-7.113440020919171841e-07
-6.316683461897020016e-07
-5.848809623425889102e-07
-5.740147804042740734e-07
-4.815661954072655692e-07
-4.988476479419797666e-07
-4.375417197029122247e-07
-4.077227957355745568e-07
-3.830231646391564381e-07
-3.505046429613493337e-07
-3.319750424461983748e-07
-2.928109535423747859e-07
-3.074288219926557039e-07
-2.528277678199923942e-07
-2.611816374383686364e-07
-2.492219753550512457e-07
-2.105723073969322021e-07
-2.250594139002257360e-07
-1.839174435022028539e-07
-1.712897986933611353e-07
-1.694452416137607025e-07
-1.334717934186535342e-07
-1.407825907801250396e-07
-1.261231386894643263e-07
-1.213138927269258216e-07
-1.203574835612195484e-07
-1.088522109485299357e-07
-1.044577110384119038e-07
-9.073522122713011712e-08
-8.620439499055493317e-08
-7.586743091734523005e-08
-6.925796303970266627e-08
-6.955581641962959678e-08
-6.049333297771775414e-08
-6.356834444630430125e-08
-5.707551228715241211e-08
-4.925069938238898286e-08
-5.013351235892941805e-08
-4.290110713605728023e-08
-4.057236475316489947e-08
-3.827787708893526741e-08
-3.433136705733751907e-08
-3.550410118650404272e-08
-3.067025413105861958e-08
-2.865033770454350316e-08
-2.615922707351612602e-08
-2.615238009528017881e-08
-2.282035580439897243e-08
-2.028995384907840934e-08
-2.166847904226164650e-08
-1.801606498941530576e-08
-1.770905463124716866e-08
-1.676922205723309387e-08
-1.288049935918942543e-08
-1.614491758267525812e-08
-1.267765406299475348e-08
-1.064330624146832906e-08
-1.318239312009146079e-08
-9.022154231280687695e-09
-1.071041322894265488e-08
-9.421518690863069194e-09
-6.662313515860060180e-09
-9.938594951525347137e-09
-6.513600938789074560e-09
-6.368543913495545181e-09
-7.503492875736141728e-09
-4.795239093646511948e-09
-6.142448968535901258e-09
-5.476407483574297943e-09
-3.426152419437120787e-09
-5.894265021434000620e-09
-3.507088760877883881e-09
-3.598876704467733666e-09
-4.415885581658339857e-09
-2.496398921331684613e-09
-3.646324111088533482e-09
-3.024564321778142971e-09
-1.987525161314145571e-09
-3.350810068976848755e-09
-1.869057326319768457e-09
-2.251237398858800298e-09
-2.322088066447255626e-09
-1.499707247992603814e-09
-2.086908989203056180e-09
-1.668693520632767649e-09
-1.206144413314632173e-09
-1.863188052333876298e-09
-1.080927488996425495e-09
-1.321820225703529892e-09
-1.282601079178078549e-09
-9.008647566071345012e-10
-1.169556532010822604e-09
-9.901409270591856299e-10
-6.808031966605915818e-10
-1.100316327465447021e-09
-5.899250783192014125e-10
-8.172354426712052705e-10
-7.001271116564714557e-10
-5.557673849953730294e-10
-6.756310019580378197e-10
-5.741502358306795244e-10
-4.229300474142483171e-10
-6.278406652116134184e-10
-3.591617297844079691e-10
-4.902129689009849888e-10
-4.087806335850943217e-10
-3.424779866974921376e-10
-4.026680552456667860e-10
-3.424484520356091452e-10
-2.703788142978430797e-10
-3.700997718272148344e-10
-2.261504775099604146e-10
-3.036068749484667880e-10
-2.479265289955122835e-10
-2.221257095390122235e-10
-2.462647809317010653e-10
-2.160841862801223537e-10
-1.785851586283177956e-10
-2.294840761896530170e-10
-1.494785967177218193e-10
-1.968686785236135612e-10
-1.587873476454065115e-10
-1.524173539482258475e-10
-1.572776854655802363e-10
-1.459651728323348711e-10
-1.236615006325537282e-10
-1.506605012688027039e-10
-1.059755400808823562e-10
-1.349224206204635882e-10
-1.083280367234593428e-10
-1.114041666287067659e-10
-1.070377132290072056e-10
-1.053429518697801675e-10
-9.076510988943491147e-11
-1.058120172760139519e-10
-8.024622404086999768e-11
-9.787633710849118760e-11
-7.954820945358377097e-11
-8.553077505722243135e-11
-7.778229088109702577e-11
-8.081557400815604226e-11
-6.949577699796141746e-11
-7.960143833460367433e-11
-6.319926332587614517e-11
-7.500711895066518304e-11
-6.147312928224370443e-11
-6.812902320396111579e-11
-5.957055578491698047e-11
-6.431449541748813540e-11
-5.497813556819063719e-11
-6.229657494712191171e-11
-5.091448838395413860e-11
-5.894527349472389563e-11
-4.878951615533684057e-11
-5.463029719342736500e-11
-4.667078008896857075e-11
-5.134714570785753658e-11
-4.351689244766838765e-11
-4.888346084368708952e-11
-4.044113759846149789e-11
-4.588042798179152104e-11
-3.800911684657335151e-11
-4.257589961352775832e-11
-3.557903377347457259e-11
-3.945847061202541072e-11
-3.280338230923556528e-11
-3.664958558668145896e-11
-3.000553425146652065e-11
-3.358920397365954147e-11
-2.727507089404370479e-11
-3.053209602402577597e-11
-2.450477415923180817e-11
-2.738849427911189483e-11
-2.167263654517204692e-11
-2.429521720087325509e-11
-1.883975312012304505e-11
-2.110181918740849212e-11
-1.589290685323269189e-11
-1.805069885374044243e-11
-1.291527745589633568e-11
-1.491012343477687361e-11
-1.003275045977532593e-11
-1.177062883144419300e-11
-7.248753724675620310e-12
-8.669366748159176177e-12
-4.393121453363680882e-12
-5.827257559965142735e-12
-1.618420935134942217e-12
-3.039745944362496677e-12
9.229424698898291505e-13
-3.607908671147813793e-13
3.204387960360551746e-12
2.109139079189670114e-12
5.381565599645298596e-12
4.184782531234941025e-12
7.311820758074346913e-12
6.005827330472015168e-12
8.865977800434616057e-12
7.562641206941385126e-12
1.001276181767189395e-11
8.769780894829418727e-12
1.090091215712189166e-11
9.513292367569831877e-12
1.145350599580760414e-11
9.920177190898817924e-12
1.162469808155696341e-11
1.005637721432496320e-11
1.143524539840576602e-11
9.917572318766357056e-12
1.107004279159126878e-11
9.499589234630244165e-12
1.055960727585834743e-11
8.965043568405793685e-12
9.956028531672582763e-12
8.449382589639635102e-12
9.332379312739599520e-12
8.010264571156611968e-12
8.873467809498436715e-12
7.681233021112171661e-12
8.621163050610746195e-12
7.563814609646093293e-12
8.589064911168882788e-12
7.709869937436389193e-12
8.745951414700309230e-12
8.062028008981675913e-12
9.103720135247392095e-12
8.512348971668957797e-12
9.552920536570121318e-12
8.978958930007795177e-12
9.963019109259149560e-12
9.376241391440007907e-12
1.020865395652714285e-11
9.597607148984486666e-12
1.026855674871677242e-11
9.588621117791265389e-12
1.014033052778248631e-11
9.403789194271232433e-12
9.887111989688519367e-12
9.169414104523358164e-12
9.618933855750675831e-12
9.002449080363042209e-12
9.481667691346022509e-12
8.983645500167812875e-12
9.530455638142893890e-12
9.128175308071694756e-12
9.713511817482920372e-12
9.361734086116089951e-12
9.898006634576707593e-12
9.538076267935737373e-12
9.969653252113960920e-12
9.552695691483227870e-12
9.887351110989587293e-12
9.430520755172959871e-12
9.729302334593834900e-12
9.311321732910219284e-12
9.635454634624778711e-12
9.317018572435950332e-12
9.687821701178635825e-12
9.441373507784476977e-12
9.810141913041041081e-12
9.551440517111941703e-12
9.849837908541158794e-12
9.538502518626570999e-12
9.761961669924314238e-12
9.450048163468447810e-12
9.675767272519806491e-12
9.434584043463240639e-12
9.708528117017035570e-12
9.520563541260215237e-12
9.784936135885790051e-12
9.570693015557939310e-12
9.762135570561172444e-12
9.518012538031625105e-12
9.688922688391862071e-12
9.493754474312206763e-12
9.707013805879659194e-12
9.557174750628333819e-12
9.754639467598453133e-12
9.571652120868872944e-12
9.711872783742380494e-12
9.527751532856327340e-12
9.687297773074296936e-12
9.559197369322332442e-12
9.728624511829085821e-12
9.583818760937098317e-12
9.703259136610466511e-12
9.550321508988002465e-12
9.687650808513146047e-12
9.580868793271103682e-12
9.714059930463474497e-12
9.582856356382107307e-12
9.682248387003842028e-12
9.571552384753932132e-12
9.697865802007480260e-12
9.597186020883494839e-12
9.687613804557466219e-12
9.578551312784253837e-12
9.684709070304702426e-12
9.601715246057898822e-12
9.685370894757472330e-12
9.587252033817768276e-12
9.680020336315357787e-12
9.605154526800216340e-12
9.678537283134447814e-12
9.594637412760615733e-12
9.678942801871876965e-12
9.607532430620360405e-12
9.670278399706100218e-12
9.604212852457994612e-12
9.677021153680997503e-12
9.605338134429205551e-12
9.668777272303423481e-12
9.613151973083113153e-12
9.667084193531949293e-12
9.610397580537268733e-12
9.669886897366252017e-12
9.610967070435266514e-12
9.666234158897605087e-12
9.615868505094641989e-12
9.662232678593963291e-12
9.618240050613635585e-12
9.661410737828577453e-12
9.618298009614670416e-12
9.661515563494338220e-12
9.618484132541915751e-12
9.660934751965484965e-12
9.619421290007254469e-12
9.659744668330689166e-12
9.620713689235890433e-12
9.658387907481078414e-12
9.622008858069273957e-12
9.657093877138454761e-12
9.623183746381680104e-12
9.655912980731968149e-12
9.624230478189146333e-12
9.654832235980768146e-12
9.625169581079951207e-12
9.653829946860483891e-12
9.626020204884984504e-12
9.652889466119049851e-12
9.626795366410268027e-12
9.651999537604263334e-12
9.627503408745051852e-12
9.651152365471692676e-12
9.628149819756223231e-12
9.650342104872721317e-12
9.628738401657751041e-12
9.649563978794566462e-12
9.629271916115634849e-12
9.648813798665586957e-12
9.629752425901371630e-12
9.648087703663636070e-12
9.630181476204180001e-12
9.647382012780660590e-12
9.630560192294276447e-12
9.646693134731463404e-12
9.630889332461562102e-12
9.646017507954379099e-12
9.631169316090793516e-12
9.645351556451238525e-12
9.631400236868060742e-12
9.644691653986775400e-12
9.631581866606122851e-12
9.644034092507203331e-12
9.631713652528240837e-12
9.643375052480814845e-12
9.631794709596891694e-12
9.642710573683955791e-12
9.631823808792764537e-12
9.642036525540627550e-12
9.631799361816234502e-12
9.641348576392799985e-12
9.631719402410946068e-12
9.640642161201790558e-12
9.631581564416278328e-12
9.639912447335421498e-12
9.631383056536791808e-12
9.639154298080693629e-12
9.631120633734207983e-12
9.638362233601381671e-12
9.630790565118245070e-12
9.637530389058172250e-12
9.630388598193744224e-12
9.636652469609012678e-12
9.629909919273372545e-12
9.635721702024053438e-12
9.629349109859483028e-12
9.634730782666815320e-12
9.628700098800068716e-12
9.633671821561574104e-12
9.627956110006390413e-12
9.632536282323048885e-12
9.627109605538585229e-12
9.631314917708442179e-12
9.626152223860264069e-12
9.629997700586322670e-12
9.625074713112812997e-12
9.628573750162835614e-12
9.623866859289723830e-12
9.627031253326360159e-12
9.622517409209874774e-12
9.625357381058570693e-12
9.621013988320232676e-12
9.623538199932925849e-12
9.619343013397335674e-12
9.621558578829214981e-12
9.617489600356934714e-12
9.619402091130976326e-12
9.615437467542648737e-12
9.617050912833151660e-12
9.613168835029126346e-12
9.614485717215959135e-12
9.610664320728928273e-12
9.611685566990558038e-12
9.607902834367707246e-12
