# bin_3_2
3.972408154277107251e-01
3.971389094263908515e-01
3.971186053839028673e-01
3.970137948834213670e-01
3.969848923381451566e-01
3.968764963916151522e-01
3.968386286554677067e-01
3.967259370717744482e-01
3.966786875515884714e-01
3.965609587509786871e-01
3.965038601026868448e-01
3.963803192952365384e-01
3.963128528810810902e-01
3.961826906673366344e-01
3.961042864283018106e-01
3.959666579413468890e-01
3.958766948181031142e-01
3.957307195461980398e-01
3.956285266031782655e-01
3.954732890555283653e-01
3.953581474844630739e-01
3.951926988852203504e-01
3.950638450886994057e-01
3.948872063068976646e-01
3.947438362836422909e-01
3.945550022290638670e-01
3.943962775017433864e-01
3.941942232320953532e-01
3.940192785733838132e-01
3.938029673694521393e-01
3.936109205851547332e-01
3.933793142491516237e-01
3.931692782707052469e-01
3.929213498855522180e-01
3.926924473945004879e-01
3.924271967423492158e-01
3.921785774959778426e-01
3.918950492619122650e-01
3.916259101984308488e-01
3.913232149753418376e-01
3.910328230408652295e-01
3.907101609865933911e-01
3.903978784333025365e-01
3.900545652061613855e-01
3.897198768480814590e-01
3.893553711448527466e-01
3.889979127152384808e-01
3.886118443507470266e-01
3.882314306751505351e-01
3.878236276664754900e-01
3.874202788451968082e-01
3.869907914020882522e-01
3.865647545951866881e-01
3.861138732852964495e-01
3.856656370381303933e-01
3.851939017296985290e-01
3.847241991167271724e-01
3.842323946688678271e-01
3.837421909527858332e-01
3.832313251259729103e-01
3.827217852544861354e-01
3.821930441068664419e-01
3.816654753799501032e-01
3.811201517009470963e-01
3.805759175695302976e-01
3.800153089445070798e-01
3.794557114310313506e-01
3.788809866257266679e-01
3.783071175970750266e-01
3.777191534074116341e-01
3.771317191657673207e-01
3.765309149388748056e-01
3.759300445017120240e-01
3.753161282694872924e-01
3.747011832136373788e-01
3.740730315298825270e-01
3.734424438726667295e-01
3.727979462050938775e-01
3.721491193282938093e-01
3.714851256553084458e-01
3.708144397091708844e-01
3.701268342740730022e-01
3.694297987869945565e-01
3.687137402431999167e-01
3.679853288692979674e-01
3.672356830954281448e-01
3.664708642840737718e-01
3.656828269338845416e-01
3.648772664491655160e-01
3.640471256847980785e-01
3.631979820542572956e-01
3.623239102167354897e-01
3.614305781049945154e-01
3.605132743216548641e-01
3.595778685254204521e-01
3.586208229973965045e-01
3.576481635037050966e-01
3.566573100068733959e-01
3.556542019710193792e-01
3.546368053975328394e-01
3.536105427866595985e-01
3.525733626495373141e-01
3.515296372315317441e-01
3.504767124340856799e-01
3.494174491984849418e-01
3.483481967569825311e-01
3.472701537948472139e-01
3.461787115690780903e-01
3.450737831234947373e-01
3.439504308727649451e-01
3.428082460982834201e-01
3.416431056475175976e-01
3.404555886275729137e-01
3.392436228018027577e-01
3.380098417028705726e-01
3.367548407776573827e-01
3.354833763332836782e-01
3.341980285759212355e-01
3.329042874930978613e-01
3.316046490275416092e-01
3.303029060765930169e-01
3.289989995626062536e-01
3.276930695730482790e-01
3.263815053065283744e-01
3.250612277196660571e-01
3.237270601851693352e-01
3.223761350958389005e-01
3.210059578827892390e-01
3.196180479762916748e-01
3.182154930369512358e-01
3.168048020604111170e-01
3.153922735664568822e-01
3.139842671547294906e-01
3.125834713320935210e-01
3.111896261663744112e-01
3.097980069614335585e-01
3.084025540305896929e-01
3.069970873049041593e-01
3.055794317592678833e-01
3.041519168255797378e-01
3.027221653170599214e-01
3.012993458820184545e-01
2.998910597217817608e-01
2.984987784568206570e-01
2.971176757234767485e-01
2.957384463833688804e-01
2.943535440791173463e-01
2.929617476290940492e-01
2.915705316630605171e-01
2.901914554495561016e-01
2.888331970299929385e-01
2.874944995735387865e-01
2.861651031694968927e-01
2.848328924258078931e-01
2.834947409398237417e-01
2.821594366116979002e-01
2.808410332815730603e-01
2.795447820526507643e-01
2.782614258801502372e-01
2.769746665560087195e-01
2.756787285235689500e-01
2.743843133839982129e-01
2.731068650947386378e-01
2.718456191637049768e-01
2.705830049034932960e-01
2.693050144959510672e-01
2.680207376917433382e-01
2.667477911981943617e-01
2.654849820253183945e-01
2.642099094992729214e-01
2.629141202052060478e-01
2.616154365643036939e-01
2.603267444690304244e-01
2.590284108857840439e-01
2.577043223784564741e-01
2.563717698145376866e-01
2.550473543055769565e-01
2.537087588637400581e-01
2.523444809176926817e-01
2.509798317211158758e-01
2.496200645513475536e-01
2.482365488721385849e-01
2.468431882338126548e-01
2.454619374311765856e-01
2.440682117762662806e-01
2.426614328672117571e-01
2.412730912353588664e-01
2.398760557553521744e-01
2.384735169404759714e-01
2.370912660700255636e-01
2.357001461502414019e-01
2.343137130234482501e-01
2.329450830122532512e-01
2.315612109184250478e-01
2.302000132372461483e-01
2.288290901648698805e-01
2.274637167921670367e-01
2.261012631921957838e-01
2.247283164122468313e-01
2.233626658777651541e-01
2.219796859720062354e-01
2.206014035702260900e-01
2.192054340234000642e-01
2.178105515519289381e-01
2.164009075165278795e-01
2.149911463585358617e-01
2.135713414676301825e-01
2.121529654303823953e-01
2.107299009477737461e-01
2.093109996235131554e-01
2.078917428222369079e-01
2.064783007313115704e-01
2.050660795260865754e-01
2.036585451030129001e-01
2.022503930362703484e-01
2.008430889483913406e-01
1.994312428185122388e-01
1.980158794931754784e-01
1.965929490051950002e-01
1.951647072759032098e-01
1.937294765424074916e-01
1.922912522713036421e-01
1.908501569489380878e-01
1.894105597625055093e-01
1.879722272404650840e-01
1.865376435106933795e-01
1.851043223348536881e-01
1.836720970384037865e-01
1.822368659705045357e-01
1.807979423952854880e-01
1.793526061380245340e-01
1.779026291700436802e-01
1.764484315314900076e-01
1.749939875089882302e-01
1.735403687615571788e-01
1.720898670652826201e-01
1.706404589395013882e-01
1.691909799071808773e-01
1.677376056492766443e-01
1.662798268837320792e-01
1.648170390323061840e-01
1.633526097819653078e-01
1.618884234494380736e-01
1.604270422105664451e-01
1.589667509159039260e-01
1.575057897914058092e-01
1.560406655433194123e-01
1.545717259773538299e-01
1.531002668893269580e-01
1.516301804590807212e-01
1.501620931532221537e-01
1.486951866342854645e-01
1.472256509967886928e-01
1.457527351800566306e-01
1.442775451594283387e-01
1.428040070225480851e-01
1.413325737119621173e-01
1.398615480297167035e-01
1.383874636151354032e-01
1.369113379323269042e-01
1.354359042797501356e-01
1.339634373131302070e-01
1.324910995058452556e-01
1.310166990498473905e-01
1.295410674777798254e-01
1.280681063710871759e-01
1.265971619464318909e-01
1.251254141026439948e-01
1.236523355495302567e-01
1.221818878372341322e-01
1.207140047608055849e-01
1.192457959735824941e-01
1.177773553854802868e-01
1.163125362904105786e-01
1.148497703506189682e-01
1.133867987104596881e-01
1.119261770382206644e-01
1.104695586701906762e-01
1.090134401640284190e-01
1.075596382926147371e-01
1.061103074483223385e-01
1.046625595114929058e-01
1.032175884364996826e-01
1.017776959556125904e-01
1.003396404255505886e-01
9.890608231136487072e-02
9.747727147482533605e-02
9.605124098617881523e-02
9.463145574968358231e-02
9.321533043253656114e-02
9.180478403143617350e-02
9.039989830387051839e-02
8.899993568467233496e-02
8.760703030031313787e-02
8.621925630582018274e-02
8.483922418393288756e-02
8.346507605245705175e-02
8.209908548179069288e-02
8.073987677301909527e-02
7.938924968184071784e-02
7.804627913958993302e-02
7.671239672057639236e-02
7.538699357826141034e-02
7.407125722480373264e-02
7.276478266189093103e-02
7.146859960903226283e-02
7.018243317398184522e-02
6.890720619670874514e-02
6.764272780846275479e-02
6.638984217946429511e-02
6.514841319103417683e-02
6.391922163039763516e-02
6.270216606813422411e-02
6.149797131728775013e-02
6.030655569429957397e-02
5.912859156659713150e-02
5.796400573516004295e-02
5.681341913810141614e-02
5.567675766988309377e-02
5.455459082059563314e-02
5.344683643912181981e-02
5.235401239167267878e-02
5.127602277457292412e-02
5.021333383669475403e-02
4.916583241347398381e-02
4.813393426775819384e-02
4.711750710282924109e-02
4.611691859489965017e-02
4.513201779521803375e-02
4.416312818361319698e-02
4.321008236959502508e-02
4.227316516676143249e-02
4.135219690358379191e-02
4.044743024379422736e-02
3.955867862481499131e-02
3.868616986969347638e-02
3.782971601053154720e-02
3.698952681966367895e-02
3.616541778964239146e-02
3.535758582400901767e-02
3.456585280739867677e-02
3.379040538584710679e-02
3.303107156588786647e-02
3.228802657570491175e-02
3.156110026155911630e-02
3.085045097375864118e-02
3.015590209982687425e-02
2.947758592357327054e-02
2.881530800549342644e-02
2.816916324085171758e-02
2.753892709881242476e-02
2.692464611800847799e-02
2.632605545158069049e-02
2.574314586821084549e-02
2.517560723172606110e-02
2.462337391009870521e-02
2.408609330816219654e-02
2.356365096002315668e-02
2.305566262462324656e-02
2.256197959815177401e-02
2.208220231773633246e-02
2.161616536480191059e-02
2.116346988923096042e-02
2.072394751767853496e-02
2.029720899966836259e-02
1.988308661239829647e-02
1.948119760934705763e-02
1.909136606614067130e-02
1.871320144521105427e-02
1.834650301140952622e-02
1.799085557352726739e-02
1.764602038600995848e-02
1.731155042035755279e-02
1.698717062165729444e-02
1.667241275290592267e-02
1.636698448419081006e-02
1.607042024030730376e-02
1.578243554700868925e-02
1.550258852612945368e-02
1.523061599768814854e-02
1.496610256311985652e-02
1.470879904440389706e-02
1.445830133699138771e-02
1.421435651351523298e-02
1.397655678623192094e-02
1.374463937505122392e-02
1.351819850617438923e-02
1.329697945045724659e-02
1.308060386393298385e-02
1.286885087004725238e-02
1.266138661721066122e-02
1.245802673309902124e-02
1.225846931801539280e-02
1.206254555507010363e-02
1.186996647562934409e-02
1.168057122844335348e-02
1.149408985831971812e-02
1.131038462492968064e-02
1.112921936312932965e-02
1.095048777632916769e-02
1.077398753639578939e-02
1.059963766762575532e-02
1.042725917890723226e-02
1.025678411785695132e-02
1.008804826391376461e-02
9.921000089185994658e-03
9.755506297467266691e-03
9.591548677111991564e-03
9.429022536895193679e-03
9.267914485920649564e-03
9.108113020071978080e-03
8.949603408123020173e-03
8.792307853423704175e-03
8.636264758512455370e-03
8.481430054684191075e-03
8.327815722912136967e-03
8.175330309275403648e-03
8.023987620282186511e-03
7.873769450518472435e-03
7.724746323619736260e-03
7.576875162682059940e-03
7.430164623405839490e-03
7.284581986490131812e-03
7.140209052260541173e-03
6.997039526707654958e-03
6.855091952866100916e-03
6.714323762866666011e-03
6.574805196341044523e-03
6.436543692230034877e-03
6.299580305060564420e-03
6.163891823972668209e-03
6.029547370543590287e-03
5.896546671195507933e-03
5.764913520384181908e-03
5.634618049191719366e-03
5.505735168114510476e-03
5.378284894991454748e-03
5.252300430386510829e-03
5.127777610889867367e-03
5.004780231899826071e-03
4.883265763080160173e-03
4.763297366677985388e-03
4.644878268677133347e-03
4.527992219299879252e-03
4.412702818422601508e-03
4.299028249968486759e-03
4.186921647660581981e-03
4.076490684475539070e-03
3.967635489906229038e-03
3.860467254042366809e-03
3.754943831229135606e-03
3.651040939152423725e-03
3.548856130552077368e-03
3.448319451306630992e-03
3.349450922840685289e-03
3.252299920397442885e-03
3.156798112841755627e-03
3.063043007706910733e-03
2.970961648915154511e-03
2.880537183796215081e-03
2.791865748440331991e-03
2.704879024746063149e-03
2.619601717379285797e-03
2.536063344665661756e-03
2.454152576190921607e-03
2.373990751127868972e-03
2.295497118939427393e-03
2.218637215020885511e-03
2.143494598818838394e-03
2.069975683670616153e-03
1.998089079792481418e-03
1.927835010484581224e-03
1.859109768323569112e-03
1.792028015500263163e-03
1.726470541571768465e-03
1.662400850710687517e-03
1.599905372009363409e-03
1.538870354719904399e-03
1.479329103270821729e-03
1.421267914111948392e-03
1.364578278280788358e-03
1.309418264397322956e-03
1.255665536353935650e-03
1.203293954101052965e-03
1.152396252824811193e-03
1.102855685255364412e-03
1.054726010548900699e-03
1.007982080699197040e-03
9.625157061639990708e-04
9.184830043686609182e-04
8.757222653374219581e-04
8.342256779917930952e-04
7.940713649792974704e-04
7.551200614642059787e-04
7.174508843319504520e-04
6.810411961478968212e-04
6.457777751685597062e-04
6.118320312380074941e-04
5.790533737858824005e-04
5.474518142590484391e-04
5.170910065525831422e-04
4.878256537410025745e-04
4.597419601158414873e-04
4.327969235021432415e-04
4.068656364239108740e-04
3.820929409502843779e-04
3.583243978243686421e-04
3.355840131801438161e-04
3.138983043072561064e-04
2.931499234635026423e-04
2.734124930383496259e-04
2.546330193673006096e-04
2.367128380534539508e-04
2.197565061911088463e-04
2.036154776715244402e-04
1.883222952366032216e-04
1.738820494320246490e-04
1.602070518517664170e-04
1.473593937940930203e-04
1.352955275056191397e-04
1.239595663093195715e-04
1.134391478088838621e-04
1.036467525744079194e-04
9.466507372880237628e-05
8.655102752638777711e-05
7.934472806092984060e-05
7.320398401397041461e-05
6.823726926569050500e-05
6.453945583713670004e-05
6.221093302982838168e-05
6.111276961414170998e-05
6.098533027992280914e-05
6.126268612498999146e-05
6.113354658343087228e-05
5.968928962875717255e-05
5.609276753203846605e-05
4.982274347573050253e-05
4.085495111220043750e-05
2.963610626620577772e-05
1.703975539962634909e-05
4.074256834233854797e-06
-8.309560979898013359e-06
-1.941338406352376687e-05
-2.879172685671927919e-05
-3.627630873617350432e-05
-4.190823962559413998e-05
-4.586038074750004788e-05
-4.838950368554344905e-05
-4.977922242094263142e-05
-5.026343207390111551e-05
-5.009737339946788548e-05
-4.942214660317980013e-05
-4.836572031647620669e-05
-4.704493019490531985e-05
-4.552922827160869819e-05
-4.390942471619006950e-05
-4.224863887636529634e-05
-4.055362640013697033e-05
-3.887639485406673892e-05
-3.717194017997089793e-05
-3.545911906631044795e-05
-3.377430533419915990e-05
-3.212890067070795869e-05
-3.054247644364041324e-05
-2.899520201322091913e-05
-2.745521886171571136e-05
-2.598994672135454125e-05
-2.458610447489889073e-05
-2.324383749822764644e-05
-2.192678063824778607e-05
-2.062589731293178934e-05
-1.941747718575101726e-05
-1.831587323427721222e-05
-1.723735683719673138e-05
-1.620566571132900320e-05
-1.521537837189487383e-05
-1.429288000101835411e-05
-1.340895742709677066e-05
-1.258850566368931684e-05
-1.182533441425170664e-05
-1.109804212334541654e-05
-1.039748427140962364e-05
-9.800535702635447224e-06
-9.218178911233720473e-06
-8.620553203627882510e-06
-8.029485960444457510e-06
-7.510643500543820103e-06
-7.050242262249128542e-06
-6.601014165832262831e-06
-6.171127920902585328e-06
-5.771945855590019181e-06
-5.370747304469073883e-06
-5.043745447505851350e-06
-4.770418656104437480e-06
-4.442345829398265497e-06
-4.152547178578081654e-06
-3.909362238101112679e-06
-3.691128934339405086e-06
-3.425321615433282133e-06
-3.251212470198100698e-06
-3.024985820885467559e-06
-2.828626579782078513e-06
-2.661616788495067440e-06
-2.564086356812380190e-06
-2.355109516907315344e-06
-2.243995476259533996e-06
-2.119320338244361868e-06
-1.968959110123451900e-06
-1.799404104410888421e-06
-1.697961540950743364e-06
-1.556926411119344887e-06
-1.387705473964030769e-06
-1.337750333641767709e-06
-1.185481594816634268e-06
-1.113721999056576608e-06
-1.019277467435120642e-06
-9.853358334745307064e-07
-8.862560648103681325e-07
-8.607972784798265402e-07
-8.224460683172736472e-07
-7.304299914787063648e-07
-7.420347704156777923e-07
-6.581783520432658463e-07
-6.457289087735173251e-07
-5.867068300863211601e-07
-5.488608808494625771e-07
-5.087189872237649784e-07
-4.690573902657356773e-07
-4.528578364771516371e-07
-3.811597204020717665e-07
-3.913309979905330483e-07
-3.477959829487559534e-07
-3.178600272685545562e-07
-3.096405156201190947e-07
-2.730714542240709489e-07
-2.641261869453290613e-07
-2.375134375039721771e-07
-2.292801044165549273e-07
-2.017881486018271670e-07
-1.966603518251631834e-07
-1.868792631889501706e-07
-1.623909795633730660e-07
-1.758103990270804395e-07
-1.455981503601596460e-07
-1.417761617089554729e-07
-1.398322489847430384e-07
-1.101259851567236489e-07
-1.147996705254054081e-07
-9.847009155065603318e-08
-9.013081515010119200e-08
-9.189201186665034952e-08
-7.923481000861480825e-08
-8.079449534289825769e-08
-7.389289147049210064e-08
-6.944483946409695766e-08
-6.414248999010891529e-08
-5.713981111226615390e-08
-5.492996257918956600e-08
-4.660248394675226450e-08
-4.816374405674088903e-08
-4.322752986019480737e-08
-3.888732701395851178e-08
-4.016999671149647278e-08
-3.460734773147613487e-08
-3.319623243889826383e-08
-3.076119295038685692e-08
-2.642392557449360624e-08
-2.782162000170397606e-08
-2.405021893108584670e-08
-2.228150150043413302e-08
-2.126354836246382692e-08
-2.004168272254455101e-08
-1.874733864543002098e-08
-1.646137677440200785e-08
-1.661825820921041779e-08
-1.425047539110752508e-08
-1.440057391909731488e-08
-1.292085040619463218e-08
-1.076152572695957313e-08
-1.244586815296030197e-08
-1.016560615187796554e-08
-8.934025287894324813e-09
-1.016150804423193537e-08
-7.183815470545334119e-09
-8.640738949198053111e-09
-7.367185757324028744e-09
-5.602777162294999092e-09
-7.715060918012813551e-09
-5.176836238152464684e-09
-5.418062833113613493e-09
-5.832009457475903937e-09
-3.856009115956058756e-09
-5.180557113298225006e-09
-4.125053523964429249e-09
-3.122400678069284372e-09
-4.578364041047000658e-09
-2.822625061534770470e-09
-3.129271580967252790e-09
-3.461550748059943553e-09
-2.015481849068293043e-09
-3.125408793337047650e-09
-2.383935754493628723e-09
-1.764258067033298484e-09
-2.701460494355199610e-09
-1.586894911577564992e-09
-1.952291256256655262e-09
-1.871171980021186983e-09
-1.268566846494965177e-09
-1.840761965720705848e-09
-1.344997316713038254e-09
-1.127854390346292031e-09
-1.552876320981266848e-09
-9.415822934636073002e-10
-1.208228316353496316e-09
-1.076993917840241873e-09
-8.122602340417950720e-10
-1.075991955308352301e-09
-8.460900377201090726e-10
-6.867133353325506645e-10
-9.529286706783476659e-10
-5.784302666181654340e-10
-7.600645540408338118e-10
-6.705817092037069749e-10
-5.174286682258283952e-10
-6.851017565495808124e-10
-5.179823979884124976e-10
-4.802395491403377102e-10
-5.802455899534067126e-10
-4.006041625756184480e-10
-4.910810732206195815e-10
-4.407063102849066699e-10
-3.581615821082016633e-10
-4.480856356856574490e-10
-3.522265812527337581e-10
-3.439405840312956334e-10
-3.798177895364263913e-10
-2.930603001857025249e-10
-3.391593495416237519e-10
-3.073630461644105990e-10
-2.682519596404804466e-10
-3.102299912316646217e-10
-2.583638437256234114e-10
-2.587124346753838457e-10
-2.686276418825755112e-10
-2.276318745169286645e-10
-2.496344134936872160e-10
-2.297962542930527395e-10
-2.121081751603443781e-10
-2.292245669886033035e-10
-2.027232218618290277e-10
-2.029599003077389856e-10
-2.050858090649054929e-10
-1.835944111008711113e-10
-1.943473724348332750e-10
-1.813175223451200221e-10
-1.738350887269109668e-10
-1.784850945319212530e-10
-1.654856283671976732e-10
-1.640610925255906747e-10
-1.635412447887836437e-10
-1.513822383354364316e-10
-1.561501003203638762e-10
-1.469291458697940054e-10
-1.437082978301441743e-10
-1.424494672808713927e-10
-1.362461490820005738e-10
-1.330188931544798025e-10
-1.317281970904142595e-10
-1.238973472063102509e-10
-1.250740831832632079e-10
-1.179345843173977410e-10
-1.160432837203718942e-10
-1.123394931936548540e-10
-1.085409238142779299e-10
-1.045284526269261556e-10
-1.026065873198367727e-10
-9.651286514024496142e-11
-9.555155774192601116e-11
-8.967985470421806949e-11
-8.758554733553670318e-11
-8.287779004373892579e-11
-7.996287219497989074e-11
-7.526909490887007089e-11
-7.285076462861666983e-11
-6.755275170670615748e-11
-6.529783901055659187e-11
-6.005022256840876521e-11
-5.758075733693232588e-11
-5.262457698259531919e-11
-4.987932928661721660e-11
-4.508313073925323758e-11
-4.242952063215239114e-11
-3.769884372465047769e-11
-3.497346123984395662e-11
-3.040884823609768593e-11
-2.789089096123871139e-11
-2.341535797974676115e-11
-2.103784686881849007e-11
-1.683662788967193790e-11
-1.460104682502146717e-11
-1.085610430098563277e-11
-8.627325907376261348e-12
-5.271630022658139240e-12
-3.514405167899330371e-12
-3.648622976146741888e-13
9.469840722037242186e-13
3.672402477602521241e-12
4.659884197799156060e-12
6.728978664495600194e-12
7.538727103289006704e-12
9.054617641196651471e-12
9.310128170399845241e-12
1.052665446413282094e-11
1.023740430486260469e-11
1.105643709779015148e-11
1.046006839967580110e-11
1.070726531643829777e-11
9.996040011664601595e-12
9.884666339004035722e-12
8.870423117109944460e-12
8.679766149189870375e-12
7.457136301234310745e-12
7.244887045134858219e-12
6.078262455272393681e-12
5.776101440747194851e-12
4.891375322858427205e-12
4.697903040205816575e-12
4.002925534489971376e-12
4.129213894247747006e-12
3.647739504272544252e-12
4.108947417057228292e-12
3.947727509510131805e-12
4.570681570087070782e-12
4.764668960107146565e-12
5.524515415009369668e-12
5.840183891057060895e-12
6.699597731672310792e-12
6.959655619380695680e-12
7.775432540834310089e-12
7.904024330042587276e-12
8.442571910378262277e-12
8.409629824708034610e-12
8.637438017259043969e-12
8.344201994892787647e-12
8.355822509449458945e-12
7.842699584767265320e-12
7.761096468991815327e-12
7.215626486759393465e-12
7.128142132439244772e-12
6.760070849034539647e-12
6.820003604234606630e-12
6.679414121384992187e-12
6.974092219758034375e-12
7.009991759064207491e-12
7.463180811126338736e-12
7.564706443845707131e-12
7.955368150032688983e-12
7.977228551208408183e-12
8.162681106715794513e-12
7.987233784218989161e-12
7.982078563350102796e-12
7.656494490079619678e-12
7.610222605781650932e-12
7.334063877244186004e-12
7.398425726703466962e-12
7.325757787212244154e-12
7.551427389530474323e-12
7.616271945737456044e-12
7.878007241132881823e-12
7.872420545530215669e-12
7.996412793250141834e-12
7.821404731075312904e-12
7.794445275856242876e-12
7.582208781789193890e-12
7.595599335489543669e-12
7.526975608618533124e-12
7.693588906648611503e-12
7.726927174019301107e-12
7.899972555598481342e-12
7.837863520989526984e-12
7.857088600147913865e-12
7.692092921991646162e-12
7.687074555926766135e-12
7.618402369563200013e-12
7.744901190189364228e-12
7.765151945492355792e-12
7.875965793812414784e-12
7.789952909875237582e-12
7.779999162754792924e-12
7.669164407909137636e-12
7.728955086248185138e-12
7.737763259883307639e-12
7.842322649531378318e-12
7.789904729033184496e-12
7.788058526639359886e-12
7.697001597031493678e-12
7.757723014613370037e-12
7.765032793756123762e-12
7.832127926576415693e-12
7.762031954016689808e-12
7.760196608151946977e-12
7.726230577600185524e-12
7.806612099986266696e-12
7.783377865979794426e-12
7.787820867526745809e-12
7.730046179620164379e-12
7.787037178056919758e-12
7.781808709107195531e-12
7.794799240479161891e-12
7.739703140157980939e-12
7.787143178563255873e-12
7.779010501430828868e-12
7.788851014044898791e-12
7.747452692715442432e-12
7.794978035776114860e-12
7.774850200641082191e-12
7.778086426009351781e-12
7.761930134865802046e-12
7.799507553226007573e-12
7.760416977134042006e-12
7.783134134785391687e-12
7.775912736199807078e-12
7.782926240427021498e-12
7.765183404642317919e-12
7.793746945310244024e-12
7.763013390829157198e-12
7.788181484977414667e-12
7.771912047836289107e-12
7.781541312814177102e-12
7.774679211922820689e-12
7.782676167791554673e-12
7.771846427616817982e-12
7.785954383825932782e-12
7.769519823308650813e-12
7.787348391445135555e-12
7.769249724155758870e-12
7.787060402764729190e-12
7.770035487054812949e-12
7.786209401344007600e-12
7.770985710984093925e-12
7.785379811825674514e-12
7.771784333746003065e-12
7.784707208318093763e-12
7.772404395653462742e-12
7.784167987192357060e-12
7.772890655459263587e-12
7.783716357970007371e-12
7.773284970885466124e-12
7.783318854039102879e-12
7.773614372147429827e-12
7.782955225663003294e-12
7.773894704953750827e-12
7.782613638914892210e-12
7.774135175544696286e-12
7.782286930362966325e-12
7.774341272767832619e-12
7.781970430403483492e-12
7.774516378779706291e-12
7.781660798207761581e-12
7.774662622442273752e-12
7.781355405044638560e-12
7.774781333741883088e-12
7.781052000612243903e-12
7.774873291537428432e-12
7.780748525207626673e-12
7.774938862368124608e-12
7.780442998305242665e-12
7.774978079881436502e-12
7.780133448210600593e-12
7.774990690485454942e-12
7.779817864231236356e-12
7.774976178765880567e-12
7.779494161354079782e-12
7.774933780179840569e-12
7.779160151864645471e-12
7.774862485164231453e-12
7.778813520585180830e-12
7.774761037119272429e-12
7.778451801836587407e-12
7.774627925704259853e-12
7.778072356842329722e-12
7.774461376282036609e-12
7.777672350744296208e-12
7.774259336006232636e-12
7.777248728691314766e-12
7.774019456867511650e-12
7.776798190537420039e-12
7.773739075786616678e-12
7.776317163845891626e-12
7.773415191851012289e-12
7.775801774884550407e-12
7.773044440647610753e-12
7.775247817398955331e-12
7.772623065635828177e-12
7.774650718899214827e-12
7.772146886481322206e-12
7.774005504306016046e-12
7.771611264233563934e-12
7.773306756697573444e-12
7.771011063218619045e-12
7.772548575029280518e-12
7.770340609545331994e-12
7.771724528615627980e-12
7.769593646079256694e-12
7.770827608255657269e-12
7.768763283799216545e-12
7.769850173859950596e-12
7.767841949455334750e-12
7.768783898503577131e-12
7.766821329462782158e-12
7.767619708852706841e-12
7.765692310058726999e-12
7.766347721997898440e-12
7.764444913781663844e-12
7.764957178771481989e-12
7.763068232411097783e-12
7.763436373759781425e-12
7.761550356667645213e-12
7.761772582313989771e-12
7.759878303020593873e-12
7.759951985038503767e-12
7.758037938217121516e-12
7.757959590405660479e-12
7.756013902266821035e-12
