# bin_5_2
-5.467268189571838213e-20
-5.461776438502404683e-20
-5.457968242089339153e-20
-5.452074854420137237e-20
-5.447779935722810184e-20
-5.441444657301886361e-20
-5.436623587094986403e-20
-5.429803232141663445e-20
-5.424413516549159145e-20
-5.417061857958323668e-20
-5.411057842227026832e-20
-5.403125526156141040e-20
-5.396458326582703520e-20
-5.387892819524378287e-20
-5.380510292479250459e-20
-5.371255870541922501e-20
-5.363102629127905795e-20
-5.353100420911131435e-20
-5.344117911521002102e-20
-5.333306007750726210e-20
-5.323432660607088407e-20
-5.311746305538470104e-20
-5.300917775143924122e-20
-5.288289656562108074e-20
-5.276439169758760267e-20
-5.262799826089727279e-20
-5.249858656976492140e-20
-5.235137021387160489e-20
-5.221035113468250017e-20
-5.205159215647946017e-20
-5.189825972008460458e-20
-5.172723818265234603e-20
-5.156089079926000083e-20
-5.137689730886247382e-20
-5.119684961313593466e-20
-5.099919823359678774e-20
-5.080479512815142438e-20
-5.059283853792685579e-20
-5.038347150100999602e-20
-5.015661841013249655e-20
-4.993174402589398183e-20
-4.968947874107392646e-20
-4.944863925809538653e-20
-4.919054310533153789e-20
-4.893338862164057157e-20
-4.865916269754808680e-20
-4.838547429955017853e-20
-4.809496271757197557e-20
-4.780467555993772713e-20
-4.749788798146051219e-20
-4.719111288364606136e-20
-4.686824467916597169e-20
-4.654528633902732837e-20
-4.620673422396420177e-20
-4.586810363026216989e-20
-4.551447409307095645e-20
-4.516089219635258350e-20
-4.479299953538720923e-20
-4.442538877716852720e-20
-4.404423916986958251e-20
-4.366369917382520178e-20
-4.327045703751293279e-20
-4.287822077480185776e-20
-4.247415390581963361e-20
-4.207152114477403800e-20
-4.165792194772366936e-20
-4.124616800989844036e-20
-4.082424978904840350e-20
-4.040450980385448391e-20
-3.997527982651258586e-20
-3.954841203144834431e-20
-3.911252708113841122e-20
-3.867896339205317722e-20
-3.823657886419960206e-20
-3.779617688309234025e-20
-3.734680693022714319e-20
-3.689872436762362168e-20
-3.644113753907496713e-20
-3.598375678531051863e-20
-3.551593778157952857e-20
-3.504687345349664015e-20
-3.456608502121264697e-20
-3.408230832823130783e-20
-3.358528516433611871e-20
-3.308339276089977317e-20
-3.256668823639499217e-20
-3.204332647076837141e-20
-3.150380983823952008e-20
-3.095623531521813271e-20
-3.039170013136578286e-20
-2.981841405221438291e-20
-2.922820966918080167e-20
-2.862955105654027016e-20
-2.801509614782295520e-20
-2.739362970348922363e-20
-2.675862617609427461e-20
-2.611913495547979968e-20
-2.546929724898985168e-20
-2.481821678630660176e-20
-2.416039514147247731e-20
-2.350463248534623654e-20
-2.284536248600707237e-20
-2.219064393089430482e-20
-2.153439569669089538e-20
-2.088355581226663945e-20
-2.023123135456856322e-20
-1.958310693046964342e-20
-1.893152216455374291e-20
-1.828119439853754535e-20
-1.762420642499600125e-20
-1.696506042625002853e-20
-1.629649881467272844e-20
-1.562383516148636622e-20
-1.494146032980814147e-20
-1.425633377883397748e-20
-1.356499127218007099e-20
-1.287608216546545932e-20
-1.218775250795353855e-20
-1.150923113650866178e-20
-1.083864017515148655e-20
-1.018385222078494423e-20
-9.541011281512381028e-21
-8.915073873710958825e-21
-8.299417420148566410e-21
-7.696414529152135463e-21
-7.098248077009663353e-21
-6.507411895271527223e-21
-5.918255891652382788e-21
-5.336689239250493597e-21
-4.761520549394127786e-21
-4.202536782128421222e-21
-3.661118766418386913e-21
-3.146844187405596320e-21
-2.658252483128697520e-21
-2.199568792138263339e-21
-1.763465207353828466e-21
-1.349443599976285708e-21
-9.490119009651927662e-22
-5.645978993220029924e-22
-1.944200228504972923e-22
1.515077984611090687e-22
4.696005537998401820e-22
7.500612824857554770e-22
9.954752455263795273e-22
1.206115053634922427e-21
1.393199087272593835e-21
1.559405505310817740e-21
1.709669040146021852e-21
1.835044447554031907e-21
1.930483746006021085e-21
1.986383834013556718e-21
2.008006342390081808e-21
2.001059263076377143e-21
1.979573580210541515e-21
1.943923116742244727e-21
1.891749931042338942e-21
1.810130087299582238e-21
1.699663515432205916e-21
1.566181273439959944e-21
1.427479820642940138e-21
1.286883133492072594e-21
1.140878526795147423e-21
9.761710893556105605e-22
7.983361698056535391e-22
6.203342876873906016e-22
4.581404775456338415e-22
3.035922761419094744e-22
1.474053048108865949e-22
-1.057283757895804452e-23
-1.482743252537215012e-22
-2.603797817722807883e-22
-3.571740298210433208e-22
-4.506664791143869770e-22
-5.221039170351831540e-22
-5.610818081098091512e-22
-5.788387518932285584e-22
-5.915332890853422644e-22
-5.798357851466064244e-22
-5.383209587075667254e-22
-4.861747523678432005e-22
-4.318581622821240863e-22
-3.524978034017369168e-22
-2.638446450810086761e-22
-1.835251909311104786e-22
-9.694699945478151308e-23
-3.967067490906523233e-24
6.584106055662912270e-23
1.340057373868909390e-22
1.940684521335280532e-22
2.264340171662470107e-22
2.513764022532755822e-22
2.601434837686386246e-22
2.408948240735601411e-22
2.230847474872497255e-22
1.765883317774724449e-22
1.314608234300998344e-22
7.650175407388823713e-23
1.874279589765312830e-23
-3.003136329475696790e-23
-7.926969753830969469e-23
-1.089941708362205633e-22
-1.332725328757955749e-22
-1.354680306010922942e-22
-1.290288225020720893e-22
-1.044779175887293763e-22
-7.399380865653139237e-23
-3.438982443410640893e-23
3.501784252084617107e-24
3.949701171544881265e-23
6.523457663898878976e-23
8.061508135969604385e-23
8.142583371684404537e-23
7.027224882818736232e-23
4.781919775711057414e-23
1.979885085555125038e-23
-9.775710608642194797e-24
-3.436403901875401533e-23
-5.029134419382175317e-23
-5.403006525194174395e-23
-4.597399862572972808e-23
-2.798874139272993508e-23
-5.177635440305343719e-24
1.698228370293485540e-23
3.255492901891951019e-23
3.789819550397094061e-23
3.183492094342336512e-23
1.684698110965606165e-23
-2.076289799695625389e-24
-1.855040163840495225e-23
-2.712405417571458647e-23
-2.514665548098895827e-23
-1.385207170313122065e-23
1.827248216691137133e-24
1.533418606378876315e-23
2.090039971499248069e-23
1.654483672689667523e-23
4.692722132325934104e-24
-8.304289535533302819e-24
-1.585134335435106328e-23
-1.400044995831068169e-23
-4.458938114562160074e-24
6.924697636101510764e-24
1.283264381491441059e-23
9.937706735950721079e-24
4.581097154656827855e-25
-8.341107137521488872e-24
-1.021006478926688526e-23
-3.857854349176010618e-24
4.907875328478714310e-24
8.781203749509064221e-24
4.381977452066106824e-24
-3.535888105214386547e-24
-7.384704202742856379e-24
-3.284706707595538103e-24
3.762001811431646688e-24
6.099717452790086929e-24
1.087019833762724277e-24
-4.617014933559586397e-24
-4.110361233341132028e-24
1.815780514224776956e-24
4.572002586506598356e-24
7.060410405239974814e-25
-3.927868364515462267e-24
-1.959455054849160837e-24
2.821888273097403686e-24
2.546817777457184409e-24
-2.205761918841595975e-24
-2.404364180939207986e-24
1.788379720270706970e-24
2.192016398329958307e-24
-1.950455569982537882e-24
-1.493249712973009021e-24
2.036058013469015205e-24
7.354557024301804195e-25
-2.220778893070139795e-24
5.513013893679183535e-25
1.563484289616725777e-24
-1.440093791515818069e-24
-3.965531455979547230e-25
1.685254455573862226e-24
-1.263547010766209400e-24
-1.555582106143539377e-25
1.204992338143995853e-24
-1.182849413368967865e-24
3.365137598038086151e-25
6.511467725328923541e-25
-1.244338257220206754e-24
1.289722720727435122e-24
-9.310580148307563561e-25
4.130134659674133342e-25
6.555327643231491383e-26
-4.040875284530583123e-25
5.863191430658531187e-25
-6.428411015350075214e-25
6.181548913678970303e-25
-5.517034135211973299e-25
4.710468079217199511e-25
-3.922136294667625797e-25
3.227181551119994636e-25
-2.648686201261828591e-25
2.182332594158894165e-25
-1.812617501829615300e-25
1.521191424527498310e-25
-1.291252415733539886e-25
1.108638185665322298e-25
-9.623321340887686896e-26
8.437491270537093048e-26
-7.465721840434686985e-26
6.659186282941946093e-26
-5.982832496384323032e-26
5.408770404485405863e-26
-4.917394745081647892e-26
4.492185621695905660e-26
-4.121926601840620445e-26
3.796320668095552401e-26
-3.508802134913489611e-26
3.252580272695436733e-26
-3.023757958622707907e-26
2.817595394471281178e-26
-2.631787246897515267e-26
2.462841140966614021e-26
-2.309438506452871229e-26
2.168874603104201547e-26
-2.040464980851736310e-26
1.922019612797687565e-26
-1.813275082520028454e-26
1.712388290706223455e-26
-1.619383660678868439e-26
1.532658463017066393e-26
-1.452439080068415775e-26
1.377293448246193312e-26
-1.307592955950484652e-26
1.242029375705971495e-26
-1.181080364524871185e-26
1.123529304893343204e-26
-1.069933168185214001e-26
1.019144286483887069e-26
-9.717798023746644822e-27
9.267447509744962465e-27
-8.847025973201310207e-27
8.445992254650949044e-27
-8.071342358262190614e-27
7.712855738231477742e-27
-7.377813675923945568e-27
7.056250150618598103e-27
-6.755674120685766824e-27
6.466323730756024891e-27
-6.195891454220482081e-27
5.934780763167839500e-27
-5.690833396375480892e-27
5.454587869814319083e-27
-5.234008343482919429e-27
5.019744523732544347e-27
-4.819861746134635237e-27
4.625101942454459762e-27
-4.443614657808915935e-27
4.266218839997375300e-27
-4.101134581943093106e-27
3.939245552041430986e-27
-3.788831304593574077e-27
3.640830214543413180e-27
-3.503572236282812108e-27
3.368042238269433047e-27
-3.242613119036685674e-27
3.118309461103456747e-27
-3.003540933428194747e-27
2.889366202356645187e-27
-2.784226565304564176e-27
2.679210069970379702e-27
-2.582785335877230731e-27
2.486065843422783182e-27
-2.397543909083598136e-27
2.308355113680222111e-27
-2.227012403912864064e-27
2.144670635551542439e-27
-2.069860779414683485e-27
1.993754559704126874e-27
-1.924898746959626877e-27
1.854479875646529777e-27
-1.791058609641780225e-27
1.725834526291143908e-27
-1.667380542716712551e-27
1.606907755742116325e-27
-1.552999919517137129e-27
1.496878332602127681e-27
-1.447136358973884365e-27
1.395004355179551718e-27
-1.349084228179751820e-27
1.300614396555208599e-27
-1.258204379869290843e-27
1.213099788892583767e-27
-1.173916941937925303e-27
1.131907880048187773e-27
-1.095695006399365743e-27
1.056536123037067556e-27
-1.023059090146799370e-27
9.865268813123600807e-28
-9.555722600738642476e-28
9.214628511641089101e-28
-8.928358320188136274e-28
8.609630179765760982e-28
-8.344855667179067084e-28
8.046790756023594589e-28
-7.801882974844157508e-28
7.522922485743207730e-28
-7.296389341736691635e-28
7.035104658017656736e-28
-6.825577956097813552e-28
6.580658416304125442e-28
-6.386882298141627888e-28
6.157124264447701770e-28
-5.977944868450789432e-28
5.762241941366899477e-28
-5.596598138562369288e-28
5.393932382591090248e-28
-5.240847462205007391e-28
5.050281524269264634e-28
-4.908855719281340383e-28
4.729525737096024740e-28
-4.598929493700848193e-28
4.430038705623066639e-28
-4.309506613531957187e-28
4.150319591170983989e-28
-4.039144901622800750e-28
3.888982337253242580e-28
-3.786512004948643291e-28
3.644745993749708661e-28
-3.550376186293326674e-28
3.416425950905647639e-28
-3.329597976559368259e-28
3.202925987125694137e-28
-3.123122597210051710e-28
3.003231046405628104e-28
-2.929973073808261557e-28
2.816400670259892211e-28
-2.749243969863500143e-28
2.641563018194606410e-28
-2.580095679150894603e-28
2.477909417717651998e-28
-2.421749220586673591e-28
2.324689391978858841e-28
-2.273481486789579618e-28
2.181206118258130845e-28
-2.134620902305475987e-28
2.046812276059045264e-28
-2.004543452291788427e-28
1.920906247712185205e-28
-1.882669046653871922e-28
1.802928638264929892e-28
-1.768458188456457120e-28
1.692359085206231506e-28
-1.661408918158812281e-28
1.588713331206152860e-28
-1.561054008964968876e-28
1.491540536089390867e-28
-1.466958390064419897e-28
1.400420806507368235e-28
-1.378716777776676473e-28
1.314962923834201787e-28
-1.295951496053231268e-28
1.234802253106291930e-28
-1.218310469668502477e-28
1.159598816817676463e-28
-1.145465375238427921e-28
1.089035519735619803e-28
-1.077109936485934354e-28
1.022816511464195506e-28
-1.012958351341106196e-28
9.606656754171752930e-29
-9.527438399368081319e-29
9.023252332661643888e-29
-8.962173032696800179e-29
8.475544554944479794e-29
-8.431460833854804028e-29
7.961284691962379019e-29
-7.933128167963808893e-29
7.478371551242899547e-29
-7.465143734007018046e-29
7.024841268539884452e-29
-7.025608741853172104e-29
6.598857853843937198e-29
-6.612747812451965444e-29
6.198704431309398927e-29
-6.224900543923610670e-29
5.822775118974380776e-29
-5.860513691824532760e-29
5.469567496883775924e-29
-5.518133914489043320e-29
5.137675618846630814e-29
-5.196401039875623593e-29
4.825783524692915627e-29
-4.894041813863356539e-29
4.532659215218875715e-29
-4.609864093002999856e-29
4.257149053808587809e-29
-4.342751447263669287e-29
3.998172563239169682e-29
-4.091658142946228778e-29
3.754717586915353736e-29
-3.855604475958134058e-29
3.525835788239771199e-29
-3.633672430168459536e-29
3.310638461767686828e-29
-3.425001636381272952e-29
3.108292634195734332e-29
-3.228785609785169437e-29
2.918017433279123327e-29
-3.044268245305377275e-29
2.739080705162483395e-29
-2.870740552518010126e-29
2.570795862236483938e-29
-2.707537612347623169e-29
2.412518944792962266e-29
-2.554035739594749776e-29
2.263645880894817816e-29
-2.409649836832197931e-29
2.123609930698083613e-29
-2.273830925885426053e-29
1.991879301860840792e-29
-2.146063843988608408e-29
1.867954923900897479e-29
-2.025865093701136298e-29
1.751368370486721511e-29
-1.912780834899443838e-29
1.641679919235465010e-29
-1.806385009948309556e-29
1.538476739326156671e-29
-1.706277591723376684e-29
1.441371198314577453e-29
-1.612082946867868058e-29
1.349999279536421958e-29
-1.523448305825166481e-29
1.264019103061920961e-29
-1.440042332542739811e-29
1.183109542444515460e-29
-1.361553786948149747e-29
1.106968931327574321e-29
-1.287690273988162054e-29
1.035313853482039160e-29
-1.218177073284232053e-29
9.678780106763102439e-30
-1.152756044026114761e-29
9.044111633050310112e-30
-1.091184599983914249e-29
8.446781387748735078e-30
-1.033234750071456075e-29
7.884579029526874531e-30
-9.786921999229139906e-30
7.355426909786465918e-30
-9.273555106466516633e-30
6.857371929727841892e-30
-8.790353107510980908e-30
6.388577913029972023e-30
-8.335535579004780268e-30
5.947318460212346777e-30
-7.907428471295834989e-30
5.531970251891349311e-30
-7.504457626525096519e-30
5.141006772074150582e-30
-7.125142700572765828e-30
4.772992425529425789e-30
-6.768091467833044464e-30
4.426577020635480007e-30
-6.431994478406828591e-30
4.100490597607769784e-30
-6.115620049926283291e-30
3.793538576923891048e-30
-5.817809568594859461e-30
3.504597209153442422e-30
-5.537473082352756862e-30
3.232609306131412205e-30
-5.273585165730722684e-30
2.976580235355662618e-30
-5.025181040028929884e-30
2.735574161577165395e-30
-4.791352931733537569e-30
2.508710519203847849e-30
-4.571246655423400926e-30
2.295160700733047060e-30
-4.364058404854194606e-30
2.094144948679170946e-30
-4.169031741642299918e-30
1.904929436604402119e-30
-3.985454766552526208e-30
1.726823528729480242e-30
-3.812657464059657972e-30
1.559177206184187296e-30
-3.650009207800144009e-30
1.401378649565440947e-30
-3.496916417812389289e-30
1.252851968214775031e-30
-3.352820359499593668e-30
1.113055066916655611e-30
-3.217195076208445777e-30
9.814776416877725880e-31
-3.089545446024279761e-30
8.576392964193800667e-31
-2.969405356267341890e-30
7.410877729473757061e-31
-2.856335987706118418e-30
6.313972877394316507e-31
-2.749924201913787952e-30
5.281669685100108641e-31
-2.649781025377037991e-30
4.310193843704150349e-31
-2.555540224691461002e-30
3.395991642850937358e-31
-2.466856966663215980e-30
2.535716980907881837e-31
-2.383406558826825266e-30
1.726219147915504501e-31
-2.304883264985917654e-30
9.645313433706289881e-32
-2.230999191313134088e-30
2.478598720692651301e-32
-2.161483238855948733e-30
-4.264260142527258952e-32
-2.096080118303859222e-30
-1.060803671827672136e-31
-2.034549423228032609e-30
-1.657606054515132561e-31
-1.976664758312608981e-30
-2.219030167804975754e-31
-1.922212919133267932e-30
-2.747145024581442063e-31
-1.870993120752691621e-30
-3.243899129531231084e-31
-1.822816271544483143e-30
-3.711127521198722567e-31
-1.777504290152084746e-30
-4.150558398771336767e-31
-1.734889462636883452e-30
-4.563819357627566322e-31
-1.694813837589021601e-30
-4.952443258621911645e-31
-1.657128656686350172e-30
-5.317873751176924817e-31
-1.621693818979644021e-30
-5.661470471663407832e-31
-1.588377376387011734e-30
-5.984513937323314482e-31
-1.557055059077023959e-30
-6.288210152220930800e-31
-1.527609828435278351e-30
-6.573694942981591173e-31
-1.499931456432431434e-30
-6.842038041856695564e-31
-1.473916129508944650e-30
-7.094246928749101653e-31
-1.449466075699231260e-30
-7.331270450847745834e-31
-1.426489213487900560e-30
-7.554002228528868229e-31
-1.404898821249026266e-30
-7.763283863900464830e-31
-1.384613225944433590e-30
-7.959907961276953196e-31
-1.365555510014900129e-30
-8.144620972088348521e-31
-1.347653235343771978e-30
-8.318125873249845723e-31
-1.330838183279671497e-30
-8.481084690269222002e-31
-1.315046109849482037e-30
-8.634120872906518987e-31
-1.300216515180809487e-30
-8.777821532978646537e-31
-1.286292426345986448e-30
-8.912739551894187576e-31
-1.273220192839834436e-30
-9.039395565778520020e-31
-1.260949293925293758e-30
-9.158279835194334549e-31
-1.249432157187755517e-30
-9.269854006529153643e-31
-1.238623987592172198e-30
-9.374552770911166302e-31
-1.228482606491450760e-30
-9.472785427156463061e-31
-1.218968299957949089e-30
-9.564937353767393910e-31
-1.210043675907027818e-30
-9.651371396156205168e-31
-1.201673529502038738e-30
-9.732429172908291491e-31
-1.193824716370847980e-30
-9.808432306876242470e-31
-1.186466033141141930e-30
-9.879683584640984833e-31
-1.179568104922215555e-30
-9.946468049366234392e-31
-1.173103279275054101e-30
-1.000905402979704339e-30
-1.167045526333990862e-30
-1.006769411029914586e-30
-1.161370344707557516e-30
-1.012262604448327573e-30
-1.156054672818546958e-30
-1.017407361629805648e-30
-1.151076805373835529e-30
-1.022224745103188501e-30
-1.146416314670897590e-30
-1.026734577974188855e-30
-1.142053976446711403e-30
-1.030955515947182920e-30
-1.137971700032877429e-30
-1.034905115177231800e-30
-1.134152462519337612e-30
-1.038599896214634335e-30
-1.130580246761195816e-30
-1.042055404264254148e-30
-1.127239982952346786e-30
-1.045286265948055625e-30
-1.124117493573222326e-30
-1.048306242814770724e-30
-1.121199441533688026e-30
-1.051128281747433089e-30
-1.118473281317434413e-30
-1.053764562465370408e-30
-1.115927212945722113e-30
-1.056226542294016851e-30
-1.113550138609712516e-30
-1.058524998342875455e-30
-1.111331621805890586e-30
-1.060670067255070913e-30
-1.109261848848864096e-30
-1.062671282664458292e-30
-1.107331592597906489e-30
-1.064537610485356739e-30
-1.105532178295267921e-30
-1.066277482176865994e-30
-1.103855451370596147e-30
-1.067898826069991656e-30
-1.102293747115165303e-30
-1.069409096898485880e-30
-1.100839862100782239e-30
-1.070815303608042272e-30
-1.099487027263626865e-30
-1.072124035562660376e-30
-1.098228882520582292e-30
-1.073341487220841462e-30
-1.097059452861240492e-30
-1.074473481380357229e-30
-1.095973125809006172e-30
-1.075525491057876871e-30
-1.094964630167284341e-30
-1.076502660086206193e-30
-1.094029015972279923e-30
-1.077409822490106812e-30
-1.093161635585212768e-30
-1.078251520706903119e-30
-1.092358125841580438e-30
-1.079032022709103412e-30
-1.091614391188000628e-30
-1.079755338088515403e-30
-1.090926587734359668e-30
-1.080425233130879276e-30
-1.090291108172444127e-30
-1.081045244949350864e-30
-1.089704567478452292e-30
-1.081618694701216126e-30
-1.089163789345949113e-30
-1.082148699925218154e-30
-1.088665793292597334e-30
-1.082638186039194783e-30
-1.088207782377533327e-30
-1.083089897017732739e-30
-1.087787131475844717e-30
-1.083506405283547270e-30
-1.087401376064003825e-30
-1.083890120836329444e-30
-1.087048201457937149e-30
-1.084243299649992693e-30
-1.086725432474687052e-30
-1.084568051361962698e-30
-1.086431023477222259e-30
-1.084866346291178576e-30
-1.086163048771477862e-30
-1.085140021830263313e-30
-1.085919693364233699e-30
-1.085390788263160595e-30
-1.085699244069247821e-30
-1.085620234079853512e-30
-1.085500081002857731e-30
-1.085829830881194868e-30
-1.085320669523000812e-30
-1.086020937993938993e-30
-1.085159552697986000e-30
-1.086194806947301263e-30
-1.085015344438510535e-30
-1.086352586003498268e-30
-1.084886723454564008e-30
-1.086495324969737201e-30
-1.084772428259305558e-30
-1.086623980567022044e-30
-1.084671253463559891e-30
-1.086739422656405015e-30
-1.084582047653473513e-30
-1.086842441654130444e-30
-1.084503713138799308e-30
-1.086933757451000750e-30
-1.084435207850539827e-30
-1.087014030115029399e-30
-1.084375549590625378e-30
-1.087083872543967231e-30
-1.084323822689986794e-30
-1.087143865058815626e-30
-1.084279186919496622e-30
-1.087194571645431849e-30
-1.084240888153813656e-30
-1.087236557168508358e-30
-1.084208269859527619e-30
-1.087270404391595586e-30
-1.084180783942805187e-30
-1.087296729078601222e-30
-1.084157998930005590e-30
-1.087316190892469589e-30
-1.084139602926936585e-30
-1.087329497363835287e-30
-1.084125398504663312e-30
-1.087337398089291091e-30
-1.084115286772767716e-30
-1.087340666728709352e-30
-1.084109238703965177e-30
-1.087340069618987714e-30
-1.084107253494380338e-30
-1.087336322066304087e-30
-1.084109306544200439e-30
-1.087330036680925575e-30
-1.084115293361991715e-30
-1.087321672137928930e-30
-1.084124979805828622e-30
-1.087311494633542526e-30
-1.084137972372726623e-30
-1.087299566585089372e-30
-1.084153722988428708e-30
-1.087285775770571267e-30
-1.084171578797557174e-30
-1.087269911135639666e-30
-1.084190877216358278e-30
-1.087251777991129597e-30
-1.084211070123532722e-30
-1.087231326936086089e-30
-1.084231842108151973e-30
-1.087208753306032488e-30
-1.084253174108108845e-30
-1.087184517215750101e-30
-1.084275306866653797e-30
-1.087159249791543671e-30
-1.084298588291152372e-30
-1.087133555091475548e-30
-1.084323244805619234e-30
-1.087107780395659957e-30
-1.084349179245765585e-30
-1.087081878696062068e-30
-1.084375925398102238e-30
-1.087055479038043835e-30
-1.084402836088185528e-30
-1.087028178878015111e-30
-1.084429437858419618e-30
-1.086999903863429528e-30
-1.084455721072045018e-30
-1.086971059473665654e-30
-1.084482097973173074e-30
-1.086942281225667490e-30
-1.084508975732777133e-30
-1.086913918097617866e-30
-1.084536274472989935e-30
-1.086885726550219240e-30
-1.084563407666170705e-30
-1.086857181506871152e-30
-1.084589863404827681e-30
-1.086828167520256474e-30
-1.084615773895479543e-30
-1.086799203823623779e-30
-1.084641667245361534e-30
-1.086770769753507639e-30
-1.084667601462293301e-30
-1.086742609741309406e-30
-1.084692978602782546e-30
-1.086714201551670032e-30
-1.084717496938359011e-30
-1.086685739316328118e-30
-1.084741624016165291e-30
-1.086657776409087516e-30
-1.084765547687136875e-30
-1.086630085403423973e-30
-1.084788686465086929e-30
-1.086602208714109403e-30
-1.084810964470473097e-30
-1.086574556409793238e-30
-1.084832860895568379e-30
-1.086547300223104475e-30
-1.084854019561853553e-30
-1.086519916702270294e-30
-1.084874193298764741e-30
-1.086492685307540160e-30
-1.084893813213237792e-30
-1.086465704437078221e-30
-1.084912479852608558e-30
-1.086438554079959561e-30
-1.084930207881998838e-30
-1.086411609514999475e-30
-1.084947139856598974e-30
-1.086384549224611108e-30
-1.084962911124480706e-30
-1.086357453415051115e-30
-1.084977801726401881e-30
-1.086330253075129635e-30
-1.084991447325638637e-30
-1.086302852253057991e-30
-1.085004053335343679e-30
-1.086275224205191969e-30
-1.085015316385925861e-30
-1.086247285858748998e-30
-1.085025363511715613e-30
-1.086218911483156055e-30
-1.085033960666965334e-30
-1.086190104375352084e-30
-1.085041097778571336e-30
-1.086160647006610230e-30
-1.085046685320091988e-30
-1.086130510633869488e-30
-1.085050550055066470e-30
-1.086099563679257665e-30
-1.085052627583384017e-30
-1.086067628796227597e-30
-1.085052791118674488e-30
-1.086034581000039134e-30
-1.085050870524719767e-30
-1.086000270125177318e-30
-1.085046708495933273e-30
-1.085964507419660711e-30
-1.085040139916644330e-30
-1.085927088955969943e-30
-1.085030974508548662e-30
-1.085887797899712441e-30
-1.085018998112738141e-30
-1.085846397451620651e-30
-1.085003974752098231e-30
-1.085802626511068765e-30
-1.084985645079878793e-30
-1.085756197507828013e-30
-1.084963723445143002e-30
-1.085706794309564952e-30
-1.084937894825718781e-30
-1.085654069631389554e-30
-1.084907811717059768e-30
-1.085597642001733479e-30
-1.084873090825242597e-30
-1.085537092364338091e-30
-1.084833309461999611e-30
-1.085471960329612741e-30
-1.084788001587292069e-30
-1.085401740053172331e-30
-1.084736653460725261e-30
-1.085325875706167528e-30
-1.084678698864812811e-30
-1.085243756497480605e-30
-1.084613513859331309e-30
-1.085154711204188487e-30
-1.084540411022789540e-30
-1.085058002163289946e-30
-1.084458633132214736e-30
-1.084952818673657794e-30
-1.084367346228301631e-30
-1.084838269753015095e-30
-1.084265632008403495e-30
-1.084713376189921437e-30
-1.084152479484876157e-30
-1.084577061825975513e-30
-1.084026775841095448e-30
-1.084428143998014948e-30
-1.083887296412295970e-30
-1.084265323064724516e-30
-1.083732693712464379e-30
-1.084087170936191782e-30
-1.083561485422895897e-30
-1.083892118519119244e-30
-1.083372041251922937e-30
-1.083678441984259832e-30
-1.083162568569202445e-30
-1.083444247756625434e-30
-1.082931096712011598e-30
-1.083187456122870796e-30
-1.082675459854926191e-30
-1.082905783344657854e-30
-1.082393278328749275e-30
-1.082596722161139530e-30
-1.082081938269412920e-30
-1.082257520559229680e-30
-1.081738569473255255e-30
-1.081885158686375183e-30
-1.081360021331965277e-30
-1.081476323778063151e-30
-1.080942836718790591e-30
-1.081027382971796767e-30
-1.080483223698098782e-30
-1.080534353880757122e-30
-1.079977024933507160e-30
-1.079992872805308141e-30
-1.079419684676390955e-30
-1.079398160469136672e-30
-1.078806213227685741e-30
-1.078744985180426250e-30
-1.078131148782424980e-30
-1.078027623338450981e-30
-1.077388516589984740e-30
-1.077239817233351432e-30
-1.076571785395029394e-30
-1.076374730123967595e-30
-1.075673821166593582e-30
-1.075424898627035872e-30
-1.074686838177890329e-30
-1.074382182513471903e-30
-1.073602347569907343e-30
-1.073237712086753882e-30
-1.072411103620595335e-30
-1.071981833417610342e-30
-1.071103048052135487e-30
-1.070604051832162634e-30
-1.069667252845069819e-30
-1.069092974201582209e-30
-1.068091862194608997e-30
