# bin_3_1
8.837105685461494925e-07
8.835937747527210877e-07
8.836894894091497292e-07
8.835860971951065910e-07
8.836675433106747496e-07
8.835763984898949895e-07
8.836445478724942484e-07
8.835645604698602697e-07
8.836203076855587907e-07
8.835504467101017305e-07
8.835946125334725079e-07
8.835339009273552124e-07
8.835672354428879505e-07
8.835147451784361811e-07
8.835379305366310974e-07
8.834927778386215334e-07
8.835064306687689558e-07
8.834677713333251168e-07
8.834724448141412624e-07
8.834394696002723521e-07
8.834356551862108128e-07
8.834075852514335464e-07
8.833957140518546154e-07
8.833717964053082878e-07
8.833522402102173298e-07
8.833317431556321718e-07
8.833048151015268229e-07
8.832870236419060429e-07
8.832529785091951012e-07
8.832371896842540535e-07
8.831962238161173344e-07
8.831817419448480079e-07
8.831339927773861093e-07
8.831201245780212216e-07
8.830656697707012412e-07
8.830517193318833358e-07
8.829905754892531808e-07
8.829758390676104642e-07
8.829079600431686315e-07
8.828917206675273749e-07
8.828169954459181310e-07
8.827985173113856805e-07
8.827167674679209889e-07
8.826952901102317001e-07
8.826062668552072330e-07
8.825809991041572361e-07
8.824843799259377733e-07
8.824544936467306294e-07
8.823498785801782784e-07
8.823145022239169612e-07
8.822014097814247671e-07
8.821596217792896420e-07
8.820374845962987087e-07
8.819883066462739837e-07
8.818564669054206506e-07
8.817988572131032765e-07
8.816565619227850497e-07
8.815894084669261361e-07
8.814358046745081212e-07
8.813579185696613846e-07
8.811920485852990078e-07
8.811021576013765689e-07
8.809229542875339613e-07
8.808196965562220562e-07
8.806259786931202712e-07
8.805078965715660062e-07
8.802983642338765526e-07
8.801638982019868315e-07
8.799371279660807122e-07
8.797846102972951189e-07
8.795390499386511983e-07
8.793666977012833542e-07
8.791006598378234082e-07
8.789065665615681903e-07
8.786182204605507299e-07
8.784003455584987027e-07
8.780877060842383662e-07
8.778438608958694299e-07
8.775047733815931260e-07
8.772326025622049267e-07
8.768647223276458515e-07
8.765616793536003738e-07
8.761624447714123902e-07
8.758257606856559125e-07
8.753923592608180012e-07
8.750190045822972430e-07
8.745483325751872953e-07
8.741349736486876293e-07
8.736235914143303089e-07
8.731665443920364277e-07
8.726106317498572405e-07
8.721058196858951126e-07
8.715011379534945434e-07
8.709440586735957965e-07
8.702859278225417720e-07
8.696716414359196317e-07
8.689549411076417797e-07
8.682780850534394461e-07
8.674972856166193960e-07
8.667521207120482579e-07
8.659013440504320733e-07
8.650818264029603813e-07
8.641549255857575785e-07
8.632547872405267097e-07
8.622454216204188060e-07
8.612582308364458915e-07
8.601599034266593494e-07
8.590790700691419778e-07
8.578850951346446841e-07
8.567037963963471448e-07
8.554071853013318790e-07
8.541182183106983774e-07
8.527115136775027435e-07
8.513071317042185731e-07
8.497822733253369541e-07
8.482541114783179956e-07
8.466024527379996615e-07
8.449416595264739409e-07
8.431542281339992496e-07
8.413518511041978020e-07
8.394198346232045060e-07
8.374673567649412521e-07
8.353826219874378020e-07
8.332723845306881795e-07
8.310277290739911517e-07
8.287529597334411106e-07
8.263419088774033260e-07
8.238963373880629694e-07
8.213126926940542028e-07
8.186901975582586706e-07
8.159279666195891505e-07
8.131229415083920261e-07
8.101772071792208417e-07
8.071858626120989773e-07
8.040542948273316647e-07
8.008760388300985713e-07
7.975597765388601108e-07
7.941973374912041794e-07
7.907003364885138190e-07
7.871586405385781230e-07
7.834866640334945467e-07
7.797726110619489148e-07
7.759342538736272502e-07
7.720589489707689379e-07
7.680684083448047362e-07
7.640493603694203144e-07
7.599270108612088468e-07
7.557867250908464524e-07
7.515564670258444409e-07
7.473201950343505909e-07
7.430092856386733585e-07
7.387074714561653716e-07
7.343502731032689258e-07
7.300209555732654317e-07
7.256577598234651798e-07
7.213419359267274754e-07
7.170137895423688741e-07
7.127534576799028845e-07
7.085046661708825012e-07
7.043467055350870074e-07
7.002248126990410362e-07
6.962146775760435863e-07
6.922616172921703788e-07
6.884388046109589274e-07
6.846931156792406924e-07
6.810942569225314816e-07
6.775868942493003025e-07
6.742343921101441080e-07
6.709799283461880240e-07
6.678827396181979491e-07
6.648832065287580325e-07
6.620319547063278049e-07
6.592646303453484637e-07
6.566262915184072087e-07
6.540495943172070822e-07
6.515705594863220278e-07
6.491164344497522206e-07
6.467184854060978964e-07
6.443022668022455309e-07
6.418919451284091894e-07
6.394116027781023794e-07
6.368856598262253282e-07
6.342401148011077044e-07
6.314986539675158609e-07
6.285954501457125528e-07
6.255610326071998921e-07
6.223377998206010287e-07
6.189677273970439972e-07
6.154090589551840203e-07
6.117148176476129827e-07
6.078614932189249902e-07
6.039169251884115072e-07
5.998715674089238470e-07
5.958069020107305554e-07
5.917231023878515526e-07
5.877060312788328322e-07
5.837584041778134063e-07
5.799580599239779097e-07
5.762981403339721952e-07
5.728360734275759139e-07
5.695423498071127089e-07
5.664443259872140951e-07
5.634819613839619213e-07
5.606502412435875198e-07
5.578614352712001086e-07
5.550878654836384625e-07
5.522305160833472295e-07
5.492616316817335379e-07
5.460981976757345865e-07
5.427416528743732768e-07
5.391528285723023059e-07
5.353844864086965083e-07
5.314533973020679882e-07
5.274618483296756188e-07
5.234643879070442082e-07
5.195781388566864427e-07
5.158469363404343002e-07
5.123466270028314181e-07
5.090556828722073887e-07
5.059667110381712792e-07
5.029746241273917981e-07
5.000030256671078418e-07
4.969128975121704832e-07
4.936390584097284078e-07
4.901053107407627840e-07
4.863492388132651311e-07
4.824179801764260897e-07
4.784584821520909167e-07
4.745816461705785063e-07
4.709240817738035259e-07
4.675078803847026923e-07
4.643193092612477244e-07
4.612157916707553606e-07
4.580613870543090682e-07
4.546890082145626093e-07
4.510566338853267567e-07
4.471873268350729056e-07
4.432515615235842048e-07
4.394134335831470863e-07
4.358334759426172388e-07
4.325026904160152612e-07
4.293151634683468162e-07
4.260403063252857652e-07
4.225279884409035913e-07
4.187305355819793179e-07
4.148171316503746875e-07
4.110013510277103568e-07
4.074663798508235014e-07
4.041558963268887311e-07
4.008708806942872625e-07
3.973516576105659355e-07
3.935603732509624832e-07
3.896629841829899090e-07
3.859545244451890138e-07
3.825204284271475227e-07
3.792003306084047476e-07
3.756808507337261963e-07
3.718885825407276436e-07
3.680287863357916378e-07
3.644130958398609300e-07
3.610240037846277965e-07
3.575762807862906877e-07
3.538356590532468998e-07
3.500000394919183743e-07
3.463781425124667836e-07
3.429749400030118173e-07
3.394271705363604996e-07
3.356339361256395822e-07
3.318904768943040252e-07
3.284187484280173254e-07
3.249176821179598028e-07
3.211699656932209114e-07
3.174322298900416706e-07
3.139511865710567385e-07
3.104060277379194590e-07
3.066497611708539466e-07
3.030066365491114332e-07
2.995395343199351417e-07
2.958735912674972051e-07
2.921720271040349649e-07
2.886712754313414926e-07
2.850819765341224365e-07
2.813754701213917601e-07
2.778745094567894472e-07
2.742853091330998787e-07
2.706270058668645001e-07
2.671295216331120699e-07
2.635284813662138744e-07
2.599271509880913658e-07
2.564453472249147819e-07
2.528130922496910108e-07
2.493294297921381348e-07
2.457687213809849135e-07
2.422413673065334543e-07
2.387489258150470858e-07
2.352110611865012336e-07
2.317531859699631368e-07
2.282379274113870497e-07
2.247981892958529083e-07
2.213161647445701053e-07
2.178953185276602288e-07
2.144496771260121229e-07
2.110509244528893170e-07
2.076427201446049803e-07
2.042714008046666472e-07
2.009023969178223379e-07
1.975640169731840654e-07
1.942336461970688893e-07
1.909339109846308278e-07
1.876452005740478550e-07
1.843865012210236507e-07
1.811432689618934362e-07
1.779288540512261218e-07
1.747352607484802927e-07
1.715694434575570452e-07
1.684262146348943505e-07
1.653137437825241237e-07
1.622245502635041882e-07
1.591676762012016939e-07
1.561367025272255149e-07
1.531380327240304108e-07
1.501696540282688408e-07
1.472330689395879073e-07
1.443277251884994818e-07
1.414572114816166259e-07
1.386179600785378392e-07
1.358154421700575516e-07
1.330457534587100206e-07
1.303127041960398417e-07
1.276162347464968047e-07
1.249555189519001219e-07
1.223316624488654479e-07
1.197459739317645915e-07
1.171965450209449851e-07
1.146869854672822541e-07
1.122141362373272152e-07
1.097805309495528897e-07
1.073867150495252413e-07
1.050306273447162370e-07
1.027140403669920877e-07
1.004368999187074117e-07
9.819819490958305400e-08
9.600043913826251511e-08
9.384064060864320452e-08
9.172079837224050005e-08
8.964170717491014517e-08
8.760076834677443848e-08
8.560016284400189699e-08
8.363907179108261425e-08
8.171723190892558577e-08
7.983664248523556954e-08
7.799436253530784863e-08
7.619231438951829077e-08
7.443139362039400531e-08
7.270884550674010735e-08
7.102709758196297207e-08
6.938472874317977440e-08
6.778189679424031948e-08
6.622014657305233876e-08
6.469625027639786812e-08
6.321190855305958257e-08
6.176753101394346628e-08
6.036000612851117811e-08
5.899157193135111529e-08
5.765988338375873951e-08
5.636495378737401833e-08
5.510774605801220589e-08
5.388446518631705361e-08
5.269648710064608656e-08
5.154363796014856089e-08
5.042273322293754162e-08
4.933594472390024537e-08
4.828046294476116148e-08
4.725654479524440438e-08
4.626508528792624025e-08
4.530223495608869010e-08
4.436949538912094131e-08
4.346634684213719412e-08
4.258996287789479849e-08
4.174228022825106753e-08
4.092008883854827123e-08
4.012362749266985086e-08
3.935336866678749252e-08
3.860512744524505716e-08
3.788018073372284539e-08
3.717742564508242797e-08
3.649435673352162201e-08
3.583271508023344806e-08
3.518915664262867869e-08
3.456430311399354016e-08
3.395864683077845732e-08
3.336821251838638006e-08
3.279443219787368046e-08
3.223598373553692455e-08
3.169079220214418346e-08
3.116044696040796875e-08
3.064132187078341622e-08
3.013434472022473744e-08
2.963994406583595816e-08
2.915444786974214318e-08
2.867960335623939144e-08
2.821412409548416816e-08
2.775661227175460656e-08
2.730874360702164262e-08
2.686679909746674162e-08
2.643222399154199219e-08
2.600552270939448191e-08
2.558340899092819726e-08
2.516790391090439602e-08
2.475767580227571445e-08
2.435195921498535834e-08
2.395255743775030699e-08
2.355572341909841960e-08
2.316349782163722855e-08
2.277646389800017729e-08
2.239170349360529437e-08
2.201140369110749641e-08
2.163404694596919315e-08
2.125944974138024423e-08
2.088967959289546572e-08
2.052105813986728905e-08
2.015604536441399509e-08
1.979490541619286702e-08
1.943498600378085117e-08
1.907883763561099175e-08
1.872486889761455023e-08
1.837331542731534655e-08
1.802628937740953371e-08
1.767991898489078260e-08
1.733696777721814361e-08
1.699754749838967862e-08
1.665943199399296067e-08
1.632528069941939605e-08
1.599320614018315123e-08
1.566370297010253461e-08
1.533889668489859144e-08
1.501498362127966183e-08
1.469496844310571025e-08
1.437843565745993879e-08
1.406362962379634886e-08
1.375319970432421563e-08
1.344512024524239468e-08
1.314007881286985252e-08
1.284015973344729369e-08
1.254152505062035805e-08
1.224713965907416414e-08
1.195642035734551817e-08
1.166819481187140652e-08
1.138477557142930768e-08
1.110390117278849546e-08
1.082647292649656602e-08
1.055441575948909745e-08
1.028422155664762868e-08
1.001868941774117672e-08
9.756914255818036957e-09
9.498236510643843510e-09
9.244523651007809320e-09
8.993517337853637040e-09
8.746480052425266454e-09
8.504756782484458095e-09
8.265259830454718886e-09
8.030604423905032200e-09
7.799647239990899106e-09
7.572105808344305745e-09
7.349814706002150867e-09
7.130356405073668070e-09
6.914961292195338619e-09
6.704758997125935740e-09
6.497048967389495513e-09
6.294307561590419584e-09
6.095238583616113124e-09
5.899824845904454559e-09
5.709584375980870558e-09
5.522138295227047092e-09
5.338861507416024471e-09
5.160477601529262988e-09
4.984754867963772250e-09
4.813855071132282791e-09
4.646364629574913349e-09
4.482442210689053241e-09
4.323260503368197950e-09
4.166659917167394250e-09
4.014022434747527469e-09
3.865658713021509532e-09
3.719768444251509770e-09
3.578284189587987980e-09
3.439772189888876182e-09
3.304478187632524042e-09
3.173464329274076194e-09
3.044862321073332362e-09
2.919960320943175421e-09
2.798790573237883391e-09
2.680095642614567674e-09
2.565448295698658274e-09
2.453587947390752405e-09
2.344795825801021358e-09
2.239863216136616171e-09
2.137259423323737041e-09
2.038002909064748789e-09
1.941939840649055257e-09
1.848283513819186435e-09
1.758115227228626456e-09
1.670434396096452743e-09
1.585560508662193402e-09
1.504021229089496908e-09
1.424742413889794255e-09
1.348562343694247165e-09
1.275211121945651026e-09
1.204268592404939272e-09
1.136421699051282169e-09
1.070909451395452253e-09
1.007977460910283235e-09
9.478615049337865250e-10
8.898209764605781760e-10
8.344331092367599122e-10
7.814433327646732387e-10
7.306400232622030099e-10
6.824746918216670112e-10
6.363981679175063340e-10
5.926136046774023686e-10
5.511515335636052271e-10
5.115134965862260294e-10
4.739967410853684681e-10
4.383891128757307659e-10
4.045576299533714010e-10
3.727918605613049376e-10
3.426859967765095673e-10
3.144617006606235485e-10
2.881376795346323796e-10
2.634409976140622815e-10
2.405667871575298940e-10
2.194694519756719586e-10
2.002223839581840434e-10
1.832047635130017135e-10
1.683774827366042562e-10
1.563656456582075289e-10
1.476818741677236228e-10
1.426178600484368532e-10
1.415275928538054699e-10
1.439006689953887852e-10
1.482969393505724995e-10
1.523649451665746681e-10
1.524895196368537160e-10
1.457031969266521653e-10
1.299614367110342551e-10
1.050867827260575624e-10
7.337138575709580209e-11
3.822399288968785539e-11
3.318534399409531289e-12
-2.830627710997306135e-11
-5.538400462442494239e-11
-7.702862043728018650e-11
-9.328071134869417771e-11
-1.047809787554277558e-10
-1.122133189957529083e-10
-1.166735148029962251e-10
-1.188534025575862122e-10
-1.189337402728176437e-10
-1.176560945256918049e-10
-1.152684278566705414e-10
-1.123568983808821951e-10
-1.092155621375814575e-10
-1.055542790457347465e-10
-1.015097518562534507e-10
-9.737136817658663045e-11
-9.329795927634031937e-11
-8.967534664057524108e-11
-8.587570189214638092e-11
-8.183369678662523098e-11
-7.780525750424226664e-11
-7.390080721779774612e-11
-7.028078727656094627e-11
-6.670501747303060756e-11
-6.301240488418243218e-11
-5.978114875537999408e-11
-5.663338969545270171e-11
-5.340651300128741263e-11
-5.014658875815479841e-11
-4.713445104840567274e-11
-4.464860222128364460e-11
-4.216205642262461530e-11
-3.938942919170580108e-11
-3.706130315158645832e-11
-3.496832184588439723e-11
-3.288955468190651667e-11
-3.061769405772638238e-11
-2.862148392104890393e-11
-2.703055648690343746e-11
-2.551057319416868268e-11
-2.371461711525185110e-11
-2.251535489519821390e-11
-2.123458847576988929e-11
-1.970373561509923706e-11
-1.835275240527100075e-11
-1.711162498240922940e-11
-1.615232569820888139e-11
-1.506680036487872929e-11
-1.394782901583314951e-11
-1.330352601002107994e-11
-1.231900900393429461e-11
-1.140319964316766375e-11
-1.094281298568714039e-11
-1.010169978937614937e-11
-9.492746178870015114e-12
-8.946735258975597470e-12
-8.405824473223426859e-12
-7.869849272179631191e-12
-7.501105979913004747e-12
-6.805729883173471647e-12
-6.467349902018582264e-12
-5.985436505423109176e-12
-5.892069920738379532e-12
-5.412429675859068269e-12
-5.236736772520961026e-12
-4.881232543248971136e-12
-4.544494661488661055e-12
-4.136226353513958511e-12
-3.888930732486645000e-12
-3.522277565610940677e-12
-3.144107813086022293e-12
-3.068874771375589359e-12
-2.628787017351872758e-12
-2.509322242024907095e-12
-2.275437776551509892e-12
-2.254385481248654283e-12
-2.034118794593440821e-12
-1.937023568638944541e-12
-1.882998992900817089e-12
-1.667091504287123609e-12
-1.706833809805401082e-12
-1.526790847123992456e-12
-1.477707917123448261e-12
-1.344044594009651532e-12
-1.281051022892192202e-12
-1.145412911883159067e-12
-1.064897293865859296e-12
-1.033637800466420378e-12
-8.489052262796627811e-13
-9.092604224600599865e-13
-7.762615794545991997e-13
-7.297965572949849939e-13
-7.258256063885899476e-13
-5.983477126248408226e-13
-6.203936015037184313e-13
-5.356488529705488491e-13
-5.024357056108361402e-13
-4.736911039429844934e-13
-4.300112222297917203e-13
-4.198612522715552485e-13
-3.834528841426739211e-13
-3.984400441408152145e-13
-3.448220646037888568e-13
-3.290450669849208996e-13
-3.217408938489251883e-13
-2.568910898683526930e-13
-2.490337640098696763e-13
-2.191633206368516045e-13
-1.978359787461038846e-13
-2.014992605508746782e-13
-1.821031442964001251e-13
-1.868393958642727803e-13
-1.759318307154925242e-13
-1.667585558756643089e-13
-1.443843815632240927e-13
-1.290852255009646445e-13
-1.233136668484681344e-13
-9.700268314068140833e-14
-1.101844449258471933e-13
-9.570929885081429536e-14
-9.162212943372393642e-14
-9.641308487746673677e-14
-7.612049980886579937e-14
-7.665413313402500742e-14
-7.076295246881513069e-14
-5.482062137183803991e-14
-6.517131673502852394e-14
-5.213156154738255866e-14
-5.072295036003348194e-14
-5.129466410691764553e-14
-4.242890047287351691e-14
-4.432585043048488100e-14
-3.745160672678719689e-14
-3.372977800290187292e-14
-3.414854037062125721e-14
-3.248340511667181784e-14
-2.896161568789647541e-14
-2.546674564353094763e-14
-2.482590767795216596e-14
-2.401841121718896389e-14
-2.104205306388205143e-14
-2.150237839533847028e-14
-1.639018664503924466e-14
-1.836707867576263099e-14
-1.632890268268994020e-14
-1.357758176818829308e-14
-1.609859418561439523e-14
-1.124121526134575897e-14
-1.207101767379919740e-14
-1.257199388162765462e-14
-8.705520151902107999e-15
-1.109587903920084775e-14
-8.557911716993004958e-15
-7.173014970747577516e-15
-9.715883941983844462e-15
-5.797557714356074042e-15
-6.692962380922529600e-15
-7.412812537569398248e-15
-3.947239686224694603e-15
-6.782457578522716564e-15
-4.753121671564958740e-15
-3.756672983469653052e-15
-5.462337952669098944e-15
-3.103189102986346954e-15
-4.104074012428405465e-15
-3.532126980817729486e-15
-2.530642560299333636e-15
-3.643026746645362047e-15
-2.499001998117855795e-15
-2.203937260049060615e-15
-2.926856912608823124e-15
-1.647378452686300390e-15
-2.279852495805482701e-15
-1.891670666458560928e-15
-1.433835632364489120e-15
-1.852687283066951801e-15
-1.493413288772460194e-15
-1.023221054081936199e-15
-1.720985515921756560e-15
-7.249968678529652798e-16
-1.315534493464349009e-15
-9.591816245962211921e-16
-7.731671577329959039e-16
-9.863869535943098169e-16
-7.096960110642071870e-16
-6.116845515724716266e-16
-8.112598727540904369e-16
-4.148607011376262931e-16
-6.449211245405402228e-16
-4.831577940091942021e-16
-3.995993497969672140e-16
-4.696915576282438962e-16
-3.401909559753831097e-16
-3.134374082453098120e-16
-3.590486445658593091e-16
-2.087668270920740528e-16
-2.909685742879162475e-16
-2.075381395353755756e-16
-1.953938894255139889e-16
-1.819667544182389890e-16
-1.492054091252105480e-16
-1.232329072420304557e-16
-1.360189411925547621e-16
-7.925694227144505641e-17
-1.045440515554660887e-16
-5.795633816128574309e-17
-7.549117274239259359e-17
-3.438773605940781914e-17
-4.441385358092935834e-17
-1.715427446771227965e-17
-2.743289625158331060e-17
-2.570688860278012358e-18
-6.755476575382496453e-18
1.513856172867316573e-17
-7.114331714708355537e-18
3.546506677102725209e-17
1.026640250254141619e-17
3.718462121087258629e-17
2.437638493051391629e-17
3.596455748649626246e-17
3.796126819221524891e-17
4.792420980001676332e-17
2.788775378921903906e-17
6.264637515074689817e-17
3.419136226740462280e-17
5.877376897424854373e-17
4.462848699919361277e-17
5.011469032993457999e-17
5.230794921739449582e-17
5.638298325723220172e-17
4.004003608197589277e-17
6.468797049561837324e-17
4.018327928642657589e-17
5.903521257718640887e-17
4.568886805435116111e-17
4.854182642333373191e-17
4.906785902581741202e-17
4.988370215238824657e-17
3.778891725331026268e-17
5.384785397192350899e-17
3.385504489533234670e-17
4.785474404840473178e-17
3.581162617306562500e-17
3.757447629021258629e-17
3.635158412282668921e-17
3.625728450957327804e-17
2.724678268765485054e-17
3.705160792687440299e-17
2.222586822712770241e-17
3.211267010278403939e-17
2.217030230815274041e-17
2.399400996220370660e-17
2.171074871619790190e-17
2.198117903445868390e-17
1.559492728916019501e-17
2.202570127400152559e-17
1.179045444496390680e-17
1.923808644781299364e-17
1.182586355311739409e-17
1.443744724677134520e-17
1.234503502995099326e-17
1.380623708798945312e-17
9.736814797944975748e-18
1.491306876129390959e-17
8.509361284348933981e-18
1.492717338667985213e-17
1.007651695147675247e-17
1.355055345468102695e-17
1.217253127687620398e-17
1.469592022937343230e-17
1.239116720789157418e-17
1.691505180359062801e-17
1.303035213763555883e-17
1.840911270813647187e-17
1.511549619050902560e-17
1.846367174103053840e-17
1.713539393127700363e-17
1.949325356740916400e-17
1.753514504601660739e-17
2.065873364982450363e-17
1.746198708906010375e-17
2.097442348827559328e-17
1.783961424662053508e-17
1.993669581864715029e-17
1.791403689631948508e-17
1.924349098589110934e-17
1.697373412735014814e-17
1.874033398694192450e-17
1.587656166451424573e-17
1.812614016565688268e-17
1.549340552696358076e-17
1.718307279178680310e-17
1.555472424344442899e-17
1.699092483774246637e-17
1.557670589295774570e-17
1.743085774571820672e-17
1.580511578484915575e-17
1.801815703778695771e-17
1.649523778947120652e-17
1.824667092962242804e-17
1.712776457661715579e-17
1.842158093817708401e-17
1.720426683847330263e-17
1.842456828892953867e-17
1.685842771214964903e-17
1.812370390579786962e-17
1.655477116899511199e-17
1.759191849953136480e-17
1.640876390201237676e-17
1.737012119527255182e-17
1.643205172201450673e-17
1.756360942438257185e-17
1.663769818509542609e-17
1.788751568626712876e-17
1.695958161898379717e-17
1.796060036446217819e-17
1.707320246475463357e-17
1.779226052148305722e-17
1.688527967706428967e-17
1.756224614052393103e-17
1.666589936129172693e-17
1.748756817367933885e-17
1.674941910749348991e-17
1.758738695630189863e-17
1.699971002736127870e-17
1.770064724932884121e-17
1.707435823833436171e-17
1.763045523465417112e-17
1.691325966692970185e-17
1.747690132771200932e-17
1.685627532290941718e-17
1.747476940704962954e-17
1.701033181196325901e-17
1.757552784286851153e-17
1.709329069086983930e-17
1.752865746120060335e-17
1.698022841725074123e-17
1.742690356140976609e-17
1.697993195695446103e-17
1.747793566575466959e-17
1.710070856289667801e-17
1.749535587293621113e-17
1.706844583661404122e-17
1.740219472139469601e-17
1.703091641141135759e-17
1.744006347085582837e-17
1.711595420464132076e-17
1.744874259364438719e-17
1.708286506041704517e-17
1.737478795307060376e-17
1.709977935547587706e-17
1.742339392895195353e-17
1.713224784374110694e-17
1.738362757592214149e-17
1.709768431621128201e-17
1.738701755962828091e-17
1.715217625393740657e-17
1.737583712808964557e-17
1.712340911287489867e-17
1.736326627365949836e-17
1.716071637773304039e-17
1.736509991614524148e-17
1.713757639622572109e-17
1.735555106637217232e-17
1.717145613389808053e-17
1.734235142673612968e-17
1.715842182530811568e-17
1.734950508561025217e-17
1.717326115167408278e-17
1.732913784950982907e-17
1.717954490465132353e-17
1.733578160326203927e-17
1.717472989049587810e-17
1.732946564363718724e-17
1.718884813947024157e-17
1.731660686735743648e-17
1.719474326246295840e-17
1.731703977072796878e-17
1.719217712751795762e-17
1.731786051917269822e-17
1.719465609164816186e-17
1.731260190522438388e-17
1.720123346947158103e-17
1.730604099184992075e-17
1.720698176515634630e-17
1.730132168060315614e-17
1.721077838844823926e-17
1.729818122136377256e-17
1.721349810060271281e-17
1.729568031968208554e-17
1.721588141020251793e-17
1.729333723995027664e-17
1.721819199414581454e-17
1.729103645349240006e-17
1.722045963390318436e-17
1.728878974870539299e-17
1.722265717716383448e-17
1.728662578105261849e-17
1.722476016910817590e-17
1.728456288315457217e-17
1.722675596295879718e-17
1.728260873919882324e-17
1.722864052822121887e-17
1.728076444091218363e-17
1.723041468130518091e-17
1.727902758388680300e-17
1.723208169454874851e-17
1.727739404837323119e-17
1.723364599370381723e-17
1.727585894010511549e-17
1.723511247947948697e-17
1.727441707665322330e-17
1.723648617607427772e-17
1.727306323937367153e-17
1.723777204781366437e-17
1.727179230408464297e-17
1.723897490324899292e-17
1.727059930803350041e-17
1.724009934570425876e-17
1.726947948241398128e-17
1.724114974932133142e-17
1.726842826571948970e-17
1.724213024907676886e-17
1.726744130619038025e-17
1.724304473892272807e-17
1.726651445800921713e-17
1.724389687440894458e-17
1.726564377373793074e-17
1.724469007778177526e-17
1.726482549463240230e-17
1.724542754439404144e-17
1.726405603967513405e-17
1.724611224959777188e-17
1.726333199393518750e-17
1.724674695575147549e-17
1.726265009650148662e-17
1.724733421899738097e-17
1.726200722826320837e-17
1.724787639554053848e-17
1.726140039960595916e-17
1.724837564742944136e-17
1.726082673811690621e-17
1.724883394764377839e-17
1.726028347620727265e-17
1.724925308443807449e-17
1.725976793876772429e-17
1.724963466491245420e-17
1.725927753078867078e-17
1.724998011772684705e-17
1.725880972478642663e-17
1.725029069493390895e-17
1.725836204821819592e-17
1.725056747287845303e-17
1.725793207052679135e-17
1.725081135210863197e-17
1.725751739000523743e-17
1.725102305624080407e-17
1.725711562022315824e-17
1.725120312975266406e-17
1.725672437597205253e-17
1.725135193458025746e-17
1.725634125866560150e-17
1.725146964549089219e-17
1.725596384103291072e-17
1.725155624412148260e-17
1.725558965098803638e-17
1.725161151156811642e-17
1.725521615457898183e-17
1.725163501945624792e-17
1.725484073778393093e-17
1.725162611931299127e-17
1.725446068710044731e-17
1.725158393012329271e-17
1.725407316865229299e-17
1.725150732389853070e-17
