# bin_5_3
2.225943959940080688e-04
2.225459559193564932e-04
2.225221590586495878e-04
2.224710748387277899e-04
2.224430489714158282e-04
2.223889756486813511e-04
2.223564443697625547e-04
2.222990158916962914e-04
2.222616767036246054e-04
2.222005048681545327e-04
2.221580284635227135e-04
2.220927020434640398e-04
2.220447317806012477e-04
2.219748158872659506e-04
2.219209675250080171e-04
2.218460032822452607e-04
2.217858650525159796e-04
2.217053696651102011e-04
2.216385027740791188e-04
2.215519700876790574e-04
2.214779097506606087e-04
2.213848114138213397e-04
2.213030685418712130e-04
2.212028558948242127e-04
2.211129195648628746e-04
2.210050263917262905e-04
2.209063672428489126e-04
2.207902135344952399e-04
2.206822882418829840e-04
2.205572851221386770e-04
2.204395421026273630e-04
2.203050980702974738e-04
2.201769845687981679e-04
2.200325131974706816e-04
2.198934838865856706e-04
2.197384131003458170e-04
2.195879402934115571e-04
2.194217232941625721e-04
2.192593088178926405e-04
2.190814366737930843e-04
2.189066253661163075e-04
2.187166411730904624e-04
2.185290358565018982e-04
2.183265502506235179e-04
2.181258278752946879e-04
2.179105354943016034e-04
2.176964639415218076e-04
2.174681602043510183e-04
2.172406149848001998e-04
2.169992122752143610e-04
2.167581920471357089e-04
2.165037340530413573e-04
2.162493735283354960e-04
2.159820461118675591e-04
2.157146245277654555e-04
2.154347611054018724e-04
2.151547040471353230e-04
2.148627830818772462e-04
2.145706550958692614e-04
2.142672870084965590e-04
2.139637722230036524e-04
2.136496729054554510e-04
2.133355408814895430e-04
2.130114891660735436e-04
2.126875435754768716e-04
2.123543206332471867e-04
2.120213292706844572e-04
2.116796391591854211e-04
2.113382454250416328e-04
2.109886180621807061e-04
2.106392365732382267e-04
2.102819174246729208e-04
2.099246199232103450e-04
2.095594546983742799e-04
2.091938568946449903e-04
2.088201843950890921e-04
2.084453494940792940e-04
2.080619209702587946e-04
2.076763007102070964e-04
2.072812487225448349e-04
2.068826865794448026e-04
2.064735689196381114e-04
2.060593908982305328e-04
2.056333335090543724e-04
2.052005473042965288e-04
2.047545018331179193e-04
2.043001125629900219e-04
2.038312268029152823e-04
2.033526549902407699e-04
2.028587267266879028e-04
2.023542815737571702e-04
2.018342296477103727e-04
2.013035513292861869e-04
2.007577980110020080e-04
2.002021456446822871e-04
1.996327739153626378e-04
1.990550166776699711e-04
1.984655635118109625e-04
1.978697522492816501e-04
1.972645467635689371e-04
1.966550237043907792e-04
1.960380945212714208e-04
1.954182491828535147e-04
1.947920064556051488e-04
1.941629877827541126e-04
1.935270920158562032e-04
1.928869753561541828e-04
1.922379463817349104e-04
1.915819138093076499e-04
1.909139763185814748e-04
1.902358628514996656e-04
1.895431479415814820e-04
1.888381546600300732e-04
1.881176741128713604e-04
1.873852533015406946e-04
1.866392714502401880e-04
1.858845357911238815e-04
1.851206115004712068e-04
1.843527356016217561e-04
1.835804319653121534e-04
1.828079175695764718e-04
1.820332083333129594e-04
1.812583343474059676e-04
1.804792136212347061e-04
1.796959444788672193e-04
1.789035313259028489e-04
1.781021792187465565e-04
1.772885087993652164e-04
1.764653139076064500e-04
1.756325591258535825e-04
1.747959834819034694e-04
1.739574864974695084e-04
1.731226929698213911e-04
1.722913807702251994e-04
1.714652092466675045e-04
1.706395732672340206e-04
1.698126530476802294e-04
1.689790064853750721e-04
1.681390954219827720e-04
1.672925707240025461e-04
1.664456929750345428e-04
1.656022131125641807e-04
1.647683471692574315e-04
1.639432981400715760e-04
1.631258554512592758e-04
1.623088423719326568e-04
1.614893968543978529e-04
1.606651845982729951e-04
1.598422470272873165e-04
1.590258869023393332e-04
1.582228275379746597e-04
1.574307796022849520e-04
1.566451643306929762e-04
1.558572651346846289e-04
1.550667129115339878e-04
1.542772614712364541e-04
1.534987288510949153e-04
1.527327979458126565e-04
1.519753826264196104e-04
1.512153778015947587e-04
1.504507341778717612e-04
1.496864442656326401e-04
1.489330495658175880e-04
1.481887537565767653e-04
1.474444213733722229e-04
1.466904097995261206e-04
1.459334124295863055e-04
1.451826356664758031e-04
1.444386219584897172e-04
1.436868013509128386e-04
1.429233642435905440e-04
1.421577055939790655e-04
1.413986806854873222e-04
1.406334323136891129e-04
1.398535310589579350e-04
1.390681215203283636e-04
1.382882087015343273e-04
1.374994040842295029e-04
1.366959622791701296e-04
1.358918648214825107e-04
1.350913068622010119e-04
1.342762074706259248e-04
1.334558800246124965e-04
1.326423715755982067e-04
1.318220674154767648e-04
1.309936375394158564e-04
1.301768021470802535e-04
1.293544612616643436e-04
1.285294682712291136e-04
1.277162376798234088e-04
1.268983475561986278e-04
1.260829580147124174e-04
1.252787694289279224e-04
1.244652396844833425e-04
1.236657957028736426e-04
1.228603032541724510e-04
1.220586901960249963e-04
1.212585588961268988e-04
1.204527423726656649e-04
1.196510172308474151e-04
1.188395215193969681e-04
1.180305795438787547e-04
1.172116414428958419e-04
1.163931237877728061e-04
1.155663459775836026e-04
1.147392948662791397e-04
1.139067940500896681e-04
1.130749688023428281e-04
1.122408883880323917e-04
1.114091408892105392e-04
1.105777233154554455e-04
1.097496468100902790e-04
1.089228380495180177e-04
1.080987153170797466e-04
1.072747571448004863e-04
1.064512086579163993e-04
1.056254757468678507e-04
1.047975621444380609e-04
1.039656550032415036e-04
1.031305156785359347e-04
1.022917306951080986e-04
1.014511221339104764e-04
1.006093342806229019e-04
9.976843204792704113e-05
9.892882832506270062e-05
9.809147917257842646e-05
9.725543235999911087e-05
9.642007682196022619e-05
9.558347744629422057e-05
9.474473033578732968e-05
9.390271085023782721e-05
9.305800345110217236e-05
9.221134626881890444e-05
9.136465789449945926e-05
9.051905087887842684e-05
8.967545361296363593e-05
8.883311261699645208e-05
8.799090507861208950e-05
8.714698672349170043e-05
8.630064278501478722e-05
8.545194186608494054e-05
8.460250366822679596e-05
8.375387252024066472e-05
8.290720094540212043e-05
8.206186766738281994e-05
8.121645467143058105e-05
8.036926559909018193e-05
7.952015781753071560e-05
7.867028852764230680e-05
7.782164905880245814e-05
7.697498512099306583e-05
7.612948387239492666e-05
7.528322718823437512e-05
7.443545625207927726e-05
7.358718387326664109e-05
7.274046192404962725e-05
7.189590283526950550e-05
7.105220744387564537e-05
7.020763505244040359e-05
6.936252321936173476e-05
6.851883118183898342e-05
6.767766039510314112e-05
6.683762936495413816e-05
6.599717995869162370e-05
6.515711793903882453e-05
6.431954164604315402e-05
6.348436051283111274e-05
6.264966333193617567e-05
6.181542822176577627e-05
6.098381150987577254e-05
6.015505971379128729e-05
5.932724080248623724e-05
5.850069034484768534e-05
5.767752013894760247e-05
5.685706423525381574e-05
5.603778769318607368e-05
5.522148477005169547e-05
5.440896937231652581e-05
5.359840411539150434e-05
5.279070888000875081e-05
5.198742331762958886e-05
5.118665994869337762e-05
5.038937626781028642e-05
4.959679547863429550e-05
4.880721340638903181e-05
4.802207314076594065e-05
4.724175014592010949e-05
4.646492344843915011e-05
4.569388209710028984e-05
4.492693781129750776e-05
4.416544424132148514e-05
4.340930966653384053e-05
4.265828676530262250e-05
4.191351108888620892e-05
4.117401149730905488e-05
4.044120648309664721e-05
3.971415134160655733e-05
3.899405932295990808e-05
3.828025858951471618e-05
3.757367349861435567e-05
3.687388493970973142e-05
3.618159005147150064e-05
3.549654100231286772e-05
3.481928060692736284e-05
3.414966417218722670e-05
3.348813068002391252e-05
3.283459394102084103e-05
3.218941901649617583e-05
3.155255072817083646e-05
3.092429712064382745e-05
3.030461712603403803e-05
2.969377157231052397e-05
2.909172303150533040e-05
2.849869127679816052e-05
2.791463599920849904e-05
2.733974043904817923e-05
2.677395776965813806e-05
2.621743873057388389e-05
2.567012850788100939e-05
2.513214939502836039e-05
2.460343884172951429e-05
2.408409505755399651e-05
2.357404924265353891e-05
2.307338005970957878e-05
2.258201477405752156e-05
2.210001698968951347e-05
2.162731250366334596e-05
2.116395377690687008e-05
2.070986713623993640e-05
2.026509677358798338e-05
1.982957041595708264e-05
1.940332513098277898e-05
1.898628926763379997e-05
1.857849183738948779e-05
1.817985899980100795e-05
1.779040866824587128e-05
1.741006006355007510e-05
1.703881525039529701e-05
1.667658065026511415e-05
1.632333702957708738e-05
1.597897224772314468e-05
1.564344107653438921e-05
1.531660865475684456e-05
1.499840135416552875e-05
1.468866039137640076e-05
1.438728475591078250e-05
1.409409431017489302e-05
1.380896537060062662e-05
1.353170233863936607e-05
1.326216617835334294e-05
1.300015335670006114e-05
1.274551716855826904e-05
1.249805281269416569e-05
1.225761134877405708e-05
1.202398998473745703e-05
1.179703876708351449e-05
1.157655559258925975e-05
1.136238645090819934e-05
1.115432528426609276e-05
1.095220903575595720e-05
1.075582298204685632e-05
1.056499174414716030e-05
1.037949061912133182e-05
1.019913336244236973e-05
1.002368935308889788e-05
9.852968104366496613e-06
9.686741147093878582e-06
9.524822523569330992e-06
9.366994033350003451e-06
9.213080818873499781e-06
9.062878847172259510e-06
8.916225451770656374e-06
8.772929016573874681e-06
8.632835335097860808e-06
8.495760479855355403e-06
8.361554639728134092e-06
8.230039497285737669e-06
8.101070735760950331e-06
7.974479876254791642e-06
7.850135022544232866e-06
7.727885304519726924e-06
7.607617642983195248e-06
7.489201666319877885e-06
7.372541389817949472e-06
7.257520927550467834e-06
7.144053615019735770e-06
7.032031566240897143e-06
6.921375248889143531e-06
6.811987805521936493e-06
6.703803629867734026e-06
6.596743819330337461e-06
6.490759967837309764e-06
6.385788645558465885e-06
6.281791818066366204e-06
6.178714263387510363e-06
6.076524817486455994e-06
5.975177889197366861e-06
5.874652799447087112e-06
5.774914515041473063e-06
5.675949190242953692e-06
5.577727302389432839e-06
5.480241092753124145e-06
5.383471085525054795e-06
5.287418886340756785e-06
5.192070352099654952e-06
5.097427237788957947e-06
5.003478115929300975e-06
4.910232631912922275e-06
4.817688322381674148e-06
4.725856496477404381e-06
4.634733403814978686e-06
4.544334034882678904e-06
4.454663141393485674e-06
4.365735353005645686e-06
4.277546453716468717e-06
4.190112641968571510e-06
4.103451191617970939e-06
4.017587503839754777e-06
3.932513699845608951e-06
3.848236383093843848e-06
3.764774133772887090e-06
3.682155135653837933e-06
3.600377037166279240e-06
3.519459949755652298e-06
3.439425120959981523e-06
3.360279888700701793e-06
3.282011366528222052e-06
3.204660346432801161e-06
3.128256045602690076e-06
3.052777265921410727e-06
2.978226541311680761e-06
2.904647818329312572e-06
2.832027829554766976e-06
2.760406096112680323e-06
2.689767611030465651e-06
2.620088630448117869e-06
2.551438657531756889e-06
2.483794353296793141e-06
2.417144546750052046e-06
2.351535690829312946e-06
2.286923328258688093e-06
2.223362479810955820e-06
2.160824464756082297e-06
2.099284811735266550e-06
2.038813721547455157e-06
1.979368715333003981e-06
1.920957907767243921e-06
1.863605467284321714e-06
1.807260940101389864e-06
1.751983584917092392e-06
1.697744682827223121e-06
1.644502978506706006e-06
1.592337791284013493e-06
1.541199538786176358e-06
1.491084972832061341e-06
1.442010456102115479e-06
1.393925740320899379e-06
1.346892998930483674e-06
1.300852063378372977e-06
1.255772550111134600e-06
1.211726900502505409e-06
1.168632453314590162e-06
1.126509026392490352e-06
1.085358789869780573e-06
1.045119600048524938e-06
1.005857460234988783e-06
9.675092508768973621e-07
9.300443372704112365e-07
8.935366717323055509e-07
8.579081664888079453e-07
8.231867605120575167e-07
7.893750550225687168e-07
7.564056396923302057e-07
7.243661795641750066e-07
6.931968573235329369e-07
6.628625407685957873e-07
6.334331288639360649e-07
6.048330398310794088e-07
5.770923867925961126e-07
5.501968080818521868e-07
5.240839659612578301e-07
4.988379087966903582e-07
4.743811671976178041e-07
4.506932225958607412e-07
4.278349846123280195e-07
4.057181647716278704e-07
3.843898345086516456e-07
3.638334320000022813e-07
3.439830417353639421e-07
3.249255048495214057e-07
3.065813116953853836e-07
2.889359318824892718e-07
2.720346766328878805e-07
2.557894484214383831e-07
2.402434856740943115e-07
2.253706726782348599e-07
2.111066130671154080e-07
1.975205274580871080e-07
1.845301175501213761e-07
1.721351789444317402e-07
1.603568299358933205e-07
1.491219631029603504e-07
1.384665077504563980e-07
1.283653105931235828e-07
1.187680467484576913e-07
1.097233506879549667e-07
1.011672240363215409e-07
9.310983746250722224e-08
8.556349688869838797e-08
7.849162068970307264e-08
7.193312403704041938e-08
6.589014135730679171e-08
6.036050639957822571e-08
5.540237772818235285e-08
5.100476001055243113e-08
4.720841680584126042e-08
4.402676266279381630e-08
4.142832876824702879e-08
3.937740657809985370e-08
3.777451354405268924e-08
3.646915508700105718e-08
3.528390141974640116e-08
3.397937545352781692e-08
3.233236399275461070e-08
3.011277963976487717e-08
2.712092838982170019e-08
2.321397047776836048e-08
1.834446197169260927e-08
1.258551111476636739e-08
6.150833596757850552e-09
-6.070714112777605005e-10
-7.254051056011013680e-09
-1.337165779879306474e-08
-1.863348495426090037e-08
-2.289538723214698010e-08
-2.613406873593225731e-08
-2.842209025971789765e-08
-2.988639704931413037e-08
-3.064716828891588777e-08
-3.085884597294841047e-08
-3.067475715688009747e-08
-3.020014593474467372e-08
-2.952696649024163902e-08
-2.868168797955000230e-08
-2.771473065488828804e-08
-2.670615425547335295e-08
-2.567905709073383462e-08
-2.463780841564187335e-08
-2.356725434378439883e-08
-2.248015623752777847e-08
-2.144637656918818711e-08
-2.044993675356585982e-08
-1.945043835340513406e-08
-1.844754391952002251e-08
-1.747387240316352630e-08
-1.656879012580817930e-08
-1.569581546345482915e-08
-1.481281235807590719e-08
-1.397361421027065105e-08
-1.320160346936830651e-08
-1.247132459103147673e-08
-1.173489819422919382e-08
-1.100374580887480475e-08
-1.035432544251120300e-08
-9.770816222729066628e-09
-9.174527836238859853e-09
-8.594855739215347927e-09
-8.077888328926041543e-09
-7.608548520064667510e-09
-7.134654920137146922e-09
-6.663360159359817961e-09
-6.262785048352161626e-09
-5.899173679551475234e-09
-5.513891337305670132e-09
-5.167532586185579441e-09
-4.849685985398742241e-09
-4.561468711548757360e-09
-4.239977597085779561e-09
-3.942211841964283988e-09
-3.724810100947557430e-09
-3.488555329995681577e-09
-3.251148073412960206e-09
-3.052281857830788062e-09
-2.853400072948276215e-09
-2.682338019542546718e-09
-2.515634426538194970e-09
-2.357604323157690870e-09
-2.224142391333922034e-09
-2.070252886083928262e-09
-1.941851497878885087e-09
-1.844355216471714279e-09
-1.730133464959794813e-09
-1.614515816167436181e-09
-1.514374414884840054e-09
-1.413837892692007253e-09
-1.346029885765461315e-09
-1.247009941767913643e-09
-1.164169270309270400e-09
-1.089507226149372258e-09
-1.014267650079793077e-09
-9.132727411041765118e-10
-8.673065779297957891e-10
-7.904770348152646887e-10
-7.137133178687814694e-10
-6.851465422159186851e-10
-6.323502160573236823e-10
-5.767473777355869841e-10
-5.397793580401349329e-10
-5.326959570336803052e-10
-4.701551848258751861e-10
-4.621431813584367602e-10
-4.381300893791351930e-10
-3.928599830846454156e-10
-3.815769435905211779e-10
-3.525871482382196435e-10
-3.361924531667022180e-10
-2.965824167415672872e-10
-2.903333216591342360e-10
-2.598632577597394215e-10
-2.412419127194054967e-10
-2.343627667662643047e-10
-1.981069719662374971e-10
-2.016502538131770978e-10
-1.788997166861472114e-10
-1.675561798444930493e-10
-1.562336510737642776e-10
-1.454592509332191193e-10
-1.369144164869379737e-10
-1.231018557086119343e-10
-1.241824376877123350e-10
-1.044663318452286181e-10
-1.051538563083470536e-10
-9.818001963444998083e-11
-8.437896674408044029e-11
-9.031612277111568249e-11
-7.480658329143977925e-11
-7.245348090009395819e-11
-7.086607225420703015e-11
-5.735061505713090334e-11
-5.903605792281486871e-11
-5.210931112074603354e-11
-4.808752954383759099e-11
-4.736480526476800291e-11
-4.253277654802492783e-11
-4.205569594774469196e-11
-3.714385968991805354e-11
-3.654230571755548715e-11
-3.250133601864788848e-11
-2.946506029757348287e-11
-2.841872610852905141e-11
-2.423779559172419920e-11
-2.512222069302427801e-11
-2.266480101516583781e-11
-2.012321626217345008e-11
-2.080851613775540864e-11
-1.807747604696490548e-11
-1.707417253737806274e-11
-1.556327542332080931e-11
-1.408317606507309143e-11
-1.408876511392507464e-11
-1.263771311645426145e-11
-1.168079438686179346e-11
-1.076317062715063973e-11
-1.069670385224473034e-11
-9.570565270788471082e-12
-8.344166814664413145e-12
-8.840890708254747853e-12
-7.091993262907757048e-12
-7.457877994189349205e-12
-6.924514383738062601e-12
-5.381004586278414598e-12
-6.468898374543379644e-12
-5.144054723257858250e-12
-4.557794859026207044e-12
-5.460608947998720411e-12
-3.590323264428560954e-12
-4.391030950890861670e-12
-3.825847844871427162e-12
-2.888903106546642311e-12
-4.035413913614085365e-12
-2.610926979047803010e-12
-2.669703540351544660e-12
-3.098950709690416673e-12
-1.983560251367454179e-12
-2.579110077900503917e-12
-2.147849973212735293e-12
-1.538309468007960256e-12
-2.395772699037403239e-12
-1.414071827397729312e-12
-1.551154831217305031e-12
-1.788702258836119330e-12
-1.040049369212725193e-12
-1.535125848185022323e-12
-1.225838094990586000e-12
-8.799771932423000753e-13
-1.346210696772198448e-12
-8.145407474090999876e-13
-9.453568382908433464e-13
-9.459823123530582063e-13
-6.456431643832781801e-13
-8.773539458122989427e-13
-6.926926899305867105e-13
-5.330470254600228205e-13
-7.653007365605658712e-13
-4.724393471190466352e-13
-5.603699413653483883e-13
-5.447247071144907959e-13
-3.795125833528695101e-13
-5.150051216798257196e-13
-4.106951512365749706e-13
-3.131200368660924338e-13
-4.586530462787332485e-13
-2.687504974092482351e-13
-3.509957093739160580e-13
-3.131783862314639668e-13
-2.361190251632667426e-13
-3.116660802568134003e-13
-2.395241166493830920e-13
-2.075576612228417824e-13
-2.668843422290461380e-13
-1.733573514179435654e-13
-2.158676705434967859e-13
-1.938093155717379473e-13
-1.522802454784199390e-13
-1.933377018383888905e-13
-1.504549396863861881e-13
-1.399015645177500974e-13
-1.642396579625485076e-13
-1.172350197797685400e-13
-1.395687391000137910e-13
-1.258539868333057989e-13
-1.051424951701738502e-13
-1.256729233211921202e-13
-1.017054727217565194e-13
-9.874846943141617724e-14
-1.073105934953466259e-13
-8.490516423993237346e-14
-9.571158558685835522e-14
-8.724160437583082030e-14
-7.758808680044473247e-14
-8.682094823378185357e-14
-7.390984334265188901e-14
-7.351004356527395069e-14
-7.557904664930963107e-14
-6.497412811321998162e-14
-6.999578644746074317e-14
-6.488162798494926037e-14
-6.044786663294441826e-14
-6.381182225621070822e-14
-5.749158438220049129e-14
-5.700804001340220495e-14
-5.724101094084797051e-14
-5.194547941155095128e-14
-5.413867324529537951e-14
-5.072724970089357285e-14
-4.892289202134930685e-14
-4.945351211490662690e-14
-4.638363374614496063e-14
-4.564790852893817678e-14
-4.540776716051453648e-14
-4.226477721689821406e-14
-4.314937259524902881e-14
-4.075099839823339335e-14
-3.989126039076553233e-14
-3.920962937379425668e-14
-3.769317921443236509e-14
-3.665356143786246116e-14
-3.616996012607900604e-14
-3.414542876383616213e-14
-3.415218283230197008e-14
-3.231976799199205735e-14
-3.174296658046983746e-14
-3.053667781793922103e-14
-2.957016650065954972e-14
-2.833622166491237340e-14
-2.771251931762499880e-14
-2.612150489046155508e-14
-2.562702154024923919e-14
-2.406947775464941325e-14
-2.340614868689134742e-14
-2.200663858513884035e-14
-2.120564465233189683e-14
-1.983588475247217482e-14
-1.907114511014899529e-14
-1.764224040779025548e-14
-1.684771178019752511e-14
-1.543386556974757090e-14
-1.465617277784818187e-14
-1.322369568269014810e-14
-1.243013075965289386e-14
-1.104637604106262894e-14
-1.022707545307533061e-14
-8.927346691502174974e-15
-8.040051199583217905e-15
-6.794515800003072397e-15
-6.007920935904918753e-15
-4.732811834361628660e-15
-4.020237352875191819e-15
-2.824288165669034829e-15
-2.134773166117428965e-15
-1.098561892425888787e-15
-3.836815187453241525e-16
5.312310947919971561e-16
1.091873388924316677e-15
1.972294294423403384e-15
2.380985079717024313e-15
3.147788085440648400e-15
3.471957779208740290e-15
4.028208451521426642e-15
4.310686835247186822e-15
4.711298569920101917e-15
4.820866256005292452e-15
5.143932124808450728e-15
5.087385101302641393e-15
5.300373953189658747e-15
5.154179465675228415e-15
5.194472829030981861e-15
5.021932193954562417e-15
4.956725319289902554e-15
4.691228338985811835e-15
4.608612012067986430e-15
4.276869841751964268e-15
4.193307337232122934e-15
3.876414885355154765e-15
3.763219483224493934e-15
3.532574090236083373e-15
3.450681881374424025e-15
3.272060815409048060e-15
3.286698814002786885e-15
3.166633168027275582e-15
3.282550561102354979e-15
3.253899362108662668e-15
3.415881178455529452e-15
3.492503305887676826e-15
3.693895030471162596e-15
3.804338841547549477e-15
4.037063283423046116e-15
4.129224946142907566e-15
4.351370962518978187e-15
4.403917372657889780e-15
4.544953363187752220e-15
4.551186686667106367e-15
4.602211182090210107e-15
4.531529931749515707e-15
4.521119879250473684e-15
4.384753386536250887e-15
4.348517899466599363e-15
4.202013332780931127e-15
4.164357914951597929e-15
4.069442242420697495e-15
4.074787798199744172e-15
4.045410701849533568e-15
4.120351541248577987e-15
4.141273038734517014e-15
4.263026203327891046e-15
4.302407551552142286e-15
4.406424955366212322e-15
4.422395679846388493e-15
4.467015931459645605e-15
4.424938805374192908e-15
4.414800568662651766e-15
4.328358982955103891e-15
4.306864128639243320e-15
4.234347345842630011e-15
4.245397431043256308e-15
4.231705405959659079e-15
4.290115486053409757e-15
4.316051281317065759e-15
4.385412531878009542e-15
4.390392905857387087e-15
4.420105534477089317e-15
4.375343551585651409e-15
4.361493685838123617e-15
4.305553731261290807e-15
4.303782098342017420e-15
4.289312455646641737e-15
4.332475560878475264e-15
4.347342499216431265e-15
4.392708523059437484e-15
4.379488108631279037e-15
4.380362035826397743e-15
4.336926212774071125e-15
4.331012069738728249e-15
4.315338167963807971e-15
4.347987038364248414e-15
4.357909633803603211e-15
4.386269179873754969e-15
4.365006828623101747e-15
4.358447902658608803e-15
4.329742239347203812e-15
4.343694922635083443e-15
4.349603394384757614e-15
4.376798991222768944e-15
4.364671730933648896e-15
4.361106730441525623e-15
4.337532951334136118e-15
4.352368245966826821e-15
4.357244940279564097e-15
4.374109090542269061e-15
4.356285733734991735e-15
4.353255522596754261e-15
4.345780361981449896e-15
4.366843493106736133e-15
4.362336629906271903e-15
4.361444230352212348e-15
4.346742301094518952e-15
4.361281110829494675e-15
4.361740428366617420e-15
4.363603301577517835e-15
4.349418063717536140e-15
4.361434570986941826e-15
4.360796572656111241e-15
4.361985753517946193e-15
4.351553119272884528e-15
4.363819096018806901e-15
4.359472040903774514e-15
4.358949941882784155e-15
4.355657603622832563e-15
4.365229353138981922e-15
4.355166256610061173e-15
4.360503827045529597e-15
4.359628815237817522e-15
4.360480065620701986e-15
4.356459992108543745e-15
4.363663830966786602e-15
4.355783999044399951e-15
4.362075316094531223e-15
4.358331574950917542e-15
4.360170872664352315e-15
4.359096245473854604e-15
4.360526528085689101e-15
4.358232361242549198e-15
4.361503299136749284e-15
4.357516934577686878e-15
4.361928962103682642e-15
4.357401034961185653e-15
4.361862373348158997e-15
4.357593243686899294e-15
4.361629223326258018e-15
4.357833920698208302e-15
4.361399610063497290e-15
4.358030872674373540e-15
4.361212977506197664e-15
4.358176045340923666e-15
4.361062423491769209e-15
4.358282252180005950e-15
4.360934570629198229e-15
4.358361454563716353e-15
4.360819610013744915e-15
4.358421288785517964e-15
4.360711560164976383e-15
4.358466124628780900e-15
4.360606868466653433e-15
4.358498386388834212e-15
4.360503319719677439e-15
4.358519401397506320e-15
4.360399401038097291e-15
4.358529866745424439e-15
4.360293960999111836e-15
4.358530095378942971e-15
4.360186028185832399e-15
4.358520145920341580e-15
4.360074711882550884e-15
4.358499892092418982e-15
4.359959144960370889e-15
4.358469060228799809e-15
4.359838448749864261e-15
4.358427249220205282e-15
4.359711709578170519e-15
4.358373940367572046e-15
4.359577961544423306e-15
4.358308501016967814e-15
4.359436172598154800e-15
4.358230184167289262e-15
4.359285232261263427e-15
4.358138125196166628e-15
4.359123940016398645e-15
4.358031336408681632e-15
4.358950993743601134e-15
4.357908699769883835e-15
4.358764977824103643e-15
4.357768958039807656e-15
4.358564350613701809e-15
4.357610704417494156e-15
4.358347431098482480e-15
4.357432370722060020e-15
4.358112384533861001e-15
4.357232214111985984e-15
4.357857206959297663e-15
4.357008302308607437e-15
4.357579708426424593e-15
4.356758497269319019e-15
4.357277494838891068e-15
4.356480437234118831e-15
4.356947948276687107e-15
4.356171517078807506e-15
4.356588205693887165e-15
4.355828866879155648e-15
4.356195135884289560e-15
4.355449328608269823e-15
4.355765314609236401e-15
4.355029430875050459e-15
4.355294997793047729e-15
4.354565361627869820e-15
4.354780092693304563e-15
4.354052938751178837e-15
4.354216126987750299e-15
4.353487578505722425e-15
4.353598215714855406e-15
4.352864261768695881e-15
4.352921026050418340e-15
4.352177498084622951e-15
4.352178739935822892e-15
4.351421287554273807e-15
4.351365014603405360e-15
4.350589080655734047e-15
4.350472941129467508e-15
4.349673736145709683e-15
4.349495001191116353e-15
4.348667477281041183e-15
4.348423022317108528e-15
4.347561846687604267e-15
4.347248132016676489e-15
4.346347660341747698e-15
