# des_sv_angle
9.849009324287467688e-04
9.849009324287467688e-04
2.271944538316491777e-03
2.271944538316491777e-03
2.271944538316491777e-03
2.271944538316491777e-03
2.271944538316491777e-03
2.271944538316491777e-03
5.234126071447527985e-03
5.234126071447527985e-03
5.234126071447527985e-03
5.234126071447527985e-03
5.234126071447527985e-03
5.234126071447527985e-03
1.203683771930409360e-02
1.203683771930409360e-02
1.203683771930409360e-02
1.203683771930409360e-02
1.203683771930409360e-02
1.203683771930409360e-02
1.203683771930409360e-02
1.203683771930409360e-02
1.203683771930409360e-02
1.203683771930409360e-02
2.754949864395489501e-02
2.754949864395489501e-02
2.754949864395489501e-02
2.754949864395489501e-02
2.754949864395489501e-02
2.754949864395489501e-02
6.227625659324433072e-02
6.227625659324433072e-02
6.227625659324433072e-02
6.227625659324433072e-02
6.227625659324433072e-02
6.227625659324433072e-02
