# des_sv_data
5.912510000000000080e-05
8.004979999999999377e-05
1.262389999999999953e-05
9.248179999999999265e-06
9.067080000000000270e-06
3.033100000000000149e-05
2.229669999999999948e-05
3.888690000000000202e-05
9.085290000000000219e-06
3.661550000000000120e-06
1.170490000000000037e-05
8.745150000000000457e-06
1.373889999999999987e-05
2.677589999999999888e-05
2.539789999999999954e-06
2.511890000000000187e-06
2.313180000000000018e-06
5.697390000000000012e-06
3.484009999999999869e-06
1.340739999999999974e-05
1.440219999999999909e-06
2.035370000000000047e-06
4.146730000000000022e-06
8.629509999999999986e-06
7.768000000000000208e-07
1.042870000000000020e-06
1.170319999999999961e-06
9.580209999999999201e-07
2.563580000000000195e-06
5.477029999999999804e-06
7.354079999999999900e-07
5.472200000000000521e-07
3.768800000000000237e-07
7.603530000000000324e-07
7.515120000000000394e-07
2.333190000000000102e-06
