# des_sv_theory
5.682456719229138115e-05
9.074294522875000026e-05
8.172763096223255739e-06
1.120424282969869594e-05
1.272586653316400933e-05
2.049097411148488379e-05
2.675927052264858602e-05
4.391411887046995196e-05
3.771126377121382846e-06
5.238813601043479291e-06
5.964954388259528979e-06
9.980155231785787050e-06
1.320633299012836415e-05
2.202964805116737783e-05
1.838776621620224500e-06
2.574578379783666319e-06
2.945968325301266770e-06
4.792203613740576067e-06
6.274152370929418565e-06
9.905370537140335802e-06
2.003692043648075513e-06
3.234050369961786370e-06
4.226411635471814987e-06
6.971146224695707988e-06
6.279818981210472999e-07
8.764154842189233269e-07
9.981551882988972811e-07
1.709338049550140642e-06
2.281133244095522401e-06
3.916322234611446896e-06
3.410027264010341396e-07
4.842847345636641757e-07
5.549209204331865698e-07
9.458372784541335684e-07
1.259776127332848057e-06
2.070553191924550706e-06
