# des_sv_simulation
5.682418724110528056e-05
9.074220732095232284e-05
8.172576649999602007e-06
1.120413728204310587e-05
1.272574958895233171e-05
2.049082667375076348e-05
2.675906120086044912e-05
4.391375561633463004e-05
3.771080843337290482e-06
5.238712255114758152e-06
5.964842713455949665e-06
9.980074661873871025e-06
1.320622753119700875e-05
2.202946603688096656e-05
1.838743234493113986e-06
2.574538663027522474e-06
2.945930263101548468e-06
4.792156994681773537e-06
6.274089415353933594e-06
9.905287556516391962e-06
2.003674749350038235e-06
3.234034464758783498e-06
4.226370612908348401e-06
6.971103852675495273e-06
6.279778739525369915e-07
8.763979499297087205e-07
9.981404705698362013e-07
1.709323592769472380e-06
2.281115020276809436e-06
3.916296043812980775e-06
3.409915901746817340e-07
4.842728685663228493e-07
5.549093674721617517e-07
9.458229902832348757e-07
1.259757523031500481e-06
2.070534783084904874e-06
