# bin_1_1
1.485808770228406960e-07
1.494876452983110322e-07
1.504293174602691687e-07
1.514072023397680683e-07
1.524226549741109743e-07
1.534770779989890498e-07
1.545719230971102376e-07
1.557086926035706404e-07
1.568889409704934689e-07
1.581142758028011255e-07
1.593863595296150271e-07
1.607069108050760988e-07
1.620777060681607903e-07
1.635005811056707664e-07
1.649774329330666802e-07
1.665102209855324997e-07
1.681009687083283051e-07
1.697517651260716343e-07
1.714647653811490255e-07
1.732421925332047443e-07
1.750863384773991168e-07
1.769995658556597333e-07
1.789843099550419754e-07
1.810430795822020982e-07
1.831784572858380618e-07
1.853931004592122585e-07
1.876897419945650650e-07
1.900711918555052485e-07
1.925403376792060019e-07
1.951001448016886130e-07
1.977536583776380080e-07
2.005040012769365323e-07
2.033543746519081503e-07
2.063080546875284187e-07
2.093683949352096319e-07
2.125388264995538262e-07
2.158228563243807104e-07
2.192240645607016373e-07
2.227461006465216870e-07
2.263926810775737277e-07
2.301675886874760683e-07
2.340746690831519807e-07
2.381178272847811817e-07
2.423010213613732566e-07
2.466282570312872885e-07
2.511035853446833817e-07
2.557310977084521995e-07
2.605149116968564097e-07
2.654591635394076577e-07
2.705680053807934382e-07
2.758455925274388627e-07
2.812960722912181357e-07
2.869235690465499203e-07
2.927321764658485931e-07
2.987259465135214934e-07
3.049088668144211840e-07
3.112848387456505075e-07
3.178576666840258696e-07
3.246310477451726846e-07
3.316085438070736368e-07
3.387935654877228348e-07
3.461893443151354922e-07
3.537988973286227116e-07
3.616250208895617076e-07
3.696702517391021676e-07
3.779368134462900542e-07
3.864266204949050668e-07
3.951412262795203203e-07
4.040817736229434744e-07
4.132490007031060586e-07
4.226431638881290441e-07
4.322639974644921964e-07
4.421106985897495189e-07
4.521818656351813834e-07
4.624754635751993775e-07
4.729887617317801463e-07
4.837182534447747328e-07
4.946595913086417155e-07
5.058074922624085395e-07
5.171556855009075158e-07
5.286968877969388361e-07
5.404227631166672826e-07
5.523238891577172543e-07
5.643896804080150202e-07
5.766082982105414142e-07
5.889665839456342578e-07
6.014499537105935326e-07
6.140422682750741412e-07
6.267258084998950110e-07
6.394811726095969819e-07
6.522873245470080080e-07
6.651214922221734882e-07
6.779590706286941961e-07
6.907735903633897708e-07
7.035365528398555587e-07
7.162173978428934157e-07
7.287834767667352840e-07
7.411999818047434810e-07
7.534300110165723892e-07
7.654346189506888312e-07
7.771726781496107316e-07
7.886008515428247409e-07
7.996735407600764291e-07
8.103426969119252808e-07
8.205582223581670274e-07
8.302691013897618440e-07
8.394248309110302366e-07
8.479761656922749576e-07
8.558736507210928650e-07
8.630647092616768887e-07
8.694915668019999132e-07
8.750913353468229425e-07
8.797989151066376480e-07
8.835513055082898236e-07
8.862887738729485819e-07
8.879552229800408342e-07
8.884980220005717142e-07
8.878668954051596633e-07
8.860152422511920551e-07
8.829034379997493068e-07
8.785004129436386934e-07
8.727855532130833511e-07
8.657482781712317671e-07
8.573828614799999333e-07
8.476873026663629861e-07
8.366655531630481800e-07
8.243347151002471181e-07
8.107340978323349603e-07
7.959278860234176174e-07
7.800021320997566066e-07
7.630571422195861055e-07
7.452026316622641356e-07
7.265573262945416820e-07
7.072508713999847005e-07
6.874242485205628927e-07
6.672268626839867005e-07
6.468117776194841571e-07
6.263319124061974803e-07
6.059364063834237811e-07
5.857672115046657550e-07
5.659561016938170334e-07
5.466217072413717315e-07
5.278661914157104576e-07
5.097718624299025422e-07
4.923965665053400408e-07
4.757684244314482806e-07
4.598822189563014795e-07
4.446989333245077973e-07
4.301503087992805940e-07
4.161468480224941033e-07
4.025865707882059323e-07
3.893638891950685769e-07
3.763760683178451065e-07
3.635297736739131743e-07
3.507468859461898174e-07
3.379696551823170333e-07
3.251665665481468136e-07
3.123354305543366843e-07
2.994988243487774338e-07
2.866962586480625501e-07
2.739756533485107826e-07
2.613866566795685840e-07
2.489781622544581204e-07
2.367995887408280294e-07
2.249032368034731080e-07
2.133481967175501261e-07
2.022028453922670933e-07
1.915435845498693950e-07
1.814486218686176238e-07
1.719834892083077812e-07
1.631848656092893295e-07
1.550467293422803179e-07
1.475146848198638621e-07
1.404903736671331937e-07
1.338504469415214320e-07
1.274732681490512350e-07
1.212683977284423080e-07
1.151931134933984826e-07
1.092522035720038504e-07
1.034814830154434658e-07
9.792554000585503432e-08
9.262151440056424094e-08
8.759353444909391766e-08
8.285591405607007714e-08
7.841638742526954709e-08
7.427452433445029964e-08
7.041442432473385076e-08
6.680042863042855046e-08
6.338400565828175179e-08
6.011926536978613536e-08
5.698170447507201929e-08
5.397552240993015735e-08
5.112417318047096456e-08
4.845296517321087507e-08
4.596907530063917775e-08
4.365678804381345122e-08
4.148860003524425348e-08
3.943867144227105131e-08
3.749626184647254980e-08
3.566309702993135934e-08
3.394396344067819579e-08
3.233660450600973347e-08
3.083138065773479022e-08
2.941664283150531430e-08
2.808456813602378780e-08
2.683085106153199310e-08
2.565243996726193668e-08
2.454478559466479116e-08
2.350204418978497305e-08
2.251881857110932389e-08
2.159077562370494082e-08
2.071406010524230051e-08
1.988475771867912085e-08
1.909912051538246725e-08
1.835363679769176918e-08
1.764504906901661437e-08
1.697038880270506319e-08
1.632677061230422646e-08
1.571162024034548295e-08
1.512263195054963848e-08
1.455762959583026834e-08
1.401464389459162919e-08
1.349181541568338249e-08
1.298742160492339173e-08
1.249992632359953477e-08
1.202797437299468913e-08
1.157041385336879473e-08
1.112614796684302667e-08
1.069432856548645328e-08
1.027418244360837637e-08
9.865093071678812401e-09
9.466528367717653553e-09
9.078095254127374879e-09
8.699453556378176782e-09
8.330347572737869822e-09
7.970635429833116108e-09
7.620142531740522025e-09
7.278833500426972495e-09
6.946707267148734827e-09
6.623736206742060227e-09
6.309949591884148427e-09
6.005432394954925719e-09
5.710205823974029880e-09
5.424354875965134168e-09
5.147897005507851853e-09
4.880905232282044797e-09
4.623362081830526096e-09
4.375324248133462247e-09
4.136763358639498584e-09
3.907629520320495275e-09
3.687848580961039240e-09
3.477369435860963934e-09
3.276086845561471085e-09
3.083810839021463888e-09
2.900435221120372890e-09
2.725742588200550776e-09
2.559560713728627307e-09
2.401658948728026829e-09
2.251822848104066327e-09
2.109803136852836906e-09
1.975331949719524399e-09
1.848153137963364700e-09
1.727999434313679865e-09
1.614610397763811299e-09
1.507703115542358541e-09
1.407006071160062857e-09
1.312239391379497980e-09
1.223140412531398229e-09
1.139443456963330070e-09
1.060875735602181371e-09
9.871976407633802706e-10
9.181509785114706007e-10
8.534867132334086297e-10
7.929845330760253793e-10
7.364059280761640199e-10
6.835434696295228114e-10
6.341696381508598078e-10
5.881018221893434988e-10
5.451433344855435065e-10
5.051124140363508514e-10
4.678364781188079056e-10
4.331442883817370382e-10
4.008875252263466372e-10
3.709071993573391364e-10
3.430598058129597877e-10
3.172128168874161692e-10
2.932364468193822546e-10
2.710132979485448750e-10
2.504271086289849253e-10
2.313680612756269814e-10
2.137308333472380176e-10
1.974205563826839818e-10
1.823432316292477672e-10
1.684111424672132879e-10
1.555411582559708302e-10
1.436536449237689931e-10
1.326743760397484955e-10
1.225347111449178311e-10
1.131694991219696782e-10
1.045200557809176974e-10
9.653166718997828802e-11
8.915381281638568634e-11
8.233983234022149599e-11
7.604663111577233953e-11
7.023440874102622116e-11
6.486640519381854120e-11
5.990866897479809810e-11
5.532985328163715954e-11
5.110098360076491819e-11
4.719531983017368312e-11
4.358816261515614018e-11
4.025669814316860658e-11
3.717985353762556118e-11
3.433817280843227238e-11
3.171368154841684125e-11
2.928978090875762867e-11
2.705113945634796484e-11
2.498359789158251304e-11
2.307407894934478729e-11
2.131050483050707941e-11
1.968172125968460818e-11
1.817742637337397976e-11
1.678810542583177719e-11
1.550497089392307404e-11
1.431990688516937535e-11
1.322541805817741917e-11
1.221430381331021528e-11
1.128074824195496836e-11
1.041854494975935323e-11
9.622240513517831502e-12
8.886798452739838246e-12
8.207566894233715227e-12
7.580249512964257803e-12
7.000878524390736151e-12
6.465789451881463242e-12
5.971597795286786729e-12
5.515177717385429899e-12
5.093642435872239303e-12
4.704325745867726333e-12
4.344765203733453775e-12
4.012686580149625810e-12
3.705989352898159020e-12
3.422733541345115473e-12
3.161127485986945745e-12
2.919516458707624522e-12
2.696372240877032533e-12
2.490283369276585978e-12
2.299946258391897529e-12
2.124156963220663713e-12
1.961803551012925888e-12
1.811859111067783832e-12
1.673375204118946406e-12
1.545663302011123038e-12
1.427524760925911930e-12
1.318415795271232953e-12
1.217646313847174758e-12
1.124578942254055410e-12
1.038624957475172329e-12
9.592406398511056176e-13
8.859238359777196060e-13
8.182107743422963431e-13
7.556731364915324809e-13
6.979153431047171886e-13
6.445720523520874871e-13
5.953058489567691842e-13
5.502625543576785232e-13
5.082044002278980643e-13
4.693608695546751082e-13
4.334862497435439802e-13
4.003536110532652696e-13
3.697533705982300056e-13
3.414919661570605693e-13
3.153906313887921553e-13
2.912842663799321976e-13
2.690203939309997033e-13
2.479843570565891063e-13
2.290298758070367280e-13
2.115241206371856540e-13
1.887465747238748234e-13
1.743188737814825219e-13
1.473339027018513962e-13
1.360701008991131171e-13
1.256675074011900787e-13
1.032449070983419916e-13
9.535059131205018135e-14
8.805988033104787882e-14
6.698840637549980736e-14
6.186560743015304804e-14
4.218753331712287007e-14
3.896113201718035881e-14
2.363074363996074748e-14
2.182323886422625229e-14
9.877929418829964724e-15
9.122244576529507090e-15
2.228133338831611377e-15
2.057645921290068575e-15
2.177228852126677187e-16
2.010751134053862099e-16
0.000000000000000000e+00
2.068338889347233366e-32
