# bin_4_3
8.413923105849279066e-09
8.467049216283116316e-09
8.522250448099118843e-09
8.579607203987578253e-09
8.639202962537172691e-09
8.701124305325108744e-09
8.765461008709794074e-09
8.832306215823765875e-09
8.901756682416540098e-09
8.973912886303409596e-09
9.048879028878833922e-09
9.126763166936707708e-09
9.207677431934887660e-09
9.291738178772865328e-09
9.379066168357556024e-09
9.469786813117514158e-09
9.564030231307512502e-09
9.661931053182565283e-09
9.763628776731174192e-09
9.869268470082569777e-09
9.979000530104541625e-09
1.009298066535011246e-08
1.021137068477268386e-08
1.033433829833551614e-08
1.046205706689481706e-08
1.059470718636166531e-08
1.073247505947489878e-08
1.087555383779400721e-08
1.102414375720355561e-08
1.117845185087006018e-08
1.133869330602518821e-08
1.150509014794449182e-08
1.167787196132972258e-08
1.185727701660904110e-08
1.204355134920101493e-08
1.223695090120186850e-08
1.243774096846836186e-08
1.264619480887258122e-08
1.286259506508787849e-08
1.308723398973458617e-08
1.332041491169257125e-08
1.356245146726709263e-08
1.381366568583948827e-08
1.407439140026602942e-08
1.434497287735549898e-08
1.462576690041372916e-08
1.491713955828447306e-08
1.521946906451396940e-08
1.553314587401588730e-08
1.585857496504556096e-08
1.619617154439191976e-08
1.654636496273472786e-08
1.690959598642244978e-08
1.728631949364608261e-08
1.767700600715177578e-08
1.808213903759582606e-08
1.850221205997675915e-08
1.893773451780904008e-08
1.938922622868135128e-08
1.985722594382698812e-08
2.034228343606377648e-08
2.084496064760833687e-08
2.136583124511002670e-08
2.190548162023571101e-08
2.246451601257704718e-08
2.304354704618693870e-08
2.364320428291418670e-08
2.426413227262113128e-08
2.490698562868686650e-08
2.557242974880572934e-08
2.626112992206425148e-08
2.697376201528845577e-08
2.771101020018392433e-08
2.847357098363555139e-08
2.926215038915589630e-08
3.007745345139907845e-08
3.092018683475523909e-08
3.179105665012575357e-08
3.269078256245428347e-08
3.362007980166904691e-08
3.457964340612362942e-08
3.557016349203207792e-08
3.659232803149889846e-08
3.764681693373566371e-08
3.873428042109937036e-08
3.985534644402200273e-08
4.101063418752081078e-08
4.220074008661830222e-08
4.342621984486307537e-08
4.468758628251217267e-08
4.598532131131173725e-08
4.731986648651018141e-08
4.869162123628188391e-08
5.010094228421094148e-08
5.154810672885768991e-08
5.303333774049483130e-08
5.455678450067511427e-08
5.611852988997778224e-08
5.771856593933926847e-08
5.935675927894279842e-08
6.103290975777542315e-08
6.274672808289551991e-08
6.449781730624023324e-08
6.628563157542561259e-08
6.810949398808732525e-08
6.996859492042408290e-08
7.186197754275383877e-08
7.378851123821332518e-08
7.574686604739537144e-08
7.773554732113038666e-08
7.975289275145396605e-08
8.179704781379885477e-08
8.386602874673214996e-08
8.595768290851734079e-08
8.806954652881476700e-08
9.019873764289469636e-08
9.234192150153815930e-08
9.449552287649884228e-08
9.665581701099223770e-08
9.881884812754828337e-08
1.009803970649418762e-07
1.031360323828503439e-07
1.052809717730683517e-07
1.074100602132977055e-07
1.095176874436309430e-07
1.115979070948948460e-07
1.136444353431858125e-07
1.156506104159135282e-07
1.176094240714150226e-07
1.195135776518391228e-07
1.213553128199670523e-07
1.231264787105757810e-07
1.248185809566852924e-07
1.264226943999284804e-07
1.279294545657353827e-07
1.293293707681622933e-07
1.306131436763828032e-07
1.317713263219801069e-07
1.327926657386477949e-07
1.336644369886541214e-07
1.343767143037622484e-07
1.349251627283405009e-07
1.353114271991350903e-07
1.355361015640560207e-07
1.355867435155694228e-07
1.354419511959523211e-07
1.350812119886295274e-07
1.344893406169837453e-07
1.336594045885104208e-07
1.325866737376094191e-07
1.312634193935666195e-07
1.296863840304680967e-07
1.278608828108291491e-07
1.258009073003000295e-07
1.235275042230320800e-07
1.210622574023726072e-07
1.184219693074511553e-07
1.156174600078350514e-07
1.126566920247134918e-07
1.095491507711993699e-07
1.063110048594260909e-07
1.029669048889384934e-07
9.954926142394240619e-08
9.609630012344374156e-08
9.264774268420266932e-08
8.924089510900678869e-08
8.590879115536183167e-08
8.267980222775235591e-08
7.957819316820880373e-08
7.662760903870911528e-08
7.385115786259391304e-08
7.126749235967555755e-08
6.888679828431220230e-08
6.670656032703503529e-08
6.471154854543102973e-08
6.287716991566301633e-08
6.117231504033388710e-08
5.956088831665230600e-08
5.800104214840948097e-08
5.644525031815376786e-08
5.484132390287850602e-08
5.313798413503551839e-08
5.129542904213107288e-08
4.928877125049058714e-08
4.710722723386511758e-08
4.476308299762495125e-08
4.229608448562409643e-08
3.976551997489277154e-08
3.724412578676870636e-08
3.481392649618992800e-08
3.255668680228500146e-08
3.054127716364583328e-08
2.881151669588014752e-08
2.737388101963516597e-08
2.619495390949111088e-08
2.520500343838742147e-08
2.431213372087010189e-08
2.341987446012269334e-08
2.244735790963428082e-08
2.134820015485542820e-08
2.012627254506652382e-08
1.883207708563604100e-08
1.754778213703939526e-08
1.635991162371278053e-08
1.533182218047444215e-08
1.448222426127655931e-08
1.377967527906829456e-08
1.315779521127060087e-08
1.254315047261380872e-08
1.189068877071516476e-08
1.119822298176334461e-08
1.050145847149329784e-08
9.847776202638565237e-09
9.267130833251734054e-09
8.758573517808097361e-09
8.294856500971566391e-09
7.848036040172183704e-09
7.406802556166339150e-09
6.977967548949296255e-09
6.575486478781682114e-09
6.204222499642128038e-09
5.859999710256546530e-09
5.536880595475824352e-09
5.231151868334853922e-09
4.943037326167856497e-09
4.673209350863261026e-09
4.420188601224893790e-09
4.183322366696294395e-09
3.962455188685227706e-09
3.755484036515759902e-09
3.561181109015191108e-09
3.379492952783241066e-09
3.209835028352603780e-09
3.051111073450549011e-09
2.902421190095041935e-09
2.763054631236869144e-09
2.632267889895234638e-09
2.509420757634318331e-09
2.393993195949269355e-09
2.285540016945288622e-09
2.183601769832942203e-09
2.087735523246929958e-09
1.997444044129015840e-09
1.912276575241306040e-09
1.831799064956912879e-09
1.755612741303614833e-09
1.683350227267075052e-09
1.614674815844306366e-09
1.549283289563867806e-09
1.486899909632684365e-09
1.427280069783208740e-09
1.370193257316574235e-09
1.315433595059427823e-09
1.262813573341941492e-09
1.212164149283263053e-09
1.163335932636852961e-09
1.116196845457909030e-09
1.070614286018727568e-09
1.026494930747669198e-09
9.837380078525539127e-10
9.422772946257322295e-10
9.020331573661309404e-10
8.629581830385017190e-10
8.250018830351402632e-10
7.881409499614669520e-10
7.523326249986332243e-10
7.175620311809055804e-10
6.838153604347896340e-10
6.510846424130864175e-10
6.193573259195112309e-10
5.886317371057783333e-10
5.589020118899828606e-10
5.301742549676148163e-10
5.024438401959068898e-10
4.757069745255139719e-10
4.499607648588270609e-10
4.252096062995715398e-10
4.014407035574578598e-10
3.786466386111217768e-10
3.568227848565684461e-10
3.359538969734479495e-10
3.160314716703720056e-10
2.970272113495366772e-10
2.789382732413327354e-10
2.617347600845064179e-10
2.453972122677828890e-10
2.298986442711549696e-10
2.152186836461407651e-10
2.013255734069069338e-10
1.881960263749361048e-10
1.758008413168219528e-10
1.641111125353045420e-10
1.530982281312037227e-10
1.427311567623678607e-10
1.329827196772540894e-10
1.238267316781023295e-10
1.152309920051410857e-10
1.071701139673621587e-10
9.961707060373691412e-11
9.254434911825047789e-11
8.592792059707650057e-11
7.974415824734907552e-11
7.396684025974753596e-11
6.857401527926311516e-11
6.354393573534073741e-11
5.885521371306627795e-11
5.448739712526864609e-11
5.042192550255270727e-11
4.663812265782083145e-11
4.312147209467458095e-11
3.985618975626278262e-11
3.682859843442623189e-11
3.402528189871091462e-11
3.143277040046880279e-11
2.903658385818726372e-11
2.682297478701535728e-11
2.477809894826218422e-11
2.288911156533463334e-11
2.114413077643125343e-11
1.953217832735100474e-11
1.804311307618760962e-11
1.666756824559730133e-11
1.539688978850604521e-11
1.422308354453381931e-11
1.313876412311482712e-11
1.213710874448123781e-11
1.121181561880734110e-11
1.035706402384731998e-11
9.567475650805138203e-12
8.838082686562027851e-12
8.164295907837903763e-12
7.541876101806032081e-12
6.966907175244755223e-12
6.435771554949286800e-12
5.945127482017238385e-12
5.491888145243816976e-12
5.073202269785009467e-12
4.686435793760460691e-12
4.329393523987425118e-12
3.999332810176378263e-12
3.694435013156628437e-12
3.412781776984328882e-12
3.152601067168332247e-12
2.912255835508380894e-12
2.690233933227765808e-12
2.485138386283225729e-12
2.295678797238660162e-12
2.120663109047386243e-12
1.958990131844218392e-12
1.809642671201504516e-12
1.671681026362040108e-12
1.544237154986233486e-12
1.426509232852097494e-12
1.317756519481262842e-12
1.217294750465003814e-12
1.124491853301788598e-12
1.038763946721508787e-12
9.595716401121746346e-13
8.864166719481161934e-13
8.188387967494986517e-13
7.564128323312251499e-13
6.987460038560195954e-13
6.454755135581094332e-13
5.962661972309131070e-13
5.508084449355700051e-13
5.088947425939170253e-13
4.701007937806529790e-13
4.342642417921327943e-13
4.011596200336925869e-13
3.705786544825628257e-13
3.423289491673871434e-13
3.162327767475067330e-13
2.921259610784447597e-13
2.698568602275295056e-13
2.492853816448683277e-13
2.302821046243450404e-13
2.127274760485344774e-13
1.965110579615390667e-13
1.815308325092749554e-13
1.676925597314011506e-13
1.549091845702425460e-13
1.431002894847012154e-13
1.321915881990094944e-13
1.221144621275148479e-13
1.128055201453417903e-13
1.042062014330182347e-13
9.626240975900996681e-14
8.892417306466263906e-14
8.214532900941904711e-14
7.588323449629269044e-14
7.009849880387129196e-14
6.475474091194333221e-14
5.981835144417129251e-14
5.525827777882320281e-14
5.104583141026104232e-14
4.715451093695587900e-14
4.355983982616454394e-14
4.023920302452076840e-14
3.717170864590036023e-14
3.433805784530593967e-14
