# bin_3_2
7.917916367090910479e-09
7.967732955680039843e-09
8.019492225380553405e-09
8.073269112616787671e-09
8.129141422970023040e-09
8.187189885875176463e-09
8.247498254596038994e-09
8.310153396367033233e-09
8.375245395846550147e-09
8.442867697562843759e-09
8.513117237373240168e-09
8.586094595697648645e-09
8.661904061227577319e-09
8.740653758911716314e-09
8.822455850903157228e-09
8.907426638709227300e-09
8.995686659810248070e-09
9.087360875995919882e-09
9.182578824806183708e-09
9.281474709428531826e-09
9.384187705327018461e-09
9.490862088261848321e-09
9.601647125097780339e-09
9.716697538329526082e-09
9.836173699391774407e-09
9.960241423207947083e-09
1.008907256594132320e-08
1.022284531113909564e-08
1.036174334534640147e-08
1.050595709662931954e-08
1.065568414888414559e-08
1.081112790788822534e-08
1.097249961871981627e-08
1.114001741224455749e-08
1.131390608551892731e-08
1.149439945849264615e-08
1.168173835452070099e-08
1.187617046062103762e-08
1.207795354391715691e-08
1.228735318725755848e-08
1.250464323323942298e-08
1.273010647852277457e-08
1.296403450189230690e-08
1.320672835126703788e-08
1.345849858245903517e-08
1.371966430994962979e-08
1.399055524078815507e-08
1.427150963832725439e-08
1.456287583546369411e-08
1.486501279208640134e-08
1.517828916272151572e-08
1.550308302250328966e-08
1.583978067352853242e-08
1.618878166584578378e-08
1.655049280929666394e-08
1.692533351980371612e-08
1.731373145928501302e-08
1.771612689527860563e-08
1.813296654075028382e-08
1.856471051564335834e-08
1.901182338413792673e-08
1.947478035714246237e-08
1.995406173409943154e-08
2.045016025000127066e-08
2.096357186469739971e-08
2.149480366147095628e-08
2.204436283190506618e-08
2.261276861769757329e-08
2.320053873599507599e-08
2.380819521840202556e-08
2.443626728083137846e-08
2.508528362629440775e-08
2.575576743082549544e-08
2.644824521649577315e-08
2.716323283215737873e-08
2.790124919296092413e-08
2.866279660013005726e-08
2.944837539650281994e-08
3.025846902760706623e-08
3.109354660123793676e-08
3.195406617122072622e-08
3.284045965740617157e-08
3.375313726911387364e-08
3.469248292180392572e-08
3.565885997320454641e-08
3.665259675634885973e-08
3.767398698248202479e-08
3.872327983243806829e-08
3.980068727725454627e-08
4.090637417219000184e-08
4.204044549662110548e-08
4.320295503436206403e-08
4.439388406091934718e-08
4.561315126599568677e-08
4.686061014634097567e-08
4.813603219535752694e-08
4.943910589538260755e-08
5.076941856057933871e-08
5.212646940417275605e-08
5.350964411746524507e-08
5.491821217175237166e-08
5.635132382651113876e-08
5.780799085791346333e-08
5.928711107319212929e-08
6.078745277264198629e-08
6.230765390414151301e-08
6.384620264171738164e-08
6.540139650806157002e-08
6.697130428830030515e-08
6.855373924780741557e-08
7.014630760299854664e-08
7.174642171391403465e-08
7.335130491902768766e-08
7.495797932776172020e-08
7.656327057812331510e-08
7.816381064817341747e-08
7.975597909858364303e-08
8.133590303571346344e-08
8.289939872282915233e-08
8.444203206079788716e-08
8.595908934940642529e-08
8.744559413902213850e-08
8.889629683340468258e-08
9.030566775484762308e-08
9.166790393947292464e-08
9.297690098623642687e-08
9.422626517209411374e-08
9.540934076134052327e-08
9.651925981053873662e-08
9.754901269154881275e-08
9.849135825508583150e-08
9.933859267988754136e-08
1.000826499621791694e-07
1.007161536192447302e-07
1.012336945992599616e-07
1.016319594313071947e-07
1.019079382394531455e-07
1.020560071173027041e-07
1.020668849638933443e-07
1.019296079218148696e-07
1.016337476684975834e-07
1.011701206103169083e-07
1.005305954377238651e-07
9.970832159645462960e-08
9.869958788966905318e-08
9.750548714092001613e-08
9.613173393336465065e-08
9.458747252792862704e-08
9.288389131016475258e-08
9.103308544750088245e-08
8.904679774223214948e-08
8.693536752860694987e-08
8.470820358109607612e-08
8.237559059367672810e-08
7.995094472749059951e-08
7.745224939277948855e-08
7.490211565713363797e-08
7.232649845423445617e-08
6.975265068252848513e-08
6.720714192823101731e-08
6.471454183651692409e-08
6.229693397363999460e-08
5.997413143875111918e-08
5.776401797944536852e-08
5.568192375069723046e-08
5.373903998157506983e-08
5.194058050877751323e-08
5.028458119730130221e-08
4.876183944863209416e-08
4.735642159653366265e-08
4.604641307604433183e-08
4.480479637144896562e-08
4.360020320493963665e-08
4.239827501912289228e-08
4.116374779349501151e-08
3.986388120834825151e-08
3.847199009814995479e-08
3.697045983747274140e-08
3.535382109327824532e-08
3.363217941982052525e-08
3.183173942329555315e-08
2.999215131131500203e-08
2.816250932725922047e-08
2.639734462884195367e-08
2.475020069071424851e-08
2.326521964780071692e-08
2.196871982109427333e-08
2.086425058900315114e-08
1.993117847235814245e-08
1.912766097036093951e-08
1.839789088194283616e-08
1.768306473165683669e-08
1.693398160616236194e-08
1.612277962583400931e-08
1.524925961558181606e-08
1.433928455353960421e-08
1.343578974636781385e-08
1.258489835090845579e-08
1.182161205848481621e-08
1.115879421996935076e-08
1.058445169990352831e-08
1.006858045267198707e-08
9.577246551968026796e-09
9.086556727486508531e-09
8.590157511240032982e-09
8.097449601699918061e-09
7.624765518768647179e-09
7.185265622450742050e-09
6.782796084232893400e-09
6.412397010818599878e-09
6.065770066644145144e-09
5.736592893961334648e-09
5.422394415096749783e-09
5.123440063940858940e-09
4.840859425631542051e-09
4.575603094565829474e-09
4.328156022990974797e-09
4.097229202322219075e-09
3.880902558474000185e-09
3.677074532146827873e-09
3.485076107633965627e-09
3.305215850209237619e-09
3.137338974842842640e-09
2.980386084706185153e-09
2.833136088729301846e-09
2.695005485471665654e-09
2.565709129615856782e-09
2.444660262169730350e-09
2.331109447998154735e-09
2.224467225929913360e-09
2.124248142496896344e-09
2.029986694911550196e-09
1.941239614336330919e-09
1.857620929639208683e-09
1.778778939547032967e-09
1.704371683732072885e-09
1.634065364895062890e-09
1.567515142508274911e-09
1.504403586006857105e-09
1.444432919209017147e-09
1.387318001080745701e-09
1.332820798282981706e-09
1.280708995276545489e-09
1.230777853568026512e-09
1.182848458253981445e-09
1.136748523669614374e-09
1.092329460041580058e-09
1.049462548917832277e-09
1.008028272779865176e-09
9.679197340307575917e-10
9.290481146887787653e-10
8.913265465468791103e-10
8.546918274169443415e-10
8.190878677790606231e-10
7.844617568705223987e-10
7.507768787006570679e-10
7.180058677510147098e-10
6.861213742119332725e-10
6.551122543125118298e-10
6.249598499518837667e-10
5.956665321607358863e-10
5.672235993521481546e-10
5.396321115844633438e-10
5.128915027163929270e-10
4.870074362861440561e-10
4.619864356892929287e-10
4.378187243979400040e-10
4.145176274681765112e-10
3.920759569788372211e-10
3.704977882062980203e-10
3.497782214985435454e-10
3.299113863032125273e-10
3.108893510843322449e-10
2.927057365190792900e-10
2.753694414639966590e-10
2.588150853051911473e-10
2.430587355369066363e-10
2.280740299608342716e-10
2.138456732703389287e-10
2.003530327362450585e-10
1.875715701474033459e-10
1.754797637211827388e-10
1.640488119628017435e-10
1.532606026109686231e-10
1.430852612013030534e-10
1.334977333961435237e-10
1.244750249831887529e-10
1.159903409993131053e-10
1.080192418279443073e-10
1.005366635105366257e-10
9.351902957975556814e-11
8.694318845516646302e-11
8.078632908755839280e-11
7.502623252511647791e-11
6.964047055618630925e-11
6.460985535932293867e-11
5.991272871769498766e-11
5.553313078297281559e-11
5.144833054135407707e-11
4.764179077742217259e-11
4.409796888487908219e-11
4.079996004521715626e-11
3.773283578122096829e-11
3.488365408853148275e-11
3.223883764066822921e-11
2.978639260879736283e-11
2.751562769833774365e-11
2.541475328782973044e-11
2.347255853378507842e-11
2.167827380284069822e-11
2.002104599905117407e-11
1.849048443475211037e-11
1.707691922452532299e-11
1.577141655165784391e-11
1.456572020988651678e-11
1.345219442067271003e-11
1.242379499497730840e-11
1.147401401582284772e-11
1.059684159577240755e-11
9.786726965628427475e-12
9.038543924852242258e-12
8.347558020916849590e-12
7.709397033229553823e-12
7.120022560081881320e-12
6.575704848853281611e-12
6.072999285408559917e-12
5.608724616988196168e-12
5.179942988280989307e-12
4.783940963644359202e-12
4.418212633989293131e-12
4.079670948067580342e-12
3.767741218893509733e-12
3.479661322190079673e-12
3.213607826238293449e-12
2.967896620467959391e-12
2.740972289809322158e-12
2.531398359082790633e-12
2.337848219217966285e-12
2.159096842566907919e-12
1.994012848699458751e-12
1.841551195581441739e-12
1.700746734467969397e-12
1.570708121762062891e-12
1.450612174378289213e-12
1.339698656863957713e-12
1.237265467277196889e-12
1.142664193600709750e-12
1.055296117676218730e-12
9.746083138487451099e-13
9.000899846540911080e-13
8.312693786145238059e-13
7.677108206210770278e-13
7.090119526397010930e-13
6.548011855041871359e-13
6.047353456435212779e-13
5.584975018277688201e-13
5.157949581581055422e-13
4.763574005810620841e-13
4.399351851804601930e-13
4.062977573995792673e-13
3.752322117280222554e-13
3.465419379513340702e-13
3.200453203608084373e-13
2.955746414034796217e-13
2.729749953892210552e-13
2.521033166149967593e-13
2.328274781304030148e-13
2.150254645649403542e-13
1.985845643439648463e-13
1.834007458990245779e-13
1.693778944026391945e-13
1.564272369646940516e-13
1.444667893665940182e-13
1.334208368001802407e-13
1.232194543710199022e-13
1.137980642834262879e-13
1.050970275323727534e-13
9.706127718073399942e-14
8.963995459763302507e-14
8.278607734753005845e-14
7.645625511783541826e-14
7.061041583725173723e-14
6.521155187564154866e-14
6.022548566028753148e-14
5.562065322273937914e-14
5.136790430416239770e-14
4.744031775214818079e-14
4.381303103892226624e-14
4.046308282044458530e-14
3.736926753860533055e-14
3.451200352354819703e-14
3.187320675342277209e-14
2.943617292439552024e-14
2.718547605749843929e-14
2.510686839001206993e-14
2.318719133791051982e-14
2.141429256595455627e-14
1.977694946039022003e-14
1.826479869850566073e-14
1.686826869443367528e-14
