# bin_4_2
1.632131600209344442e-09
1.642437425592524541e-09
1.653145805992523730e-09
1.664272339083195158e-09
1.675833218904152019e-09
1.687845242297577914e-09
1.700325827330261643e-09
1.713293046052405147e-09
1.726765671097680842e-09
1.740763196914456339e-09
1.755305840566653966e-09
1.770414567765320062e-09
1.786111135531633258e-09
1.802418120639833682e-09
1.819358952832587455e-09
1.836957960906978151e-09
1.855240386083327072e-09
1.874232347427972021e-09
1.893960909918916099e-09
1.914454216365877438e-09
1.935741443037103614e-09
1.957852799630591354e-09
1.980819677757773934e-09
2.004674612742564808e-09
2.029451276538344440e-09
2.055184633250876136e-09
2.081910858185915581e-09
2.109667432782060424e-09
2.138493211208777801e-09
2.168428364544681930e-09
2.199514641553221001e-09
2.231795136719323055e-09
2.265314403059354445e-09
2.300118691254888690e-09
2.336255764454505829e-09
2.373775275223698785e-09
2.412728705009623132e-09
2.453169076887681406e-09
2.495151228609643302e-09
2.538731868958145170e-09
2.583969855929693516e-09
2.630926034922931117e-09
2.679662904087831795e-09
2.730245283477390596e-09
2.782740016256291736e-09
2.837216357337919550e-09
2.893745394775930545e-09
2.952400549063316835e-09
3.013257642029248812e-09
3.076395257175410051e-09
3.141893990096193644e-09
3.209837172329786620e-09
3.280310357451754492e-09
3.353401882599230324e-09
3.429203085396572821e-09
3.507807801086077215e-09
3.589311868345290265e-09
3.673814249538904984e-09
3.761415928689080328e-09
3.852221550886656386e-09
3.946337871344936187e-09
4.043874101344893188e-09
4.144941652341035768e-09
4.249654493188533982e-09
4.358130073793560124e-09
4.470487476439219776e-09
4.586849032464726245e-09
4.707339923921119057e-09
4.832087245223655203e-09
4.961220201916376907e-09
5.094868310680176891e-09
5.233163226329012835e-09
5.376238194202938233e-09
5.524228871812696200e-09
5.677272412935462124e-09
5.835505692410664738e-09
5.999066203351400083e-09
6.168091640484918724e-09
6.342722319720641863e-09
6.523097428316645962e-09
6.709352321202503261e-09
6.901621616059032156e-09
7.100039523773751553e-09
7.304738811862636224e-09
7.515846476220942952e-09
7.733485172895578956e-09
7.957775948384026312e-09
8.188835478470166421e-09
8.426772479367306643e-09
8.671687583236405192e-09
8.923675598574954938e-09
9.182823687328402286e-09
9.449210573832108307e-09
9.722906269456392629e-09
1.000396570938125097e-08
1.029243392137107615e-08
1.058834174560274674e-08
1.089170697577348799e-08
1.120252938265868951e-08
1.152078513159985157e-08
1.184643771655103163e-08
1.217943303008847487e-08
1.251969544551173981e-08
1.286712072737221125e-08
1.322157986598838558e-08
1.358291883493661724e-08
1.395095476022628498e-08
1.432547031300355080e-08
1.470621006458326972e-08
1.509288749160784283e-08
1.548518297987999772e-08
1.588273967500196207e-08
1.628517425792198486e-08
1.669206924891565680e-08
1.710294808197016854e-08
1.751725617066307300e-08
1.793435612719229177e-08
1.835356468880002941e-08
1.877416287228223700e-08
1.919538102864742837e-08
1.961639823846892407e-08
2.003635587577615556e-08
2.045433231983106699e-08
2.086932883992284860e-08
2.128026340325648489e-08
2.168598715275029428e-08
2.208528529560563494e-08
2.247686758530468727e-08
2.285937631883598343e-08
2.323139661676757842e-08
2.359142617117544844e-08
2.393788863035174474e-08
2.426913935475515467e-08
2.458344909998471872e-08
2.487900376964897500e-08
2.515396353484879303e-08
2.540652258960794185e-08
2.563482808762003847e-08
2.583669052454030864e-08
2.600969545353676523e-08
2.615196081170846589e-08
2.626259250497892828e-08
2.634170447617001049e-08
2.638914102398420861e-08
2.640254339014968341e-08
2.637816955527744868e-08
2.631243147488860436e-08
2.620244433098207928e-08
2.604647209416597161e-08
2.584318637266065015e-08
2.559110016644999061e-08
2.528979004262433510e-08
2.494034256140218462e-08
2.454520226739836598e-08
2.410800759087759974e-08
2.363274285487593740e-08
2.312278878914472370e-08
2.258052078249814693e-08
2.200770613295999243e-08
2.140628045506052966e-08
2.077926323300608620e-08
2.013122597454048518e-08
1.946822928515783341e-08
1.879749687510052096e-08
1.812663017563669079e-08
1.746288525743295524e-08
1.681278891983302527e-08
1.618201201483650281e-08
1.557543330907759550e-08
1.499770108529236347e-08
1.445329476910369086e-08
1.394581322575223313e-08
1.347730128151641986e-08
1.304752694870345496e-08
1.265392606421360736e-08
1.229207108065001174e-08
1.195613129407447860e-08
1.163915977624994610e-08
1.133309362580243149e-08
1.102882822099009237e-08
1.071641332981458784e-08
1.038605781426343402e-08
1.002997026369044373e-08
9.642940471670501609e-09
9.222489232742063766e-09
8.770541915933444929e-09
8.294286650884450538e-09
7.804628095198034541e-09
7.315055859624229974e-09
6.841185992986303735e-09
6.398831962325830839e-09
6.001475353796739580e-09
5.657933769035137827e-09
5.370196310251541310e-09
5.132826395708322736e-09
4.933439885549011436e-09
4.755114189790915608e-09
4.579570423346214769e-09
4.391042372492671736e-09
4.179960337024375710e-09
3.945994408178448138e-09
3.697546618601523948e-09
3.449227466825831080e-09
3.217051445297565710e-09
3.013447718349849484e-09
2.842987927221520592e-09
2.701044766414727457e-09
2.576165413712804555e-09
2.455013578303683355e-09
2.328739625178958301e-09
2.195820053849011171e-09
2.061658747015633790e-09
1.934295502819499756e-09
1.819483279391880738e-09
1.717907783976218070e-09
1.625536559653806853e-09
1.537679257235132280e-09
1.451927552002824101e-09
1.368769889796541844e-09
1.290131755487262353e-09
1.216910512548925300e-09
1.148834216019327340e-09
1.085218208501488691e-09
1.025389469045135405e-09
9.690510882971064078e-10
9.160815964336759272e-10
8.662819161505352140e-10
8.196970013019577247e-10
7.763421163192530308e-10
7.357293434059951249e-10
6.975603843269847367e-10
6.618496035083674761e-10
6.285196687307163672e-10
5.973454309031962579e-10
5.681351331838812328e-10
5.407598782308143030e-10
5.150797312543184628e-10
4.909654605095671955e-10
4.683137702234637226e-10
4.470257658785300829e-10
4.270166940007750234e-10
4.082017440783143278e-10
3.904848304542110151e-10
3.737780703282336016e-10
3.579963127963028344e-10
3.430609222393021151e-10
3.288997497487045404e-10
3.154462703342550638e-10
3.026407204015414417e-10
2.904288550061435904e-10
2.787619533086928559e-10
2.675949232903521131e-10
2.568868905195733188e-10
2.466009742678996702e-10
2.367037437579504709e-10
2.271656688601001869e-10
2.179604395600577726e-10
2.090620313388762927e-10
2.004517142404371676e-10
1.921095213753933780e-10
1.840221225083658419e-10
1.761737644781045253e-10
1.685544959279496086e-10
1.611546118900092838e-10
1.539684602619490252e-10
1.469886579973387163e-10
1.402113685587461972e-10
1.336336754636792622e-10
1.272538317812038411e-10
1.210693721288791608e-10
1.150797035822058992e-10
1.092835871388874691e-10
1.036821127322563142e-10
9.827433695212061778e-11
9.305946177819127249e-11
8.803695823110130188e-11
8.320756445896439931e-11
7.856886189593829641e-11
7.411955587771776139e-11
6.985861461547329221e-11
6.578322423210718155e-11
6.189171063505722397e-11
5.817877790732316751e-11
5.464379316547302602e-11
5.128110179624725513e-11
4.808691246290813258e-11
4.505613922418354109e-11
4.218475151341595473e-11
3.946641731284081925e-11
3.689725972430378906e-11
3.447133989316266032e-11
3.218301044027157089e-11
3.002682455679043802e-11
2.799671246783852873e-11
2.608741274663886930e-11
2.429386520626063220e-11
2.260978550742785144e-11
2.103027539689832928e-11
1.955004932270338947e-11
1.816376380781421037e-11
1.686672442673655985e-11
1.565434799642452300e-11
1.452150955873287948e-11
1.346392915778350247e-11
1.247735160255853230e-11
1.155761970582696317e-11
1.070073641601586400e-11
9.903066936805526520e-12
9.160686762995267086e-12
8.470563178229273148e-12
7.829679380968898402e-12
7.235332283526800836e-12
6.684865228768415595e-12
6.175677385240680862e-12
5.704966983805145310e-12
5.270102614295249131e-12
4.868378617050577336e-12
4.497275485317103703e-12
4.153810819828340916e-12
3.837180337378565409e-12
3.544685122441856237e-12
3.274485665972357229e-12
3.024882571633658648e-12
2.794305808515955303e-12
2.581305006665527576e-12
2.384540393400405403e-12
2.202773471353496549e-12
2.034862082311480192e-12
1.879750022518621697e-12
1.736461666650769094e-12
1.604095723096943124e-12
1.481819583788995349e-12
1.368864175007423090e-12
1.264519014564555348e-12
1.168127763522472293e-12
1.079084153917190789e-12
9.968280824866140207e-13
9.208421842680359047e-13
8.506484978080744288e-13
7.858055082300522740e-13
7.259053511765475188e-13
6.705712446750955430e-13
6.194551418717586784e-13
5.722355063740041119e-13
5.285897440743487323e-13
4.882986922427938248e-13
4.510787862840896242e-13
4.166959205624404165e-13
3.849338365005755347e-13
3.555927614048258762e-13
3.284881517432006341e-13
3.034495331530221645e-13
2.803194278777764289e-13
2.589523712756900042e-13
2.392139815436155169e-13
2.209801125691943830e-13
2.041360820502641344e-13
1.885759499719416185e-13
1.742018521001577939e-13
1.609233842974376507e-13
1.486570355195842622e-13
1.373256739933762597e-13
1.268580457496561782e-13
1.171883178626938656e-13
1.082556690261851219e-13
1.000039129577518906e-13
9.238115633229002375e-14
8.533945340514271332e-14
7.883450997758989975e-14
7.282540914041355911e-14
6.727435303378242449e-14
6.214642522803733345e-14
5.740937131355717541e-14
5.303339928351073634e-14
4.899098583568816883e-14
4.525670403609987920e-14
4.180706542675841315e-14
3.862037222893363168e-14
3.567658080982994156e-14
3.295717552499344185e-14
3.044505223889280528e-14
2.812441084382751094e-14
2.598065578249714115e-14
2.400030505260950040e-14
2.217090351191811999e-14
2.048094491368536898e-14
1.891980015344711337e-14
1.747765039453605774e-14
1.614542529304009736e-14
1.491474593331617124e-14
1.377787238154136986e-14
1.272765592786020115e-14
1.175749245368172786e-14
1.086128029946152552e-14
1.003338232408473846e-14
9.268591107067784292e-15
8.562097085725187766e-15
7.909456409944182961e-15
7.306563796274734787e-15
6.749626968943550909e-15
