# bin_5_4
7.821203497620988562e-09
7.870679694033788053e-09
7.922090284985936086e-09
7.975510352009191934e-09
8.031017821311780706e-09
8.088693540207317687e-09
8.148621356331157636e-09
8.210888354866200824e-09
8.275585009215395056e-09
8.342805167096985084e-09
8.412646121022643373e-09
8.485208899040893970e-09
8.560598581951996807e-09
8.638924368828467419e-09
8.720299319629110863e-09
8.804840556381360663e-09
8.892669973526183407e-09
8.983914126544160006e-09
9.078703937763479672e-09
9.177175212958430804e-09
9.279469254667138075e-09
9.385732579052524091e-09
9.496116663054340518e-09
9.610778698414597282e-09
9.729881424949205266e-09
9.853593876569362713e-09
9.982091469183858467e-09
1.011555566994931586e-08
1.025417425949326452e-08
1.039814246357538856e-08
1.054766269091976171e-08
1.070294471120137928e-08
1.086420595934398689e-08
1.103167269686120428e-08
1.120557754856693413e-08
1.138616210249338598e-08
1.157367803883793619e-08
1.176838405198530533e-08
1.197054785452621229e-08
1.218044704181726794e-08
1.239836915766144506e-08
1.262461111575099356e-08
1.285947964166876201e-08
1.310329189236004605e-08
1.335637566668235071e-08
1.361907104410657773e-08
1.389172922671274831e-08
1.417471338167489962e-08
1.446840077748825279e-08
1.477317900386419589e-08
1.508944901434209869e-08
1.541762596754575003e-08
1.575813371580731810e-08
1.611140996065393934e-08
1.647790858081305702e-08
1.685809264241930499e-08
1.725244469533438276e-08
1.766145854673180101e-08
1.808564660325687854e-08
1.852553501367545671e-08
1.898166400188099177e-08
1.945459127073867931e-08
1.994488837236236223e-08
2.045314361583804442e-08
2.097995758585923789e-08
2.152594647462715600e-08
2.209174100911366130e-08
2.267798638552523457e-08
2.328534323785799193e-08
2.391448526495186026e-08
2.456609850842306739e-08
2.524088104035212281e-08
2.593954817057830156e-08
2.666283327948562970e-08
2.741148459789064514e-08
2.818625994978871926e-08
2.898791714425216392e-08
2.981721762546742675e-08
3.067492486076191930e-08
3.156181169027098240e-08
3.247867012004870564e-08
3.342629868471926616e-08
3.440548999675501022e-08
3.541702485197496741e-08
3.646168725657837841e-08
3.754025877172721855e-08
3.865351270431786137e-08
3.980220004662374957e-08
4.098706423518583363e-08
4.220881350870755436e-08
4.346814709573999480e-08
4.476573492320560761e-08
4.610221402578104277e-08
4.747819033747369991e-08
4.889423299314212258e-08
5.035084634036727515e-08
5.184848728201829152e-08
5.338756213988205238e-08
5.496843652109492686e-08
5.659141551368063965e-08
5.825670808615010942e-08
5.996443363768404523e-08
6.171463414143637324e-08
6.350724906053939437e-08
6.534212432982114683e-08
6.721895681096965971e-08
6.913735605904077718e-08
7.109681297595151826e-08
7.309670001884979809e-08
7.513621286141005439e-08
7.721435290583096894e-08
7.932996239614881671e-08
8.148172270934781981e-08
8.366809556598169029e-08
8.588731934989584981e-08
8.813743044692255006e-08
9.041628127867033970e-08
9.272156889251677289e-08
9.505082449910826678e-08
9.740124843812387388e-08
9.976957083714168157e-08
1.021519300197622163e-07
1.045440532414529686e-07
1.069415723977734631e-07
1.093400610526160005e-07
1.117348770528428699e-07
1.141210188268427580e-07
1.164929613989212578e-07
1.188448145113210108e-07
1.211702378385141303e-07
1.234624322789595837e-07
1.257142618668694038e-07
1.279181810556819764e-07
1.300663343971976400e-07
1.321504382124085756e-07
1.341617805438609063e-07
1.360911647570215454e-07
1.379289948354407672e-07
1.396652052578052270e-07
1.412893330896812336e-07
1.427907755446331083e-07
1.441590385402144986e-07
1.453835743614538566e-07
1.464521739613716077e-07
1.473507564663532810e-07
1.480675072343513430e-07
1.485979409139684941e-07
1.489468174095872168e-07
1.491182592645821616e-07
1.490994367016248631e-07
1.488609243055064018e-07
1.483697578087335218e-07
1.476074557959203478e-07
1.465751571832407164e-07
1.452754177407014201e-07
1.437021541585397934e-07
1.418474402078237365e-07
1.397138727430516741e-07
1.373239953794598029e-07
1.347106764768208231e-07
1.319007990521275952e-07
1.289103494930433232e-07
1.257454159355043362e-07
1.224106622672772379e-07
1.189169210097438931e-07
1.152851646595242469e-07
1.115476660757736551e-07
1.077452387316458239e-07
1.039239355822959765e-07
1.001291774513753638e-07
9.640181642050707094e-08
9.277583231919601078e-08
8.927895742948452661e-08
8.593565524863793412e-08
8.277048789966967802e-08
7.980824342609177512e-08
7.706923808236955009e-08
7.456223356886437704e-08
7.227776379374341222e-08
7.019053581674027337e-08
6.826559048841392017e-08
6.646379083171496323e-08
6.474352220986087020e-08
6.305703155691258235e-08
6.134852173239394494e-08
5.955700319117411809e-08
5.762462116481054546e-08
5.551011790554499030e-08
5.319355797109035965e-08
5.067720350097076075e-08
4.798689092442142046e-08
4.517613928600123214e-08
4.232449207666634868e-08
3.952718088865923496e-08
3.687973823414911525e-08
3.447013112338678223e-08
3.236935350781924773e-08
3.061494081616097256e-08
2.919497709378632712e-08
2.804814291843976662e-08
2.707232389418254943e-08
2.614948287408382741e-08
2.516781551091681526e-08
2.404568863421168627e-08
2.275090927431395640e-08
2.131358890855625811e-08
1.981935858255639422e-08
1.838453035107141448e-08
1.711456300668847760e-08
1.606867358869623117e-08
1.524191086405205554e-08
1.456709652780973278e-08
1.394485192403885053e-08
1.328235591312624166e-08
1.253914670792323661e-08
1.173819154534224487e-08
1.095020089556192452e-08
1.024543810342921035e-08
9.652434523200585341e-09
9.148861271734480962e-09
8.680127752503808708e-09
8.204806139911412359e-09
7.716538705883243431e-09
7.241654136055437406e-09
6.809590296645069118e-09
6.424535139162819278e-09
6.071047994797477132e-09
5.731040918905943268e-09
5.401214511003048552e-09
5.090631476041439708e-09
4.804534475213192498e-09
4.539675764123679314e-09
4.290662391793518900e-09
4.055367003285518485e-09
3.835134223209246900e-09
3.630295438296051075e-09
3.438880604828034657e-09
3.259630725689761579e-09
3.092201810485803309e-09
2.935792163579572772e-09
2.789263122669648276e-09
2.651785800482961297e-09
2.522776068655994787e-09
2.401822389978712901e-09
2.288472662124794471e-09
2.182216701655668295e-09
2.082507078305364072e-09
1.988816980376002343e-09
1.900645471551762220e-09
1.817535997927419854e-09
1.739055736970252728e-09
1.664832550824245895e-09
1.594507469301928020e-09
1.527752940739889782e-09
1.464280060771121851e-09
1.403834808982695257e-09
1.346154830016857071e-09
1.291025956323268650e-09
1.238244621553031353e-09
1.187618084229736992e-09
1.138982083087755926e-09
1.092184528400736617e-09
1.047079029535088811e-09
1.003556498519578435e-09
9.614961763369263839e-10
9.208210089570235601e-10
8.814339383499592425e-10
8.432749694618454306e-10
8.062751117186793398e-10
7.704059440762408396e-10
7.356111525690710510e-10
7.018662989262922020e-10
6.691420296164058198e-10
6.374231184087942205e-10
6.066876761774718365e-10
5.769344188192181164e-10
5.481456682625247623e-10
5.203160798581933564e-10
4.934458487401518225e-10
4.675235001187637320e-10
4.425439237929537146e-10
4.185091033061171495e-10
3.954084425943407474e-10
3.732333200449870614e-10
3.519795704522496840e-10
3.316329723682377569e-10
3.121820213855154845e-10
2.936133526656917999e-10
2.759095873517169196e-10
2.590534322743297620e-10
2.430289413982969929e-10
2.278098961529742889e-10
2.133785977399045812e-10
1.997052896954624290e-10
1.867705797415420058e-10
1.745492679701105507e-10
1.630112212682852928e-10
1.521341498132877327e-10
1.418855401049901041e-10
1.322441802950249091e-10
1.231782545442891551e-10
1.146649867423272789e-10
1.066766994390654540e-10
9.918631718857073136e-11
9.216924160841116513e-11
8.560089596395937298e-11
7.945900726618323609e-11
7.371742282618964036e-11
6.835621564350943850e-11
6.335308731090454255e-11
5.868738671125850987e-11
5.433844204257927913e-11
5.028946050065046481e-11
4.652157218777683055e-11
4.301755049264655993e-11
3.976494471427471549e-11
3.674977597901927044e-11
3.395974884577017348e-11
3.138087514041090420e-11
2.899778836512364488e-11
2.679566758507899672e-11
2.476077969224192278e-11
2.288042205306792477e-11
2.114285955361909490e-11
1.953724807102915166e-11
1.805356744595124931e-11
1.668255847805305445e-11
1.541566494645459424e-11
1.424497946853429938e-11
1.316319795571638583e-11
1.216356778805085703e-11
1.123985039422923650e-11
1.038628090749451097e-11
9.597532534284001397e-12
8.868682556471165995e-12
8.195182215449952537e-12
7.572828226833737784e-12
6.997736443564434263e-12
6.466317851713366736e-12
5.975359594749478198e-12
5.521582037815954671e-12
5.102264860297817907e-12
4.714791059916618168e-12
4.356742453758066582e-12
4.025884586154899341e-12
3.720152628829718157e-12
3.437638479175878151e-12
3.176578891356130572e-12
2.935344559501266008e-12
2.712429901233099634e-12
2.506443658222940731e-12
2.316100236625305709e-12
2.140211777565056828e-12
1.977680577632293524e-12
1.827492262059352663e-12
1.688709533261235449e-12
1.560466208160148195e-12
1.441961878698661287e-12
1.332456938122856912e-12
1.231267972950964879e-12
1.137763464252311214e-12
1.051359838607116003e-12
9.715178257136178030e-13
8.975780902698137812e-13
8.294169513387138393e-13
7.664318933102099993e-13
7.082298420314348504e-13
6.466921389868799369e-13
5.975664121033024711e-13
5.521725817399628811e-13
5.102271315084439570e-13
4.714680864861867780e-13
4.356533762401648172e-13
4.025593223111510370e-13
3.719792405396819159e-13
3.437221497252511343e-13
3.176115784272986165e-13
2.934844624340155630e-13
2.711901260238365933e-13
2.505893406497198650e-13
2.315534551607260025e-13
2.139635921229590436e-13
1.977099068094628743e-13
1.826908999366503209e-13
1.688127944898867913e-13
1.559889294513633489e-13
1.441392177094232564e-13
1.331896565201011165e-13
1.230718824968414372e-13
1.137227263544412587e-13
1.050837944622292014e-13
9.710112992572621764e-14
8.972487550664777926e-14
8.290896207869189918e-14
7.661082076378988834e-14
7.079111694824451607e-14
6.541350451525079467e-14
6.044440164855880192e-14
5.585278302174441503e-14
5.160997121055244652e-14
