# bin_5_3
2.143278866757502248e-09
2.156835964663051581e-09
2.170923082153297809e-09
2.185560788574680178e-09
2.200770432830064146e-09
2.216574163402009657e-09
2.232994952218282183e-09
2.250056659874038584e-09
2.267784077551155969e-09
2.286202922106939867e-09
2.305339849382500343e-09
2.325222538354054204e-09
2.345879780123491057e-09
2.367341494677677035e-09
2.389638657414509123e-09
2.412803361223593125e-09
2.436869004829864763e-09
2.461870257467415555e-09
2.487842981943115090e-09
2.514824380156034675e-09
2.542853141156887040e-09
2.571969380183691885e-09
2.602214586370534780e-09
2.633631795783910760e-09
2.666265558625370379e-09
2.700162173292387555e-09
2.735369695137885860e-09
2.771937834127914871e-09
2.809918043831841920e-09
2.849363821393179184e-09
2.890330638685601986e-09
2.932875955735481212e-09
2.977059300048910610e-09
3.022942651102184172e-09
3.070589707360663940e-09
3.120066570106758187e-09
3.171442152739038843e-09
3.224787296799923127e-09
3.280175274980528460e-09
3.337682082926375333e-09
3.397386464095654459e-09
3.459369638053528075e-09
3.523715501694388206e-09
3.590510913056984054e-09
3.659845611285064392e-09
3.731812738933915528e-09
3.806508569645893864e-09
3.884032479844223033e-09
3.964487802905882957e-09
4.047980465133345049e-09
4.134620131945091530e-09
4.224520244216865889e-09
4.317796747121981311e-09
4.414569394332693011e-09
4.514962326845789230e-09
4.619102193465549627e-09
4.727121055167999921e-09
4.839154095381784308e-09
4.955341433879278067e-09
5.075826947760954117e-09
5.200758224093780617e-09
5.330287831725397693e-09
5.464571920564756067e-09
5.603771202283373295e-09
5.748049655928093785e-09
5.897575427538105282e-09
6.052520875108307278e-09
6.213062289632691394e-09
6.379379991317773271e-09
6.551657417907344907e-09
6.730081741205490305e-09
6.914843774694409333e-09
7.106138913766603660e-09
7.304167527417913920e-09
7.509133604457172579e-09
7.721243001091833565e-09
7.940701413130298315e-09
8.167715436778719176e-09
8.402493215316461472e-09
8.645246314847385514e-09
8.896190628685813266e-09
9.155542601084659610e-09
9.423516556092788516e-09
9.700324284056409660e-09
9.986179345680142869e-09
1.028129413604208801e-08
1.058587697441365769e-08
1.090013028588534589e-08
1.122425528837359477e-08
1.155844387407231244e-08
1.190288384237371667e-08
1.225775482626535935e-08
1.262322868647647881e-08
1.299946806707989886e-08
1.338662383979940827e-08
1.378482900077421204e-08
1.419420514948095372e-08
1.461486071340154265e-08
1.504689186578589672e-08
1.549037567820607460e-08
1.594536293037547140e-08
1.641188088237205826e-08
1.688993661281782269e-08
1.737950736298582083e-08
1.788054253911058946e-08
1.839295243212516320e-08
1.891662612267783297e-08
1.945141887798501429e-08
1.999714911707635946e-08
2.055358595688554686e-08
2.112044810296547105e-08
2.169741244260283707e-08
2.228410835857001485e-08
2.288010350266165741e-08
2.348490523460826183e-08
2.409797000641548593e-08
2.471870459930496942e-08
2.534647430739317299e-08
2.598059297627822239e-08
2.662027416379191655e-08
2.726458881825596966e-08
2.791245620331329037e-08
2.856270614937236235e-08
2.921415652116204418e-08
2.986559571047717160e-08
3.051573543327877814e-08
3.116318853716036248e-08
3.180643071038526289e-08
3.244383465214586891e-08
3.307364798516138816e-08
3.369400046784997012e-08
3.430293268855122763e-08
3.489837247360788324e-08
3.547816035795051175e-08
3.604002193668714347e-08
3.658156015651880612e-08
3.710024759961044511e-08
3.759345127702195272e-08
3.805841136620352885e-08
3.849226434936329483e-08
3.889213354791187900e-08
3.925519501639206192e-08
3.957852634512126589e-08
3.985863610243028765e-08
4.009166963624850350e-08
4.027482487626250426e-08
4.040756687591245044e-08
4.049149076676582788e-08
4.052691768262605535e-08
4.050890565770243736e-08
4.042883728912889493e-08
4.027867357901321826e-08
4.005480837624494327e-08
3.975799365939110046e-08
3.938859393459895079e-08
3.894382038365277714e-08
3.842235677731915705e-08
3.782631474430252646e-08
3.716269112051153060e-08
3.644022297798358447e-08
3.566548838859520983e-08
3.484210926177343487e-08
3.397152177408074995e-08
3.305529603555952400e-08
3.209696603545231443e-08
3.110294125793141397e-08
3.008258075621769826e-08
2.904735108942990866e-08
2.800983166037532058e-08
2.698213068741244518e-08
2.597490952309988078e-08
2.499698106013882905e-08
2.405563292401372246e-08
2.315744761819432453e-08
2.230918909946923180e-08
2.151749310503873106e-08
2.078727140155639652e-08
2.011981898113702563e-08
1.951146814287503478e-08
1.895463626896476396e-08
1.843957177042165332e-08
1.795555389619538329e-08
1.749097482905745152e-08
1.703234839966493408e-08
1.656409081677977343e-08
1.606960624656192174e-08
1.553396261299075570e-08
1.494736166135605665e-08
1.430578897466681265e-08
1.361100518722939039e-08
1.287164960149812189e-08
1.210418175398420766e-08
1.133132936450761201e-08
1.057899622567352107e-08
9.872855451262996809e-09
9.236054739107952908e-09
8.686165897386606335e-09
8.230544323468266778e-09
7.862761857699316097e-09
7.563435090503499398e-09
7.303431740412607382e-09
7.050738726305238482e-09
6.776453260778321689e-09
6.461071710361442638e-09
6.099504889111423919e-09
5.703750866441638395e-09
5.299524550756262406e-09
4.918456793611743485e-09
4.586770182654445589e-09
4.316749664430583823e-09
4.102965744651805266e-09
3.924485706523870336e-09
3.753970907113346182e-09
3.568807751100787051e-09
3.362202178892564002e-09
3.143975351068156833e-09
2.934193864300395380e-09
2.749737349376166895e-09
2.594904902479678732e-09
2.461032785970009091e-09
2.333360755222861118e-09
2.202884861737402595e-09
2.070387839263538577e-09
1.943730769321032973e-09
1.829501199416770160e-09
1.727094526215019415e-09
1.631854429593917796e-09
1.539871295681705452e-09
1.451251608663380008e-09
1.368388369920345655e-09
1.292063526644973211e-09
1.221024340698746436e-09
1.154111212382903105e-09
1.091087025212521813e-09
1.032191514970435693e-09
9.773313253224937155e-10
9.260373740189369411e-10
8.780327209343404497e-10
8.331984695472543608e-10
7.912848120883545659e-10
7.519973084506317752e-10
7.151316651308218853e-10
6.805397068378025241e-10
6.481095740074417026e-10
6.177133506717196294e-10
5.892099682354327222e-10
5.624510711568285956e-10
5.372951050528058728e-10
5.136084407685861641e-10
4.912697764710532770e-10
4.701629829864267204e-10
4.501893583697990829e-10
4.312532778431875738e-10
4.132677777251294414e-10
3.961559663082034278e-10
3.798501897170980318e-10
3.642803247679761562e-10
3.493899438745155522e-10
3.351243442088871984e-10
3.214328809775958624e-10
3.082718627196389268e-10
2.956012779155863930e-10
2.833819486854388410e-10
2.715857899028788652e-10
2.601809938952513971e-10
2.491473492391824811e-10
2.384596230069687044e-10
2.281022390115133972e-10
2.180573216163451917e-10
2.083181025396706622e-10
1.988696995194562622e-10
1.897059923634078660e-10
1.808198443441636313e-10
1.722072377389282932e-10
1.638632205832003444e-10
1.557867397048402095e-10
1.479737891362060318e-10
1.404229932863760872e-10
1.331345952940128246e-10
1.261055374843431678e-10
1.193344852613771706e-10
1.128217541451086459e-10
1.065645636101235688e-10
1.005605307704454271e-10
9.480823232296736514e-11
8.930366513092505565e-11
8.404365863668557665e-11
7.902417899886305727e-11
7.424047214361249499e-11
6.968771643826945347e-11
6.536125839902517775e-11
6.125384851241648859e-11
5.736058683031581949e-11
5.367313196722878340e-11
5.018613144403789981e-11
4.689256156522314074e-11
4.378408287217417191e-11
4.085471777559831023e-11
3.809539273398314112e-11
3.550029523014254811e-11
3.306079612455339359e-11
3.077060192813018560e-11
2.862217340413807577e-11
2.660817333281546133e-11
2.472183871180085393e-11
2.295657997218229477e-11
2.130626606435808151e-11
1.976385387625794204e-11
1.832393565675063379e-11
1.698047381629983107e-11
1.572786485150406352e-11
1.456054654599445848e-11
1.347391456004230150e-11
1.246298709858383158e-11
1.152309316930595740e-11
1.065101593249016816e-11
9.842982256580469983e-12
9.095501906789906458e-12
8.404740689617784300e-12
7.766351132810805370e-12
7.176449134901142795e-12
6.631353796648738518e-12
6.127661404594896784e-12
5.662227376048017940e-12
5.232145747427520444e-12
4.834731431355691061e-12
4.467503111731993777e-12
4.128167881974352487e-12
3.814606766668278408e-12
3.524862753042594011e-12
3.257126590547349861e-12
3.009726635412667096e-12
2.781118179937386070e-12
2.569873920049893607e-12
2.374674964134456843e-12
2.194302665694544841e-12
2.027630826066677255e-12
1.873618778258594767e-12
1.731304941492271032e-12
1.599800767081481737e-12
1.478285179617837346e-12
1.365999474550454131e-12
1.262242573111283880e-12
1.166366671284422935e-12
1.077773186678020753e-12
9.959089888493062296e-13
9.202629428436946358e-13
8.503627269118376308e-13
7.853632776526672201e-13
7.257120318385460799e-13
6.705915018681452372e-13
6.196575580540176153e-13
5.734116637361641001e-13
5.298505944033889243e-13
4.895988264049081923e-13
4.524049422859029348e-13
4.180366258005656567e-13
3.862792121280978959e-13
3.569343465501201796e-13
3.298187450421545000e-13
3.047630633337094089e-13
2.816108239878043888e-13
2.602174186054777036e-13
2.404492258923901595e-13
2.221827768568272912e-13
2.053039847466912874e-13
1.897074451320078887e-13
1.752957476680621020e-13
1.619788779410820061e-13
1.496736652664166269e-13
1.383032655075555934e-13
1.277966590143685752e-13
1.180882213535727494e-13
1.091173155796164119e-13
1.008279108904798296e-13
9.316823286196952849e-14
8.609044078222327684e-14
7.955032924293527883e-14
7.350705121784305683e-14
6.792286397904326429e-14
6.276289145140661224e-14
5.799490963307791002e-14
5.358914362201529493e-14
4.951807850613229117e-14
4.575628907734664862e-14
4.228027860085560905e-14
3.906833559569925116e-14
3.610039823069115395e-14
3.335792896652600948e-14
3.082379872787084932e-14
2.848218155396826914e-14
2.631845321709210343e-14
2.431909913337008996e-14
2.247163154397617844e-14
2.076451148951123596e-14
1.918707694711089705e-14
1.772947722576860850e-14
1.638260854670626043e-14
1.513805850272518466e-14
1.398805443626103810e-14
