# bin_5_1
4.372606720859478116e-10
4.400268857799141259e-10
4.429012553114720656e-10
4.458879789938953562e-10
4.489914144466820486e-10
4.522160827566905718e-10
4.555666724984454419e-10
4.590480528778030003e-10
4.626652820792634647e-10
4.664236071090038431e-10
4.703284683292813574e-10
4.743855147651693487e-10
4.786006210409588789e-10
4.829798926668186596e-10
4.875296520102939024e-10
4.922564482794074774e-10
4.971670962799709408e-10
5.022686723532103837e-10
5.075684972091429404e-10
5.130741640710916937e-10
5.187935762245240850e-10
5.247349288927386650e-10
5.309066934573991898e-10
5.373176645134968263e-10
5.439769485706170918e-10
5.508939990568344798e-10
5.580786260720503477e-10
5.655409800648246095e-10
5.732915612206595869e-10
5.813412827345367807e-10
5.897014583416483839e-10
5.983838184340504374e-10
6.074005254135502431e-10
6.167642295068698385e-10
6.264879436964539527e-10
6.365851878899099733e-10
6.470700408405270603e-10
6.579569745080307510e-10
6.692609674619854065e-10
6.809975486243730714e-10
6.931827991861431394e-10
7.058333378602291544e-10
7.189663358938932045e-10
7.325995331267719856e-10
7.467512721456407508e-10
7.614405764000220943e-10
7.766870800937589091e-10
7.925110996458049068e-10
8.089337238816481575e-10
8.259766555339093762e-10
8.436623409247030786e-10
8.620140399389847898e-10
8.810554823422037618e-10
9.008111632751287969e-10
9.213064877019063225e-10
9.425673853041863819e-10
9.646237388128395225e-10
9.874974881866217168e-10
1.011220125925583246e-09
1.035821099742946579e-09
1.061330678074534697e-09
1.087780080395071475e-09
1.115201331343029432e-09
1.143627373934829910e-09
1.173091856073027811e-09
1.203629340987171680e-09
1.235275178050313099e-09
1.268065499574572283e-09
1.302037305552972176e-09
1.337228422569248352e-09
1.373677351336325520e-09
1.411423204679224922e-09
1.450506047890652598e-09
1.490966954095903019e-09
1.532847876641072652e-09
1.576191401960306739e-09
1.621040150821449558e-09
1.667437012473600181e-09
1.715424900013424074e-09
1.765047065370168985e-09
1.816347867944253790e-09
1.869372220880880032e-09
1.924164823580667659e-09
1.980769716313067381e-09
2.039230962500472625e-09
2.099592407887976252e-09
2.161897694425536216e-09
2.226189350675924787e-09
2.292509368355358005e-09
2.360897595293633115e-09
2.431393543689444598e-09
2.504035323986808520e-09
2.578858954565311545e-09
2.655898708595537630e-09
2.735187028029789108e-09
2.816752903587454515e-09
2.900622479457964409e-09
2.986818879901141789e-09
3.075362989668875774e-09
3.166272697470709264e-09
3.259560619011829498e-09
3.355234288419422961e-09
3.453296690631829913e-09
3.553745146806099898e-09
3.656572146140797725e-09
3.761761876624649541e-09
3.869293150921913220e-09
3.979138046854491629e-09
4.091262593689161377e-09
4.205623402456586262e-09
4.322165903387679023e-09
4.440826131660782819e-09
4.561531530772236439e-09
4.684197512575570651e-09
4.808727177776457087e-09
4.935011684426692554e-09
5.062931610718239216e-09
5.192358643064120787e-09
5.323155879688053957e-09
5.455168691099639894e-09
5.588218586506799407e-09
5.722093803909592246e-09
5.856556581662785599e-09
5.991360853653842613e-09
6.126257734400961838e-09
6.260989378788732169e-09
6.395278960796458902e-09
6.528819108817952460e-09
6.661282061460884147e-09
6.792315641631074837e-09
6.921541097156890904e-09
7.048560101112640992e-09
7.172951225006770170e-09
7.294276342708723265e-09
7.412072937344736888e-09
7.525855087309122892e-09
7.635109849356009771e-09
7.739301574563282166e-09
7.837867423832939094e-09
7.930222525239406665e-09
8.015772050887392488e-09
8.093922246509748213e-09
8.164081986651954388e-09
8.225585120709674748e-09
8.277657576580266713e-09
8.319601221592159880e-09
8.351069362021369096e-09
8.372251777276405245e-09
8.383437591623405201e-09
8.384100479029492249e-09
8.372748547329779934e-09
8.347468542828550755e-09
8.307001205296915497e-09
8.251292000857390248e-09
8.180529740671816818e-09
8.094482423429850619e-09
7.992697053142650440e-09
7.875130048492918586e-09
7.742873522061378058e-09
7.597762394781312525e-09
7.441394675847261172e-09
7.274786731074849213e-09
7.098341429653703397e-09
6.912297721339572247e-09
6.717191636161280503e-09
6.514101167837223911e-09
6.304748660676570044e-09
6.091361859983007185e-09
5.876506504451565243e-09
5.662755656900580402e-09
5.452462576049109451e-09
5.247604456933673284e-09
5.049783598075116199e-09
4.860393596332256260e-09
4.680806643993568869e-09
4.512413559239382891e-09
4.356413768372261062e-09
4.213440566153963085e-09
4.083126613238427543e-09
3.964173349823625866e-09
3.854672501416853950e-09
3.752432414807936666e-09
3.655144269473875960e-09
3.560189902773711807e-09
3.464503348246612033e-09
3.364687451271013369e-09
3.257417349209988014e-09
3.140195919483319409e-09
3.011685183224711508e-09
2.871842900109572867e-09
2.721929970123245774e-09
2.564675341499203858e-09
2.404328567497034751e-09
2.246203203793025268e-09
2.095704950805760809e-09
1.957851731329840352e-09
1.836825402195398284e-09
1.735099815590764368e-09
1.652460116707682626e-09
1.585892354016172924e-09
1.529926477364281358e-09
1.477985764442715843e-09
1.423639673971300982e-09
1.361964996557343423e-09
1.290669244862163480e-09
1.210877731946844928e-09
1.126961177404648954e-09
1.045325157203264811e-09
9.721511746891715411e-10
9.112641651252660179e-10
8.629937734283839249e-10
8.240323826933546174e-10
7.889753194773586853e-10
7.523558370144361834e-10
7.113384792704759146e-10
6.666242198753356106e-10
6.219075306102725917e-10
5.813377579237606668e-10
5.469883235421653842e-10
5.180677850731317699e-10
4.916270109828416370e-10
4.650963488711112575e-10
4.377231355985164280e-10
4.107703112063919533e-10
3.860234886498121245e-10
3.639824247452823614e-10
3.439336533480415455e-10
3.247660845354572181e-10
3.061125496851565784e-10
2.884455927462486004e-10
2.721372605905866898e-10
2.570882378474855938e-10
2.429818964642182896e-10
2.296304874221694774e-10
2.171066977433881860e-10
2.054670928089258648e-10
1.946001778606835963e-10
1.844190009761929986e-10
1.749067604977401758e-10
1.660245759298789082e-10
1.577074012502620819e-10
1.499054291916691673e-10
1.425837601371956718e-10
1.357187488137390297e-10
1.292857208368167866e-10
1.232564523138416721e-10
1.176002498206333436e-10
1.122873081772966818e-10
1.072891001594116588e-10
1.025795598665748245e-10
9.813413089397268840e-11
9.393156107447048433e-11
8.995135305328468347e-11
8.617482173329421304e-11
8.258546856186149116e-11
7.916879612065980136e-11
7.590990484304643651e-11
7.279648051729373976e-11
6.981700624663876436e-11
6.696037901093360842e-11
6.421723806724410418e-11
6.157884322255466914e-11
5.903687320181859704e-11
5.658496135344610190e-11
5.421619736843952156e-11
5.192611705043227416e-11
4.970911209665947958e-11
4.756169882190807895e-11
4.547987407002279618e-11
4.346189229201004398e-11
4.150452679413332614e-11
3.960632627567972839e-11
3.776550858771742884e-11
3.598120951788063827e-11
3.425218745548002534e-11
3.257816140784091348e-11
3.095818455079494911e-11
2.939193428189581783e-11
2.787940077746432187e-11
2.641990880327458830e-11
2.501317950180376059e-11
2.365933867975732177e-11
2.235777545414892255e-11
2.110801582215989755e-11
1.990985625483121784e-11
1.876251629555330017e-11
1.766536111757432089e-11
1.661768665672247799e-11
1.561852663631668559e-11
1.466691882613266269e-11
1.376202099578012329e-11
1.290236534100200586e-11
1.208698013762830421e-11
1.131422694668770529e-11
1.058302208717069878e-11
9.891983757560072710e-12
9.239433432965604198e-12
8.624107850414514084e-12
8.044218831467355600e-12
7.498574810630721234e-12
6.985391488338101210e-12
6.503402471282625842e-12
6.051195974785771534e-12
5.626953734227560109e-12
5.229456448846023859e-12
4.857315241752785767e-12
4.509282644792820761e-12
4.183882096707684383e-12
3.879992077045334014e-12
3.596357542179982754e-12
3.331815987198188876e-12
3.085196824521372624e-12
2.855560418681021741e-12
2.641827909213788201e-12
2.443033299130246877e-12
2.258450116216409804e-12
2.087282723711403992e-12
1.928854970034135343e-12
1.782401575459567956e-12
1.647064612052857875e-12
1.522003170401138521e-12
1.406437586979937891e-12
1.299646800449112010e-12
1.200964589239855659e-12
1.109775271770090375e-12
1.025509950933586524e-12
9.476428831704001970e-13
8.756882276219225896e-13
8.091969933039436691e-13
7.477485851522456519e-13
6.909738339862272581e-13
6.385098050948553626e-13
5.906714173712453762e-13
5.458177235687115642e-13
5.043700628732119737e-13
4.660697843274596613e-13
4.306779040408894121e-13
3.979735696777139650e-13
3.677526895623802393e-13
3.398266791242619760e-13
3.140212986645891502e-13
2.901755089217176604e-13
2.681404970115671360e-13
2.477787535312019411e-13
2.289632118224768806e-13
2.115764542189371113e-13
1.955099804052512216e-13
1.806635317683112541e-13
1.669444638248404639e-13
1.542671697494923350e-13
1.425525427164770154e-13
1.317274841901186677e-13
1.217244517338616976e-13
1.124810258886157264e-13
1.039395300576842288e-13
9.604665839779861157e-14
8.875315312646301826e-14
8.201349754277239213e-14
7.578563187013696250e-14
7.003069067060115885e-14
6.471276384407163665e-14
5.979866866059798626e-14
5.525773749054165528e-14
5.106163185754828840e-14
4.718416553670632124e-14
4.360114129058716465e-14
4.029020181172323616e-14
3.723068553748905804e-14
3.440349929512301729e-14
3.179100097813686427e-14
2.937688995409778845e-14
2.714610052177594183e-14
2.508471100999716753e-14
2.317985723301036978e-14
2.141965189718475869e-14
1.979311042689816441e-14
1.829008248578406496e-14
1.690118880484579567e-14
1.561776235515678803e-14
1.443179460635559369e-14
1.333588494119262119e-14
1.232319507779234165e-14
1.138740622085497147e-14
1.052267907062270097e-14
9.723617816020839280e-15
8.985235631796093537e-15
8.302924425354332280e-15
7.672426086171147465e-15
7.089805901981830673e-15
6.551427994576901166e-15
6.053933048581593764e-15
5.594216702530415929e-15
5.169409987494854381e-15
4.776861829977344454e-15
4.414122500693193742e-15
4.078928357378293847e-15
3.769187870117078403e-15
3.482968117898972533e-15
3.218482930267691324e-15
2.974081919241090221e-15
