# bin_1_4
3.101590687065770175e-07
3.120567246550567193e-07
3.140275037932874445e-07
3.160741544975056267e-07
3.181995226468567647e-07
3.204065546968065075e-07
3.226983008136874027e-07
3.250779182606241114e-07
3.275486747749689184e-07
3.301139506340727884e-07
3.327772422005607726e-07
3.355421649610108261e-07
3.384124569338790099e-07
3.413919821059572620e-07
3.444847344716076082e-07
3.476948408954669723e-07
3.510265647039777816e-07
3.544843091242113952e-07
3.580726184161129262e-07
3.617961813465259308e-07
3.656598333728701334e-07
3.696685614168226059e-07
3.738275087588884946e-07
3.781419769224583107e-07
3.826174260742992430e-07
3.872594770380952508e-07
3.920739131940437566e-07
3.970666846071917398e-07
4.022439098477583509e-07
4.076118761821471934e-07
4.131770451416969909e-07
4.189460479582571446e-07
4.249256869074091929e-07
4.311229296970075792e-07
4.375449163030046802e-07
4.441989576269253964e-07
4.510925324982586852e-07
4.582332850941639639e-07
4.656290167767059177e-07
4.732876798528749033e-07
4.812173791162108942e-07
4.894263651730592653e-07
4.979230284879749664e-07
5.067158872678049077e-07
5.158135734987410481e-07
5.252248335245216018e-07
5.349585220073959270e-07
5.450235673713537643e-07
5.554289565978024122e-07
5.661837326286035220e-07
5.772969706758915101e-07
5.887777571157271190e-07
6.006351542652843208e-07
6.128781855977028170e-07
6.255158222070293483e-07
6.385569313088424595e-07
6.520102297818033735e-07
6.658842708693025640e-07
6.801874153500618273e-07
6.949277728753482603e-07
7.101131787265423364e-07
7.257511385733627389e-07
7.418487475992166733e-07
7.584126828628931769e-07
7.754491253107038887e-07
7.929636536800829034e-07
8.109612477377154847e-07
8.294461798964893635e-07
8.484219167637963810e-07
8.678911443163494866e-07
8.878555973342913731e-07
9.083159646647726797e-07
9.292718733746596932e-07
9.507217388303621054e-07
9.726627081886179903e-07
9.950905353866693565e-07
1.017999428450915739e-06
1.041381915115939577e-06
1.065228669402829500e-06
1.089528391482346382e-06
1.114267729189801030e-06
1.139431186399172423e-06
1.165001052815751035e-06
1.190957215461140010e-06
1.217276996522898175e-06
1.243935019286360178e-06
1.270902999312726422e-06
1.298149437015428477e-06
1.325639609283601310e-06
1.353335284542669776e-06
1.381194850623384233e-06
1.409173083538221118e-06
1.437220916863776713e-06
1.465285386041548136e-06
1.493309232685347476e-06
1.521230785876466825e-06
1.548983927140497086e-06
1.576498019941783511e-06
1.603697998258148257e-06
1.630504535987192053e-06
1.656833647162652284e-06
1.682596531217732580e-06
1.707699506793159197e-06
1.732043647106053539e-06
1.755525240406823190e-06
1.778037584003704634e-06
1.799473229897227768e-06
1.819725415328413620e-06
1.838686234606229216e-06
1.856242168035232528e-06
1.872270790397920597e-06
1.886640373661354525e-06
1.899214086579039157e-06
1.909857257142127873e-06
1.918439931821816174e-06
1.924838442621757000e-06
1.928935491942871299e-06
1.930617343597535696e-06
1.929774616670769590e-06
1.926307404569757825e-06
1.920129032944145604e-06
1.911172258037714955e-06
1.899391128955225080e-06
1.884750363805207710e-06
1.867220233503777833e-06
1.846776246545146870e-06
1.823413230326765523e-06
1.797168958375377021e-06
1.768135984387420105e-06
1.736459515593680748e-06
1.702319915047642555e-06
1.665919838890994777e-06
1.627483330859362539e-06
1.587263169794822201e-06
1.545544038056728064e-06
1.502635182408206730e-06
1.458856459687081622e-06
1.414528225071658955e-06
1.369966108864249628e-06
1.325478975368340663e-06
1.281368206919333346e-06
1.237924151664713850e-06
1.195419213053904486e-06
1.154098168738597288e-06
1.114165309766249199e-06
1.075769688849037329e-06
1.038993166440674090e-06
1.003844841336349536e-06
9.702656045868502674e-07
9.381405427709764452e-07
9.073132141624520801e-07
8.776002004678779791e-07
8.487996473878873235e-07
8.207008258332645973e-07
7.930896732890887399e-07
7.657666181972629302e-07
7.385645988963412966e-07
7.113603288866184602e-07
6.840805595918670625e-07
6.566957361271493745e-07
6.292125958654045600e-07
6.016678888516148417e-07
5.741320360595716093e-07
5.467147743264880121e-07
5.195685472834707028e-07
4.928911118213604591e-07
4.669190080187667060e-07
4.419129037934174162e-07
4.181359103776950060e-07
3.958144456561101057e-07
3.750994569102724295e-07
3.560312425410163527e-07
3.385271347654866312e-07
3.223862044454588733e-07
3.073242151333089754e-07
2.930274229148126721e-07
2.792153347503702849e-07
2.656989051305504372e-07
2.523950665902887963e-07
2.393176566693708261e-07
2.265448680082621635e-07
2.141903478461358623e-07
2.023757772669762586e-07
1.912148553281697454e-07
1.807931067537137496e-07
1.711459490819770031e-07
1.622381258827251191e-07
1.539601108929411657e-07
1.461569270627768705e-07
1.386811598417299558e-07
1.314467933892665269e-07
1.244585392672897813e-07
1.177892028076919346e-07
1.115276125432929674e-07
1.057174087926294279e-07
1.003326020525350362e-07
9.530071990856036236e-08
9.054371088590297177e-08
8.602324540546476299e-08
8.174190235165260377e-08
7.772038383671392548e-08
7.396354109016049212e-08
7.045234333876869773e-08
6.715627593965907146e-08
6.405289770871293828e-08
6.113092634465641203e-08
5.838547445010118030e-08
5.580802536308919996e-08
5.338510468867085149e-08
5.110332436737617060e-08
4.895217732047793385e-08
4.692301761999490922e-08
4.500701017378508522e-08
4.319534595567896310e-08
4.147971138615524202e-08
3.985244081502478292e-08
3.830654991271430927e-08
3.683514711079932352e-08
3.543212575422433408e-08
3.409204481631044612e-08
3.280978095771163558e-08
3.158066223883971464e-08
3.040019544540603526e-08
2.926418330662407266e-08
2.816881782162817283e-08
2.711070884685644669e-08
2.608692402916762539e-08
2.509465055188671394e-08
2.413168612668521200e-08
2.319600095565908091e-08
2.228594140388034034e-08
2.140004881425523567e-08
2.053719437186770942e-08
1.969640045286714291e-08
1.887688186036235998e-08
1.807813912154359264e-08
1.729960749287389694e-08
1.654107971273817077e-08
1.580242289658656869e-08
1.508348089870066096e-08
1.438424270072567189e-08
1.370486939484349406e-08
1.304533068095424072e-08
1.240583153434881020e-08
1.178641464097556981e-08
1.118728125670788453e-08
1.060841528140275617e-08
1.004998601241338646e-08
9.512001401307985820e-09
8.994413931866083165e-09
8.497123732170531013e-09
8.020095693036284804e-09
7.563173976880044300e-09
7.125992840636938123e-09
6.708408152924022903e-09
6.309987416358537249e-09
5.930430880228977195e-09
5.569265699200121740e-09
5.226085778655422373e-09
4.900369501902533970e-09
4.591574436298756387e-09
4.299171753641543008e-09
4.022585344116150182e-09
3.761273104647026995e-09
3.514627699542952501e-09
3.282059383057426495e-09
3.062967966517915874e-09
2.856777954039884249e-09
2.662904391424318461e-09
2.480742522884542075e-09
2.309769514690451631e-09
2.149410117907498618e-09
1.999104797145679845e-09
1.858365611430025863e-09
1.726654830924739780e-09
1.603503947522336101e-09
1.488398383296790959e-09
1.380926857107213512e-09
1.280631619040475588e-09
1.187107759871422423e-09
1.099959259351612415e-09
1.018789003770868720e-09
9.432628598933166857e-10
8.730115645024012409e-10
8.077117267043867586e-10
7.470565946376534636e-10
6.907501887905113321e-10
6.385229653263232248e-10
5.901099050962800316e-10
5.452605357789274884e-10
5.037332181863791577e-10
4.653138970408201622e-10
4.297854976413838025e-10
3.969480041953370679e-10
3.666105426649038585e-10
3.385876057689692740e-10
3.127055091259540785e-10
2.888021770504425435e-10
2.667256547653621528e-10
2.463367043716715423e-10
2.275062805486342583e-10
2.101152580323570663e-10
1.940536143447651023e-10
1.792197339842915987e-10
1.655197700729065590e-10
1.528670466105631019e-10
1.411815115741669726e-10
1.303892542235466954e-10
1.204219563088097363e-10
1.112165706367813316e-10
1.027148593932919599e-10
9.486303425852907340e-11
8.761141106330443152e-11
8.091412102065153569e-11
7.472878660056124280e-11
6.901646136836643288e-11
6.374061186113127299e-11
5.886806297796034046e-11
5.436798515546244599e-11
5.021190550470368347e-11
4.637352876761938032e-11
4.282856936069797085e-11
3.955459753831045292e-11
3.653089800854371290e-11
3.373833916314501521e-11
3.115925237978000968e-11
2.877731945048246126e-11
2.657746929957618610e-11
2.454578301352741180e-11
2.266940565436944138e-11
2.093646546557878457e-11
1.933599745091879020e-11
1.785762797863721832e-11
1.649251655409197496e-11
1.523175908653269143e-11
1.406737837531969809e-11
1.299200700236437015e-11
1.199884112389640176e-11
1.108159682157590094e-11
1.023447045671666494e-11
9.452102151850292072e-12
8.729541455666026050e-12
8.062216363361549273e-12
7.445904483125938971e-12
6.876706162532998664e-12
6.351019958792134340e-12
5.865519571265210861e-12
5.417133000789781463e-12
5.003023075652217352e-12
4.620569509337721327e-12
4.267352408726306490e-12
3.941136811487362591e-12
3.639858611332106004e-12
3.361611430836865359e-12
3.104634638162021281e-12
2.867302260288002522e-12
2.648112612198785498e-12
2.445678766338920815e-12
2.258719832159878071e-12
2.086052855815933959e-12
1.926585335277158805e-12
1.779308212334196530e-12
1.643253057379286963e-12
1.517634767090548457e-12
1.401619194784402057e-12
1.294472257118050046e-12
1.195515991711071127e-12
1.104124266806476128e-12
1.019718878143182504e-12
9.417658428298938030e-13
8.697719755477922502e-13
8.032817724265216629e-13
7.418449866020493492e-13
6.851342808941533804e-13
6.324009816253635682e-13
5.840712506223412982e-13
5.394208861676113008e-13
4.981837991988760575e-13
4.486977607973130471e-13
4.155657079897037174e-13
3.612586735632029876e-13
3.336372367345080586e-13
3.081278654644189698e-13
2.616099748862858078e-13
2.416053482236302495e-13
2.231304077471901300e-13
1.779098498720136522e-13
1.643039698374141986e-13
1.192361182182130219e-13
1.101168683856624570e-13
7.163668792693022635e-14
6.615711283796853938e-14
3.277383520168090419e-14
3.026654489492354169e-14
8.367963144248406288e-15
7.727691662136885004e-15
9.562717743127973633e-16
8.831517962762027400e-16
0.000000000000000000e+00
0.000000000000000000e+00
