# bin_3_4
4.078184731065830173e-08
4.103854712315432123e-08
4.130525934202345838e-08
4.158237047976445770e-08
4.187028173143097980e-08
4.216940939101225921e-08
4.248018530226038854e-08
4.280305741368229985e-08
4.313849049817025472e-08
4.348696678026626338e-08
4.384898641866365637e-08
4.422506815173711404e-08
4.461574979331133511e-08
4.502158919332287153e-08
4.544316519861784578e-08
4.588107784440549779e-08
4.633594885475315835e-08
4.680842299604369158e-08
4.729916885542660652e-08
4.780887897092007444e-08
4.833827151680043329e-08
4.888809117606635289e-08
4.945910843921650167e-08
5.005212164215745464e-08
5.066795857090112693e-08
5.130747581558788801e-08
5.197156080795046571e-08
5.266113351455174022e-08
5.337714288132139125e-08
5.412057263855323211e-08
5.489244402455057040e-08
5.569380821260122712e-08
5.652575754010987526e-08
5.738942003549614662e-08
5.828595770424907926e-08
5.921657964853038722e-08
6.018253085217634907e-08
6.118509256857008945e-08
6.222559746583414510e-08
6.330541910362182322e-08
6.442597411106650267e-08
6.558872524288533533e-08
6.679518243367342636e-08
6.804690424861106172e-08
6.934549835692688236e-08
7.069261864619503022e-08
7.208997502865124113e-08
7.353932183128379303e-08
7.504246687002555160e-08
7.660127255210909105e-08
7.821765153947176091e-08
7.989357066671392895e-08
8.163103517868238714e-08
8.343212621040685799e-08
8.529895599967147122e-08
8.723370532514860590e-08
8.923859934650595574e-08
9.131592884007049404e-08
9.346802078016019238e-08
9.569727168604323512e-08
9.800610614050165461e-08
1.003970101766782139e-07
1.028725006764603344e-07
1.054351548320187790e-07
1.080875737607920307e-07
1.108324130179612265e-07
1.136723335059962446e-07
1.166100587530177911e-07
1.196483058475873386e-07
1.227898228991215750e-07
1.260374001812287349e-07
1.293938336260447018e-07
1.328618966487091117e-07
1.364443809873607131e-07
1.401440290366286561e-07
1.439635987905585364e-07
1.479057864463701032e-07
1.519732695760999863e-07
1.561686488666926554e-07
1.604944473208415365e-07
1.649531494896661396e-07
1.695471153624087339e-07
1.742785959723287690e-07
1.791497119760178506e-07
1.841624773455068185e-07
1.893187419780420141e-07
1.946201777311704456e-07
2.000682387875897682e-07
2.056642003115271693e-07
2.114091049985537916e-07
2.173037114187279139e-07
2.233485120674072793e-07
2.295436378483174602e-07
2.358888849968701159e-07
2.423837321766792829e-07
2.490272485434692794e-07
2.558180830607599545e-07
2.627543814969138411e-07
2.698338530774991493e-07
2.770536442437535758e-07
2.844103153195678176e-07
2.918998156877412320e-07
2.995173680181508104e-07
3.072576042884090047e-07
3.151144706393727976e-07
3.230812234739347810e-07
3.311503680397472945e-07
3.393135365391781355e-07
3.475613371412072242e-07
3.558831512465641206e-07
3.642672377305368546e-07
3.727006934257481090e-07
3.811694963194162727e-07
3.896584301492185971e-07
3.981513007843558502e-07
4.066310383978288650e-07
4.150794518598122414e-07
4.234771277599808682e-07
4.318029660840895676e-07
4.400345201024390944e-07
4.481478417156452756e-07
4.561175898249093729e-07
4.639169438448610648e-07
4.715176553300049824e-07
4.788901066503582326e-07
4.860030910380987746e-07
4.928238862136886279e-07
4.993183110643609131e-07
5.054508601971063792e-07
5.111850362088620254e-07
5.164832894814725816e-07
5.213062312430261805e-07
5.256124406195792063e-07
5.293616626314883843e-07
5.325199051096004313e-07
5.350616441479589305e-07
5.369658973517838630e-07
5.382071780620414381e-07
5.387499848918216920e-07
5.385513358374948140e-07
5.375633167192951533e-07
5.357322847711659204e-07
5.330010745462197838e-07
5.293191296027704511e-07
5.246579534071671234e-07
5.190163383232710793e-07
5.124126915457947203e-07
5.048779066784752232e-07
4.964542900313662913e-07
4.871992733293733986e-07
4.771764644730320343e-07
4.664645172137492770e-07
4.551145264632617580e-07
4.431769689922983978e-07
4.307080244935278782e-07
4.177827686975497457e-07
4.045017477194349380e-07
3.909891003855956028e-07
3.773845372458666675e-07
3.638324192382675454e-07
3.504721046306834709e-07
3.374314462277707353e-07
3.248245433509151971e-07
3.127523248764911163e-07
3.013024703502457327e-07
2.905460357734347121e-07
2.805307243102343043e-07
2.712738315979296036e-07
2.627571142969038596e-07
2.549233562321671318e-07
2.476769211602693336e-07
2.408897173832044957e-07
2.344081834455185969e-07
2.280616833499958758e-07
2.216697920711082693e-07
2.150536207811470313e-07
2.080505475250626603e-07
2.005312874138453886e-07
1.924188252924432845e-07
1.837102179770862949e-07
1.744869924984575450e-07
1.649090856262465057e-07
1.551979278150833519e-07
1.456222856465282646e-07
1.364726452214374311e-07
1.280191050624100891e-07
1.204638812094473500e-07
1.139104605006596883e-07
1.083442743852251534e-07
1.036288524337739766e-07
9.952319855655587633e-08
9.572563021533081088e-08
9.193525672980645724e-08
8.792137330010766433e-08
8.357457885620465648e-08
7.892666058928168176e-08
7.413293999238624605e-08
6.942237634917448158e-08
6.502861119823519491e-08
6.111597122241963222e-08
5.772887142602627416e-08
5.478693694066512626e-08
5.213037824301873450e-08
4.958638527553869121e-08
4.703724865063365371e-08
4.445257307386887044e-08
4.187995562982510297e-08
3.940741627957423933e-08
3.711262122294398631e-08
3.502498678147746076e-08
3.312182184659488191e-08
3.135137020747650456e-08
2.966387309900733798e-08
2.803528501650610202e-08
2.647109612571925725e-08
2.499401764897938668e-08
2.362286389323403694e-08
2.235419547792842969e-08
2.117000457093988623e-08
2.005043421203938913e-08
1.899043905335978445e-08
1.799578754638023324e-08
1.706905939358684349e-08
1.620475165205096415e-08
1.539378773764728814e-08
1.463180198711340751e-08
1.391849717898322888e-08
1.325152957104299161e-08
1.262640546198373883e-08
1.203965675267683211e-08
1.148881086702750755e-08
1.097127518631059379e-08
1.048434956302396655e-08
1.002580365147411628e-08
9.593709260669933955e-09
9.186308425639147371e-09
8.801866564194528149e-09
8.438531498465017356e-09
8.094553248244944149e-09
7.768266375760384723e-09
7.458082403403773253e-09
7.162660298787316256e-09
6.880673903996179005e-09
6.610972793705961249e-09
6.352536294578126518e-09
6.104385551991885737e-09
5.865677821852060454e-09
5.635672323540080974e-09
5.413683808545500995e-09
5.199091902520199575e-09
4.991380941884091443e-09
4.790041013022626201e-09
4.594696318718683593e-09
4.404997994896486463e-09
4.220633389885638287e-09
4.041364383682154235e-09
3.867015713691463747e-09
3.697405428919092142e-09
3.532446096005191756e-09
3.372020291701874018e-09
3.216110058606584304e-09
3.064662496964274049e-09
2.917662059261185550e-09
2.775094622184497230e-09
2.636987710721336591e-09
2.503365262899291403e-09
2.374183148845993230e-09
2.249506423320683685e-09
2.129306969638741179e-09
2.013600179525169512e-09
1.902377728976746378e-09
1.795608802675566352e-09
1.693266540082228556e-09
1.595326223981261881e-09
1.501709519003965675e-09
1.412356407281550744e-09
1.327219380223821241e-09
1.246164107059081624e-09
1.169124015023604208e-09
1.095997974737997484e-09
1.026660960566126945e-09
9.610036782478512872e-10
8.988825031237099329e-10
8.402034126886331682e-10
7.848166337546166057e-10
7.325865989471835437e-10
6.833974082635586551e-10
6.371101971772829143e-10
5.935926040779867881e-10
5.527216430021714821e-10
5.143584894242466883e-10
4.783870927933724906e-10
4.446872178156880048e-10
4.131392581326968365e-10
3.836242572359875307e-10
3.560422704059841456e-10
3.302734569156815632e-10
3.062272918294083186e-10
2.837959906075340360e-10
2.628838535522933430e-10
2.434045061078179370e-10
2.252695053101767093e-10
2.083967192878639439e-10
1.927202545686303057e-10
1.781506668698129165e-10
1.646293392320534920e-10
1.520989064356531248e-10
1.404971028535967291e-10
1.297655880169601694e-10
1.198488396119600953e-10
1.106886707702928322e-10
1.022283370046582499e-10
9.441467031088022788e-11
8.719822990294058433e-11
8.053337183868274593e-11
7.437792963277258536e-11
6.869296770807648947e-11
6.344252417488046932e-11
5.859338708673910101e-11
5.411488326147581348e-11
4.997868429308936936e-11
4.615862708934066419e-11
4.263054792401968551e-11
3.937212996577961942e-11
3.636276262198365232e-11
3.358340998269258922e-11
3.101649188340550396e-11
2.864577210478964214e-11
2.645625455475132815e-11
2.443409014326987176e-11
2.256648847830260486e-11
2.084163568399283697e-11
1.924862067623035766e-11
1.777736670094413370e-11
1.641856677925254900e-11
1.516362527286169508e-11
1.400460367648939607e-11
1.293455525727817667e-11
1.194591633909346486e-11
1.103284274581077533e-11
1.018955859437297913e-11
9.410729534020192894e-12
8.691429205079106052e-12
8.027107873222626858e-12
7.413563148130184447e-12
6.846913921684425640e-12
6.323575686566746737e-12
5.840238083652273121e-12
5.393843865315070688e-12
4.981569254071419041e-12
4.600806417580356329e-12
4.249146823998776334e-12
3.924366209966048519e-12
3.624410053780985561e-12
3.347380840903491882e-12
3.091526113328003787e-12
2.855227437368039123e-12
2.636990040978432686e-12
2.435433385297017888e-12
2.249282532453259340e-12
2.077360017239237568e-12
1.918578296341137730e-12
1.771932989341302036e-12
1.636496434302768721e-12
1.512430130912497308e-12
1.396819611091269692e-12
1.290046356387160175e-12
1.191434841131256316e-12
1.100361127287664123e-12
1.016249188643604634e-12
9.385668568633759429e-13
8.668226202282571114e-13
8.005625444666822558e-13
7.393673993166558395e-13
6.828500049474123422e-13
6.306527813438511063e-13
5.824454877184496224e-13
5.379231824715254519e-13
4.968042369512182571e-13
4.588284812480413091e-13
4.237556314214687816e-13
3.913637741892461409e-13
3.614479621978492338e-13
3.338189167296656448e-13
3.083018296277224733e-13
2.847352568476770135e-13
2.629700966277447841e-13
2.428686458035557198e-13
2.243037282902599173e-13
2.071578902116445263e-13
1.913226687956366382e-13
1.766978958893124091e-13
1.631910434519127951e-13
1.507166648051734964e-13
1.391958359257392800e-13
1.285556634992776037e-13
1.187288270222474985e-13
1.096531541626849845e-13
1.012712317002622390e-13
9.353003487276772331e-14
