# bin_2_1
1.987816294326293739e-08
2.000221987352582475e-08
2.013109710397403333e-08
2.026497907829550676e-08
2.040405720936882328e-08
2.054852994658771366e-08
2.069860280462771624e-08
2.085448912757344176e-08
2.101640985385359973e-08
2.118459425581558724e-08
2.135928008340110346e-08
2.154071340117913480e-08
2.172914955236567972e-08
2.192485220423613617e-08
2.212809504737287376e-08
2.233916144528024150e-08
2.255834561955791156e-08
2.278595160107604698e-08
2.302229419082339768e-08
2.326769878814318010e-08
2.352250240986674779e-08
2.378705387138105842e-08
2.406171441405104140e-08
2.434685711665253408e-08
2.464286804296225751e-08
2.495014658660938070e-08
2.526910547281426749e-08
2.560017030536199381e-08
2.594378114532178025e-08
2.630039270854532666e-08
2.667047504624374635e-08
2.705451352064944084e-08
2.745300774775773773e-08
2.786647217756361377e-08
2.829543960680524874e-08
2.874045967678353554e-08
2.920209533636445583e-08
2.968092723339793621e-08
3.017755521507517919e-08
3.069259616802454853e-08
3.122668386262660593e-08
3.178046832329659508e-08
3.235461876967138822e-08
3.294982265846030185e-08
3.356678303702889800e-08
3.420622045620911249e-08
3.486887670750967317e-08
3.555550994342334769e-08
3.626689234733298213e-08
3.700381482272415909e-08
3.776708641285766008e-08
3.855753274257089175e-08
3.937599268808512899e-08
4.022332248684215131e-08
4.110039010389370892e-08
4.200807953402781345e-08
4.294728265037572426e-08
4.391890694357174819e-08
4.492386449016600434e-08
4.596308234086997246e-08
4.703748478173709809e-08
4.814800726359544318e-08
4.929558460594163513e-08
5.048115962928945148e-08
5.170565554197162829e-08
5.297000327342864914e-08
5.427512420605898334e-08
5.562192263774347563e-08
5.701128977268161564e-08
5.844409614009557142e-08
5.992119756869656846e-08
6.144340660072908717e-08
6.301151930005108270e-08
6.462628376408279237e-08
6.628841897480843508e-08
6.799858284014031398e-08
6.975738799290514465e-08
7.156538029316118144e-08
7.342304032998636231e-08
7.533077686486697062e-08
7.728890600947743965e-08
7.929766951032223991e-08
8.135719963982477202e-08
8.346752569626494805e-08
8.562856437181854427e-08
8.793840671261484710e-08
9.020255148622481379e-08
9.251653020637036241e-08
9.487936637593291847e-08
9.729057726854887925e-08
9.974871882444366197e-08
1.022530506141784866e-07
1.048016902857389429e-07
1.073933570153723763e-07
1.100259904296240035e-07
1.126975199252745154e-07
1.154055981829053884e-07
1.180150815978027183e-07
1.207845477627423996e-07
1.235813610591876837e-07
1.264018230651361610e-07
1.292418921219382465e-07
1.320971758689120675e-07
1.349629291260054115e-07
1.378339742897210818e-07
1.407047491927506365e-07
1.435692477928875864e-07
1.464210359565582043e-07
1.492532689597449341e-07
1.520586490477290055e-07
1.548294203850377036e-07
1.575573429761925105e-07
1.602336642851796642e-07
1.628491283236239118e-07
1.653939519405497384e-07
1.678578801312802417e-07
1.702301152180256751e-07
1.724994157792304595e-07
1.746541122529231970e-07
1.766820897327361465e-07
1.785708503733194250e-07
1.803075411211054140e-07
1.818792362885498131e-07
1.832736954753942597e-07
1.844797105055416901e-07
1.854869346831440337e-07
1.862848099508707151e-07
1.868612203706439877e-07
1.872021518256436741e-07
1.872925193551251381e-07
1.871175950297381704e-07
1.866642937452513116e-07
1.859207157409229722e-07
1.848760242926905954e-07
1.835207538027916191e-07
1.818480613920537370e-07
1.798560917820418614e-07
1.775490797379992061e-07
1.749368625315267558e-07
1.720327311511906889e-07
1.688510979410371556e-07
1.654073960841473241e-07
1.617196174483679259e-07
1.578095438105696528e-07
1.537032127092836961e-07
1.494300330891986798e-07
1.450220281727799599e-07
1.405136552487048902e-07
1.359418478655325056e-07
1.313457522746996312e-07
1.267660304267807943e-07
1.222438846837605658e-07
1.178197523860445095e-07
1.135317864417424704e-07
1.094139046738070585e-07
1.054937186343254654e-07
1.017906489282154387e-07
9.831470432044614511e-08
9.506639702043908689e-08
9.203679071993533400e-08
8.920769942388606503e-08
8.655169223560860754e-08
8.403216725532552663e-08
8.160453208997445177e-08
7.921888264037424412e-08
7.682438244452493840e-08
7.437394344495187965e-08
7.182877900779211403e-08
6.916220430540510728e-08
6.636271337741391413e-08
6.343655779564291102e-08
6.040852054570179783e-08
5.732056330525993794e-08
5.422865236462493664e-08
5.119699112790584514e-08
4.828939343625792640e-08
4.556116306683846575e-08
4.305121793756939974e-08
4.077674724107719425e-08
3.873121068752983258e-08
3.688641470058109941e-08
3.519889055856790411e-08
3.361886213103837309e-08
3.209967886059602212e-08
3.060638304782100782e-08
2.912040105216607334e-08
2.764048415633269558e-08
2.617879767950382999e-08
2.475441887603027523e-08
2.338566766920985942e-08
2.208586968480785184e-08
2.086187519126131499e-08
1.971505926569012866e-08
1.864414689760899827e-08
1.764540070216341531e-08
1.671305957624498546e-08
1.583810790249619180e-08
1.500877041469724771e-08
1.421376677196080818e-08
1.344642060872412023e-08
1.270762644122499302e-08
1.200446788352875423e-08
1.134532334728491995e-08
1.073348554828728713e-08
1.016561301869007536e-08
9.633361826416324368e-09
9.129068916735444382e-09
8.649748090052968312e-09
8.196318529759873965e-09
7.770976725862302878e-09
7.374245776696552135e-09
7.003858134811157056e-09
6.656366145001883833e-09
6.329424599748634355e-09
6.022064600666800222e-09
5.733975940991252086e-09
5.464319901905064341e-09
5.211543829965749219e-09
4.974130491698898261e-09
4.750979024913756667e-09
4.541251344869396353e-09
4.344002846597284986e-09
4.158264855471046155e-09
3.983146717865737650e-09
3.817893384081164487e-09
3.661726535651934026e-09
3.513944505378968739e-09
3.373871853454869779e-09
3.240904183438815063e-09
3.114470090572453742e-09
2.994049957719704426e-09
2.879104035904592309e-09
2.769163258195780143e-09
2.663780207504989576e-09
2.562558634772692121e-09
2.465143182059465206e-09
2.371191039996165644e-09
2.280447177513088695e-09
2.192633099289067486e-09
2.107550878057923042e-09
2.024984053512667780e-09
1.944782691615755639e-09
1.866795994001290512e-09
1.790895462660853221e-09
1.717010431421913651e-09
1.645039088740333192e-09
1.574925645119254212e-09
1.506621373578971059e-09
1.440103773627831218e-09
1.375337994181020460e-09
1.312321171206154148e-09
1.251042297733769722e-09
1.191517856655314236e-09
1.133747832872020707e-09
1.077738122756422582e-09
1.023504120371794299e-09
9.710559914300272359e-10
9.204057075775692607e-10
8.715562882446957052e-10
8.245061071877542693e-10
7.792667161697850556e-10
7.358144392005257963e-10
6.941570047632714618e-10
6.542677954471201304e-10
6.161334134039440832e-10
5.797184313979884600e-10
5.449997574523223280e-10
5.119431592392109780e-10
4.805065899071494280e-10
4.506528151438257889e-10
4.223326415948216460e-10
3.955011919585006016e-10
3.701104359290787702e-10
3.461091589536253016e-10
3.234449621898742220e-10
3.020639273855735830e-10
2.819157023842254539e-10
2.629476995785543707e-10
2.451057246649406974e-10
2.283392596607337807e-10
2.125994726657958141e-10
1.978312998362981693e-10
1.839901885327420882e-10
1.710250575596213784e-10
1.588929060442791759e-10
1.475453218703282700e-10
1.369423865587245103e-10
1.270386898143503635e-10
1.177974750622330814e-10
1.091767810977706814e-10
1.011413983404544135e-10
9.365686661406448431e-11
8.669028129736823844e-11
8.020896438303560815e-11
7.418481826013977093e-11
6.858940847978419394e-11
6.339789426324581744e-11
5.858499597533593769e-11
5.412567229632236555e-11
4.999841396756932173e-11
4.618003332955211201e-11
4.264989503036633039e-11
3.938780000735376070e-11
3.637460884471900996e-11
3.359170723309918030e-11
3.102167520271278810e-11
2.864826927413631626e-11
2.645644758843492557e-11
2.443231395433823877e-11
2.255878595422609436e-11
2.083285684596301323e-11
1.923897327172606017e-11
1.776703255833059889e-11
1.640770691073012470e-11
1.515238017056093747e-11
1.399309563843172417e-11
1.292250516115967869e-11
1.193382298374703132e-11
1.102078279327020618e-11
1.019223307977267849e-11
9.412511963596043563e-12
8.692440296329912146e-12
8.027454838695192031e-12
7.413341316056155622e-12
6.846207880761178218e-12
6.322460441513710909e-12
5.838779880518243253e-12
5.392101014038780702e-12
4.979593162960320354e-12
4.598642210145492533e-12
4.246834209701286094e-12
3.921939950864133653e-12
3.621900761140128181e-12
3.344815495274945328e-12
3.088928059366399863e-12
2.852616690262858898e-12
2.634383851252652078e-12
2.432846604454589474e-12
2.246727697327744104e-12
2.074847520242740080e-12
1.916116705498257245e-12
1.769529238011211753e-12
1.634156076710302073e-12
1.509139264148379865e-12
1.393686486957686864e-12
1.287066089297661634e-12
1.188602459141701251e-12
1.097671571588728568e-12
1.013697142220440437e-12
9.361469610306829432e-13
8.645295419589962440e-13
7.983910353860313842e-13
7.373122816606117894e-13
6.809061821618120242e-13
6.288152558970142329e-13
5.807093731059708656e-13
5.362836623251761114e-13
4.952565776335756491e-13
4.573681138173903607e-13
4.189472676126817246e-13
3.868876352963619996e-13
3.572812999170041704e-13
3.299405238751562487e-13
3.046919370533228680e-13
2.813754369579460306e-13
2.598431978828584962e-13
2.399587964934411639e-13
2.215960248316219815e-13
2.046384406990150781e-13
1.889785110504569726e-13
1.745169377464703095e-13
1.611620383909545078e-13
1.488291238429926370e-13
1.374399936929132180e-13
1.269224253831780041e-13
1.172097184076575928e-13
1.082402773482970546e-13
9.995722248068370175e-14
9.230803952197018278e-14
8.524422094964812108e-14
7.872096794524830154e-14
7.269691058035774496e-14
6.713384535122430949e-14
6.199649278787440132e-14
5.725227408255422098e-14
5.287110364104854418e-14
4.882519814023292400e-14
4.508890065218768893e-14
4.163851834872319697e-14
3.836944860260112977e-14
3.543325233062617256e-14
3.272174355010211809e-14
2.970089626031879622e-14
2.742864606737020795e-14
2.309057811086959386e-14
2.132404634288592903e-14
1.628605291517643733e-14
1.504014531232117796e-14
1.052072636161064012e-14
9.715739249845285953e-15
