# bin_1_2
2.083478852608807879e-07
2.096209810580735371e-07
2.109431070969998070e-07
2.123161040164425905e-07
2.137418775981812182e-07
2.152224007682589244e-07
2.167597156619426844e-07
2.183559358896487654e-07
2.200132486944817567e-07
2.217339163728911724e-07
2.235202786384364809e-07
2.253747546226532304e-07
2.272998451128247066e-07
2.292981348007874126e-07
2.313722949567639181e-07
2.335250852250675454e-07
2.357593559382958018e-07
2.380780503744223039e-07
2.404842055083826638e-07
2.429809544540851406e-07
2.455715278390141145e-07
2.482592567404905775e-07
2.510475756477722110e-07
2.539400237022138583e-07
2.569402449931446036e-07
2.600519900133984416e-07
2.632791167483126157e-07
2.666255931664165638e-07
2.700954982355748354e-07
2.736930220149216647e-07
2.774224689893368229e-07
2.812882550800334126e-07
2.852949085080702655e-07
2.894470655741059965e-07
2.937494745414229216e-07
2.982069954116082225e-07
3.028245977233883789e-07
3.076073577462497718e-07
3.125604529731772622e-07
3.176891585454514167e-07
3.229988472333836962e-07
3.284949846870948354e-07
3.341831250745184636e-07
3.400689024828411139e-07
3.461580225546608334e-07
3.524562609658934344e-07
3.589694577631959355e-07
3.657034959210926093e-07
3.726642909859508513e-07
3.798577883051167634e-07
3.872899460117744843e-07
3.949667200794844161e-07
4.028940421650487914e-07
4.110778091327308491e-07
4.195238706512898767e-07
4.282379960721366725e-07
4.372258436041297986e-07
4.464929480471073898e-07
4.560447040491783788e-07
4.658863267914237635e-07
4.760228329401802072e-07
4.864590023591562195e-07
4.971993263677374173e-07
5.082480007278358365e-07
5.196088722074628962e-07
5.312853650518728896e-07
5.432804852301334427e-07
5.555967476418121942e-07
5.682361081193720637e-07
5.811999759503758952e-07
5.944891024667776721e-07
6.081035212018743283e-07
6.220425315473516843e-07
6.363046056554687458e-07
6.508873448704403065e-07
6.657873945383040009e-07
6.810003361983800640e-07
6.965205971541319263e-07
7.123413257408040310e-07
7.284543137012479526e-07
7.448499530004656474e-07
7.615171760293891635e-07
7.784434087202069709e-07
7.956144540573313975e-07
8.130143742405212889e-07
8.306253991150071222e-07
8.484277812645854369e-07
8.663996016992524964e-07
8.845167497314485729e-07
9.027527556309591787e-07
9.210788670728510333e-07
9.394639008328900203e-07
9.578740969294327581e-07
9.762730787066004315e-07
9.946216046687276318e-07
1.012877508057152504e-06
1.030995667036995870e-06
1.048927929338910179e-06
1.066623187555178876e-06
1.084027467013863729e-06
1.101083694413155424e-06
1.117731628592464467e-06
1.133907805214844718e-06
1.149545281901628669e-06
1.164574070524990384e-06
1.178922525777533390e-06
1.192519102361927926e-06
1.205293367809907387e-06
1.217174379709665474e-06
1.228087158036022347e-06
1.237950119242222464e-06
1.246674978405890073e-06
1.254170173397981506e-06
1.260346329766650636e-06
1.265117960131503454e-06
1.268404262568561765e-06
1.270129020557127395e-06
1.270218833973866129e-06
1.268604273930450611e-06
1.265223936664918303e-06
1.260026859631940923e-06
1.252975976347912855e-06
1.244048441099915089e-06
1.233228387785674368e-06
1.220504448989183332e-06
1.205871348283647833e-06
1.189339814101089142e-06
1.170950848782182932e-06
1.150781385741318345e-06
1.128941220824750821e-06
1.105561743626322291e-06
1.080788335417140460e-06
1.054779901873354586e-06
1.027712658878354203e-06
9.997813649198903748e-07
9.711947551871697639e-07
9.421676338855499328e-07
9.129149981644473821e-07
8.836478383899200703e-07
8.545700229802821707e-07
8.258757872154944442e-07
7.977462816820155392e-07
7.703447835436163097e-07
7.438110306750138621e-07
7.182536983033559929e-07
6.937418141054311235e-07
6.702982780738399521e-07
6.478976997661490192e-07
6.264711412938603799e-07
6.059158873163667243e-07
5.861063743054836244e-07
5.669053058589688072e-07
5.481711094056800944e-07
5.297655339777469730e-07
5.115611893454334111e-07
4.934495565552956284e-07
4.753514367798585223e-07
4.572245292945336102e-07
4.390610318789602097e-07
4.208803435615803237e-07
4.027205036657500233e-07
3.846316572302300129e-07
3.666748447709133084e-07
3.489245814541233456e-07
3.314715104149569554e-07
3.144250701974642917e-07
2.979131333241021042e-07
2.820761895910124626e-07
2.670554447980759259e-07
2.529699408741630573e-07
2.398922058392908717e-07
2.278280263867246003e-07
2.167082049771328764e-07
2.063939913948703046e-07
1.967023731714432668e-07
1.874435547313336904e-07
1.784605018783999955e-07
1.696641306935363082e-07
1.610326277358176605e-07
1.525988650702824683e-07
1.444229389219690081e-07
1.365694830661041340e-07
1.290955740930270047e-07
1.220472059142328720e-07
1.154559391056405748e-07
1.093308905556887118e-07
1.036474272137056338e-07
9.834377009354435646e-08
9.333517340263782670e-08
8.854165594232701807e-08
8.391908796499367694e-08
7.947299006484427950e-08
7.524402888674801032e-08
7.127899671996179037e-08
6.759634449746300155e-08
6.417534278685843008e-08
6.097235495755483719e-08
5.794372251486166138e-08
5.506974164826747748e-08
5.235292514682668120e-08
4.980340575974270082e-08
4.742088047366174365e-08
4.519187978591605563e-08
4.309798822141396508e-08
4.112642452035144734e-08
3.927055252750501866e-08
3.752657591600679646e-08
3.588835355501379268e-08
3.434722842912757357e-08
3.289496278954102160e-08
3.152504236214258340e-08
3.023187206287523041e-08
2.900973396694287257e-08
2.785305135020703701e-08
2.675658686177764320e-08
2.571549611555368878e-08
2.472536246659585229e-08
2.378186178671369241e-08
2.288115086475103327e-08
2.201979498757806543e-08
2.119455438791576055e-08
2.040248402306926169e-08
1.964077751182762780e-08
1.890682481391238602e-08
1.819827841903528007e-08
1.751305792485049379e-08
1.684937885157393614e-08
1.620553567991332393e-08
1.558020111304379864e-08
1.497215793726754952e-08
1.438042434759523789e-08
1.380414337742281667e-08
1.324266547897789703e-08
1.269542847935010417e-08
1.216199408103129578e-08
1.164209898287264416e-08
1.113543523755236022e-08
1.064191135416636908e-08
1.016148532719051528e-08
9.694088018931279589e-09
9.239738440498823682e-09
8.798547915962825305e-09
8.370531626458651269e-09
7.955814640081826405e-09
7.554424254944465252e-09
7.166479690398330803e-09
6.791963504301007965e-09
6.430972722356503450e-09
6.083489250151006182e-09
5.749461890445973661e-09
5.428804567412574492e-09
5.121468849079402305e-09
4.827327683952319964e-09
4.546124469903613887e-09
4.277734968884809041e-09
4.021861128638599135e-09
3.778280302238783351e-09
3.546671536860649347e-09
3.326747072384728093e-09
3.118156858307090076e-09
2.920530000850245350e-09
2.733508871139862469e-09
2.556712624443408326e-09
2.389776134462527652e-09
2.232296950655954323e-09
2.083886960597145024e-09
1.944148000656269315e-09
1.812702915894267043e-09
1.689169232909721699e-09
1.573154410312442961e-09
1.464311516608407940e-09
1.362268516342700657e-09
1.266663227721617612e-09
1.177177597507168721e-09
1.093464162151937028e-09
1.015220619024043103e-09
9.421148218165077874e-10
8.738810365135047171e-10
8.102267302973705150e-10
7.508917052454087970e-10
6.956207924062670850e-10
6.441611061316281979e-10
5.962967754240343965e-10
5.517941332317865959e-10
5.104415762897466625e-10
4.720450208566622427e-10
4.364144071083573124e-10
4.033773206119139518e-10
3.727635418944256491e-10
3.444122517128885407e-10
3.181687530693530931e-10
2.938944446317114868e-10
2.714514910819966999e-10
2.507109993180656483e-10
2.315507147384468832e-10
2.138527167292794259e-10
1.975068603633951466e-10
1.824105503843460475e-10
1.684679230982908840e-10
1.555910038298528129e-10
1.436983129727535567e-10
1.327146273974945754e-10
1.225704719932184995e-10
1.132016798923641385e-10
1.045489893268390107e-10
9.655800948042229427e-11
8.917747738754715162e-11
8.236108739058867635e-11
7.606569696687740664e-11
7.025149291135893024e-11
6.488170012942224141e-11
5.992235087610852454e-11
5.534206950400210861e-11
5.111188925728658413e-11
4.720504801161918184e-11
4.359683240519427774e-11
4.026441617601089146e-11
3.718671835338398009e-11
3.434426904699340697e-11
3.171908654785131347e-11
2.929456426128260094e-11
2.705536473284771152e-11
2.498732245767186390e-11
2.307735465863642381e-11
2.131337860598194462e-11
1.968423548405566311e-11
1.817961924399058819e-11
1.679001144104316180e-11
1.550634304614104461e-11
1.432107311873968899e-11
1.322640209111889444e-11
1.221540467745633717e-11
1.128168493914251016e-11
1.041933606597965042e-11
9.622902835057026008e-12
8.887346835477740386e-12
8.208014758150710797e-12
7.580609208825381291e-12
7.001161170298815822e-12
6.466004964027882715e-12
5.971755146916898351e-12
5.515284869391999274e-12
5.093706292342516032e-12
4.704352385711799102e-12
4.344759964071241424e-12
4.012654182011677907e-12
3.705933989260111926e-12
3.422658941110931828e-12
3.161036918058044502e-12
2.919412781052704668e-12
2.696257960836447396e-12
2.490160698259583682e-12
2.299817153890033884e-12
2.124023110568003206e-12
1.961666404261987928e-12
1.811719929932489338e-12
1.673235086083573601e-12
1.545410101514568744e-12
1.427281365692131315e-12
1.318182203192145723e-12
1.217422380809712357e-12
1.124364435490480019e-12
1.038419632608571779e-12
9.590442428658836200e-13
8.857361027588402951e-13
8.180314366642795158e-13
7.555019219348028365e-13
6.977519788792018774e-13
6.444163061533850448e-13
5.951575348081706679e-13
5.500445111136007907e-13
5.079993702600932274e-13
4.691680835702662682e-13
4.333049865640979796e-13
4.001831978524027459e-13
3.690366616824761583e-13
3.408273041259760161e-13
3.147742206856555363e-13
2.827032096906139149e-13
2.610919346624959591e-13
2.239768892477699712e-13
2.068527682211902148e-13
1.910379806309795428e-13
1.596723924230882307e-13
1.474630961434072715e-13
1.361873669389323957e-13
1.061531042082941313e-13
9.803509307332325594e-14
6.902650852965274285e-14
6.374742443347808574e-14
4.007462896476331208e-14
3.700930631889432953e-14
1.753445922802822549e-14
1.619302778490113519e-14
4.206564414266623091e-15
3.884698127456580442e-15
4.439537198744298770e-16
4.100075350386045655e-16
0.000000000000000000e+00
-4.136677778694466732e-32
