# bin_4_4
1.800077552129057655e-08
1.811444863359470974e-08
1.823256215581516617e-08
1.835528815706162728e-08
1.848280528622902101e-08
1.861529884843383118e-08
1.875296100603731671e-08
1.889599114137571791e-08
1.904459637188729398e-08
1.919899176904129263e-08
1.935940034915192405e-08
1.952605337720032756e-08
1.969919087138381199e-08
1.987906192044199908e-08
2.006592500540831701e-08
2.026004849571611566e-08
2.046171086622779750e-08
2.067120032268449153e-08
2.088881547064746790e-08
2.111486674237946678e-08
2.134967599986558171e-08
2.159357665725990240e-08
2.184691518057772290e-08
2.211005050690473665e-08
2.238335415016302957e-08
2.266721198316626424e-08
2.296202325925050211e-08
2.326820163374465612e-08
2.358617592409909822e-08
2.391638951170688931e-08
2.425930315311401958e-08
2.461539270817940360e-08
2.498514997239512335e-08
2.536908532227792550e-08
2.576772591514070715e-08
2.618161928713961642e-08
2.661133369688900484e-08
2.705745446243572294e-08
2.752058689688871670e-08
2.800135706918475617e-08
2.850041465808869590e-08
2.901843175006175399e-08
2.955609832159011874e-08
3.011413061887509638e-08
3.069326671422622897e-08
3.129427167289193253e-08
3.191793064095283470e-08
3.256505428729584570e-08
3.323647978715776097e-08
3.393307467482971370e-08
3.465572932488857837e-08
3.540536431121643714e-08
3.618292509815081599e-08
3.698938714202478912e-08
3.782575940128673910e-08
3.869307908036786560e-08
3.959240667636978953e-08
4.052483625949222393e-08
4.149148375686290441e-08
4.249350597876079234e-08
4.353208384758621094e-08
4.460842623936548401e-08
4.572376541729844534e-08
4.687936320867404990e-08
4.807651831402311148e-08
4.931654776944323574e-08
5.060080525814542540e-08
5.193067449360973934e-08
5.330756350915397914e-08
5.473290639606591024e-08
5.620814151754167504e-08
5.773472904822776321e-08
5.931414521274132526e-08
6.094789157669841089e-08
6.263748720830549234e-08
6.438445272877825513e-08
6.619031768070892005e-08
6.805661221269224345e-08
6.998489157951662528e-08
7.197670404581318798e-08
7.403355982125444061e-08
7.615695764433575388e-08
7.834839130762773866e-08
8.060934331467766745e-08
8.294123258769239229e-08
8.534542945613365639e-08
8.782328678953608296e-08
9.037611060814430147e-08
9.300512442342633525e-08
9.571146493342079685e-08
9.849620010364053762e-08
1.013603135751394736e-07
1.043046959935468024e-07
1.073301449942237436e-07
1.104373007821751592e-07
1.136266935048216049e-07
1.168986920928305373e-07
1.202535247785888005e-07
1.236912271679681374e-07
1.272115790241588845e-07
1.308142098693309967e-07
1.344985511562483078e-07
1.382638104727781352e-07
1.421088850306509181e-07
1.460324028470318846e-07
1.500327123020504849e-07
1.541078386700802610e-07
1.582554363273219627e-07
1.624727487479301065e-07
1.667566641647081649e-07
1.711036993054785031e-07
1.755099573944645050e-07
1.799712308798951037e-07
1.844831208925322056e-07
1.890401734267066871e-07
1.936365689168832248e-07
1.982654018336453344e-07
2.029191611622436227e-07
2.075898923824290229e-07
2.122691140340101956e-07
2.169478168490655210e-07
2.216165953647998107e-07
2.262653641745143222e-07
2.308831917004675755e-07
2.354582136708270604e-07
2.399778096738894092e-07
2.444286201234179902e-07
2.487964476593070271e-07
2.530663493251115407e-07
2.572227493127004130e-07
2.612491269383590266e-07
2.651281133599860146e-07
2.688415664264603699e-07
2.723704517646654431e-07
2.756947674310148691e-07
2.787941019720964858e-07
2.816482782430693766e-07
2.842368811740229433e-07
2.865364139781420884e-07
2.885203177874205458e-07
2.901670531331637046e-07
2.914622809907415657e-07
2.924057857253126904e-07
2.929980677648691821e-07
2.932191374293685389e-07
2.930308828756620197e-07
2.923920862278067413e-07
2.912658016072289748e-07
2.896284554136872789e-07
2.874661341360225571e-07
2.847644340567234745e-07
2.815170391364467389e-07
2.777315334117804501e-07
2.734300927860751063e-07
2.686513048389522850e-07
2.634414874352806787e-07
2.578414725600287279e-07
2.518798808869201433e-07
2.455762120500093310e-07
2.389497617033756156e-07
2.320306157874669447e-07
2.248661453122137701e-07
2.175210886591929168e-07
2.100744061576026784e-07
2.026110640695277275e-07
1.952134492193862482e-07
1.879562141870209583e-07
1.809042788922428998e-07
1.741128977061465021e-07
1.676336315718331229e-07
1.615167055434822975e-07
1.558044245796322819e-07
1.505239402526553954e-07
1.456784385081101205e-07
1.412441201345520597e-07
1.371744541367891113e-07
1.334059830739732549e-07
1.298627430852736097e-07
1.264572799887846107e-07
1.230905384487600326e-07
1.196530276151750006e-07
1.160336277182197257e-07
1.121395363042026662e-07
1.079061247659392835e-07
1.032992621282500939e-07
9.833148739117519588e-08
9.307324889190735188e-08
8.763886405338941753e-08
8.217481022862502385e-08
7.685420131430070291e-08
7.185586548365694281e-08
6.733651369490910853e-08
6.340646031121308000e-08
6.010371245071543701e-08
5.738334158023025904e-08
5.511897338886750575e-08
5.312659414781104057e-08
5.119956948429131272e-08
4.915204978788500190e-08
4.686060662577944993e-08
4.430143951795422676e-08
4.155173406681625681e-08
3.876684852801266864e-08
3.613046203265172546e-08
3.379628059317991615e-08
3.183590124897951765e-08
3.021576771981998643e-08
2.881697773727604767e-08
2.748590052265575085e-08
2.610669351915080284e-08
2.464318570883398025e-08
2.314373748559643901e-08
2.170065184889109086e-08
2.039131307472958527e-08
1.923827039401591749e-08
1.820352109254461779e-08
1.722916407092524931e-08
1.627768514772462463e-08
1.534686404168564260e-08
1.445932221724800032e-08
1.363240525556863304e-08
1.286738154614494001e-08
1.215576302582335815e-08
1.148633944217858637e-08
1.085355110427407030e-08
1.025759259592836964e-08
9.698091133093945651e-09
9.175273410707572353e-09
8.688632702608603028e-09
8.232510770997684101e-09
7.803746432484521013e-09
7.402665621207196451e-09
7.028391554935096890e-09
6.678316512484687725e-09
6.350371711147707133e-09
6.043151191637011411e-09
5.755034652596375561e-09
5.484512739538308646e-09
5.230355532740768518e-09
4.991566726423433647e-09
4.767170365482319981e-09
4.556230736760380715e-09
4.357676772786312476e-09
4.170519966689998168e-09
3.993802972009719461e-09
3.826637237245393063e-09
3.668211957999316591e-09
3.517773298492059835e-09
3.374647201960090552e-09
3.238221257154130432e-09
3.107942952457808404e-09
2.983305761882188523e-09
2.863844784972122382e-09
2.749144744481916747e-09
2.638826278616834125e-09
2.532554936467339068e-09
2.430029491437789765e-09
2.330956294860699601e-09
2.235120261974260869e-09
2.142293709625669170e-09
2.052322790486270140e-09
1.965026516856394787e-09
1.880289350346574332e-09
1.797999986124172192e-09
1.718090032934470308e-09
1.640474501397717283e-09
1.565107172320922795e-09
1.491954003019819111e-09
1.420991638002368682e-09
1.352192762628383097e-09
1.285547964750330322e-09
1.221043630683449495e-09
1.158690894248719633e-09
1.098479124183083919e-09
1.040399626486296664e-09
9.844465524215732942e-10
9.306285490026123704e-10
8.789211917322851827e-10
8.293094997704858652e-10
7.817832965848214527e-10
7.363128984954021078e-10
6.928806260708944728e-10
6.514296084052500763e-10
6.119537146184058117e-10
5.743911399467078862e-10
5.387007909260589028e-10
5.048275705599407187e-10
4.727267657060886530e-10
4.423336160431696572e-10
4.135977781910944334e-10
3.864580900228705601e-10
3.608517072013626797e-10
3.367192381460100324e-10
3.139933367802928937e-10
2.926157411244958104e-10
2.725306156713199725e-10
2.536677618817123988e-10
2.359731374722179296e-10
2.193881625995694755e-10
2.038527761922597018e-10
1.893156435462123522e-10
1.757252423339897111e-10
1.630242830792340995e-10
1.511654466840930761e-10
1.401012581949972332e-10
1.297853186030985190e-10
1.201731458956892714e-10
1.112240249138400226e-10
1.028941232653158307e-10
9.514933370980545285e-11
8.795527565338213869e-11
8.128179236552623027e-11
7.509949089546883833e-11
6.938003826901143280e-11
6.409241723849788524e-11
5.920706769624031422e-11
5.469434487307578621e-11
5.052556418323287838e-11
4.667452047967198556e-11
4.311699692204686140e-11
3.983062232508118275e-11
3.679473355615774281e-11
3.399023919289885428e-11
3.139950337706002019e-11
2.900623300990995191e-11
2.679537604956467865e-11
2.475302957886942504e-11
2.286635128192129052e-11
2.112347524471260181e-11
1.951344103556285478e-11
1.802612315970206697e-11
1.665216823481480079e-11
1.538293562577606685e-11
1.421044321230955986e-11
1.312731732111912294e-11
1.212674670374758732e-11
1.120243965436090939e-11
1.034858370111289561e-11
9.559809234860593286e-12
8.831155890932247571e-12
8.158041104180225959e-12
7.536231537766862852e-12
6.961816565191805606e-12
6.431183782703156436e-12
5.940996049374347698e-12
5.487215333013608892e-12
5.068980395204817332e-12
4.682623410122937823e-12
4.325714582132523127e-12
3.996009435764520683e-12
3.691434420326621676e-12
3.410074077129547163e-12
3.150159037460401786e-12
2.910054678911589268e-12
2.688250985735595224e-12
2.483353102051317535e-12
2.294072470835896413e-12
2.119218709279410246e-12
1.957692190034994712e-12
1.808477153521858132e-12
1.670635209996695498e-12
1.543299482867969520e-12
1.425669234335750103e-12
1.317004713323267293e-12
1.216622554796962319e-12
1.123891507832844465e-12
1.038228391924660170e-12
9.590945236519887222e-13
8.859922353329411073e-13
8.184618169918595845e-13
7.560785799397077761e-13
6.984502090279659638e-13
6.452142965785471227e-13
5.960360419130080504e-13
5.505834872156591448e-13
5.086191485933387987e-13
4.698532670835433092e-13
4.340420494162726250e-13
4.009602866029866982e-13
3.703999368487920474e-13
3.421688168681262106e-13
3.160893944972662236e-13
2.919976711020723552e-13
2.697421603528839478e-13
2.491829120270104815e-13
2.301906365697725610e-13
2.126458996861275067e-13
1.964383710161237522e-13
1.814661300977852649e-13
1.676350252490816180e-13
1.548580840506455518e-13
1.430549760563006561e-13
1.321514912654839435e-13
1.220790644680175564e-13
1.127743509109776538e-13
1.041788347036605693e-13
9.623847098141666431e-14
8.890332327118689625e-14
8.212725906530887992e-14
7.586766289899847222e-14
