# bin_5_2
6.807096716541670422e-10
6.850158890850779318e-10
6.894904717924610851e-10
6.941399549768053902e-10
6.989711217618925767e-10
7.039910096314963282e-10
7.092069169436069327e-10
7.146264234593682924e-10
7.202574034242341395e-10
7.261080250487395280e-10
7.321867570060730979e-10
7.385023928372269993e-10
7.450640776689068966e-10
7.518813158538523879e-10
7.589639488218949930e-10
7.663221715026782683e-10
7.739665926115423439e-10
7.819082273251118450e-10
7.901584709692128977e-10
7.987291433209607800e-10
8.076325448954322693e-10
8.168814304686516217e-10
8.264889858964747048e-10
8.364688977527266391e-10
8.468353372990312034e-10
8.576030188542467255e-10
8.687872123380200408e-10
8.804037165411506860e-10
8.924688767014412163e-10
9.049996824405780948e-10
9.180137472357526167e-10
9.315293302207588939e-10
9.455653603613297409e-10
9.601415291860095547e-10
9.752780894798853103e-10
9.909960779365866935e-10
1.007317405963210373e-09
1.024264596980224927e-09
1.041860959495918300e-09
1.060130661118619071e-09
1.079098731073090091e-09
1.098791026451933796e-09
1.119234261623366793e-09
1.140456047645256876e-09
1.162484928734722141e-09
1.185350512311404065e-09
1.209083365875154527e-09
1.233715104247381206e-09
1.259278555923030469e-09
1.285807479815841546e-09
1.313336796841997043e-09
1.341902681390180866e-09
1.371542051713271408e-09
1.402293021428262711e-09
1.434195115876553497e-09
1.467288673340758614e-09
1.501615715414556525e-09
1.537219234443626529e-09
1.574143850952724184e-09
1.612435378901879027e-09
1.652140891775152630e-09
1.693308959729871905e-09
1.735989385789565784e-09
1.780233407401824719e-09
1.826093348584216359e-09
1.873622936638918521e-09
1.922877142230979276e-09
1.973912162272176600e-09
2.026785534605987251e-09
2.081556025177898395e-09
2.138283471716698934e-09
2.197028703419828741e-09
2.257854031243941892e-09
2.320823335371810575e-09
2.386001822366604339e-09
2.453455612692812462e-09
2.523250859438872987e-09
2.595454107025269169e-09
2.670132013806754064e-09
2.747351879349307190e-09
2.827182666449081398e-09
2.909694067762622279e-09
2.994955378581000467e-09
3.083034897558732928e-09
3.174001059539639006e-09
3.267921964987798246e-09
3.364865219843440342e-09
3.464896650248240692e-09
3.568081327070954979e-09
3.674481069845482994e-09
3.784157035620304412e-09
3.897168100140835678e-09
4.013570032845486579e-09
4.133415856569474114e-09
4.256755578235019755e-09
4.383633760841628447e-09
4.514090685878312908e-09
4.648162034731174026e-09
4.785879939699706722e-09
4.927271592642217469e-09
5.072355950455488658e-09
5.221144124906500566e-09
5.373640284382453004e-09
5.529839661669932630e-09
5.689729724431809091e-09
5.853285081084333448e-09
6.020472286127513079e-09
6.191247376719056353e-09
6.365556560913439491e-09
6.543331151470602990e-09
6.724485319881765332e-09
6.908918887920286766e-09
7.096517969278426022e-09
7.287149799504418668e-09
7.480662409139595551e-09
7.676885701049981527e-09
7.875633279238045637e-09
8.076705010419602483e-09
8.279886811604962506e-09
8.484936237565359370e-09
8.691572136694344346e-09
8.899462180499272557e-09
9.108235826337503783e-09
9.317511402811708546e-09
9.526902035002103024e-09
9.736004878592056405e-09
9.944387066078676896e-09
1.015156896958187601e-08
1.035703908501104452e-08
1.056024754125761605e-08
1.076060381747621436e-08
1.095748737230483335e-08
1.115024174992300344e-08
1.133818414803268523e-08
1.152059407084443680e-08
1.169671417353290742e-08
1.186574512739319770e-08
1.202685244982252927e-08
1.217915994548864456e-08
1.232175746981404520e-08
1.245372140634717596e-08
1.257413289818357587e-08
1.268207013521516964e-08
1.277648285824679114e-08
1.285616228479084173e-08
1.292005787993793645e-08
1.296770058838005419e-08
1.299942713755944593e-08
1.301562367648982932e-08
1.301532952731416083e-08
1.299613869687565503e-08
1.295514909222414201e-08
1.289055847369000123e-08
1.280234792277902327e-08
1.269076478976065918e-08
1.255538114939406919e-08
1.239552492154170689e-08
1.221126875441179569e-08
1.200441684863995545e-08
1.177781277374399153e-08
1.153386889764068781e-08
1.127408362190128333e-08
1.099904939113205535e-08
1.070916181915448586e-08
1.040531062637819179e-08
1.008924325627318308e-08
9.763697731587804331e-09
9.432176338212911674e-09
9.098673902177519437e-09
8.767165551764060945e-09
8.441261286356310785e-09
8.123984042459141484e-09
7.817792370070707149e-09
7.524839323512954286e-09
7.247261794964994841e-09
6.987213239092335816e-09
6.746502461737973486e-09
6.526004229306480224e-09
6.325031259574166855e-09
6.141485218705668994e-09
5.972368843317025614e-09
5.814271495880883415e-09
5.663582027921444576e-09
5.516185582633575475e-09
5.367290460924586055e-09
5.211582840190079636e-09
5.043985259468881029e-09
4.860759472556697391e-09
4.659982098668706693e-09
4.441712279049464198e-09
4.208062076726128949e-09
3.963458971481727022e-09
3.714655710749145830e-09
3.469907895382588296e-09
3.237577341470876478e-09
3.025385037053107716e-09
2.839661279638638714e-09
2.683964761717528471e-09
2.557638089787664227e-09
2.455689956112540276e-09
2.369467151542474303e-09
2.288743838498119845e-09
2.203669047817600388e-09
2.106863471573468598e-09
1.995130145142713513e-09
1.870627001467107859e-09
1.740420290974192241e-09
1.614502020077153680e-09
1.502252774977014422e-09
1.409224432878680044e-09
1.335500556829977336e-09
1.275638588677693968e-09
1.221167107174952989e-09
1.163825818379789230e-09
1.099631657453309839e-09
1.030073782897886682e-09
9.610310442094307545e-10
8.987582463156387727e-10
8.461260778631249516e-10
8.016042687407078861e-10
7.605758660837467672e-10
7.192539923456409878e-10
6.767418391871224870e-10
6.351152017230000468e-10
5.970265406809720432e-10
5.630679369374011348e-10
5.320517192185012105e-10
5.023372245316401926e-10
4.734717376756464837e-10
4.461989504588275692e-10
4.210363794810557107e-10
3.977809972139200432e-10
3.759605529550725793e-10
3.553255994551964586e-10
3.359844796793032274e-10
3.180018219289529585e-10
3.012077815495224648e-10
2.854769210406661173e-10
2.707805138601104141e-10
2.570545731828074617e-10
2.441992396001948345e-10
2.321394330110034294e-10
2.208222687955061709e-10
2.102112323061592717e-10
2.002674897752142458e-10
1.909469310413795190e-10
1.822018970155113987e-10
1.739862673535067583e-10
1.662560190858429546e-10
1.589709760009374955e-10
1.520931762048737027e-10
1.455898743207733033e-10
1.394294654917753386e-10
1.335831480565481092e-10
1.280254872720537923e-10
1.227341278623940629e-10
1.176860564721853324e-10
1.128623471987094654e-10
1.082451816976490703e-10
1.038175104945129918e-10
9.956489858629752735e-11
9.547391441840167192e-11
9.153170698466672367e-11
8.772855839014060025e-11
8.405383851026298412e-11
8.050070413133190446e-11
7.706056370148516632e-11
7.372808824512169600e-11
7.049715482324904961e-11
6.736515624155013310e-11
6.432712907804936602e-11
6.138087537089153388e-11
5.852372079608733010e-11
5.575433311214904577e-11
5.307085001369945207e-11
5.047285545023464148e-11
4.795891409776701787e-11
4.552853716111188609e-11
4.318172639380997600e-11
4.091744795648460600e-11
3.873526810706850281e-11
3.663536537281433657e-11
3.461680155725501634e-11
3.267883460552013473e-11
3.082112208039153640e-11
2.904243779447107221e-11
2.734178896855030371e-11
2.571804456832202143e-11
2.416969843070099199e-11
2.269524631320622498e-11
2.129334397495932971e-11
1.996170400387515007e-11
1.869880399869787084e-11
1.750207460626093631e-11
1.636982630583553366e-11
1.529989205556914102e-11
1.428965230396051605e-11
1.333715321016171410e-11
1.243959227325080947e-11
1.159511615378740049e-11
1.080095417324654343e-11
1.005512977189095206e-11
9.355229606539519967e-12
8.698886738169284879e-12
8.083965726390781710e-12
7.508314110770658461e-12
6.969993749002324068e-12
6.466849287382668437e-12
5.996864301580101181e-12
5.558236012067566771e-12
5.149160235492666084e-12
4.767825421651142403e-12
4.412769450423985068e-12
4.082331432262132474e-12
3.775011316194804192e-12
3.489699183533109060e-12
3.225165185433877846e-12
2.980346038541178106e-12
2.754039867823586765e-12
2.544912927181050284e-12
2.351665153778267650e-12
2.173091581791005087e-12
2.008077849410037695e-12
1.855594365058545433e-12
1.714689646993317256e-12
1.584484518527525890e-12
1.464166498443948877e-12
1.352984776173524615e-12
1.250245489566675287e-12
1.155307776155574122e-12
1.067579152158001627e-12
9.865121943158493550e-13
9.116010316869289394e-13
8.423782395211278617e-13
7.784118813741662397e-13
7.192326965777887125e-13
6.646193993543796818e-13
6.141530332836360530e-13
5.681511446396309427e-13
5.250041317595104875e-13
4.851338487355328354e-13
4.482914433367145617e-13
4.142469581259704407e-13
3.827879044362387188e-13
3.537179315258570589e-13
3.268555997021707702e-13
3.020332499044255350e-13
2.790959592555222143e-13
2.579005713911674676e-13
2.383148054098012580e-13
2.202164252288383763e-13
2.034924801878787049e-13
1.880386056954808695e-13
1.737583533656914508e-13
1.605626033046881129e-13
1.483689899966226863e-13
1.371014033164653452e-13
1.266895140823616602e-13
1.170683349212725936e-13
1.081778144772700886e-13
9.996246790033655786e-14
9.237102473416377061e-14
8.535610112146228001e-14
7.887391219818299950e-14
7.288399872643028970e-14
6.734897482466968089e-14
6.223429783958035081e-14
5.750804506175466118e-14
5.314071709507969305e-14
4.910505664702215446e-14
4.537587917519986205e-14
4.192990827580233396e-14
3.874563520453523934e-14
3.580318518085274008e-14
3.308419278394761970e-14
3.057168734721422614e-14
2.824998716748936208e-14
2.610460186452246569e-14
2.412214152002468036e-14
2.229023360073725467e-14
2.059744485526849551e-14
1.903321091451160254e-14
1.758777002762800236e-14
1.625210123647468842e-14
1.501786871546372227e-14
1.387736855176454970e-14
1.282348196611507492e-14
1.184963088875946719e-14
1.094973688499774000e-14
1.011818320165558641e-14
9.349780336876421018e-15
8.639732682735641020e-15
7.983608310077035307e-15
7.377311915832416690e-15
6.817059251335478126e-15
6.299353553653704190e-15
5.820963971303777142e-15
5.378904655192342283e-15
4.970416459348992401e-15
4.592950000655708892e-15
