# bin_2_2
5.335065651809064888e-08
5.368399729782241754e-08
5.403029620438383212e-08
5.439004945799525917e-08
5.476377231181014575e-08
5.515199879804051112e-08
5.555528212725848218e-08
5.597419657241709531e-08
5.640933676123165991e-08
5.686132008458262381e-08
5.733078656034754931e-08
5.781839897701249207e-08
5.832484506010354025e-08
5.885083494870901743e-08
5.939710575025020449e-08
5.996442089952217115e-08
6.055357325514675871e-08
6.116538225355675987e-08
6.180069631026754093e-08
6.246039250007690712e-08
6.314537920803102617e-08
6.385659726825118649e-08
6.459502103221358988e-08
6.536165681521867705e-08
6.615754607363769278e-08
6.698376657094049113e-08
6.784143237119230755e-08
6.873169264720084572e-08
6.965573574068375541e-08
7.061478997782325461e-08
7.161012530292305039e-08
7.264305346185665673e-08
7.371492546029381163e-08
7.482713261123877547e-08
7.598111628497481962e-08
7.717836406971058808e-08
7.842039967757581532e-08
7.970879573877716037e-08
8.104517746050714586e-08
8.243121634054686488e-08
8.386863130125452665e-08
8.535918547151257614e-08
8.690469488850837679e-08
8.850702670028940065e-08
9.016809161753584507e-08
9.188984898872688395e-08
9.367431638750563919e-08
9.552355794961052644e-08
9.743967711640253393e-08
9.942483101046276370e-08
1.014812270070986491e-07
1.036111196643655892e-07
1.058168017383120266e-07
1.081006168801243867e-07
1.104649428844465165e-07
1.129122034578297724e-07
1.154448472059502774e-07
1.180653686325003502e-07
1.207762769072779449e-07
1.235801290666592333e-07
1.264794759969747524e-07
1.294769069081185994e-07
1.325750140853926262e-07
1.357764180876300502e-07
1.390836907317675560e-07
1.424994311002032692e-07
1.460262186657483190e-07
1.496665953411540597e-07
1.534230759099752418e-07
1.572981249493495872e-07
1.612941753395852108e-07
1.654135517095866452e-07
1.696585436601104648e-07
1.740313203831316644e-07
1.785339810358947546e-07
1.831684733827894997e-07
1.879366310532903190e-07
1.928401208639266324e-07
1.978804451673518682e-07
2.030589248397286985e-07
2.083766424453466687e-07
2.138344959646914119e-07
2.194331006056551287e-07
2.251728076637058630e-07
2.310536808840431547e-07
2.370754167160134647e-07
2.432373812989660775e-07
2.495385473758774016e-07
2.559774987112107606e-07
2.625522936868296204e-07
2.692605940711280576e-07
2.760995145106786269e-07
2.830656419064556137e-07
2.901549977391362052e-07
2.973629899377921574e-07
3.046843811058132181e-07
3.121131906155061109e-07
3.196426705720508143e-07
3.272651694492423368e-07
3.349721689918498698e-07
3.427542758883995134e-07
3.506011790469486719e-07
3.585016111827150203e-07
3.664433578623965292e-07
3.744130250418853991e-07
3.823961618388278782e-07
3.903771092048600275e-07
3.983390514048730178e-07
4.062640888924209355e-07
4.141331277199768181e-07
4.219258386395107854e-07
4.296205668763093640e-07
4.371942277927918624e-07
4.446223452303819536e-07
4.518789769141214357e-07
4.589368533959439877e-07
4.657671885025685611e-07
4.723399243971481215e-07
4.786237372257311938e-07
4.845859988951872087e-07
4.901929204476072836e-07
4.954095334137727497e-07
5.002003097832579853e-07
5.045308603802114128e-07
5.083689235901081637e-07
5.116843794622567856e-07
5.144471120716623855e-07
5.166239454845504849e-07
5.181774369431590786e-07
5.190671763838030973e-07
5.192530569814829260e-07
5.186987412399268385e-07
5.173705352994304499e-07
5.152366050989725902e-07
5.122661747968921555e-07
5.084319188306779354e-07
5.037174088250244714e-07
4.981228181303983081e-07
4.916661570162946282e-07
4.843776433520060083e-07
4.762918606623458397e-07
4.674465185961469122e-07
4.578868373223744335e-07
4.476694819261482675e-07
4.368634420677426785e-07
4.255459619959020137e-07
4.137994268760918901e-07
4.017113854610942532e-07
3.893763685683758003e-07
3.768972008975779981e-07
3.643843482704602479e-07
3.519535479707648475e-07
3.397218466085476447e-07
3.278026778876642510e-07
3.163000136085969189e-07
3.053023088156462162e-07
2.948771336825468583e-07
2.850675631487863648e-07
2.758916140802415445e-07
2.673419351534252368e-07
2.593856508024346956e-07
2.519632975388812325e-07
2.449874042313929155e-07
2.383437899465484483e-07
2.318972471782760811e-07
2.255028303768016766e-07
2.190187015694090956e-07
2.123189784970837036e-07
2.053044876644661819e-07
1.979119669234314956e-07
1.901232943399264935e-07
1.819714944564551239e-07
1.735417910482660708e-07
1.649678120327364783e-07
1.564197514931465958e-07
1.480825428038916761e-07
1.401340616827080912e-07
1.327216959015251916e-07
1.259428313991073670e-07
1.198315354050842075e-07
1.143552783339861200e-07
1.094249176619493186e-07
1.049136766813046099e-07
1.006802146904308830e-07
9.659426169909573637e-08
9.255697569792463041e-08
8.851492182393189722e-08
8.446150565455459305e-08
8.042805724350581808e-08
7.646646408808496155e-08
7.263529745621117144e-08
6.898863192662849572e-08
6.556797680416306216e-08
6.239969477046163666e-08
5.948722774244358686e-08
5.681068868717540170e-08
5.432686885217833985e-08
5.197786805036145717e-08
4.970936794114184785e-08
4.748977803127300478e-08
4.532316370819836820e-08
4.324383179094938939e-08
4.133408033476263138e-08
3.950128048430649373e-08
3.785517326699152423e-08
3.632410370992353677e-08
3.487307132762827770e-08
3.348613687740307855e-08
3.216799817722600052e-08
3.093352313989189291e-08
2.979164672260907413e-08
2.873666095085764216e-08
2.775415609985575297e-08
2.683353340753062658e-08
2.597187574766568489e-08
2.517091484529046805e-08
2.442991544036823424e-08
2.374344745814195278e-08
2.310530896958713975e-08
2.251136766157351849e-08
2.182908248017310403e-08
2.144512416656313056e-08
2.096510940686001190e-08
2.051492196521515969e-08
2.009087060222217058e-08
1.968877339793215009e-08
1.930441509496487913e-08
1.893339639894924454e-08
1.857135556215305139e-08
1.821378507904137690e-08
1.785605626609321583e-08
1.749308290601847498e-08
1.711984587728104371e-08
1.673120952817930882e-08
1.632224095662642350e-08
1.588822632753697567e-08
1.542469979777692339e-08
1.492805805200538280e-08
1.439508420089952209e-08
1.382385918838701784e-08
1.321326701733750183e-08
1.256387572457965465e-08
1.187764258511121462e-08
1.115824448739871722e-08
1.041140667928634065e-08
9.644313773139702780e-09
8.866001772790264683e-09
8.086866380895364094e-09
7.318339324141740529e-09
6.572182522319344956e-09
5.860049146449861560e-09
5.192576783953353400e-09
4.578838450515047112e-09
4.025529228714239490e-09
3.536584322746813298e-09
3.112986983768022560e-09
2.752751766547115538e-09
2.451309667555145137e-09
2.202069398801389900e-09
1.997203644219835603e-09
1.828509581907507978e-09
1.688033088224907343e-09
1.568828952868682967e-09
1.465129385716474829e-09
1.372588583396486722e-09
1.288098243398292199e-09
1.209641698632187060e-09
1.135978190266167946e-09
1.066378196643220049e-09
1.000449919064086753e-09
9.379442817428480533e-10
8.787120963340638475e-10
8.226314532206462528e-10
7.695885321111706777e-10
7.194693121126649091e-10
6.721600346820227086e-10
6.275528751567974158e-10
5.855349500734682894e-10
5.459905975557578853e-10
5.088102029991517452e-10
4.738884857818237945e-10
4.411070217490694255e-10
4.103687898089701208e-10
3.815634401496637468e-10
3.545961392007906712e-10
3.293628455595707221e-10
3.057760639213586522e-10
2.837360390340429171e-10
2.631628380343964922e-10
2.439641621883060269e-10
2.260630625590642497e-10
2.093835310244760234e-10
1.938523797662979399e-10
1.793978784243030176e-10
1.659576258422704099e-10
1.534677527044620443e-10
1.418740326578202917e-10
1.311203251791271334e-10
1.211517931273906328e-10
1.119213089118642281e-10
1.033783431487352967e-10
9.547792911078872241e-11
8.817599543459940888e-11
8.143068684468193714e-11
7.520069966388549749e-11
6.944722249961324060e-11
6.413393227508320116e-11
5.922715380812187024e-11
5.469577569945531142e-11
5.051108058080520808e-11
4.664654657604546848e-11
4.307767817071795378e-11
3.978185216167157196e-11
3.673818199785967463e-11
3.392737665575051000e-11
3.133162059521750189e-11
2.893446092208053026e-11
2.672070418877194592e-11
2.467307522483319486e-11
2.278536229391617815e-11
2.104207459846545844e-11
1.945724806949025840e-11
1.796871794737228814e-11
1.659406294904664422e-11
1.532457121779360563e-11
1.415219742577931758e-11
1.306951177448388608e-11
1.206965289770283869e-11
1.114628436851632545e-11
1.029355453444477740e-11
9.506059762124312430e-12
8.778809935971941535e-12
8.107196873938037259e-12
7.486965055695085935e-12
6.914183503918270480e-12
6.385221927184550504e-12
5.896728115128168263e-12
5.445606398639002538e-12
5.028997735710588196e-12
4.644261597440079526e-12
4.288959452802679381e-12
3.960839358410225534e-12
3.657821679420824391e-12
3.377985903401332231e-12
3.119558463468943546e-12
2.880901567836699980e-12
2.660502866676208992e-12
2.456965519708695685e-12
2.268999543508373257e-12
2.095413618309246548e-12
1.935107582451647697e-12
1.787065506139581292e-12
1.650349130823802494e-12
1.524091970092735416e-12
1.407493834552709118e-12
1.299815758625237197e-12
1.200375315627219011e-12
1.108542291409674767e-12
1.023734689106524095e-12
9.454150396489580673e-13
8.730870353003493143e-13
8.062923323299632750e-13
7.446076893714520836e-13
6.876422299136451522e-13
6.350348974962568372e-13
5.864522482411690306e-13
5.415862145663417525e-13
5.001526929108371678e-13
4.618886820483799546e-13
4.265520205138110830e-13
3.939188147319101215e-13
3.637822230306718973e-13
3.359512312994493369e-13
3.102494412132435008e-13
2.865139517120508792e-13
2.645943356672083499e-13
2.443516831230493967e-13
2.256576954220226230e-13
2.083938888066516905e-13
1.924508423392404717e-13
1.777275086127098659e-13
1.641305763899570945e-13
1.515738679911844374e-13
1.399777986056740547e-13
1.292688727716495654e-13
1.193792183927934531e-13
1.102461564206551756e-13
1.018118034236636129e-13
9.400982043680382193e-14
8.681759756648780639e-14
7.997004850949515875e-14
7.385191510573082332e-14
6.701735094867429093e-14
6.189015419900619236e-14
5.327043414934681268e-14
4.919495100076589068e-14
3.906643988621508309e-14
3.607772180614674355e-14
2.648216258995780058e-14
2.445589815783780247e-14
