# bin_3_1
2.674297637757269745e-09
2.691123193742422811e-09
2.708604929152399373e-09
2.726768391913598955e-09
2.745640046406030165e-09
2.765247043137021455e-09
2.785617158384826360e-09
2.806779343515204160e-09
2.828764219219904826e-09
2.851603786095103341e-09
2.875331297253548439e-09
2.899981005238777242e-09
2.925587497922251812e-09
2.952185885180707209e-09
2.979814160753861178e-09
3.008512935100546213e-09
3.038324545975248207e-09
3.069290459788522837e-09
3.101451355329388505e-09
3.134853078210137342e-09
3.169545080517213789e-09
3.205577215666552177e-09
3.242996904906027149e-09
3.281855921839751115e-09
3.322210334741005398e-09
3.364116719923456459e-09
3.407631248787717733e-09
3.452814800770915034e-09
3.499729983385296818e-09
3.548440704489483501e-09
3.599013040178386731e-09
3.651516242977304288e-09
3.706023191051863063e-09
3.762606178710059852e-09
3.821337040605120676e-09
3.882303914860573218e-09
3.945583625066413767e-09
4.011251324907056939e-09
4.079412574828531324e-09
4.150140956109722469e-09
4.223532901046175323e-09
4.299692376573144909e-09
4.378703741602582096e-09
4.460681242270857787e-09
4.545723184277069287e-09
4.633936792542155354e-09
4.725439411249955341e-09
4.820338734759842350e-09
4.918755171491692302e-09
5.020813071137845229e-09
5.126629102743591239e-09
5.236339174420439915e-09
5.350071324730233987e-09
5.467954057209802970e-09
5.590140142410905675e-09
5.716750333721816607e-09
5.847952421211031998e-09
5.983872145027765018e-09
6.124681012421287665e-09
6.270518718943951395e-09
6.424054148791765444e-09
6.580497252641576186e-09
6.742457340541080800e-09
6.910101051309137681e-09
7.083596273070829393e-09
7.263114479818992055e-09
7.448827251174221513e-09
7.640910080962199834e-09
7.839537905691264988e-09
8.044887345857414871e-09
8.257137302174862819e-09
8.476466670307184734e-09
8.703052444188296436e-09
8.937072848927962461e-09
9.178702308373261549e-09
9.428116387907450759e-09
9.685485180523209784e-09
9.950978156712054231e-09
1.022475906931873110e-08
1.050698667556397805e-08
1.079781595771409800e-08
1.109739338113454939e-08
1.140585799819160692e-08
1.172334003624448622e-08
1.204996292271307776e-08
1.238583812634181861e-08
1.273106528626988473e-08
1.308572909775841517e-08
1.344990149774793266e-08
1.382363884070871702e-08
1.420697747723031562e-08
1.459993631845057748e-08
1.499991128891882563e-08
1.541200583130967077e-08
1.583363855582230377e-08
1.626473316747193442e-08
1.670518503323161296e-08
1.715485540332373477e-08
1.761357602254922666e-08
1.808114051303502149e-08
1.855730357217632377e-08
1.904177932600129114e-08
1.953423526689509896e-08
2.003430089282765676e-08
2.054156196608512397e-08
2.105555969634652556e-08
2.157578290216281530e-08
2.210165470826048609e-08
2.263252202406063731e-08
2.316764876259649407e-08
2.370623202284178379e-08
2.424740457275536915e-08
2.479023280326384995e-08
2.533371067979938835e-08
2.587676312813755402e-08
2.641824998298644891e-08
2.695694886779745149e-08
2.749155448432605653e-08
2.802065670561023471e-08
2.854276033101796031e-08
2.905627578954875906e-08
2.955952408486710805e-08
3.005073254545657036e-08
3.052803349477016337e-08
3.098946755168882462e-08
3.143297424019244392e-08
3.185639584372993668e-08
3.225748762395828607e-08
3.263393443644317419e-08
3.298336907777020443e-08
3.330333617281568372e-08
3.359122474381618386e-08
3.384432931389911841e-08
3.406021943792923777e-08
3.423713033282081706e-08
3.437391610329204187e-08
3.446938255498375442e-08
3.452139094302997095e-08
3.452672724532386724e-08
3.448188636587975349e-08
3.438369375249824380e-08
3.422927676795063955e-08
3.401580644333079378e-08
3.374069414423711055e-08
3.340254970289592801e-08
3.300184410383195546e-08
3.254064804937578750e-08
3.202200394965864331e-08
3.144939499067390529e-08
3.082657320813271898e-08
3.015740233078955252e-08
2.944552671984589008e-08
2.869438216165073696e-08
2.790765003410956524e-08
2.708992130752133107e-08
2.624718730213213267e-08
2.538691140366224869e-08
2.451765587065389775e-08
2.364845562367115698e-08
2.278819722978661699e-08
2.194519427528772413e-08
2.112700328461474559e-08
2.034044547140737077e-08
1.959163722376178995e-08
1.888573112140175630e-08
1.822641343627254151e-08
1.761537020250369849e-08
1.705198265157502602e-08
1.653334227737566872e-08
1.605433682067356046e-08
1.560777447190928963e-08
1.518462890637258866e-08
1.477433605150449022e-08
1.436536505775033458e-08
1.394599495542169790e-08
1.350542061751412431e-08
1.303480820135266595e-08
1.252823552432711915e-08
1.198375017519847305e-08
1.140455190270786803e-08
1.079917287964397201e-08
1.018060223680443940e-08
9.564927741363873010e-09
8.970044668455288280e-09
8.413543959478326287e-09
7.910220351827074175e-09
7.468741471555115817e-09
7.090497058010321678e-09
6.768918454878550523e-09
6.490816528879758166e-09
6.238360381968549641e-09
5.992602342194589003e-09
5.737524346176795606e-09
5.463870958265027759e-09
5.171164340475466782e-09
4.867179337310525734e-09
4.565098055159084620e-09
4.279217701515268040e-09
4.020592819764125125e-09
3.793632607056477898e-09
3.595173853642284781e-09
3.416475437681681295e-09
3.247442060502138110e-09
3.080739947136499902e-09
2.913977567826228528e-09
2.749216446880132241e-09
2.590611848804684084e-09
2.441764636697629101e-09
2.304107792911079459e-09
2.176875493170106008e-09
2.058265412443195184e-09
1.946564676056832615e-09
1.840594106452655027e-09
1.739736345556446864e-09
1.643902125922593968e-09
1.553502382460397359e-09
1.469110450335540899e-09
1.390588900215517683e-09
1.317247370744479141e-09
1.248141087999268773e-09
1.182916028262393160e-09
1.121736955744480002e-09
1.064651645889377384e-09
1.011337334399834932e-09
9.613315114046862015e-10
9.143926483325955843e-10
8.704428158859108215e-10
8.293073432422746627e-10
7.907239444317393594e-10
7.544853178653299254e-10
7.204327214243876249e-10
6.884120719126828256e-10
6.582691241088838814e-10
6.298688868116403269e-10
6.030901194448053166e-10
5.778174733798248031e-10
5.539393221189222170e-10
5.313396207406761427e-10
5.099108227337827929e-10
4.895520919146044823e-10
4.701662748863033965e-10
4.516724450638881593e-10
4.339912934749968430e-10
4.170532787145857851e-10
4.008473835727801930e-10
3.852128330049223263e-10
3.701509006978810500e-10
3.556178405298037047e-10
3.415728467021757773e-10
3.279795122289692454e-10
3.148074309515280367e-10
3.020270222995976216e-10
2.896165717122788620e-10
2.775568270242732850e-10
2.658297191759903273e-10
2.544225079889690414e-10
2.433257788995158063e-10
2.325299900466259267e-10
2.220311802172230740e-10
2.118227974354175128e-10
2.019055409694366669e-10
1.922762066814905332e-10
1.829351207370735449e-10
1.738818328602167546e-10
1.651182708549580005e-10
1.566464297314394424e-10
1.484631262452899209e-10
1.405726542763782901e-10
1.329726523327043855e-10
1.256643688985488738e-10
1.186462616176948529e-10
1.119162802303417906e-10
1.054717984967432345e-10
9.931071705457024019e-11
9.342767589667888282e-11
8.781787693221422507e-11
8.247786779678549796e-11
7.739877607074479316e-11
7.257553348958748260e-11
6.800115663530272424e-11
6.366741104807469979e-11
5.956707465518162456e-11
5.569045756592121495e-11
5.203140841492720340e-11
4.857990353556498690e-11
4.532751747726230915e-11
4.226643684671923002e-11
3.938767854381171806e-11
3.668361667022850966e-11
3.414437385285650108e-11
3.176274351739927811e-11
2.953086061156783611e-11
2.744103167828257539e-11
2.548571010466908813e-11
2.365735622859164439e-11
2.194943764505542699e-11
2.035463060724663573e-11
1.886708131889479273e-11
1.748002865309447239e-11
1.618739286093939593e-11
1.498387769769514084e-11
1.386380348445471191e-11
1.282211429862987047e-11
1.185440672095702864e-11
1.095607780421201604e-11
1.012302831922270138e-11
9.351592712294595959e-12
8.637766044365563938e-12
7.977759799948657057e-12
7.367966441956967603e-12
6.804736786441973500e-12
6.284551567393666751e-12
5.804127148574833033e-12
5.360427937531733394e-12
4.950648439322602431e-12
4.572193785414262767e-12
4.222669969801012538e-12
3.900521153782917753e-12
3.602309511001112326e-12
3.326897484572878074e-12
3.072541898035276043e-12
2.837632851476603348e-12
2.620683534714141040e-12
2.420320817540683955e-12
2.235276557833353721e-12
2.064379592894200172e-12
1.906548281394651399e-12
1.760783680929229820e-12
1.626163236727705588e-12
1.501834931366999904e-12
1.387011938504460475e-12
1.280967683233518138e-12
1.183030995377619246e-12
1.092582057691663677e-12
1.009048402762511941e-12
9.319013026437837835e-13
8.606524581478736022e-13
7.948509147312756902e-13
7.340802473128526682e-13
6.779558638211186166e-13
6.261225174602254979e-13
5.782521182360782957e-13
5.340416639457964637e-13
4.932113215572322178e-13
4.555026553312851140e-13
4.206769904787864465e-13
3.885139027252605351e-13
3.588098583486482733e-13
3.313768898481854880e-13
3.060413526624527084e-13
2.826428752780986257e-13
2.610333495814065381e-13
2.410759929512184086e-13
2.226444820976388787e-13
2.056221531568765361e-13
1.899012629727788055e-13
1.753823068835615816e-13
1.619733886905820756e-13
1.495896388168256823e-13
1.381526769683180722e-13
1.275901221549943611e-13
1.178351330191218796e-13
1.088259662400319164e-13
1.005056035934531757e-13
9.282138154803368660e-14
8.572466129082396037e-14
7.917052261045072121e-14
7.311748309580383790e-14
6.752722201404689789e-14
6.236437175135728470e-14
5.759625505778948961e-14
5.319269043059436733e-14
4.912580429629307562e-14
4.536985448654370949e-14
4.190106723216516010e-14
3.869748662699145000e-14
3.573883581212857462e-14
3.300639214062672070e-14
3.048286375072292811e-14
2.815227679506598641e-14
2.599987867344331573e-14
2.401204491210189413e-14
2.217619288270700205e-14
2.048070212162809343e-14
1.891484074450428629e-14
1.746869748969535740e-14
1.613311895992836821e-14
1.489965166441142174e-14
1.376048849412741803e-14
1.270841929113339833e-14
1.173678596230674948e-14
1.083943963974687913e-14
1.001070060716155366e-14
9.245323813307585923e-15
8.538464724263538633e-15
7.885649108502029679e-15
7.282744864690703809e-15
6.725936003559690384e-15
6.211698711166015873e-15
5.736778373271205414e-15
