# bin_4_1
8.055236084485273032e-10
8.106104910855335888e-10
8.158960836632006272e-10
8.213880863719496079e-10
8.270944937562627603e-10
8.330235984027548660e-10
8.391840000816223825e-10
8.455846218318856558e-10
8.522347327226878795e-10
8.591439576837489632e-10
8.663222773173896691e-10
8.737800416578288987e-10
8.815279926622365424e-10
8.895772781804347018e-10
8.979394659555451864e-10
9.066265657038305112e-10
9.156510393702293675e-10
9.250257847174861813e-10
9.347641651088108845e-10
9.448800726979755577e-10
9.553879110127477695e-10
9.663026008754636250e-10
9.776396467949671614e-10
9.894151114752660904e-10
1.001645620769699500e-09
1.014348443898640776e-09
1.027541450227420485e-09
1.041243153296064297e-09
1.055472745084009499e-09
1.070250068871103814e-09
1.085595744419897226e-09
1.101531071078156754e-09
1.118078059994181376e-09
1.135259556644456822e-09
1.153099158093148986e-09
1.171621367575107043e-09
1.190851618329398384e-09
1.210816106129278637e-09
1.231541920501239750e-09
1.253057081077929282e-09
1.275390663891061035e-09
1.298572744527550334e-09
1.322634204105376072e-09
1.347607105185642170e-09
1.373524489074564158e-09
1.400420600596943568e-09
1.428330590517558131e-09
1.457290747232043020e-09
1.487338549780409301e-09
1.518512824722865370e-09
1.550853426608474551e-09
1.584401559369791925e-09
1.619199541415580621e-09
1.655291042589854376e-09
1.692721225263509862e-09
1.731536510132871845e-09
1.771784375439880593e-09
1.813513808350633385e-09
1.856774775367458714e-09
1.901619069566700966e-09
1.948099556283818749e-09
1.996270374093900039e-09
2.046186694435362176e-09
2.097905022452291895e-09
2.151483520163335150e-09
2.206981175234125744e-09
2.264458607628733401e-09
2.323977767897483760e-09
2.385601681910285272e-09
2.449394543342656621e-09
2.515420805952711219e-09
2.583745920798612605e-09
2.654436053527551602e-09
2.727558515331658626e-09
2.803181333042503223e-09
2.881372572306351622e-09
2.962200747399325747e-09
3.045734465705793847e-09
3.132043466180325833e-09
3.221197130424914654e-09
3.313263151387682294e-09
3.408308737565658289e-09
3.506400875713634439e-09
3.607606081113504659e-09
3.711988036226755743e-09
3.819608239383550084e-09
3.930527398196236381e-09
4.044804155172820707e-09
4.162493454538475767e-09
4.283646390484727462e-09
4.408311011045909709e-09
4.536531642567298251e-09
4.668348400541787813e-09
4.803797151748275401e-09
4.942906765702459775e-09
5.085701296070138452e-09
5.232197641706172942e-09
5.382406370516508106e-09
5.536329352151792747e-09
5.693957135370237159e-09
5.855273598028744740e-09
6.020253723305302674e-09
6.188862349343938234e-09
6.361050453996578767e-09
6.536757066954924055e-09
6.715908863565127049e-09
6.898418079478075891e-09
7.084180169791120318e-09
7.273072291934141064e-09
7.464955870184453670e-09
7.659675623988573192e-09
7.857057807528871252e-09
8.056914452038064479e-09
8.259041881339382582e-09
8.463209720573505589e-09
8.669151717492021266e-09
8.876560754323719832e-09
9.085102973418944457e-09
9.294423417527017185e-09
9.504142232884265087e-09
9.713855626887397078e-09
9.923142693254373283e-09
1.013155291052094074e-08
1.033859818358108698e-08
1.054374856038979388e-08
1.074644027896430449e-08
1.094607649090982980e-08
1.114202235981230044e-08
1.133360951619557307e-08
1.152014110924725248e-08
1.170087864443534613e-08
1.187504627440163565e-08
1.204183308919825466e-08
1.220038781953180678e-08
1.234981559957441775e-08
1.248920322947648397e-08
1.261764798905937621e-08
1.273423244013623902e-08
1.283790331548346233e-08
1.292748277836905717e-08
1.300197924803696349e-08
1.306081922923933967e-08
1.310391443061080978e-08
1.313122656070459610e-08
1.314186315079041049e-08
1.313419998246443565e-08
1.310648191877804194e-08
1.305708612359541304e-08
1.298488574514452519e-08
1.288916286972260162e-08
1.276926150104423185e-08
1.262494285989418825e-08
1.245656481857635952e-08
1.226507378498375327e-08
1.205209947597593996e-08
1.181965786307829318e-08
1.156959337176429878e-08
1.130324477331991699e-08
1.102154163848095047e-08
1.072536902519195455e-08
1.041605610257477182e-08
1.009567824485758593e-08
9.767080607897240473e-09
9.433750342023455298e-09
9.099460861324477909e-09
8.767897316134875691e-09
8.442421560147204867e-09
8.125972694136163626e-09
7.821058398226536124e-09
7.530005217345784148e-09
7.255057597751788885e-09
6.998102329167122487e-09
6.760364461660642033e-09
6.542036222374119612e-09
6.342136687829017044e-09
6.158663892647706364e-09
5.988831518352512270e-09
5.829261321254343171e-09
5.676051316970515677e-09
5.524797308499538622e-09
5.370641460950564802e-09
5.208652469589260407e-09
5.034672319512756231e-09
4.845740081224326778e-09
4.640234209201132694e-09
4.418616055442395726e-09
4.183919432829175147e-09
3.941122880550520277e-09
3.696645969581428088e-09
3.458146685527313696e-09
3.233604205922469438e-09
3.030051427053934888e-09
2.852485693926381907e-09
2.702757760195655337e-09
2.579083320591193898e-09
2.476065156997112753e-09
2.385686335251503613e-09
2.298818584641797637e-09
2.207149980872189668e-09
2.105048647491919591e-09
1.991223663096234065e-09
1.868823430807252531e-09
1.744493118863787691e-09
1.626251140244638827e-09
1.520970767355631886e-09
1.432039720966589438e-09
1.358273520595911946e-09
1.294680267996545688e-09
1.234614073335868320e-09
1.172904818833969315e-09
1.107718611816195584e-09
1.040886735517280854e-09
9.762599716850229165e-10
9.172476394272227595e-10
8.650242617958753157e-10
8.181640229816870979e-10
7.742659412589084703e-10
7.316306872216233224e-10
6.899947828720439885e-10
6.501899727059886903e-10
6.129461822377553538e-10
5.784287135273650832e-10
5.463669249536110890e-10
5.162880809201882948e-10
4.878784021513762958e-10
4.610828006615807986e-10
4.358935431238940425e-10
4.123570093498849756e-10
3.904664102809140310e-10
3.699560540332835164e-10
3.506681155766261251e-10
3.326188397452162609e-10
3.157786874702934262e-10
3.000296892724726911e-10
2.852750964091289938e-10
2.714530588826117671e-10
2.584926136683668270e-10
2.463252993705128317e-10
2.348945446087094839e-10
2.241548425608420647e-10
2.140623756460777826e-10
2.045755146308642235e-10
1.956464552084800101e-10
1.872309099754348340e-10
1.792858461817037165e-10
1.717712379416933011e-10
1.646506037578229275e-10
1.578899592305185308e-10
1.514589332779025818e-10
1.453299575507374447e-10
1.394780332563738400e-10
1.338804073484098599e-10
1.285160790547189839e-10
1.233663499913317507e-10
1.184141086044978024e-10
1.136442717276817561e-10
1.090432087379396468e-10
1.045976669447636026e-10
1.002979849332629506e-10
9.613383382555646064e-11
9.209821937637981579e-11
8.818298032355615637e-11
8.438280275151094338e-11
8.069267426890654309e-11
7.710942404404851419e-11
7.362921542310849376e-11
7.024988916226040518e-11
6.696987685041833447e-11
6.378806577845342657e-11
6.070324014254980943e-11
5.771491237061038175e-11
5.482245138306174275e-11
5.202601895365400360e-11
4.932576698893331703e-11
4.672096223904476762e-11
4.421134926813720498e-11
4.179729312066569728e-11
3.947770021107284588e-11
3.725194190497641589e-11
3.511952574588104431e-11
3.307915691920056001e-11
3.113003790874753767e-11
2.926966519095680926e-11
2.749774238192176182e-11
2.581153940751760093e-11
2.420921238737532126e-11
2.268833370530396512e-11
2.124688243331800245e-11
1.988199068564125829e-11
1.859140900126338558e-11
1.737240950829173803e-11
1.622217337326339414e-11
1.513806924441223412e-11
1.411706838199705498e-11
1.315656903583884059e-11
1.225407712723621673e-11
1.140644580030566195e-11
1.061126078913152875e-11
9.865892130495537669e-12
9.167654536767682839e-12
8.514240103251687313e-12
7.903346301913778604e-12
7.332400337257489396e-12
6.799280210515141553e-12
6.301854523323533139e-12
5.838047918700444651e-12
5.404287430340691943e-12
5.001969866636408603e-12
4.627480693851245801e-12
4.279304704625241423e-12
3.955870723683691699e-12
3.655834083379989993e-12
3.377828856689533306e-12
3.120608954076857562e-12
2.882803613236008043e-12
2.663099378290688332e-12
2.460132453438722022e-12
2.272634689730389589e-12
2.099426908779656550e-12
1.939420133993634201e-12
1.791607978710742445e-12
1.655061191696646207e-12
1.528921266448087660e-12
1.412395024930384629e-12
1.304749734781312104e-12
1.205308533231286794e-12
1.113445741619674722e-12
1.028584264205349440e-12
9.501904818807238927e-13
8.777714698232096374e-13
8.108718537843116345e-13
7.490709601932129998e-13
6.919802082453062155e-13
6.392406192313386039e-13
5.905205665053938274e-13
5.454437260318607358e-13
5.038727359019306953e-13
4.654701331295338937e-13
4.299944210518460833e-13
3.972225135630324882e-13
3.669483288903208017e-13
3.389814929004832789e-13
3.131461429084291296e-13
2.892798398414402039e-13
2.672325182853231658e-13
2.468655363366112479e-13
2.280508203525015756e-13
2.106700592727441982e-13
1.946139603754219185e-13
1.797815616186227102e-13
1.660795966262456556e-13
1.534219087116168837e-13
1.417289089425768646e-13
1.309270796219317586e-13
1.209485031705012687e-13
1.117304339404663635e-13
1.032149089182992688e-13
9.534838313641914230e-14
8.808139288151777187e-14
8.136824458098318120e-14
7.516672818341022882e-14
6.943785684265180286e-14
6.414561494698642409e-14
5.925672655889635264e-14
5.474044906001943759e-14
5.056838263972810197e-14
4.671429749476751389e-14
4.315395852174216292e-14
3.986497596197097244e-14
3.682666695725669506e-14
3.401992516804341894e-14
3.142710057971019747e-14
2.903188864526291821e-14
2.681922958277245424e-14
2.477521015998157269e-14
2.288697664446489200e-14
2.114265511754372417e-14
1.953127677701660409e-14
1.804270893267689010e-14
1.666759125239637927e-14
1.539727688763660011e-14
1.422377816728956672e-14
1.313971630966873554e-14
1.213827548615471223e-14
1.121315886587628284e-14
1.035854924061260296e-14
9.569072808180677105e-15
8.839765370333476464e-15
8.166041107908154917e-15
7.543663736714799914e-15
6.968719981401110219e-15
6.437595384999749504e-15
5.946950870818697961e-15
5.493701363358176792e-15
5.074996675379040996e-15
4.688203885284063316e-15
4.330891239390553899e-15
4.000811828108972702e-15
3.695889894870915741e-15
3.414207928217858981e-15
