# bin_1_3
2.862257920849224361e-07
2.879765169292760113e-07
2.897946951558302269e-07
2.916828613708485778e-07
2.936436400543466363e-07
2.956797483748758155e-07
2.977939990688252611e-07
2.999893035637923173e-07
3.022686750610930758e-07
3.046352304520463052e-07
3.070921935848803726e-07
3.096428980562978754e-07
3.122907903410057299e-07
3.150394329449110437e-07
3.178925081204750199e-07
3.208538204705366534e-07
3.239273002309254963e-07
3.271170064287961082e-07
3.304271279225446463e-07
3.338619866449338549e-07
3.374260395901740732e-07
3.411238831365267592e-07
3.449602574618879321e-07
3.489400482726288453e-07
3.530682871832900990e-07
3.573501536077454311e-07
3.617909764538825576e-07
3.663962378505776811e-07
3.711715747594977565e-07
3.761227791442756296e-07
3.812558029814097274e-07
3.865767540776648635e-07
3.920918973038093421e-07
3.978076492607151877e-07
4.037305843595498990e-07
4.098674338200073113e-07
4.162250828511622489e-07
4.228105679170812528e-07
4.296310691905360146e-07
4.366939050090059244e-07
4.440065329727527898e-07
4.515765437047278958e-07
4.594116552460852832e-07
4.675197017127467468e-07
4.759086207525544172e-07
4.845864534795215223e-07
4.935613383708864687e-07
5.028414799425128170e-07
5.124351346835556203e-07
5.223506083654920143e-07
5.325962338096913789e-07
5.431803511686725561e-07
5.541112759222756742e-07
5.653972850477619829e-07
5.770466034967517972e-07
5.890673571246878701e-07
6.014675299826980140e-07
6.142549509594800063e-07
6.274372680008011888e-07
6.410218940043166853e-07
6.550159843513682605e-07
6.694263854977390016e-07
6.842595611942023240e-07
6.995215848375697712e-07
7.152180672144860508e-07
7.313540577946797404e-07
7.479340484442636137e-07
7.649618734360031755e-07
7.824406179510123547e-07
8.003726399768222742e-07
8.187594138319156812e-07
8.376014439489227285e-07
8.568982483877438379e-07
8.766482229222089352e-07
8.968485871032959824e-07
9.174952687059201076e-07
9.385827611911128023e-07
9.601039996885525819e-07
9.820501985464928059e-07
1.004410741084572819e-06
1.027173110165310931e-06
1.050322803897239079e-06
1.073843270996739287e-06
1.097715740115631873e-06
1.121919067437992936e-06
1.146429612628330521e-06
1.171221044402895037e-06
1.196264060488748761e-06
1.221526375579748458e-06
1.246972465623059274e-06
1.272563682846671341e-06
1.298258044719793119e-06
1.324010023636546940e-06
1.349770495108184522e-06
1.375486377961658134e-06
1.401100531378507406e-06
1.426551720990354328e-06
1.451774544714469963e-06
1.476699519069887666e-06
1.501253226123760489e-06
1.525357955635995206e-06
1.548931573346049992e-06
1.571887457826129089e-06
1.594134161116184599e-06
1.615575868524419020e-06
1.636114106051753312e-06
1.655649886396385362e-06
1.674085048161025583e-06
1.691320459374027519e-06
1.707251741826454183e-06
1.721766126497085435e-06
1.734742128268822024e-06
1.746053592577176193e-06
1.755576572322281750e-06
1.763191691356011701e-06
1.768785520661251411e-06
1.772250606626927762e-06
1.773482896931688219e-06
1.772382643774246981e-06
1.768859317057132619e-06
1.762835056821552066e-06
1.754250196263615974e-06
1.743064702467256146e-06
1.729248326070772427e-06
1.712776176602030904e-06
1.693629021141232687e-06
1.671806467062451827e-06
1.647348281751240935e-06
1.620344560272466187e-06
1.590933186390723787e-06
1.559283812341703237e-06
1.525586341939177591e-06
1.490050178486612423e-06
1.452910651325883946e-06
1.414431625134289251e-06
1.374898815463854088e-06
1.334607394119241309e-06
1.293853001985175434e-06
1.252926763687894403e-06
1.212112871558207210e-06
1.171687257417303256e-06
1.131913930836603051e-06
1.093038506178454469e-06
1.055279501445925948e-06
1.018816810277961573e-06
9.837785037942922899e-07
9.502302841582933888e-07
9.181708246290893518e-07
8.875364766684372615e-07
8.582131375312568451e-07
8.300498175603800266e-07
8.028724659099105690e-07
7.764923825533942573e-07
7.507147008016026854e-07
7.253477123363999079e-07
7.002143478674561166e-07
6.751686828364028030e-07
6.501097503299851194e-07
6.249825526898492234e-07
5.997720201434237465e-07
5.744949197439968495e-07
5.491941015398662526e-07
5.239400635325099556e-07
4.988341722298668157e-07
4.740160703563079464e-07
4.496615763704868284e-07
4.259795508669746065e-07
4.032003322904238780e-07
3.815555078837337637e-07
3.612430769145420144e-07
3.423925908174213198e-07
3.250334216214112310e-07
3.090839460804592687e-07
2.943569681426428991e-07
2.805919185304395825e-07
2.675056348383232606e-07
2.548493237746008454e-07
2.424606041402612272e-07
2.302743297118088656e-07
2.183115928816835881e-07
2.066472877748718212e-07
1.953834255281385453e-07
1.846246040400744721e-07
1.744661037582681544e-07
1.649779077750592774e-07
1.561874127536245956e-07
1.480613304402354986e-07
1.405021134713239754e-07
1.333727565789239651e-07
1.265436265170439108e-07
1.199402740940438069e-07
1.135680225476192961e-07
1.074915237639042842e-07
1.017884073856399316e-07
9.649571486559530450e-08
9.158775612209598862e-08
8.699926671355635304e-08
8.266101699999585445e-08
7.853978767828020978e-08
7.463830850341774200e-08
7.097443276878799043e-08
6.755158295422398810e-08
6.435182623063446886e-08
6.134755495921143440e-08
5.851887427179302935e-08
5.585571401837056521e-08
5.335340351162644962e-08
5.100392415021602595e-08
4.879494673875408906e-08
4.671435703636894969e-08
4.475263871158551094e-08
4.290187970300926883e-08
4.115398879352027292e-08
3.950094135542888344e-08
3.793517429851071377e-08
3.644970893072907849e-08
3.503818523513573923e-08
3.369433889440736669e-08
3.241261583905202431e-08
3.118806352805662946e-08
3.001601614980418974e-08
2.889222123491344005e-08
2.781259737855654667e-08
2.677333592703443009e-08
2.577098817344900366e-08
2.480248696753464896e-08
2.386518405358875177e-08
2.295654115528787466e-08
2.207457354683793636e-08
2.121745382242502165e-08
2.038369630051755687e-08
1.957199348073699946e-08
1.878133774925440473e-08
1.801085663824001599e-08
1.725985367682300313e-08
1.652789075749382779e-08
1.581446939570949616e-08
1.511941353682284400e-08
1.444261579192179779e-08
1.378394364424806291e-08
1.314339555765595543e-08
1.252111280552613689e-08
1.191709714986850687e-08
1.133152500519402848e-08
1.076443537032194361e-08
1.021600971066751647e-08
9.686240731290381890e-09
9.175259760907098027e-09
8.683077481233272638e-09
8.209644149257211945e-09
7.754861825092915545e-09
7.318690493243329682e-09
6.900979400668375275e-09
6.501387493639430303e-09
6.119773277656379346e-09
5.755735082910905467e-09
5.408989688074115929e-09
5.079099459824746526e-09
4.765684896548791490e-09
4.468264661082597971e-09
4.186335942009662542e-09
3.919409874415306324e-09
3.666956666575673863e-09
3.428475558429791379e-09
3.203407743747468216e-09
2.991211362392878739e-09
2.791333966012107487e-09
2.603247308438751903e-09
2.426414761829198056e-09
2.260281906326611259e-09
2.104368603530464148e-09
1.958147840212063673e-09
1.821107437461896484e-09
1.692800087507077371e-09
1.572733762195366303e-09
1.460479959980345500e-09
1.355567888593920151e-09
1.257621289684726937e-09
1.166222340937262028e-09
1.081001011619852740e-09
1.001595175437535786e-09
9.276426742460091951e-10
8.588378238023975002e-10
7.948439285337362848e-10
7.353651066402101562e-10
6.801216077488961649e-10
6.288430172119083183e-10
5.812832941320263329e-10
5.372003070195647535e-10
4.963663917712471813e-10
4.585584691725927139e-10
4.235810622679096399e-10
3.912380042766704558e-10
3.613455045368924210e-10
3.337292332839830570e-10
3.082200597018920741e-10
2.846597194882363014e-10
2.629005930223435099e-10
2.428043909596026049e-10
2.242443515909976746e-10
2.071030119810546377e-10
1.912719363221129535e-10
1.766509747578937531e-10
1.631476298936562537e-10
1.506764756995474495e-10
1.391586134374391461e-10
1.285211738745424002e-10
1.186968778273176286e-10
1.096235371606222915e-10
1.012437612432684646e-10
9.350453745820028800e-11
8.635690344604807403e-11
7.975563274482754782e-11
7.365918686456726601e-11
6.802853848616934910e-11
6.282830504809737480e-11
5.802558454235857439e-11
5.358999082039740189e-11
4.949346005782665437e-11
4.571007364346742372e-11
4.221589520006763447e-11
3.898881772508785660e-11
3.600842353990723632e-11
3.325585561404799088e-11
3.071369849507703037e-11
2.836586846901518843e-11
2.619751106932772136e-11
2.419490707930319294e-11
2.234538608272079289e-11
2.063724617574742892e-11
1.905968042768500128e-11
1.760244966416381664e-11
1.625687012424088331e-11
1.501414937017093275e-11
1.386642490710596836e-11
1.280643500233232707e-11
1.182747300284374476e-11
1.092334527112803460e-11
1.008833146092310630e-11
9.317148427368645454e-12
8.604916972297869452e-12
7.947130602451726407e-12
7.339627323162648863e-12
6.778563394155394723e-12
6.260388869099755730e-12
5.781825261964735690e-12
5.339844556302629366e-12
4.931650225289421553e-12
4.554659510764815821e-12
4.206487086065421751e-12
3.884930045315044209e-12
3.587953829452419262e-12
3.313679413523768624e-12
3.060371355255231697e-12
2.826426886080976833e-12
2.610365821558401896e-12
2.410821118906626790e-12
2.226530201481141526e-12
2.056327021247070941e-12
1.899134684102141656e-12
1.753958635886137254e-12
1.619869057423463846e-12
1.496040698081842229e-12
1.381678080428222041e-12
1.276057600946131997e-12
1.178510975456073938e-12
1.088421009469862630e-12
1.005217692573266021e-12
9.283746455827592700e-13
8.574057451460430247e-13
7.918620090778303861e-13
7.313287587297238617e-13
6.753944133399520667e-13
6.237644763016438370e-13
5.757364098644119064e-13
5.317308383151285102e-13
4.910824550526356341e-13
4.535413636429299351e-13
4.091734599855439489e-13
3.778923943301267313e-13
3.276049779628554177e-13
3.025569595491685597e-13
2.794242119898850703e-13
2.364542250238134844e-13
2.183733371385535919e-13
2.016750214371782182e-13
1.600190789677896397e-13
1.477814810617466114e-13
1.065371568531505830e-13
9.838916824219573045e-14
6.352018048621627065e-14
5.866145874742884702e-14
2.876863112966607087e-14
2.656775157982595043e-14
7.241802949206890011e-15
6.687698123217957425e-15
8.127251762728331604e-16
7.505813355618382905e-16
0.000000000000000000e+00
0.000000000000000000e+00
