# bin_3_3
2.794533453623420884e-08
2.812121358194515796e-08
2.830395231457195733e-08
2.849381548710003165e-08
2.869107792795495457e-08
2.889602480447292037e-08
2.910895194526402359e-08
2.933016620636443546e-08
2.955998592670431025e-08
2.979874136936628383e-08
3.004677509338397497e-08
3.030444242392064716e-08
3.057211176334025850e-08
3.085016519519629221e-08
3.113899915048867912e-08
3.143902459753087816e-08
3.175066739213117716e-08
3.207436913868003424e-08
3.241058771020168544e-08
3.275979739152511951e-08
3.312249004801211155e-08
3.349917569165391883e-08
3.389038196969612285e-08
3.429665563630979648e-08
3.471856359424519985e-08
3.515669233634940111e-08
3.561164954422799802e-08
3.608406522842757217e-08
3.657458911531068432e-08
3.708389477877702301e-08
3.761268135533632498e-08
3.816166847823624586e-08
3.873160388625071980e-08
3.932325966878737112e-08
3.993743122280134676e-08
4.057494611457986105e-08
4.123665659086966674e-08
4.192343952171040444e-08
4.263620716680615387e-08
4.337589968939153459e-08
4.414348658770818201e-08
4.493996904521496030e-08
4.576638022291747538e-08
4.662378665856343704e-08
4.751328845510195091e-08
4.843601703902728114e-08
4.939314193629889042e-08
5.038586297200387167e-08
5.141541634077022313e-08
5.248307563517719075e-08
5.359014896971328806e-08
5.473798038248422279e-08
5.592794094333164359e-08
5.716145234432705562e-08
5.843995857187756902e-08
5.976495010399856969e-08
6.113794750357075613e-08
6.256051590192871689e-08
6.403424483950031093e-08
6.556077151064419207e-08
6.714175161182068907e-08
6.877888179037091824e-08
7.047387857516096128e-08
7.222850055584269088e-08
7.404452082923242230e-08
7.592375047917927535e-08
7.786800329762580858e-08
7.987913612968070499e-08
8.195900144436849568e-08
8.410947143183956847e-08
8.633244618358565461e-08
8.862982775376983004e-08
9.100350130494270228e-08
9.345536442851938998e-08
9.598728009793734520e-08
9.860112248580471211e-08
1.012987183676126387e-07
1.040818830206045969e-07
1.069523766515398783e-07
1.099119080482816677e-07
1.129621565853016983e-07
1.161047132048090570e-07
1.193410938727059364e-07
1.226727243071355834e-07
1.261009570693977021e-07
1.296270290514498922e-07
1.332520549765109512e-07
1.369769988841271296e-07
1.408027005489254361e-07
1.447298378335598466e-07
1.487588883653490332e-07
1.528901480486036459e-07
1.571236626950156161e-07
1.614592506503255036e-07
1.658965103296623006e-07
1.704347560800540025e-07
1.750730134473589585e-07
1.798099605283544369e-07
1.846439735205607508e-07
1.895730381273222125e-07
1.945947335191972499e-07
1.997062207059939733e-07
2.049041656874278882e-07
2.101848294016286269e-07
2.155440051902623200e-07
2.209770166251217624e-07
2.264786730068402717e-07
2.320431715304828583e-07
2.376639808956446810e-07
2.433337057090865798e-07
2.490441825807056070e-07
2.547864720883798751e-07
2.605508937050180771e-07
2.663269885878905319e-07
2.721036365389940261e-07
2.778691025617129804e-07
2.836108434068349775e-07
2.893154512568207222e-07
2.949683746994303935e-07
3.005541533734521727e-07
3.060563081213808570e-07
3.114574123052020049e-07
3.167390431295279990e-07
3.218818003303561761e-07
3.268653379725620527e-07
3.316682246714548966e-07
3.362679942784555255e-07
3.406411973415486844e-07
3.447635124334528642e-07
3.486099898908687115e-07
3.521549593361342545e-07
3.553714057442174408e-07
3.582309141585389772e-07
3.607061934701242095e-07
3.627748591765088638e-07
3.644208514556147277e-07
3.656310484322667100e-07
3.663880350896986247e-07
3.666658903818292778e-07
3.664326468945856376e-07
3.656535418166263462e-07
3.642918452108284171e-07
3.623106938348954339e-07
3.596788800584784291e-07
3.563794885719526593e-07
3.524130508961735802e-07
3.477936952385896757e-07
3.425451596754473876e-07
3.366996850772678935e-07
3.302987287021757858e-07
3.233890044458024658e-07
3.160139785024160173e-07
3.082103759991542566e-07
3.000123714921028184e-07
2.914603331516205727e-07
2.826089407093311521e-07
2.735304102604481720e-07
2.643121725122420696e-07
2.550507098545981444e-07
2.458440238176489690e-07
2.367854443966976718e-07
2.279598555271692598e-07
2.194428548358979727e-07
2.113016356931655689e-07
2.035946107132596102e-07
1.963682389447384541e-07
1.896517413172271232e-07
1.834521247972638790e-07
1.777512674028047483e-07
1.725046311772973962e-07
1.676427184713609415e-07
1.630752000311068949e-07
1.586952345271948493e-07
1.543846431863862825e-07
1.500191856070013306e-07
1.454774002775823531e-07
1.406516120168691937e-07
1.354598276844123931e-07
1.298582186114476146e-07
1.238552723027978412e-07
1.175174959094091302e-07
1.109635665877973499e-07
1.043522956458243785e-07
9.787066521468687221e-08
9.171902981962902423e-08
8.607459561614702046e-08
8.106449876658469317e-08
7.674520161807179342e-08
7.308744088717834434e-08
6.998196772278284590e-08
6.725205062272892993e-08
6.468752660254636758e-08
6.208831214440821199e-08
5.931080840978694225e-08
5.630000711516740391e-08
5.309825046944700429e-08
4.982755636478167248e-08
4.665081728090738930e-08
4.372203577489223037e-08
4.113737838003218548e-08
3.890646861185771176e-08
3.695696626582949199e-08
3.517171415770896556e-08
3.343828953494412191e-08
3.169036167522665438e-08
2.992296783886380623e-08
2.817960014625749971e-08
2.652155452755662159e-08
2.499289174756023932e-08
2.360152772080394827e-08
2.232506728830083024e-08
2.112887958537852535e-08
1.998539736251718164e-08
1.888456769085044890e-08
1.783249087995786022e-08
1.684233278260951667e-08
1.592306787428619384e-08
1.507037162807652628e-08
1.427273912543325219e-08
1.351881972635172828e-08
1.280625330853112262e-08
1.213835224529197401e-08
1.151590299050279449e-08
1.093482802099731454e-08
1.038945608181463050e-08
9.877303328765168185e-09
9.397998380938976382e-09
8.949665516005929947e-09
8.529323784921564953e-09
8.134742340323382595e-09
7.764214579085371657e-09
7.415973691107771113e-09
7.088251328542329640e-09
6.779579844345051940e-09
6.488672819759470601e-09
6.214327227780294586e-09
5.955354837821354505e-09
5.710497066705086146e-09
5.478574815966470878e-09
5.258471729884662891e-09
5.049123130662560212e-09
4.849632737931586216e-09
4.659117713082300648e-09
4.476808899468867776e-09
4.302026969277993156e-09
4.134118598947203970e-09
3.972522936215740220e-09
3.816747665028118266e-09
3.666336664480829507e-09
3.520878632299006902e-09
3.380032076248724467e-09
3.243459550711476808e-09
3.110913901819560738e-09
2.982167908993050962e-09
2.857015352150619435e-09
2.735303109124973455e-09
2.616917847680875730e-09
2.501743387886544945e-09
2.389726008426528754e-09
2.280789915042823630e-09
2.174928406130678849e-09
2.072107793250206113e-09
1.972321354782915554e-09
1.875562153927248353e-09
1.781849470838672137e-09
1.691202160148480799e-09
1.603588390782010456e-09
1.519054337913160771e-09
1.437578745119112980e-09
1.359173652630197254e-09
1.283829978946724472e-09
1.211527050371389354e-09
1.142243503046791425e-09
1.075961108984003064e-09
1.012625584783973228e-09
9.521928498570010229e-10
8.946294201022782382e-10
8.398428024537046565e-10
7.877850306815551697e-10
7.383857236175452979e-10
6.915588925987852350e-10
6.472291060121781002e-10
6.052971573974892356e-10
5.656986406209613440e-10
5.283300936817511923e-10
4.930995309363970514e-10
4.599273087875261479e-10
4.287181330501843453e-10
3.993826872877321152e-10
3.718318358954672186e-10
3.459812481240315197e-10
3.217467931415554738e-10
2.990467834649835821e-10
2.778001362217021763e-10
2.579259583159363239e-10
2.393675483770900080e-10
2.220204793448258753e-10
2.058355195067493918e-10
1.907396545726969971e-10
1.766678713176631670e-10
1.635623291572871225e-10
1.513625853733348322e-10
1.400133300782915200e-10
1.294655805427643568e-10
1.196694153048781625e-10
1.105801663910802401e-10
1.021590877140333123e-10
9.436390024668913080e-11
8.715480541406031837e-11
8.049372697847166576e-11
7.434107490516007747e-11
6.865856015805815715e-11
6.341041350479625190e-11
5.856342751650377224e-11
5.408694120884503829e-11
4.995262804526862652e-11
4.613433374312726883e-11
4.260790139007625505e-11
3.935102147123895285e-11
3.634308994089538048e-11
3.356507790710138978e-11
3.099941098385837698e-11
2.862985789463025784e-11
2.644142803704156951e-11
2.442027703003749653e-11
2.255361829011886271e-11
2.083021255084131600e-11
1.923798131359960933e-11
1.776745671499806649e-11
1.640933594428986330e-11
1.515502767924837920e-11
1.399659669079806650e-11
1.292671451301294784e-11
1.193861254089513092e-11
1.102603944396065683e-11
1.018322195367321124e-11
9.404828196316587143e-12
8.685934026025370167e-12
8.021991281922999441e-12
7.408799390194195660e-12
6.842478934177095859e-12
6.319447075176782013e-12
5.836395009145136785e-12
5.390266907234117781e-12
4.978240261092702589e-12
4.597708366660663217e-12
4.246263734644000062e-12
3.921683015678859566e-12
3.621912864280414078e-12
3.345056759136457079e-12
3.089363225896847475e-12
2.853214646481772628e-12
2.635117162860428363e-12
2.433690930985532259e-12
2.247661564451985727e-12
2.076473715714015176e-12
1.917735006418401543e-12
1.771131136423824692e-12
1.635734428265516670e-12
1.510688128022880280e-12
1.395201051763675842e-12
1.288542563808480928e-12
1.190037740599105424e-12
1.099063307438091120e-12
1.015043588471510438e-12
9.374468938852174065e-13
8.657821821481255061e-13
7.995959738036315192e-13
7.384694103875615067e-13
6.820158167614360632e-13
6.298779569682552739e-13
5.817258872012361710e-13
5.372548908523251800e-13
4.961835492880842004e-13
4.582519602753957008e-13
4.232200926778216991e-13
3.908662689084137675e-13
3.609857974605669886e-13
3.333896346468317210e-13
3.079031414013954652e-13
2.843650282882653657e-13
2.626263381555060204e-13
2.425495030532632131e-13
2.240074732870754863e-13
2.068829130874464530e-13
1.910674577989918835e-13
1.764610278825992756e-13
1.629711953841991962e-13
1.505125988563672858e-13
1.390064030261639065e-13
1.283798082583842718e-13
1.185655823104674238e-13
1.095016213351240843e-13
1.011305743331244032e-13
9.339946916498666040e-14
8.625938196759134803e-14
7.966512948611261429e-14
7.357498417525556758e-14
6.795041288239107364e-14
6.275582750771633370e-14
