# bin_2_4
9.881124877299761907e-08
9.942876367461634388e-08
1.000702869103312435e-07
1.007367379309457447e-07
1.014290719793074195e-07
1.021482787633758691e-07
1.028953837949650070e-07
1.036714514788800928e-07
1.044775837377312205e-07
1.053149251762228022e-07
1.061846619177513793e-07
1.070880229914775679e-07
1.080262834496228611e-07
1.090007598423191266e-07
1.100128184558717380e-07
1.110638748791694970e-07
1.121553992897187975e-07
1.132889114757216794e-07
1.144659846883687164e-07
1.156882452803192396e-07
1.169573773856219243e-07
1.182751262747573172e-07
1.196432993603545576e-07
1.210637632654836492e-07
1.225384495530477655e-07
1.240693574381036734e-07
1.256585538605950236e-07
1.273081714492209084e-07
1.290204153166058509e-07
1.307975650594291961e-07
1.326419776001730829e-07
1.345560878285573606e-07
1.365424044422940980e-07
1.386035110853934822e-07
1.407420846159021050e-07
1.429608884005173018e-07
1.452627524789302646e-07
1.476505990703482611e-07
1.501274485780070664e-07
1.526964062913286409e-07
1.553606684900764524e-07
1.581235131049369537e-07
1.609883161387441756e-07
1.639585509586866083e-07
1.670377735659759146e-07
1.702296303693627895e-07
1.735378759088655567e-07
1.769663537224252236e-07
1.805189812477808149e-07
1.841997794752258902e-07
1.880128615870549805e-07
1.919624307628965889e-07
1.960527630219913072e-07
2.002882327891754562e-07
2.046732813281881128e-07
2.092124358031817312e-07
2.139102717843611033e-07
2.187714538540046863e-07
2.238006713850654968e-07
2.290027131100540053e-07
2.343823511836763054e-07
2.399444406941202887e-07
2.456938459300972827e-07
2.516354908081350176e-07
2.577742112548356197e-07
2.641148978110310061e-07
2.706624059688841477e-07
2.774215312028296628e-07
2.843970262620331268e-07
2.915935520501989310e-07
2.990157157073016350e-07
3.066679286577408635e-07
3.145545414175775841e-07
3.226796908252099527e-07
3.310473817651116979e-07
3.396613560939406730e-07
3.485251386384679751e-07
3.576419596045462385e-07
3.670147492405796154e-07
3.766461064030395421e-07
3.865381932831396905e-07
3.966928392535802394e-07
4.071113606393552989e-07
4.177945890240881426e-07
4.287428351947362893e-07
4.399557242353223530e-07
4.514322852918694386e-07
4.604929552575697376e-07
4.724192713932617739e-07
4.874232207055363453e-07
4.999296156714437951e-07
5.126829985036374575e-07
5.256772851124710242e-07
5.389053607165863821e-07
5.523589402611687628e-07
5.660285634506503489e-07
5.799034234565775201e-07
5.939713182003374608e-07
6.082184370067901578e-07
6.226293583941142242e-07
6.371870531761235148e-07
6.518728022040263875e-07
6.666660945073898273e-07
6.815446745182299123e-07
6.964840706025866972e-07
7.114577904704775384e-07
7.264370424835399302e-07
7.413908434070465905e-07
7.562862397487602046e-07
7.710881712159345202e-07
7.857593755740759173e-07
8.002601760503220657e-07
8.145481872590146144e-07
8.285784373160172129e-07
8.423032189367099055e-07
8.556723422979581963e-07
8.686328080552427858e-07
8.811292397911459202e-07
8.931038636474468988e-07
9.044964612314765878e-07
9.152446090822630708e-07
9.252835247950902493e-07
9.345469846375346791e-07
9.429697331752588627e-07
9.504892169841929904e-07
9.570462298495431187e-07
9.625823741776572362e-07
9.670358602817696123e-07
9.703392895044169681e-07
9.724206445700666484e-07
9.732081276539960436e-07
9.726364695954752352e-07
9.706458185057907392e-07
9.671799945630616449e-07
9.621809003427781794e-07
9.555885332437445514e-07
9.473540370760249683e-07
9.374553857104666386e-07
9.259080502885414338e-07
9.127577338408456469e-07
8.980625084718890180e-07
8.818865853785928282e-07
8.643076418498933849e-07
8.454267860013472673e-07
8.253720367931433998e-07
8.042872172299057858e-07
7.823211886818866174e-07
7.596259260878522704e-07
7.363618627390427998e-07
7.132306383103973143e-07
6.893554346242646921e-07
6.650082102132360071e-07
6.413998662573237949e-07
6.182447731345667069e-07
5.957497837284304721e-07
5.740966200783712538e-07
5.534315018926885445e-07
5.338582903795812798e-07
5.154375293638780997e-07
4.981863954335304563e-07
4.820785511179254333e-07
4.670414747020561961e-07
4.529517034631961817e-07
4.399434414212175691e-07
4.268640351408618682e-07
4.143929482307271628e-07
4.019630837867623121e-07
3.893344327422232504e-07
3.763023912608233010e-07
3.627126733531984504e-07
3.484775271230586242e-07
3.335900354327247070e-07
3.181328151105375328e-07
3.022803734138000072e-07
2.862872604235748839e-07
2.704568793542921325e-07
2.551072515145601209e-07
2.405349964810291785e-07
2.269767755625702322e-07
2.145803627327121622e-07
2.033837929929238406e-07
1.933181013829323790e-07
1.842261685323834730e-07
1.758897228557961047e-07
1.680660146620219087e-07
1.605241174252763860e-07
1.531949567971266020e-07
1.456414132423785999e-07
1.381708687483760002e-07
1.307180722198563642e-07
1.233812533676029051e-07
1.162888338790164411e-07
1.095723994859150630e-07
1.033401611619659205e-07
9.764332542128265976e-08
9.246438406982482019e-08
8.771824273933676724e-08
8.327105768569184520e-08
7.899428495130131044e-08
7.480167474541507198e-08
7.068377028373356348e-08
6.670124226633419806e-08
6.294324542247488637e-08
5.947154075769827858e-08
5.628832930923192617e-08
5.333728628931974175e-08
5.054900828063630988e-08
4.788041411403715300e-08
4.532955248965344710e-08
4.292197994522364890e-08
4.067902008335854680e-08
3.861904609721628550e-08
3.664886864236645782e-08
3.481460466758849185e-08
3.308414805596929797e-08
3.145962954525395727e-08
2.994104826179132023e-08
2.852055799768351624e-08
2.718781207058745224e-08
2.593504657070218775e-08
2.475859845834873931e-08
2.365408653515350582e-08
2.261586318406048260e-08
2.163850425761190893e-08
2.071776292941956802e-08
1.984933520034292814e-08
1.902911192150499405e-08
1.825323073205095958e-08
1.751831556552475298e-08
1.682131378021269127e-08
1.615934900732493385e-08
1.552945241391488677e-08
1.493973184320229407e-08
1.436551903247340513e-08
1.381574396732161669e-08
1.328827943495515483e-08
1.278105357292889581e-08
1.229251713660966516e-08
1.182093910170436682e-08
1.136519660189048588e-08
1.092389025817082028e-08
1.049610857090858563e-08
1.008087401180332532e-08
9.677268764434710353e-09
9.284856566887997179e-09
8.902977368299364916e-09
8.531121497207141570e-09
8.169028846268227928e-09
7.816423047402398437e-09
7.473010891137837038e-09
7.138698219669670075e-09
6.813353144758199080e-09
6.497029614676778650e-09
6.189698111349917292e-09
5.891318882444647778e-09
5.601992747968267043e-09
5.317989650492369383e-09
5.047087716893481817e-09
4.785345604676112042e-09
4.532767420956502792e-09
4.289456241650625257e-09
4.055285100337589420e-09
3.830366560273849989e-09
3.614560327168915622e-09
3.407845723235458168e-09
3.210092360832031400e-09
3.021188395655900844e-09
2.841005163500507835e-09
2.669342729331360720e-09
2.506054280897870315e-09
2.350897702866875147e-09
2.203656442569176330e-09
2.064110307425560563e-09
1.932009543308609384e-09
1.807085965180960367e-09
1.689074964383447210e-09
1.577721815519230914e-09
1.472755108109646960e-09
1.373900321056579469e-09
1.280890671332725481e-09
1.193472418089888014e-09
1.111362313464761107e-09
1.034321787218243830e-09
9.620851484889542666e-10
8.944159944876753935e-10
8.310659835739711341e-10
7.718183245615702994e-10
7.164276212319961068e-10
6.646982648977230620e-10
6.164045133510303519e-10
5.713533780393803838e-10
5.293584493687673513e-10
4.902362716911133610e-10
4.538102547564919408e-10
4.199241650225861952e-10
3.884154872135117826e-10
3.591513967783160034e-10
3.319904446115559589e-10
3.067973121888492264e-10
2.834544390089169790e-10
2.618386048916667788e-10
2.418391230248448928e-10
2.233483008329788746e-10
2.062641977097383168e-10
1.904839517629947418e-10
1.759103993535827674e-10
1.624518459835077356e-10
1.500229855742487114e-10
1.385450048836721246e-10
1.279451677519428393e-10
1.181562967224869633e-10
1.091163435611795507e-10
1.007680028621039210e-10
9.305836974744268439e-11
8.593858368065065174e-11
7.936351654650273238e-11
7.329149344654439556e-11
6.768402968883458902e-11
6.250558294652795825e-11
5.772333075282264459e-11
5.330696244307516449e-11
4.922848439593527808e-11
4.546204491795416686e-11
4.198376994594657600e-11
3.877161297473562888e-11
3.580521499854002695e-11
3.306577412396634526e-11
3.053592595604481701e-11
2.819963421184827243e-11
2.603985115366814961e-11
2.404755137066489791e-11
2.220768194980436013e-11
2.050858100740964201e-11
1.893947829280952959e-11
1.749042739562402103e-11
1.615224281048774488e-11
1.491644187862269936e-11
1.377519102057684249e-11
1.272125644352096955e-11
1.174795778800954234e-11
1.084912577048576058e-11
1.001906294884646272e-11
9.252507638316681691e-12
8.544600815682236343e-12
7.890855643689881047e-12
7.287128236279735792e-12
6.729591619392361615e-12
6.214711762657027889e-12
5.744435010998574348e-12
5.304960382582040347e-12
4.899107524265537022e-12
4.524304235844867777e-12
4.178175016678285389e-12
3.858526094713991040e-12
3.563331550721326950e-12
3.290720473676098045e-12
3.038965099229758255e-12
2.806469856003567198e-12
2.591761250211227688e-12
2.393478524439447378e-12
2.210365112970179484e-12
2.041260576815322229e-12
1.885093386140339978e-12
1.740873960126215702e-12
1.607688182992936546e-12
1.484691846019499118e-12
1.371104963815387539e-12
1.266208282338283860e-12
1.169335772549742925e-12
1.079874508359949424e-12
9.972576771656155957e-13
9.209615985396128914e-13
8.505026654494649280e-13
7.854342758675468251e-13
7.253440007595254819e-13
6.698509893506345468e-13
6.186035482060943942e-13
5.712768620276761055e-13
5.275709600558183048e-13
4.872088165764825981e-13
4.499346051361191281e-13
4.155120824132617664e-13
3.837230703375695301e-13
3.543660831040544523e-13
3.272550515767429980e-13
3.022181435249165898e-13
2.790966741581337421e-13
2.577440999731631432e-13
2.380056224069300541e-13
2.197966900134210712e-13
2.026521262572887975e-13
1.871478969033412736e-13
1.708141932977032085e-13
1.577457539656192747e-13
1.385987495399719594e-13
1.279950051321766050e-13
1.056892622038597914e-13
9.760345741235296645e-14
7.549749231672514533e-14
6.972088405011577509e-14
