# bin_2_3
8.202812793844319030e-08
8.254066907266857263e-08
8.307313575727336098e-08
8.362629099895719059e-08
8.420092740436237261e-08
8.479786623235466978e-08
8.541795839692768339e-08
8.606208710730085452e-08
8.673116673116963066e-08
8.742614695980897025e-08
8.814801199822945640e-08
8.889778151221898745e-08
8.967651338034756837e-08
9.048529990303051241e-08
9.132527468552096313e-08
9.219761212966614434e-08
9.310353191577142172e-08
9.404429479381575910e-08
9.502120589828172628e-08
9.603561440497516380e-08
9.708891745873968367e-08
9.818256272964270316e-08
9.931804940576997741e-08
1.004969257690833067e-07
1.017207939956236143e-07
1.029913122963333309e-07
1.043101949472887343e-07
1.056792105549006113e-07
1.071001878437641573e-07
1.085750172236572894e-07
1.101056531606433771e-07
1.116941146572811268e-07
1.133424816932611115e-07
1.150528962911310849e-07
1.168275776591680737e-07
1.186688165332477089e-07
1.205789589003669496e-07
1.225604268501724654e-07
1.246157236780547547e-07
1.267474231666755063e-07
1.289581738660774256e-07
1.312506919509941243e-07
1.336277748469331674e-07
1.360923000894484014e-07
1.386472131962083687e-07
1.412955344888743569e-07
1.440403737288945501e-07
1.468849137833229242e-07
1.498323983416029902e-07
1.528861559752780134e-07
1.560495916626200803e-07
1.593261842418677294e-07
1.627194722284647517e-07
1.662330747039682693e-07
1.698706650073623859e-07
1.736359871816900359e-07
1.775328245810597338e-07
1.815650331152748964e-07
1.857364892609897935e-07
1.900511493613385876e-07
1.945129564229216070e-07
1.991259193675997291e-07
2.038940533580399463e-07
2.088214208865208581e-07
2.139120100512417874e-07
2.191698527049259805e-07
2.245989506015123103e-07
2.302032528469523478e-07
2.359866706552996296e-07
2.419530376392195791e-07
2.481061407002190459e-07
2.544496021824738636e-07
2.609869920611519179e-07
2.677216995859273519e-07
2.746570037550008918e-07
2.817959602041986842e-07
2.891414442615382613e-07
2.966960821621560188e-07
3.044622486423141000e-07
3.124420407674278370e-07
3.206371903646804687e-07
3.290491495985848250e-07
3.376789404440840315e-07
3.465271797193809569e-07
3.555940474391947221e-07
3.648791534031228521e-07
3.743816076015719055e-07
3.840999128582050505e-07
3.940319814218549934e-07
4.041749220724926921e-07
4.145252285331767415e-07
4.250785597950933163e-07
4.358297604478628825e-07
4.467728134552309850e-07
4.579007343900019274e-07
4.692055579049069306e-07
4.806781934224196685e-07
4.923083857027249603e-07
5.040845296470107382e-07
5.159936822207764569e-07
5.280215611546337366e-07
5.401524775841170057e-07
5.523692570628533060e-07
5.646532734535538285e-07
5.769840661389658679e-07
5.893395095845005653e-07
6.016955837220857006e-07
6.140264627958427530e-07
6.263046826443270377e-07
6.385010126196816527e-07
6.505843788277223353e-07
6.625216973420144813e-07
6.742776535509133884e-07
6.858147950404094550e-07
6.970934117368001747e-07
7.080717474516166308e-07
7.187057262588407905e-07
7.289493162627036484e-07
7.387545188147039217e-07
7.480713278026811876e-07
7.568479352858424162e-07
7.650306262881573361e-07
7.725645813595213065e-07
7.793960097008735271e-07
7.854736134959307319e-07
7.907490278518661976e-07
7.951744717220354070e-07
7.986989958972991967e-07
8.012666232733659141e-07
8.028174084932017742e-07
8.032916720675559255e-07
8.026352525572621567e-07
8.007983740290066981e-07
7.977342088392697862e-07
7.933950234819433727e-07
7.877331186360624062e-07
7.807119274273492544e-07
7.723181012509141513e-07
7.625686162089258520e-07
7.515039757771157170e-07
7.391740259922775613e-07
7.256336353362843858e-07
7.109489793496684874e-07
6.952052090328384889e-07
6.785087874951696899e-07
6.609788960694428304e-07
6.427395722476924245e-07
6.239186379773476130e-07
6.046518307978725039e-07
5.850878022805334220e-07
5.653897028204394347e-07
5.457328738384909870e-07
5.262989011655138161e-07
5.072672925227760684e-07
4.888058299460206633e-07
4.710606815154491610e-07
4.541479990637452852e-07
4.381483675223168267e-07
4.231060526546875479e-07
4.090288882157204916e-07
3.958881471892522885e-07
3.836165081938267365e-07
3.721045958748991094e-07
3.612005787033240246e-07
3.507160969177909359e-07
3.404416507674158204e-07
3.301653008530631817e-07
3.196917376648066469e-07
3.088576023236787755e-07
2.975440480917504197e-07
2.856901609907783665e-07
2.733040269148778363e-07
2.604684793959502005e-07
2.473410822937616644e-07
2.341423372365761811e-07
2.211282609624433668e-07
2.085615535596681309e-07
1.966793838622558202e-07
1.856644875390049497e-07
1.756209433726460966e-07
1.665604644975300996e-07
1.584077878295266751e-07
1.510192093886713656e-07
1.442076187918724484e-07
1.377742976353379654e-07
1.315399173144829668e-07
1.253727250463346101e-07
1.192044274143664270e-07
1.130311564865086049e-07
1.069000341903255126e-07
1.008936346446656316e-07
9.511165276097776795e-08
8.965016790215697369e-08
8.458475032207531066e-08
7.994703940687967816e-08
7.571731686130450989e-08
7.182625529119815745e-08
6.817005644153699266e-08
6.465173950651195969e-08
6.120792380923746348e-08
5.783494954824121652e-08
5.458186010812845446e-08
5.151739848845394201e-08
4.868599614015279987e-08
4.608597179778365308e-08
4.367064464531311637e-08
4.138642653018442550e-08
3.920159682748793944e-08
3.714187821993868595e-08
3.515072548497974846e-08
3.331964135336921970e-08
3.161806013602409280e-08
3.002613509993041299e-08
2.852653041761812695e-08
2.711257232315000632e-08
2.578558602191082375e-08
2.454507980936271645e-08
2.338436791115203839e-08
2.229504166368476323e-08
2.127116568978581554e-08
2.030963104064735359e-08
1.940670570591368310e-08
1.857244640205932155e-08
1.775844621598880490e-08
1.700527647746828125e-08
1.629472412273523224e-08
1.562344881217237412e-08
1.498830909361699384e-08
1.438654988291523842e-08
1.381566019627553854e-08
1.327328154313138375e-08
1.275697658610862707e-08
1.226453666199024239e-08
1.179382218540766131e-08
1.134295009477874998e-08
1.091018177871445723e-08
1.049388069671257205e-08
1.009276335395519184e-08
9.705473527119113349e-09
9.331044240424123144e-09
8.968367331352667379e-09
8.616686875951968445e-09
8.275228992803197657e-09
7.943321265252543180e-09
7.620562118129598980e-09
7.306402668813467336e-09
7.000501869264891028e-09
6.702580479979492845e-09
6.412450282838059706e-09
6.129902517555734389e-09
5.854863189267136721e-09
5.587233182695078564e-09
5.327042962357897975e-09
5.074276580343176187e-09
4.828918450042425505e-09
4.591034163753800564e-09
4.360656220085032749e-09
4.137842959206219085e-09
3.922611659272484636e-09
3.714965407730607313e-09
3.514984727210006206e-09
3.322565330058505363e-09
3.137793293428495465e-09
2.960552633965549360e-09
2.790826597634515449e-09
2.628491060118665733e-09
2.473458524694271360e-09
2.325617306266622348e-09
2.184800492658212783e-09
2.050881751607307877e-09
1.923655666972294687e-09
1.804303032887833845e-09
1.689828617914080451e-09
1.581500858478609789e-09
1.479060130352323952e-09
1.382320156248034399e-09
1.291042332808194798e-09
1.205015703312960837e-09
1.124007676959774311e-09
1.047815673161914592e-09
9.755113785886435737e-10
9.083128222616958309e-10
8.452722854521770023e-10
7.861702636690316808e-10
7.308131171534193505e-10
6.789952631730131423e-10
6.305388863992409113e-10
5.852422673493903212e-10
5.429444947852224035e-10
5.034587591127019626e-10
4.666292590746805935e-10
4.323015958074314355e-10
4.003256384599188614e-10
3.705562704794273591e-10
3.428656146984048140e-10
3.171211343727185186e-10
2.932135707901968963e-10
2.710273426230328224e-10
2.504513434685301998e-10
2.313893400551765355e-10
2.137398515184009154e-10
1.974119713476774018e-10
1.823170577885509138e-10
1.683711028654731155e-10
1.554897873651267093e-10
1.435935526352626910e-10
1.326074793106839394e-10
1.224619341785091189e-10
1.130925842725902100e-10
1.044400546488877467e-10
9.644950847524818184e-11
8.907029663854725541e-11
8.225564149399540862e-11
7.596235712683196415e-11
7.015055848623250349e-11
6.478340824367644607e-11
5.982688755120067522e-11
5.524958169298408417e-11
5.102247778600314523e-11
4.711878314262233562e-11
4.351375549145447463e-11
4.018454393169974512e-11
3.711004600696455288e-11
3.427077354590401226e-11
3.164873019845682904e-11
2.922729710734153734e-11
2.698857703939986423e-11
2.492369140609473905e-11
2.301678802553030818e-11
2.125578022903412335e-11
1.962950604609957055e-11
1.812765783337632561e-11
1.674071621668553997e-11
1.545988962342999268e-11
1.429108451445560714e-11
1.319774752805347560e-11
1.218805644225764080e-11
1.125561249054998068e-11
1.039450618470106287e-11
9.599279550015358186e-12
8.864892120939669074e-12
8.186689117673433947e-12
7.560371929965608763e-12
6.981970860190190711e-12
6.447819952740887452e-12
5.954533885603436309e-12
5.498986599294084786e-12
5.078290880923712455e-12
4.689780367484819828e-12
4.330992629585946475e-12
3.999653659774361446e-12
3.693663532787874620e-12
3.411082899496680893e-12
3.150120770752159320e-12
2.909123191608118852e-12
2.686562755065653049e-12
2.481028918399356566e-12
2.291219060624264028e-12
2.115930224367267800e-12
1.954051489754979763e-12
1.804557002327832072e-12
1.666499383515375132e-12
1.539003833953854297e-12
1.421262455517625018e-12
1.312528965153752389e-12
1.212114152122607798e-12
1.119381240790764119e-12
1.033743028669615662e-12
9.546557991596934410e-13
8.816191298422743441e-13
8.141702691779314763e-13
7.518816855662840572e-13
6.943585630191040597e-13
6.412362962072367259e-13
5.921781784381839544e-13
5.468732840536559314e-13
5.050344917227673116e-13
4.663966208906113296e-13
4.307147750072102839e-13
3.977627899206866660e-13
3.673318086429409122e-13
3.392289623652923613e-13
3.132761299306515095e-13
2.893088176285297713e-13
2.671751179348637288e-13
2.467347463540091603e-13
2.278581519804013427e-13
2.104256960681052629e-13
1.943089595017478968e-13
1.794431520768102920e-13
1.654156261686961333e-13
1.527602824894498817e-13
1.392651033835474797e-13
1.286104200429298553e-13
1.125201074651211203e-13
1.039115862905661740e-13
8.510238274866854173e-14
7.859162162073247095e-14
6.012075977845161039e-14
5.552067923183105235e-14
