# k_h
1.042460462485905737e-05
1.151164633483858779e-05
1.271204109798418358e-05
1.403760870744008571e-05
1.550140223116613925e-05
1.711783625069074333e-05
1.890282510430552065e-05
2.087394750560633838e-05
2.305061025253962725e-05
2.545424831623677164e-05
2.810853038681671023e-05
3.103959170402958989e-05
3.427629417274147272e-05
3.785050648730248213e-05
4.179742973065003753e-05
4.615592115442268550e-05
5.096890163258649409e-05
5.628376311506144702e-05
6.215284520294517279e-05
6.863392627565190196e-05
7.579083467135205865e-05
8.369404531549662352e-05
9.242137457476928830e-05
1.020587587845511734e-04
1.127010909840464592e-04
1.244531740667298436e-04
1.374307321384549141e-04
1.517615310149267316e-04
1.675866951700299978e-04
1.850620610639452934e-04
2.043597050942480564e-04
2.256696316180750728e-04
2.492016938049346209e-04
2.751875726971775293e-04
3.038831928279250860e-04
3.355710941832512617e-04
3.705632989294826984e-04
4.092043673153966665e-04
4.518748028203845024e-04
4.989947192370891571e-04
5.510281771421432495e-04
6.084875203669071198e-04
6.719385273754596710e-04
7.420059409923851490e-04
8.193798130378127098e-04
9.048219071701169014e-04
9.991736151278018951e-04
1.103364047594368458e-03
1.218419056385755539e-03
1.345471595413982868e-03
1.485772780142724514e-03
1.640703994780778885e-03
1.811790978536009789e-03
2.000718377530574799e-03
2.209346508607268333e-03
2.439729403704404831e-03
2.694135997444391251e-03
2.975071314722299576e-03
3.285301616415381432e-03
3.627881640568375587e-03
4.006184637546539307e-03
4.423935897648334503e-03
4.885248374193906784e-03
5.394665524363517761e-03
5.957202520221471786e-03
6.578399334102869034e-03
7.264372427016496658e-03
8.021876215934753418e-03
8.858369663357734680e-03
9.782089851796627045e-03
1.080213300883769989e-02
1.192854251712560654e-02
1.317240949720144272e-02
1.454598363488912582e-02
1.606278866529464722e-02
1.773776113986968994e-02
1.958739385008811951e-02
2.162989974021911621e-02
2.388539165258407593e-02
2.637607790529727936e-02
2.912648580968379974e-02
3.216369450092315674e-02
3.551761433482170105e-02
3.922126814723014832e-02
4.331113025546073914e-02
4.764224216341972351e-02
5.197335407137870789e-02
5.630446970462799072e-02
6.063558161258697510e-02
6.496669352054595947e-02
6.929780542850494385e-02
7.362892478704452515e-02
7.796003669500350952e-02
8.229114860296249390e-02
8.662226051092147827e-02
9.095337241888046265e-02
9.737541526556015015e-02
1.037974581122398376e-01
1.102195009589195251e-01
1.166415438055992126e-01
1.230635866522789001e-01
1.294856220483779907e-01
1.359076648950576782e-01
1.423297077417373657e-01
1.487517505884170532e-01
1.551737934350967407e-01
1.615958362817764282e-01
1.680178791284561157e-01
1.744399219751358032e-01
1.808619648218154907e-01
1.872840076684951782e-01
1.937060505151748657e-01
2.001280933618545532e-01
2.065501362085342407e-01
2.129721790552139282e-01
2.193942219018936157e-01
2.258162647485733032e-01
2.322383075952529907e-01
2.386603504419326782e-01
2.450823932886123657e-01
2.515044212341308594e-01
2.579264640808105469e-01
2.643485069274902344e-01
2.707705497741699219e-01
2.771925926208496094e-01
2.836146354675292969e-01
2.900366783142089844e-01
2.964587211608886719e-01
3.028807640075683594e-01
3.093028068542480469e-01
3.157248497009277344e-01
3.221468925476074219e-01
3.285689353942871094e-01
3.349909782409667969e-01
3.414130210876464844e-01
3.478350639343261719e-01
3.542571067810058594e-01
3.606791496276855469e-01
3.671011924743652344e-01
3.735232353210449219e-01
3.799452781677246094e-01
3.863673210144042969e-01
3.927893638610839844e-01
3.992114067077636719e-01
4.056334495544433594e-01
4.120554924011230469e-01
4.184775352478027344e-01
4.248995780944824219e-01
4.313216209411621094e-01
4.377436637878417969e-01
4.441657066345214844e-01
4.505877494812011719e-01
4.570097923278808594e-01
4.634318351745605469e-01
4.698538780212402344e-01
4.762759208679199219e-01
4.826979637145996094e-01
4.891200065612792969e-01
4.955420494079589844e-01
5.019640922546386719e-01
5.083861351013183594e-01
5.148081779479980469e-01
5.212302207946777344e-01
6.232179999351501465e-01
8.697707653045654297e-01
1.213862895965576172e+00
1.694082140922546387e+00
2.364282131195068359e+00
3.299621343612670898e+00
4.604992389678955078e+00
6.426784992218017578e+00
8.969301223754882812e+00
1.251766777038574219e+01
1.746981239318847656e+01
2.438108825683593750e+01
3.402655029296875000e+01
4.748787307739257812e+01
6.627466583251953125e+01
9.249375152587890625e+01
