# bin_1_2
-1.518731468924112823e-10
-1.520814974472393783e-10
-1.522916170179808591e-10
-1.525050801945018294e-10
-1.525714008044320632e-10
-1.529620218214800242e-10
-1.532026860317201901e-10
-1.534504115779325943e-10
-1.537074380577432419e-10
-1.539732170856998680e-10
-1.542518136493802759e-10
-1.545414293768047391e-10
-1.548254417333948182e-10
-1.551289917260989130e-10
-1.553904486808004754e-10
-1.557657719111648712e-10
-1.560999093363790724e-10
-1.564488999118217178e-10
-1.568010346634079049e-10
-1.571688636260851552e-10
-1.575617876311346981e-10
-1.580483799793501419e-10
-1.595659215168970889e-10
-1.587663436805213093e-10
-1.591954233947563128e-10
-1.596400768923836116e-10
-1.600984821939201751e-10
-1.605719300623676964e-10
-1.610650748787876669e-10
-1.615624806049302287e-10
-1.620807667416575176e-10
-1.626148617608213430e-10
-1.631645963443686263e-10
-1.637336315773079048e-10
-1.643158474200213976e-10
-1.649281698352685671e-10
-1.655362771563773257e-10
-1.661723262943176263e-10
-1.668276776854578750e-10
-1.675023130243293729e-10
-1.681207024771657424e-10
-1.689102884459011697e-10
-1.696419830922869991e-10
-1.703946888649196529e-10
-1.711687345391211371e-10
-1.719635651999999707e-10
-1.727794140246505068e-10
-1.736171574630437104e-10
-1.744775984107495589e-10
-1.753588505543269427e-10
-1.762627078920829735e-10
-1.771897709309264780e-10
-1.781398558093926026e-10
-1.791131549301929692e-10
-1.801113566666675263e-10
-1.811309069008010234e-10
-1.821741385523447879e-10
-1.832482566464428009e-10
-1.842660257561523195e-10
-1.854503695407810770e-10
-1.865893983487772934e-10
-1.877699489725888415e-10
-1.889428332100690786e-10
-1.901530344592562247e-10
-1.913885428012906310e-10
-1.926542594950161673e-10
-1.939303326598382075e-10
-1.952351201860466876e-10
-1.965636217442719450e-10
-1.979144666742538886e-10
-1.992842583547716624e-10
-2.006769959357897137e-10
-2.020897113512500638e-10
-2.035209496188868510e-10
-2.049715225539072321e-10
-2.064394472326045170e-10
-2.079235339745726253e-10
-2.094239514320542169e-10
-2.109363202776206764e-10
-2.124623924783230765e-10
-2.139996014131551641e-10
-2.155462231042721832e-10
-2.171306968964437720e-10
-2.186621864720343447e-10
-2.202268131804133007e-10
-2.217950328096815039e-10
-2.233611500503889184e-10
-2.249264766827496047e-10
-2.264865971641232364e-10
-2.280399223821924062e-10
-2.295917523988454586e-10
-2.311150411674953879e-10
-2.326333849742343431e-10
-2.341295671638593731e-10
-2.355892397638321657e-10
-2.370572844169872940e-10
-2.384852355366275716e-10
-2.398762496569651981e-10
-2.412342862219255880e-10
-2.425543125662536355e-10
-2.438299699142662403e-10
-2.450586412584208544e-10
-2.462378592361330322e-10
-2.473623951090400653e-10
-2.484296042424072877e-10
-2.494315577078218354e-10
-2.503680674536222671e-10
-2.512335431948689709e-10
-2.520142164077923338e-10
-2.527240845969123350e-10
-2.533574712251156384e-10
-2.538946967816958230e-10
-2.543392121253721027e-10
-2.546884498503685574e-10
-2.549346710458453808e-10
-2.550780785351101709e-10
-2.551143512286377324e-10
-2.550393612641749840e-10
-2.548491895659808288e-10
-2.545422596949318286e-10
-2.541151704817330194e-10
-2.535638506769233454e-10
-2.528849077360017657e-10
-2.520795580746009253e-10
-2.511440867542587654e-10
-2.500774303717121231e-10
-2.488770709091434574e-10
-2.475437198142873875e-10
-2.460728000026246673e-10
-2.444663062832850714e-10
-2.427239858891233440e-10
-2.408455198194393447e-10
-2.388564073627511040e-10
-2.366820975742377955e-10
-2.343997969846061611e-10
-2.319857711039036172e-10
-2.306605638979229372e-10
-2.267711402809661589e-10
-2.240033044666100725e-10
-2.210873576024437587e-10
-2.191640838651343286e-10
-2.148770507729192982e-10
-2.116516729248035085e-10
-2.082956442257816235e-10
-2.048129906404093522e-10
-2.012729620162281049e-10
-1.976847699219411983e-10
-1.939609896454452229e-10
-1.902363819846847760e-10
-1.864233669826849120e-10
-1.825273300607169556e-10
-1.786537596214135449e-10
-1.747110655822202226e-10
-1.707049572173881068e-10
-1.667074980794744295e-10
-1.626915309400160876e-10
-1.586630341482768599e-10
-1.546270688041057896e-10
-1.505897617984026934e-10
-1.465903238931591428e-10
-1.425677070130791275e-10
-1.385620608475249495e-10
-1.345784926288133676e-10
-1.306221823002763236e-10
-1.266980852548292330e-10
-1.228109964192271740e-10
-1.189651304971529937e-10
-1.151646240043548732e-10
-1.114120623977389999e-10
-1.080593221970944272e-10
-1.040637327393463581e-10
-1.004738381146171398e-10
-9.694386785095767982e-11
-9.347713503707855555e-11
-9.005037476676801734e-11
-8.672225566594079185e-11
-8.346995010179750612e-11
-8.029793055669091458e-11
-7.721082169900281130e-11
-7.421308657449194674e-11
-7.130886974984961380e-11
-6.850205519084199252e-11
-6.579524535174703627e-11
-6.318947915490860141e-11
-6.068407835166119951e-11
-5.844341882296401035e-11
-5.595950798106805254e-11
-5.372730487639908621e-11
-5.157075640249352930e-11
-4.947990608091269823e-11
-4.744520961314188581e-11
-4.545845986275977639e-11
-4.351336033464680697e-11
-4.160684531213586109e-11
-3.973938199106290983e-11
-3.791443336064526190e-11
-3.613843871849487730e-11
-3.441981595536748566e-11
-3.276727763065894446e-11
-3.118858646136398261e-11
-2.968892881619822407e-11
-2.835307524994656998e-11
-2.693231955728667989e-11
-2.567121884063049076e-11
-2.448101423306242495e-11
-2.335474211119479372e-11
-2.228503818307149986e-11
-2.133161457227754306e-11
-2.028845536503478666e-11
-1.935195196088802378e-11
-1.845270201028150026e-11
-1.758951444406321164e-11
-1.676214424725716353e-11
-1.597108516747668045e-11
-1.521684235623024820e-11
-1.450007638923090540e-11
-1.382031662828333178e-11
-1.317655304250882031e-11
-1.260979035204509333e-11
-1.198996673774273327e-11
-1.144262954781360556e-11
-1.092286780236109560e-11
-1.042857550922364363e-11
-9.957888505334203057e-12
-9.509741796946405473e-12
-9.083040342577103971e-12
-8.677157731513918940e-12
-8.320412446204458218e-12
-7.953128077698348137e-12
-7.602838834185761208e-12
-7.269463392714580854e-12
-6.952787244340208843e-12
-6.652621733955253370e-12
-6.365566182069752874e-12
-6.090359891222821512e-12
-5.830782750685633665e-12
-5.581414201693155254e-12
-5.343863737325755644e-12
-5.116620807431933581e-12
-4.899988295720556295e-12
-4.692619387433733363e-12
-4.494497405178784346e-12
-4.304794071750464389e-12
-4.123177070104565536e-12
-3.949293173142081099e-12
-3.782559369669779432e-12
-3.622898676603035520e-12
-3.469549414041170725e-12
-3.322596036956394242e-12
-3.181345991780140739e-12
-3.045849407056325657e-12
-2.915568440837520465e-12
-2.790429403928723312e-12
-2.670134489390253727e-12
-2.554423666288527624e-12
-2.443228949527022408e-12
-2.336180186422135148e-12
-2.233299251702488109e-12
-2.134222510045090717e-12
-2.038984538520986098e-12
-1.947275033535419170e-12
-1.859088803467835591e-12
-1.774212111035091183e-12
-1.692560354383375277e-12
-1.614044593546309281e-12
-1.538489296707691350e-12
-1.465898256118673008e-12
-1.396057871172306530e-12
-1.328999958561522160e-12
-1.264518193402174102e-12
-1.202640947767816116e-12
-1.143191342848773058e-12
-1.086169428539464317e-12
-1.031449050748301256e-12
-9.789814036196469754e-13
-9.287116811784793198e-13
-8.805280363337577951e-13
-8.344343939665479697e-13
-7.902834787776664348e-13
-7.481047412351609368e-13
-7.077366286242094003e-13
-6.692221820729476702e-13
-6.324058829793868435e-13
-5.973106363003054556e-13
-5.638190860902754146e-13
-5.319079934064207133e-13
-5.015254041027627812e-13
-4.725839249623972455e-13
-4.450891785407241484e-13
-4.189140802296203719e-13
-3.940946008510703195e-13
-3.704873643578682664e-13
-3.481361272206584465e-13
-3.269065097141138820e-13
-3.068231257915734617e-13
-2.877924203484286002e-13
-2.697900886992139834e-13
-2.527817678816300141e-13
-2.366917749732811564e-13
-2.215295343574878937e-13
-2.071926958093488466e-13
-1.937106367688485781e-13
-1.809750841858621460e-13
-1.690152376905627161e-13
-1.577377658926871774e-13
-1.471517225206958467e-13
-1.371991970051680845e-13
-1.278529865001195987e-13
-1.190923617992240366e-13
-1.108654797140217832e-13
-1.031754439700811266e-13
-9.595506522897329035e-14
-8.921865779243970155e-14
-8.289975612554370287e-14
-7.701028106764107211e-14
-7.149696400438537456e-14
-6.635733121736546175e-14
-6.156133225052695592e-14
-5.708653048333806122e-14
-5.292339406250753121e-14
-4.903755297978504537e-14
-4.543024431891038945e-14
-4.206395443502658608e-14
-3.894365204398066912e-14
-3.603435522385369334e-14
-3.333874757054958645e-14
-3.082944925461059163e-14
-2.850377910723324515e-14
-2.634668415675062517e-14
-2.434397611023279514e-14
-2.249097132476434995e-14
-2.076982248370872214e-14
-1.918018007106006259e-14
-1.770345738380017216e-14
-1.634099960775678995e-14
-1.507644047991850200e-14
-1.390943242442353008e-14
-1.282881674787944315e-14
-1.183010827595704642e-14
-1.090777855900754847e-14
-1.005328402574274094e-14
-9.266818943566277221e-15
-8.538723837959736042e-15
-7.868510763184657111e-15
-7.247831119694063839e-15
-6.676970359625752594e-15
-6.148814819446732936e-15
-5.662634294730960064e-15
-5.213715223057535645e-15
-4.799829007266597672e-15
-4.418811024929069102e-15
-4.065986702702066554e-15
-3.742501058983913409e-15
-3.443576452343646670e-15
-3.169277870046243506e-15
-2.915567428758122144e-15
-2.682635636165905396e-15
-2.467626233947194630e-15
-2.270048160458751226e-15
-2.087883324537860936e-15
-1.919375644503523720e-15
-1.765413311307443886e-15
-1.623264113335188263e-15
-1.492844578410969454e-15
-1.372569811747888151e-15
-1.262144298284662834e-15
-1.160244755414940469e-15
-1.066050353035834138e-15
-9.798732707145747494e-16
-9.008463115390387426e-16
-8.281207804765985911e-16
-7.611077961919052838e-16
-6.997206283944952416e-16
-6.430322237604123845e-16
-5.903282229147019045e-16
-5.425022565813141134e-16
-4.986229484136867706e-16
-4.582268384993755676e-16
-4.211222641391868589e-16
-3.869961499813076749e-16
-3.547888659069371122e-16
-3.260218265744171609e-16
-2.996008406758588226e-16
-2.752928297506773710e-16
-2.529778707501049674e-16
-2.324471324747582102e-16
-2.135347931590886179e-16
-1.955976721319665226e-16
-1.797242098085155730e-16
-1.651381040898636161e-16
-1.506792551392241394e-16
-1.384456581102340072e-16
-1.272061468645169051e-16
-1.168796439764438324e-16
-1.073905035420277073e-16
-9.843170091517312218e-17
-8.983850740869042895e-17
-8.254302304300986920e-17
-7.584013879363166535e-17
-6.906407971969483067e-17
