# bin_3_2
-2.365662452239783448e-10
-2.372528805718373406e-10
-2.382301971484629369e-10
-2.384852288481870517e-10
-2.394619200318537330e-10
-2.402523292789782076e-10
-2.410706732196737818e-10
-2.419170190367443399e-10
-2.427943533734496301e-10
-2.437028950736880083e-10
-2.446436716497168194e-10
-2.456233505795617785e-10
-2.466262184978314979e-10
-2.476705705409863462e-10
-2.486955000752868175e-10
-2.498700067959570284e-10
-2.510279053248523706e-10
-2.522262002123953159e-10
-2.534664212710412116e-10
-2.547503325375668280e-10
-2.560914824433581135e-10
-2.575606920565304011e-10
-2.588771142031251240e-10
-2.603501120161135280e-10
-2.618707534754436264e-10
-2.634458580499610164e-10
-2.650749329368735756e-10
-2.667606466332087134e-10
-2.685090852974215203e-10
-2.703062309829905013e-10
-2.721702567624933774e-10
-2.740976303122161209e-10
-2.760897835805913098e-10
-2.781520349581559659e-10
-2.802799497688471411e-10
-2.824922734298574709e-10
-2.847558948246653911e-10
-2.871062509478701393e-10
-2.895353032324088514e-10
-2.920454166447761003e-10
-2.948678918919001956e-10
-2.973178223153720276e-10
-3.000820535945685598e-10
-3.029387437440356172e-10
-3.058886126274511488e-10
-3.089340364131505207e-10
-3.120776216469282504e-10
-3.153226824330037573e-10
-3.186725223414623719e-10
-3.221278139410246023e-10
-3.256929817495410497e-10
-3.293713219234498074e-10
-3.331654036192595767e-10
-3.370782325674238260e-10
-3.411143783869066545e-10
-3.452735650823417943e-10
-3.495605591926744035e-10
-3.539857892961323163e-10
-3.585338484943211694e-10
-3.632248138092900595e-10
-3.680562375796689275e-10
-3.730496513025451404e-10
-3.781587876367117497e-10
-3.834324824648479608e-10
-3.888621903731608452e-10
-3.944559804294711207e-10
-4.001978391401570417e-10
-4.061096813752366010e-10
-4.121901176319641108e-10
-4.184404750964542235e-10
-4.248639464655622809e-10
-4.314654650232022320e-10
-4.382464515056509705e-10
-4.452095025025147973e-10
-4.523590694973369420e-10
-4.596968985542218986e-10
-4.672255178099683431e-10
-4.749494092864983609e-10
-4.828666328547881563e-10
-4.909831433045615480e-10
-4.994152908128865448e-10
-5.078187264523621861e-10
-5.165419753608670194e-10
-5.254692577371258987e-10
-5.346044333219935088e-10
-5.439484228115664927e-10
-5.534985774797832125e-10
-5.632583618875589610e-10
-5.732273889070537528e-10
-5.834056940382567549e-10
-5.938013888016532572e-10
-6.043880382823620163e-10
-6.151902338853730233e-10
-6.261950961152099026e-10
-6.374030143495881746e-10
-6.488099814072135857e-10
-6.604183906526169077e-10
-6.722138503287686057e-10
-6.841998111001022965e-10
-6.963673832001049065e-10
-7.087166742757761636e-10
-7.212350928456369953e-10
-7.339204891783539453e-10
-7.467646503521170841e-10
-7.597600440252011122e-10
-7.728984619315616016e-10
-7.861706086304880487e-10
-7.995662759061007901e-10
-8.130710885918495615e-10
-8.266776447227181368e-10
-8.403720183094208446e-10
-8.541352399573399196e-10
-8.679543458392337774e-10
-8.818134535216742483e-10
-8.956842731332963114e-10
-9.095550887790543842e-10
-9.234009086129633415e-10
-9.372009658115534001e-10
-9.509269387486584985e-10
-9.645723095815043697e-10
-9.781168577083016977e-10
-9.915467655392614953e-10
-1.004850441624374268e-09
-1.018010522785844962e-09
-1.030999347001847946e-09
-1.043788154087500797e-09
-1.056342439218744048e-09
-1.068634678019857643e-09
-1.080620270380747824e-09
-1.092270066369861938e-09
-1.103549474637952370e-09
-1.114420530622381289e-09
-1.124854331798888241e-09
-1.134809065912241668e-09
-1.144253293187946665e-09
-1.153146861920489388e-09
-1.161450741889422116e-09
-1.169128474010862184e-09
-1.176137958223552960e-09
-1.182440123875430940e-09
-1.187993086463546519e-09
-1.192757963340365558e-09
-1.196691364597279582e-09
-1.199758351025028662e-09
-1.201919623928676209e-09
-1.203141072025883662e-09
-1.203389449905747472e-09
-1.202633253363025838e-09
-1.200844622541338792e-09
-1.197998497309832600e-09
-1.194072522396230824e-09
-1.189046998598681202e-09
-1.182899626182948103e-09
-1.175602145557931354e-09
-1.167120643165921252e-09
-1.157421027785068563e-09
-1.146474699372591696e-09
-1.134263091459827042e-09
-1.120781014703371795e-09
-1.106037889656182117e-09
-1.090055730801759347e-09
-1.072875042918355190e-09
-1.054552275380843409e-09
-1.035159999316567011e-09
-1.014781282389415837e-09
-9.935020230604740037e-10
-9.714105071308215328e-10
-9.485937275309411438e-10
-9.251409050988857936e-10
-9.011490821964698301e-10
-8.767274607398954678e-10
-8.519963631816953968e-10
-8.270894771336459291e-10
-8.021481637461554505e-10
-7.773153501957731021e-10
-7.527337019840255649e-10
-7.285399162498432110e-10
-7.048619097867140772e-10
-6.818133746493225555e-10
-6.594932796103334069e-10
-6.379816454738983805e-10
-6.173355399868857185e-10
-5.975853585522177348e-10
-5.787283808533346643e-10
-5.607252850075515104e-10
-5.435023395827196578e-10
-5.269481575932559670e-10
-5.109285406210054545e-10
-4.952865125987682372e-10
-4.798542865870181906e-10
-4.644641716455323980e-10
-4.489610838446849997e-10
-4.332144248813072443e-10
-4.171354025858050077e-10
-4.006888169197521814e-10
-3.838949749842028548e-10
-3.683374684831150986e-10
-3.510862271370604663e-10
-3.339225415457891311e-10
-3.170752248249447316e-10
-3.007776872247550892e-10
-2.852439116359465146e-10
-2.695269666955752646e-10
-2.560226839715418689e-10
-2.435924989081072235e-10
-2.321844413708772241e-10
-2.216671734007053771e-10
-2.127538061160836081e-10
-2.033943913532638075e-10
-1.943442923205604245e-10
-1.854538104729529284e-10
-1.766387144937422636e-10
-1.678886340351773043e-10
-1.592613893305812794e-10
-1.508618048142882700e-10
-1.428106245842689903e-10
-1.352108682694678375e-10
-1.281197592878900687e-10
-1.215380405257225811e-10
-1.154153405514521422e-10
-1.096723589390421324e-10
-1.042279041576392506e-10
-9.901963711395476784e-11
-9.401681933658251299e-11
-8.921948564389373520e-11
-8.464673412723418323e-11
-8.031984320769042762e-11
-7.624503606313938009e-11
-7.241198255264415477e-11
-6.879979062010956157e-11
-6.538848429499800061e-11
-6.216185121957236397e-11
-5.910959050662053012e-11
-5.622480565804081041e-11
-5.349926790785497505e-11
-5.092370009995056672e-11
-4.848985755207379565e-11
-4.619105357190785913e-11
-4.402041439496597948e-11
-4.197044123423821494e-11
-3.998856124495029230e-11
-3.815884775826338188e-11
-3.642774210995273653e-11
-3.478968539884953024e-11
-3.323950532034938151e-11
-3.177186676543619568e-11
-3.038156843264727109e-11
-2.906353847443746781e-11
-2.781306087748095612e-11
-2.662591039580532573e-11
-2.549813782435592296e-11
-2.442603481990991606e-11
-2.340591183871394150e-11
-2.243450376544896546e-11
-2.150870648685155859e-11
-2.062571487990665420e-11
-1.978281257540185556e-11
-1.897746657691390929e-11
-1.820732649065648337e-11
-1.747021185427924764e-11
-1.676412388089904710e-11
-1.608716205021157836e-11
-1.543762029402503208e-11
-1.481387999336960686e-11
-1.421450698117461737e-11
-1.363811891148846820e-11
-1.308348643376785315e-11
-1.254945970410746182e-11
-1.203498384813233672e-11
-1.153912716365612335e-11
-1.106091430686848092e-11
-1.059957824967228113e-11
-1.015437390356191717e-11
-9.724602373196298485e-12
-9.309664720026582259e-12
-8.908959247643310744e-12
-8.521996777387498505e-12
-8.148250958142913658e-12
-7.787313456062698967e-12
-7.438740437598949176e-12
-7.102165088700806756e-12
-6.777222814624259269e-12
-6.463587003471797202e-12
-6.160949287534896186e-12
-5.869013719395397350e-12
-5.587521474317777184e-12
-5.316199619267623907e-12
-5.054823414062030435e-12
-4.803135645585763164e-12
-4.560931649060849281e-12
-4.327980785112257488e-12
-4.104078694140144775e-12
-3.889015908825729136e-12
-3.682593028973201818e-12
-3.484607111097680043e-12
-3.294859128837996326e-12
-3.113153286786518551e-12
-2.945827423102847439e-12
-2.779272588809848992e-12
-2.620171844735511975e-12
-2.468333822021055266e-12
-2.323558529352156876e-12
-2.185649068283400815e-12
-2.054407062780782024e-12
-1.929631998335337460e-12
-1.811120974114933525e-12
-1.698669280213831741e-12
-1.592071311465882316e-12
-1.491117152959647165e-12
-1.395604863977248053e-12
-1.305323041743560006e-12
-1.220069000603982301e-12
-1.139636560327857047e-12
-1.063828114906448583e-12
-9.924409857889632962e-13
-9.252797198681356482e-13
-8.621508808162787920e-13
-8.028645879093583734e-13
-7.472345827452203962e-13
-6.926419109754924576e-13
-6.439619453205057156e-13
-5.983882610443436175e-13
-5.551694366466443764e-13
-5.153914503699420059e-13
-4.782066296638238353e-13
-4.435265215071701804e-13
-4.111660734959555868e-13
-3.810080238091222792e-13
-3.529243867161799114e-13
-3.267732808551234494e-13
-3.024514109760357874e-13
-2.798304007867638820e-13
-2.588185847910420027e-13
-2.392899257872239523e-13
-2.211774430287578143e-13
-2.043572625233742486e-13
-1.887679006299624447e-13
-1.743148676782947968e-13
-1.609218139271401242e-13
-1.485219196844051659e-13
-1.370380068160794668e-13
-1.264144357443661503e-13
-1.165838326598151870e-13
-1.074981735482876782e-13
-9.909274737582376214e-14
-9.133232418058212438e-14
-8.415730577275401003e-14
-7.753413574753404022e-14
-7.141940532977712933e-14
-6.577412765345621436e-14
-6.056689012500733476e-14
-5.576085839688060784e-14
-5.133019599321984472e-14
-4.724311495187305725e-14
-4.347824660276115974e-14
-4.000499037714554862e-14
-3.680725430293158571e-14
-3.385914122761974669e-14
-3.114445570590242415e-14
-2.864456530815995828e-14
-2.634108758873658195e-14
-2.422203471466028850e-14
-2.227068784696056330e-14
-2.047519811748083091e-14
-1.882219566883103715e-14
-1.730218715500373382e-14
-1.590250620739326793e-14
-1.461525284773845537e-14
-1.343118865583952538e-14
-1.234260191640654874e-14
-1.134173863312160605e-14
-1.042095374620490375e-14
-9.574870455567402442e-15
-8.796595063853278161e-15
-8.080655879616669408e-15
-7.423011096365857138e-15
-6.818949146929520893e-15
-6.263435498610289669e-15
-5.753103701633533393e-15
-5.284104218145545040e-15
-4.852170905883930429e-15
-4.456252033053661842e-15
-4.092607517754366728e-15
-3.758283255930888418e-15
-3.451417513884715194e-15
-3.169312916223600659e-15
-2.909313468577350201e-15
-2.671559347494543535e-15
-2.453037085815637459e-15
-2.252568108102655202e-15
-2.067236339395719047e-15
-1.898099397662441773e-15
-1.742819403925382215e-15
-1.600249172602618844e-15
-1.469309625119772233e-15
-1.347948857952753061e-15
-1.237641984574990704e-15
-1.136376423173278377e-15
-1.043403380109581198e-15
-9.568117250715259652e-16
