# bin_2_3
-1.191336074857499252e-10
-1.192328951394417477e-10
-1.193338154989614218e-10
-1.194381585694006699e-10
-1.195456596513686967e-10
-1.196580989105540893e-10
-1.197753207903259279e-10
-1.198951033491933566e-10
-1.200201984178642329e-10
-1.201498870938319172e-10
-1.202842883870414185e-10
-1.204299799937944193e-10
-1.205675543593345996e-10
-1.207166607797128098e-10
-1.208712326369711598e-10
-1.209724504384442426e-10
-1.211977437205519407e-10
-1.213690228519258831e-10
-1.215463756364616283e-10
-1.217304208074203657e-10
-1.219343105668670863e-10
-1.221181857768186708e-10
-1.223229650390504694e-10
-1.226350105382110926e-10
-1.227514130512012884e-10
-1.229772185170280090e-10
-1.232109747021432548e-10
-1.234526442185557732e-10
-1.241957493446997483e-10
-1.239607949694227818e-10
-1.242278280914099526e-10
-1.245037998998791503e-10
-1.247883342979358234e-10
-1.250852815329636494e-10
-1.253878672530451049e-10
-1.257136732094935120e-10
-1.260265983992617971e-10
-1.263610501709680632e-10
-1.267066664243455629e-10
-1.270638762777827724e-10
-1.275872209103288530e-10
-1.278128752362577058e-10
-1.282023624459673839e-10
-1.286059505619429880e-10
-1.290220380289989985e-10
-1.294505898188404092e-10
-1.298918456810564969e-10
-1.303464739591905674e-10
-1.308154721987366729e-10
-1.312966261048092692e-10
-1.317919182377875946e-10
-1.323018145985964606e-10
-1.328261228022910248e-10
-1.333650474598036118e-10
-1.339204020265435803e-10
-1.344879577839800928e-10
-1.350719120155637882e-10
-1.356718658951620819e-10
-1.362871982209234755e-10
-1.369193203258631226e-10
-1.376924846417931046e-10
-1.382435404780152235e-10
-1.389116828692397126e-10
-1.396066036386279264e-10
-1.403196676536581096e-10
-1.410555301413124534e-10
-1.417953044719012865e-10
-1.425573494240821469e-10
-1.433370736995149557e-10
-1.441325661248357899e-10
-1.449437675112525250e-10
-1.457720000943890583e-10
-1.466158140074143112e-10
-1.474742221895447183e-10
-1.483485132945196455e-10
-1.492373799413693408e-10
-1.501398083840292011e-10
-1.510579810270462573e-10
-1.519864750740961743e-10
-1.529295473538612606e-10
-1.538837996139057321e-10
-1.548483134859942677e-10
-1.558238237107313421e-10
-1.568079837429498752e-10
-1.578012649197836307e-10
-1.588009308304628046e-10
-1.598056869610796401e-10
-1.608169066610641123e-10
-1.618298891573902456e-10
-1.628456603306883918e-10
-1.638620937701909992e-10
-1.648776918377102035e-10
-1.666492259748504460e-10
-1.668999544442825838e-10
-1.679025739434499616e-10
-1.688983260022973482e-10
-1.698847467173989323e-10
-1.708560890883377223e-10
-1.718147712001035661e-10
-1.727560672195699925e-10
-1.736791868983793535e-10
-1.745788461212304006e-10
-1.754551642550430546e-10
-1.763045746216281353e-10
-1.771246425358572774e-10
-1.779123406392779185e-10
-1.786653752068159758e-10
-1.793837125720961052e-10
-1.800536569540930002e-10
-1.806835149036749306e-10
-1.812659668091356374e-10
-1.817985390308670184e-10
-1.822819145694587112e-10
-1.827042269054601485e-10
-1.830634244742372224e-10
-1.833672920545595632e-10
-1.836014275218730510e-10
-1.837662400727762582e-10
-1.838579342555179090e-10
-1.846297263707999656e-10
-1.838173297523748126e-10
-1.836768053105436772e-10
-1.834527691174247627e-10
-1.831433156967397952e-10
-1.834268367318353703e-10
-1.822585176099525044e-10
-1.816764032362201237e-10
-1.810016173948422236e-10
-1.802299898645404779e-10
-1.793621878751650665e-10
-1.783981298048549544e-10
-1.773343921313909958e-10
-1.761732050210320553e-10
-1.749127892564808627e-10
-1.735551649198293322e-10
-1.721002646463429067e-10
-1.705498015495425354e-10
-1.689060346340951118e-10
-1.671716508083352786e-10
-1.653483666395895461e-10
-1.634405548498620631e-10
-1.614513704098980545e-10
-1.593852313055382862e-10
-1.572475753998177255e-10
-1.550434857740028032e-10
-1.527792179653567605e-10
-1.504599948503371974e-10
-1.480915998830394487e-10
-1.456799073412835401e-10
-1.432299526681220307e-10
-1.407466209225563393e-10
-1.382340610253626070e-10
-1.356958790172519501e-10
-1.331352834656202668e-10
-1.305551602543005077e-10
-1.279581392800040576e-10
-1.253464090905066132e-10
-1.227210435846635920e-10
-1.200836169757569142e-10
-1.174350370642765944e-10
-1.147763819060162255e-10
-1.121083623358311143e-10
-1.094313695231788376e-10
-1.067459170395788167e-10
-1.040532163622456940e-10
-1.013550057204938216e-10
-9.865284383729060427e-11
-9.594855297946694781e-11
-9.324182357232200546e-11
-9.053907868022883848e-11
-8.784210724994272787e-11
-8.515530502480912781e-11
-8.248282998077417811e-11
-7.982858963875152207e-11
-7.719697324485951662e-11
-7.459041875660481953e-11
-7.201797944833569538e-11
-6.948281023085956469e-11
-6.699031019042862613e-11
-6.454629654929384197e-11
-6.215680352497135633e-11
-5.982731275827415502e-11
-5.756274811238588521e-11
-5.536746951044919901e-11
-5.324529661919741059e-11
-5.119934133872266320e-11
-4.923133297728454897e-11
-4.734126208411275210e-11
-4.552747834949144230e-11
-4.378609093377893510e-11
-4.211145874370826480e-11
-4.049726381311592404e-11
-3.893614020414812159e-11
-3.742081969859507564e-11
-3.594570492359231694e-11
-3.450641556487978303e-11
-3.310036591796074258e-11
-3.172676122865048729e-11
-3.038625703212937086e-11
-2.907958107017917785e-11
-2.780767037845084142e-11
-2.657126464396660264e-11
-2.537136646910788258e-11
-2.420889235065736463e-11
-2.308430764140728624e-11
-2.199852939477951051e-11
-2.095344038116925421e-11
-1.995106106447384138e-11
-1.899347677173033126e-11
-1.808276921916983602e-11
-1.722016345352571395e-11
-1.640583481362285460e-11
-1.563869938428254979e-11
-1.491562539566978714e-11
-1.423188943584859160e-11
-1.358237973982511340e-11
-1.296156679958266582e-11
-1.236485110615305286e-11
-1.178920012820974993e-11
-1.123316368897390567e-11
-1.069711281890371348e-11
-1.018306507638830970e-11
-9.693486898343571586e-12
-9.230071224358936610e-12
-8.793220441686652913e-12
-8.390067243917493409e-12
-8.000329661656782168e-12
-7.629750513949968219e-12
-7.275929410931198797e-12
-6.937765879798017799e-12
-6.615073242760015115e-12
-6.307847516224105861e-12
-6.016036838337329804e-12
-5.739550478285227760e-12
-5.477577371498631578e-12
-5.228138622418557514e-12
-4.990711087152110037e-12
-4.763878775713192653e-12
-4.547441358358735447e-12
-4.341572564760119071e-12
-4.146116710299959911e-12
-3.960443330248089337e-12
-3.783532634951898843e-12
-3.614622782007180848e-12
-3.453208021368594368e-12
-3.299199591437545396e-12
-3.152370483270172058e-12
-3.012368960180157658e-12
-2.878665671390692130e-12
-2.750856096891282414e-12
-2.628688169576959008e-12
-2.508129092595730261e-12
-2.396679064515303693e-12
-2.290024829180022252e-12
-2.187972089195708148e-12
-2.090260819884141652e-12
-1.996742108277882987e-12
-1.907154579743178661e-12
-1.821341459372886536e-12
-1.739112029853804964e-12
-1.660310297635524810e-12
-1.584792176276368563e-12
-1.512392013854231313e-12
-1.442999948761381025e-12
-1.376454829800916708e-12
-1.312674272136951340e-12
-1.251505247994045080e-12
-1.192877844185021705e-12
-1.134084883280924840e-12
-1.080338741636109552e-12
-1.031368366327631004e-12
-9.818068117581696557e-13
-9.343412428261985387e-13
-8.888559012909203259e-13
-8.452893053094242844e-13
-8.035839365185457058e-13
-7.636339080360078291e-13
-7.254279205242527143e-13
-6.888387878611829093e-13
-6.538742174714347744e-13
-6.204018403734133138e-13
-5.884412966590069117e-13
-5.578697242821049386e-13
-5.286892411614246157e-13
-5.008091632868142439e-13
-4.741985370700953967e-13
-4.488165679985531023e-13
-4.245880337736184775e-13
-4.015133067746701136e-13
-3.794930407234242136e-13
-3.585475430268610458e-13
-3.385708675823191892e-13
-3.195871252889909867e-13
-3.015001896318631839e-13
-2.843193457391394237e-13
-2.679793391250344881e-13
-2.524548520498941366e-13
-2.377232962608093637e-13
-2.237246980248151455e-13
-2.104659623695286441e-13
-1.978713654631436144e-13
-1.859596657646111703e-13
-1.746543667399600635e-13
-1.639721046148378683e-13
-1.538487935853235378e-13
-1.442858258083901702e-13
-1.352449340863780679e-13
-1.267020309669967602e-13
-1.186444688598104650e-13
-1.110325808109282325e-13
-1.038687631470315609e-13
-9.710389524291158787e-14
-9.074672761660017095e-14
-8.475053724258980164e-14
-7.912077732695897777e-14
-7.382074908833074241e-14
-6.884504555484933818e-14
-6.417356234900239725e-14
-5.978685020961314337e-14
-5.567862383906773444e-14
-5.182185035907885194e-14
-4.821658288796942481e-14
-4.483463960907263329e-14
-4.167770878404646317e-14
-3.872027834189909274e-14
-3.596151816910445531e-14
-3.338134943225695992e-14
-3.097524711212220299e-14
-2.873189936895684016e-14
-2.663840688527584836e-14
-2.469057566822268588e-14
-2.287350954457781080e-14
-2.118549989510657119e-14
-1.961184408982917577e-14
-1.815164387316016668e-14
-1.679216909689286724e-14
-1.553105278704598027e-14
-1.435941501942629562e-14
-1.327197991097271754e-14
-1.226395950757590764e-14
-1.132726573442176489e-14
-1.046131336088142956e-14
-9.657613243935275785e-15
-8.914652819377950141e-15
-8.225446998668048715e-15
-7.588899890569942475e-15
-6.999116248137923721e-15
-6.454283337937493010e-15
-5.950365013346503172e-15
-5.484531792960524447e-15
-5.054621664028765279e-15
-4.656242571530132629e-15
-4.289658615708692743e-15
-3.950625721032993678e-15
-3.638483832822120711e-15
-3.349810651109727097e-15
-3.084012636980670890e-15
-2.838617849950194042e-15
-2.612587971942658419e-15
-2.404112104586640383e-15
-2.211324208081780815e-15
-2.034569371455189979e-15
-1.871373588673057092e-15
-1.721337272375533703e-15
-1.582988110175259508e-15
-1.455744623874256854e-15
-1.338416166461430760e-15
-1.230069641135868939e-15
-1.130727257456670272e-15
-1.039453173604845037e-15
-9.554693978801722187e-16
-8.780960646324410375e-16
-8.070973557238964574e-16
-7.416204651790671105e-16
-6.810203260409221899e-16
-6.257121657969311196e-16
-5.749198563572303640e-16
-5.281930144592945796e-16
-4.852539798687738953e-16
-4.457822580986694063e-16
-4.089500733931077455e-16
-3.756509031193935018e-16
-3.450506529534337348e-16
-3.169206035323746940e-16
-2.910837248531003028e-16
-2.673309689980069926e-16
-2.449641698268296281e-16
-2.249642107605491729e-16
-2.065899873618969786e-16
-1.897140416433498289e-16
-1.735749718793212276e-16
-1.593860782510532709e-16
-1.463539301164445068e-16
-1.340287716057546781e-16
-1.230645425924295923e-16
-1.128428283547371108e-16
-1.036097697718981337e-16
-9.513167348418048571e-17
-8.734548392902226122e-17
-7.963524698851252732e-17
