# bin_3_3
-1.355436822090922569e-10
-1.357357199601370022e-10
-1.359327603944120524e-10
-1.359360821466267313e-10
-1.363474417194557333e-10
-1.365672712702756636e-10
-1.367949224420270548e-10
-1.370295675335959695e-10
-1.372736831745559128e-10
-1.375266970846712563e-10
-1.377888803440112041e-10
-1.380669720471417772e-10
-1.383417151572844372e-10
-1.386329391313280414e-10
-1.389356932954490647e-10
-1.391884186176563491e-10
-1.395718106178972359e-10
-1.399067826629274117e-10
-1.402537014591363355e-10
-1.406133905861406975e-10
-1.409992283570250832e-10
-1.413715281673805935e-10
-1.417714795960509685e-10
-1.422858237064921757e-10
-1.426114050956811084e-10
-1.430540042304451492e-10
-1.435122620330276717e-10
-1.439864049838816855e-10
-1.444827551214121443e-10
-1.449845148476266897e-10
-1.455096036780941095e-10
-1.460527433594526689e-10
-1.466138649779921876e-10
-1.471971383757839730e-10
-1.477961101443040227e-10
-1.484286736016511381e-10
-1.490591617199106422e-10
-1.497222497504006486e-10
-1.504079740728084707e-10
-1.511170860129216747e-10
-1.518495590071061876e-10
-1.526071802620824101e-10
-1.533865581831888821e-10
-1.541935170991879710e-10
-1.550268896457839244e-10
-1.558870887128307931e-10
-1.567747490681066525e-10
-1.576912076234686774e-10
-1.586377524534765440e-10
-1.596127310940675592e-10
-1.606186383340815886e-10
-1.616564654822867858e-10
-1.627265570906627816e-10
-1.638296679812675712e-10
-1.649681773742273411e-10
-1.661384067415626677e-10
-1.673451967873827706e-10
-1.685887559343383403e-10
-1.698690318150620743e-10
-1.711875596663443367e-10
-1.725445773225576890e-10
-1.739412503688021534e-10
-1.753797632615679950e-10
-1.768558041348307291e-10
-1.783761330555150047e-10
-1.799449428132547143e-10
-1.815440119599223658e-10
-1.831932935005435554e-10
-1.848885227424419112e-10
-1.866285460399255074e-10
-1.884140546740628891e-10
-1.902471582521071925e-10
-1.921271736806098202e-10
-1.940539070461426724e-10
-1.960294414924386108e-10
-1.980532676799533293e-10
-2.001270824592230369e-10
-2.022481879479741527e-10
-2.044196390507725094e-10
-2.066386429896481143e-10
-2.089085686920083463e-10
-2.112294491463723387e-10
-2.135985990662761826e-10
-2.160165509564215148e-10
-2.184822622081904049e-10
-2.210006557978511753e-10
-2.235642818433612840e-10
-2.261769932951730205e-10
-2.288364544093155822e-10
-2.315607221042501053e-10
-2.342949145577881587e-10
-2.370921984089685326e-10
-2.399353466842853063e-10
-2.428179493732519842e-10
-2.464463664302019495e-10
-2.487100176069365011e-10
-2.517158193341539624e-10
-2.547552816998582495e-10
-2.578311494063263041e-10
-2.609426341836430281e-10
-2.640816924950847623e-10
-2.672429151546015642e-10
-2.704380850627010126e-10
-2.736479054031161371e-10
-2.768857380244618713e-10
-2.801364238715600783e-10
-2.834007179339290901e-10
-2.866752517648128140e-10
-2.899559332046352271e-10
-2.932396064683297124e-10
-2.965216116502042414e-10
-2.997983713883274975e-10
-3.030651728899033386e-10
-3.063175980534774380e-10
-3.095498719222487031e-10
-3.127577383751999112e-10
-3.159354241852419718e-10
-3.190779271301529891e-10
-3.221788715554472256e-10
-3.252361880828558412e-10
-3.282410587659437845e-10
-3.311880076747921935e-10
-3.340710354803870271e-10
-3.368834677107052544e-10
-3.396178665210978929e-10
-3.422672131145473102e-10
-3.448251101547670640e-10
-3.472875292448055616e-10
-3.496501137881255220e-10
-3.519113522561071971e-10
-3.540676963418680212e-10
-3.561121155195567292e-10
-3.580361557906794284e-10
-3.598320577341410220e-10
-3.614939928646387508e-10
-3.630163045496417062e-10
-3.643934624605726817e-10
-3.656207462815282630e-10
-3.666922899628630733e-10
-3.676032269808998673e-10
-3.683486709922990406e-10
-3.689246154414799793e-10
-3.693268311192954632e-10
-3.695522791869033303e-10
-3.695973064636928728e-10
-3.694593019074589693e-10
-3.691347007163390259e-10
-3.686194548103026359e-10
-3.679105513831604389e-10
-3.670037427462838230e-10
-3.658945401815132304e-10
-3.645773708950171937e-10
-3.630459001782895667e-10
-3.612934226391618114e-10
-3.593134119544600914e-10
-3.570993681508427277e-10
-3.546442599550099370e-10
-3.519419981301282330e-10
-3.489888930960127688e-10
-3.457799136781137888e-10
-3.423085835306848512e-10
-3.385646942986799270e-10
-3.345361339879089137e-10
-3.302129786450808232e-10
-3.255911163768768333e-10
-3.206720456224362992e-10
-3.154599411817788852e-10
-3.099591711921834225e-10
-3.041761386468318810e-10
-2.981242555304958272e-10
-2.918250556876045960e-10
-2.853045060007670449e-10
-2.785861364202279750e-10
-2.716968293021584288e-10
-2.646570848562271540e-10
-2.574912403562178855e-10
-2.502275886428966128e-10
-2.428979472682930268e-10
-2.355379081387143138e-10
-2.281882805895978018e-10
-2.208914574697136386e-10
-2.136864895489599354e-10
-2.066096794639775739e-10
-1.996945740291127005e-10
-1.929721464761354664e-10
-1.864691769079465981e-10
-1.802060683532963834e-10
-1.741957855071285039e-10
-1.684439615832003766e-10
-1.629475138120679153e-10
-1.576936052204028240e-10
-1.526613699374049895e-10
-1.478189516511949469e-10
-1.431292497000285031e-10
-1.385546957836746654e-10
-1.340574720380629371e-10
-1.296012730733470372e-10
-1.251549231916066765e-10
-1.206924471436500425e-10
-1.161924931394724219e-10
-1.116432492627996976e-10
-1.070443415814203198e-10
-1.024082293665406644e-10
-9.775853297930228023e-11
-9.312672282273193220e-11
-8.855460739646355505e-11
-8.409350004697562080e-11
-7.979491953375591233e-11
-7.570456547566012952e-11
-7.186029055432374987e-11
-6.828529752129858934e-11
-6.498537833680290461e-11
-6.194752107661361085e-11
-5.913534356428607880e-11
-5.649841144095624474e-11
-5.398475926878229565e-11
-5.154597911800191989e-11
-4.914548162411559333e-11
-4.676554875707090918e-11
-4.440666070071272568e-11
-4.208743297304196234e-11
-3.983896406371339079e-11
-3.770235884377866420e-11
-3.570243640991311445e-11
-3.384932474612654353e-11
-3.213449244890584374e-11
-3.053445033509745795e-11
-2.901879524865410079e-11
-2.756351583363557746e-11
-2.615942402465745950e-11
-2.480872517133619845e-11
-2.351833340003951480e-11
-2.229725949092067613e-11
-2.115296070605557194e-11
-2.008314822117497214e-11
-1.907530507494157251e-11
-1.811781125372251252e-11
-1.720369623373122391e-11
-1.633348056007601094e-11
-1.551155696591992983e-11
-1.473970936586521190e-11
-1.401427399114786903e-11
-1.332854489742296169e-11
-1.267759476383688283e-11
-1.205961937322190975e-11
-1.147508934507322277e-11
-1.092380382795572206e-11
-1.040356615687937163e-11
-9.911101673345704816e-12
-9.444202877878487285e-12
-9.001962978807157986e-12
-8.589447651072049272e-12
-8.193173688376874480e-12
-7.817470199577168863e-12
-7.461089268101129972e-12
-7.123004498662634352e-12
-6.802264353321308100e-12
-6.497668913991223980e-12
-6.208218864689472083e-12
-5.932990805835673801e-12
-5.671185809770256114e-12
-5.422020125330741812e-12
-5.184711276426432533e-12
-4.958575234117938919e-12
-4.742915973816992226e-12
-4.537158889465133738e-12
-4.340685029395591843e-12
-4.153003236117191937e-12
-3.973577730836734246e-12
-3.801970547072469800e-12
-3.637740022060079157e-12
-3.480485495868045506e-12
-3.329839626504461863e-12
-3.185441124094843528e-12
-3.046985398827006491e-12
-2.914149039161162753e-12
-2.786679303353554989e-12
-2.664290570460890897e-12
-2.544002646575375712e-12
-2.431225597738050599e-12
-2.322895415733404894e-12
-2.218747859891475427e-12
-2.118686425498987504e-12
-2.022451030493238105e-12
-1.929976365520320903e-12
-1.841028955376932558e-12
-1.750673162726796990e-12
-1.668644525894142896e-12
-1.589821733685549682e-12
-1.514015961392677524e-12
-1.441204407345141165e-12
-1.371197462387546253e-12
-1.303993055987936346e-12
-1.239414839000977415e-12
-1.177445003510664519e-12
-1.117957125875830556e-12
-1.060883777751224505e-12
-1.006165664036809150e-12
-9.536909643222091150e-13
-9.034412115935561873e-13
-8.552874126984310611e-13
-8.092310330098474183e-13
-7.651425269381843948e-13
-7.230242870685027623e-13
-6.827607709547824218e-13
-6.443327082499355040e-13
-6.076639138402377663e-13
-5.726954547728740105e-13
-5.393891849681916146e-13
-5.076651260982985596e-13
-4.775023112488078949e-13
-4.488094910255679589e-13
-4.215758686274223700e-13
-3.957115476902675976e-13
-3.712009105765912077e-13
-3.479657789184618621e-13
-3.259739830847603093e-13
-3.051730373271313565e-13
-2.855082591911434246e-13
-2.669464165780029821e-13
-2.494243781736663458e-13
-2.329153057157922784e-13
-2.173551469795229544e-13
-2.027221712547177465e-13
-1.889547184879047789e-13
-1.760275440804408367e-13
-1.638870723847328338e-13
-1.525014599756036206e-13
-1.418320206692808529e-13
-1.318359835102005682e-13
-1.224846628188576937e-13
-1.137351312398046300e-13
-1.055625427143277020e-13
-9.792608338828594299e-14
-9.080484282473824970e-14
-8.416072137934305946e-14
-7.797194342757410127e-14
-7.220732411059605670e-14
-6.684157238266361720e-14
-6.185160081485932335e-14
-5.720994637557631115e-14
-5.289954756092300506e-14
-4.889461835974387463e-14
-4.517903205273359753e-14
-4.173028166217969115e-14
-3.853465229132577965e-14
-3.557176117441858367e-14
-3.282812376277063172e-14
-3.028752161283559450e-14
-2.793569116709091758e-14
-2.576049513273658342e-14
-2.374724088591174684e-14
-2.188727901738333529e-14
-2.016742135841624616e-14
-1.857952958163748361e-14
-1.711224413113775575e-14
-1.575845961842419370e-14
-1.450862233183635760e-14
-1.335580218521280175e-14
-1.229239455808696982e-14
-1.131097108778847881e-14
-1.040714509210708337e-14
-9.573604799900250042e-15
-8.805769496934196614e-15
-8.098070631179254115e-15
-7.446488440339205772e-15
-6.846223346961602466e-15
-6.293357982690277332e-15
-5.784761777483247578e-15
-5.316858571443539371e-15
-4.886332413157566665e-15
-4.490042474365839683e-15
-4.125701063083257102e-15
-3.790347062985372593e-15
-3.481536582288157312e-15
-3.197964519705526485e-15
-2.937366946113621924e-15
-2.697768909500183108e-15
-2.477593693205661934e-15
-2.275240051400415323e-15
-2.088703261424654400e-15
-1.917882344197851017e-15
-1.760926632526725636e-15
-1.616693026580592569e-15
-1.484210215670774613e-15
-1.362473529067384563e-15
-1.250095616074146280e-15
-1.147473792446282117e-15
-1.053226341339901573e-15
-9.666989964011133010e-16
-8.866651278107028850e-16
-8.137529654759030388e-16
-7.468270681269423572e-16
-6.853885788918610931e-16
-6.289766254526412217e-16
-5.766402764165671793e-16
-5.291672203004247440e-16
-4.855948754786648996e-16
-4.455916909876948743e-16
-4.082047645006826869e-16
