# bin_1_3
-1.089333460291987371e-10
-1.089793037035211043e-10
-1.090230105589561655e-10
-1.090690464001460070e-10
-1.091183953941253291e-10
-1.091715012974519543e-10
-1.092252043503427238e-10
-1.092792193386777195e-10
-1.093362181946033850e-10
-1.093954045110894789e-10
-1.094547213556406422e-10
-1.095248303590526050e-10
-1.095841773585479105e-10
-1.096523046078782457e-10
-1.097252253358284609e-10
-1.097376055992790099e-10
-1.098752531876655991e-10
-1.099514272125957528e-10
-1.100348956637030037e-10
-1.101172302979715179e-10
-1.102204842140964470e-10
-1.102979419763285829e-10
-1.103926172211710591e-10
-1.104889189434600216e-10
-1.105893867150236300e-10
-1.106933724504349107e-10
-1.108011543478133969e-10
-1.109125647507629291e-10
-1.110335060343540367e-10
-1.111468064620603792e-10
-1.112699130910678313e-10
-1.113970499048631024e-10
-1.115279072330998732e-10
-1.116659685466719824e-10
-1.118043869536499266e-10
-1.119605764025230724e-10
-1.120982875107584301e-10
-1.122517557940965532e-10
-1.124104532621041833e-10
-1.125721374355395484e-10
-1.129003397698189209e-10
-1.129185730963579397e-10
-1.130956685354846585e-10
-1.132800412823466765e-10
-1.134699069483844223e-10
-1.136650418528003028e-10
-1.138626836766096747e-10
-1.140689436581480547e-10
-1.142845744603319521e-10
-1.145015913610825737e-10
-1.147599651647410441e-10
-1.149537692120508122e-10
-1.151887956351443528e-10
-1.154296482137961250e-10
-1.156779306498017360e-10
-1.159259329975932844e-10
-1.161841281699575415e-10
-1.164553262129863747e-10
-1.167188222800697493e-10
-1.169956399536428081e-10
-1.172768263470466998e-10
-1.175782916093157649e-10
-1.178597955966988698e-10
-1.181571885824081897e-10
-1.184616603874819779e-10
-1.187776569690432960e-10
-1.190861557917884584e-10
-1.194052776497825910e-10
-1.197302668465829043e-10
-1.200590467391799452e-10
-1.203913999598762773e-10
-1.207284972561648959e-10
-1.210687558224813352e-10
-1.214116472774282848e-10
-1.217565806662733473e-10
-1.221039001769316578e-10
-1.224523740315556365e-10
-1.228027170398269789e-10
-1.231513243937753476e-10
-1.235005129588857297e-10
-1.238483139080385961e-10
-1.241938320593513997e-10
-1.245368218894697787e-10
-1.248754754569820732e-10
-1.252098015772788365e-10
-1.255387545576662520e-10
-1.258596043776818495e-10
-1.261738654327401746e-10
-1.265010206252903013e-10
-1.267736360682725901e-10
-1.270568941842569134e-10
-1.279230029038978117e-10
-1.275862993307051658e-10
-1.278289469037246351e-10
-1.280546350205532734e-10
-1.282629248755644870e-10
-1.284534242111715772e-10
-1.286194448690979446e-10
-1.287645311726579406e-10
-1.288841170256809759e-10
-1.289791904939595505e-10
-1.290442123366833983e-10
-1.290814979280630818e-10
-1.290919288933928971e-10
-1.290589088780549678e-10
-1.289965463059268593e-10
-1.288974876407040063e-10
-1.287600541285928731e-10
-1.285808505751920813e-10
-1.283608317075951161e-10
-1.280986719687108188e-10
-1.277868953370521920e-10
-1.274302237220313768e-10
-1.270251630809298317e-10
-1.265690633616436910e-10
-1.260614013901222906e-10
-1.261326936192262744e-10
-1.248857688767274204e-10
-1.242137363147127175e-10
-1.234868815982323549e-10
-1.227012461196322972e-10
-1.218561366677300711e-10
-1.209515882383099255e-10
-1.199870684282289778e-10
-1.189618265187863830e-10
-1.178786136550056354e-10
-1.167310220301405251e-10
-1.155220203167438404e-10
-1.142535554551045852e-10
-1.129290813612270050e-10
-1.115432573663719512e-10
-1.100997923361919559e-10
-1.086019864693783794e-10
-1.070487644759453314e-10
-1.054442561270802884e-10
-1.037902845996676161e-10
-1.020897719856790906e-10
-1.007568516129504056e-10
-9.897189572186808411e-11
-9.715384754981595379e-11
-9.488729081040914524e-11
-9.300601356990813533e-11
-9.110119702847447795e-11
-8.917836754759966929e-11
-8.724215913683562879e-11
-8.529826899914467711e-11
-8.335142704400052032e-11
-8.140635649476369477e-11
-7.946768449306110726e-11
-7.753943406707780213e-11
-7.562454263493685031e-11
-7.399903881373246864e-11
-7.210159684839861494e-11
-6.998893163560040524e-11
-6.815484045148982930e-11
-6.634505920676831486e-11
-6.456040901131080770e-11
-6.280057697241821426e-11
-6.106562007261105847e-11
-5.935485909394833137e-11
-5.766782444607282018e-11
-5.600372200901358391e-11
-5.436162843885090587e-11
-5.274067963188142939e-11
-5.114050038618072191e-11
-4.956103502409306126e-11
-4.800190569262490342e-11
-4.646424990041890356e-11
-4.494516406462916313e-11
-4.344489389052953658e-11
-4.196662503579482739e-11
-4.051026917511329985e-11
-3.907685962713909042e-11
-3.766729684078605399e-11
-3.628283041693867685e-11
-3.492456344059755101e-11
-3.359394732446787116e-11
-3.229236194694447303e-11
-3.102126212861189449e-11
-2.978224629608213065e-11
-2.857712999744978019e-11
-2.740761172943082442e-11
-2.627517698240339310e-11
-2.518130989013277957e-11
-2.412745644263121200e-11
-2.311493116268964509e-11
-2.214461020090145501e-11
-2.121680068910559535e-11
-2.033111103511451248e-11
-1.951693185175758309e-11
-1.870148462203119127e-11
-1.790952861550087871e-11
-1.717232722315441688e-11
-1.646529775084852943e-11
-1.578585904529189495e-11
-1.513201350447114008e-11
-1.450198461338502328e-11
-1.390817905278408564e-11
-1.330934927989647182e-11
-1.274466623307207341e-11
-1.219918406309038971e-11
-1.167609002625121993e-11
-1.116445795890356037e-11
-1.067501772470387034e-11
-1.019450374070415354e-11
-9.720301236687019993e-12
-9.269743781156993478e-12
-8.836349955995409904e-12
-8.421647704586092528e-12
-8.035529045002277782e-12
-7.661731462999491019e-12
-7.302554384623724916e-12
-6.972387182180213196e-12
-6.662161317188998014e-12
-6.369699461394008128e-12
-6.092603051841085387e-12
-5.828338671222361286e-12
-5.574746462967993817e-12
-5.330268777809286473e-12
-5.094023892299278852e-12
-4.865865138338763328e-12
-4.646306730518793494e-12
-4.431765293591096622e-12
-4.232043600029880958e-12
-4.042798641345646800e-12
-3.863680103603617194e-12
-3.693853723994351724e-12
-3.532111348383423676e-12
-3.377425120159070556e-12
-3.229163983148978102e-12
-3.087101351518800151e-12
-2.951157462752025401e-12
-2.821322696529753048e-12
-2.697217509841599303e-12
-2.587147676866000523e-12
-2.466963923312209516e-12
-2.366300903734462617e-12
-2.262575240379550124e-12
-2.162944994665742581e-12
-2.067732234585978608e-12
-1.976727180639186074e-12
-1.889845123836302365e-12
-1.806638524617474830e-12
-1.726767435970619038e-12
-1.650118323752416032e-12
-1.576529762925810216e-12
-1.506101181960453523e-12
-1.438542877183794068e-12
-1.373815716369793693e-12
-1.311639183359273388e-12
-1.252008094729462972e-12
-1.194782412298683367e-12
-1.139885722751036934e-12
-1.087224417384184669e-12
-1.036655300773334366e-12
-9.881813159554412751e-13
-9.416383418797735818e-13
-8.970320737506152268e-13
-8.542118016849460883e-13
-8.131738470866947813e-13
-7.738134375756920513e-13
-7.360929261242027922e-13
-6.999499344156542547e-13
-6.653120637334215105e-13
-6.321608909704928173e-13
-6.003971317180788160e-13
-5.700275653809562271e-13
-5.409494021032267548e-13
-5.131666746914159130e-13
-4.865929825755384069e-13
-4.612173045535036442e-13
-4.369771142021279482e-13
-4.138412956160628369e-13
-3.917699196866333181e-13
-3.707143711270694314e-13
-3.506580162564806129e-13
-3.315352416324674624e-13
-3.133445760002852923e-13
-2.960161235155685717e-13
-2.795485700588817874e-13
-2.638755927604147258e-13
-2.489969876549022187e-13
-2.348557745604255551e-13
-2.214377629531674295e-13
-2.087023630193362497e-13
-1.966220913810831106e-13
-1.851774664976812015e-13
-1.743230956470665657e-13
-1.640559944433893934e-13
-1.543231988392798557e-13
-1.451275039114466941e-13
-1.364168690323417223e-13
-1.281934100950535350e-13
-1.204117336905302124e-13
-1.130677652962512948e-13
-1.061297540025209894e-13
-9.957973551489041583e-14
-9.340523279509649396e-14
-8.757365095589235556e-14
-8.208561610087917993e-14
-7.690311295003268610e-14
-7.203121483096814765e-14
-6.743356237152536387e-14
-6.311373540855690515e-14
-5.904192666454976822e-14
-5.521569123693252686e-14
-5.161670146008723785e-14
-4.823210698238941794e-14
-4.505459473106900656e-14
-4.206639637867872703e-14
-3.926719934607555630e-14
-3.663395544693014169e-14
-3.416976916288195346e-14
-3.185358486132745048e-14
-2.968709294974096217e-14
-2.765396315130844772e-14
-2.575141809109925816e-14
-2.397054050503291829e-14
-2.230265601598386982e-14
-2.074529260682146191e-14
-1.928626782652793651e-14
-1.792615415336095338e-14
-1.665255417563922861e-14
-1.546649555826006234e-14
-1.435713671359231580e-14
-1.332438571565169726e-14
-1.235916534304138466e-14
-1.146115191707042473e-14
-1.062510892197471429e-14
-9.845756326694458967e-15
-9.121725048828814621e-15
-8.446789290514127738e-15
-7.820692407638809978e-15
-7.237281755790126646e-15
-6.696566560750543266e-15
-6.193393813278521256e-15
-5.727042038617667694e-15
-5.294013219556342679e-15
-4.892298641234103158e-15
-4.520153736065381911e-15
-4.173859197483102689e-15
-3.854532091685513696e-15
-3.558172620364307320e-15
-3.284375662112496463e-15
-3.030355375358068151e-15
-2.795890579252105877e-15
-2.578646134771209934e-15
-2.378033435456407193e-15
-2.192445143208077255e-15
-2.020922340967756497e-15
-1.862698816389095595e-15
-1.715581693244627752e-15
-1.580689673449207449e-15
-1.455887300274593183e-15
-1.341087295367803202e-15
-1.234820623340921093e-15
-1.137002984932494994e-15
-1.046685840137757610e-15
-9.635258644144938823e-16
-8.867543207518122242e-16
-8.154139648759695170e-16
-7.504066987540901478e-16
-6.903151847461728836e-16
-6.350973353500010099e-16
-5.841827240636691029e-16
-5.373316577350810368e-16
-4.941169065593019040e-16
-4.538869893083315064e-16
-4.173020830638262687e-16
-3.837155133698536198e-16
-3.527959207139984773e-16
-3.242930783964793097e-16
-2.981570336234433299e-16
-2.740275452921521572e-16
-2.514059288164441470e-16
-2.310456516708385786e-16
-2.123448414306104252e-16
-1.951386243012329293e-16
-1.793224749035025613e-16
-1.647808217191192977e-16
-1.507468957018559087e-16
-1.385088032999267749e-16
-1.272598091980162761e-16
-1.169191148183763100e-16
-1.070921850915929947e-16
-9.838311717513821833e-17
-9.024291450987538818e-17
-8.289832406246120490e-17
-7.614952556393842030e-17
-6.994874634921191670e-17
-6.375813529619760036e-17
-5.856220028396105339e-17
-5.378847336905629411e-17
-4.909050451698721766e-17
-4.508647993754064530e-17
-4.140936207395094379e-17
-3.773246729025859754e-17
-3.465371564836547707e-17
-3.182499148750241415e-17
-2.888881667205210606e-17
