# bin_2_2
-1.846765362981657493e-10
-1.850633844668371054e-10
-1.854636226406021240e-10
-1.858777266496841203e-10
-1.863058503675731335e-10
-1.867503064585963086e-10
-1.872101027579563096e-10
-1.876848557168965340e-10
-1.881770841963577494e-10
-1.886865248689443735e-10
-1.892137060836493039e-10
-1.897647745890178680e-10
-1.903234952686478966e-10
-1.909075984611672917e-10
-1.914556669334439268e-10
-1.921359409777120557e-10
-1.927817928984767629e-10
-1.934495400065988665e-10
-1.941400595889947853e-10
-1.948540895718453181e-10
-1.956055215758225803e-10
-1.964634491159001594e-10
-1.971465748609042092e-10
-1.979635223208786218e-10
-1.988045624537521072e-10
-1.996756913612900570e-10
-2.005755705230053202e-10
-2.015059928133682445e-10
-2.024721361866545898e-10
-2.034590679901221381e-10
-2.044839816377713663e-10
-2.055423580951768742e-10
-2.066346054241236279e-10
-2.077649831368835304e-10
-2.089279725079254358e-10
-2.101411949719272050e-10
-2.113703721096217206e-10
-2.126497584070655182e-10
-2.139700803885514003e-10
-2.153324358738035989e-10
-2.166618682458863619e-10
-2.181869829475528151e-10
-2.196783898452300861e-10
-2.212177699297800739e-10
-2.228043805906150392e-10
-2.244390921527844421e-10
-2.261229627171061706e-10
-2.278577135449878369e-10
-2.296450113256855113e-10
-2.314838492595982312e-10
-2.333769243736220064e-10
-2.353257589789731118e-10
-2.373311046481147898e-10
-2.393941049445826968e-10
-2.415174189667619181e-10
-2.436983291397708349e-10
-2.459410033850131515e-10
-2.482524549135568061e-10
-2.506144057094863090e-10
-2.530484663933841977e-10
-2.555462981721572051e-10
-2.581283911031137759e-10
-2.607463003344861076e-10
-2.634464303271547139e-10
-2.662178931869679227e-10
-2.690663330521715777e-10
-2.719733201576331688e-10
-2.749582441353619492e-10
-2.780171960566509604e-10
-2.811489386850492705e-10
-2.843540700260250047e-10
-2.876578710832191103e-10
-2.909901750451340235e-10
-2.944198373169927028e-10
-2.979256388271737378e-10
-3.015066187515322834e-10
-3.051887471561365853e-10
-3.089215360803125289e-10
-3.127270355224845398e-10
-3.166078995023634990e-10
-3.205624169108295376e-10
-3.246359778361550316e-10
-3.286894565526068751e-10
-3.328594254528241021e-10
-3.370994457137499173e-10
-3.414081395484916821e-10
-3.457816329432959156e-10
-3.502211731628334814e-10
-3.547226450864775318e-10
-3.592846654590371314e-10
-3.639132659293537594e-10
-3.685795428784296626e-10
-3.733086243796733245e-10
-3.780825029542131801e-10
-3.829030998416627383e-10
-3.877650348163036641e-10
-3.926674008349490772e-10
-3.975974801355626965e-10
-4.025574721757010639e-10
-4.075394948586741195e-10
-4.125401824136475558e-10
-4.175508359548918893e-10
-4.225687322875969335e-10
-4.275866569758394464e-10
-4.325986427181173291e-10
-4.375985003744690640e-10
-4.425772093916042813e-10
-4.475306801162743840e-10
-4.524460482737138243e-10
-4.573199431379293718e-10
-4.621412096195752746e-10
-4.669012095435753076e-10
-4.715907542860338140e-10
-4.761982061426980447e-10
-4.807121844467438674e-10
-4.851262813558166790e-10
-4.894272320417742640e-10
-4.936046114434482560e-10
-4.976525497535494145e-10
-5.015607006086902513e-10
-5.053248500230061299e-10
-5.089358090392988403e-10
-5.123807608924885041e-10
-5.156534610885741111e-10
-5.187388363319424458e-10
-5.216250368494134081e-10
-5.242977067671278127e-10
-5.267473454459236872e-10
-5.289602318958629042e-10
-5.309234406971546273e-10
-5.326292427026443987e-10
-5.340658246362312061e-10
-5.352201259324233985e-10
-5.360809110882273307e-10
-5.366407220510082066e-10
-5.368877516651942929e-10
-5.368117124725920509e-10
-5.364027221151485413e-10
-5.356504236664122170e-10
-5.345469386588034574e-10
-5.330825410779656719e-10
-5.312498973571699059e-10
-5.290428586989060942e-10
-5.264568130437161327e-10
-5.234872296291121532e-10
-5.201333151878319589e-10
-5.163953061796644688e-10
-5.122734776737536947e-10
-5.077706996833369715e-10
-5.028905746813593623e-10
-4.976357734548712292e-10
-4.920096307233679420e-10
-4.860133086855751827e-10
-4.796462628965990247e-10
-4.729071834148174878e-10
-4.657974919325201143e-10
-4.583227667850856311e-10
-4.504918029176533949e-10
-4.423201306611500458e-10
-4.338254192892884423e-10
-4.250295521047414136e-10
-4.159590194922742205e-10
-4.066428073845335475e-10
-3.971120711776391554e-10
-3.873980534014536620e-10
-3.775302874962735273e-10
-3.675374364578900653e-10
-3.574478805756283787e-10
-3.472902426587318670e-10
-3.370968326165906499e-10
-3.269037013182496894e-10
-3.167484184254641959e-10
-3.066700881086064734e-10
-2.967073321217257664e-10
-2.868967846136100916e-10
-2.772733623216333401e-10
-2.678696677923598467e-10
-2.587148766731905255e-10
-2.498341319134042055e-10
-2.412479353560515946e-10
-2.329709431463062842e-10
-2.250108051666226352e-10
-2.173664804787661206e-10
-2.100263824464113235e-10
-2.029685274004956825e-10
-1.961617883570036520e-10
-1.895650056127053231e-10
-1.831330797623050621e-10
-1.768169198465519434e-10
-1.705665052598939744e-10
-1.643360694755560575e-10
-1.580880752917635857e-10
-1.517973150251059296e-10
-1.454563934536747417e-10
-1.390773863722123307e-10
-1.326921610389492561e-10
-1.263505758668439077e-10
-1.201168625430671095e-10
-1.140621676181667626e-10
-1.082575380354247045e-10
-1.027628689604616950e-10
-9.761994977802810359e-11
-9.284931527671054582e-11
-8.844437181796900331e-11
-8.437238259250592529e-11
-8.058166806817020434e-11
-7.700756893698963299e-11
-7.358487455071689807e-11
-7.025864290202013021e-11
-6.699243413734410179e-11
-6.374098385096087558e-11
-6.057422381836384190e-11
-5.748615201547310656e-11
-5.451237066984782829e-11
-5.168843416260055262e-11
-4.903904640949006049e-11
-4.657213318874665126e-11
-4.427733612020111230e-11
-4.213065442122138055e-11
-4.010282098842459196e-11
-3.816830984423074569e-11
-3.631167146017292136e-11
-3.452883296134204458e-11
-3.282433321824972717e-11
-3.120598135733018040e-11
-2.967909458105897472e-11
-2.824337557739557183e-11
-2.689156258930761547e-11
-2.561372747403977893e-11
-2.440133758622074552e-11
-2.324986106164587852e-11
-2.215756589033732009e-11
-2.112375408801287931e-11
-2.014664147981590400e-11
-1.922248291171055543e-11
-1.834715708249383092e-11
-1.761124502290598750e-11
-1.681992481654948494e-11
-1.606975615919058627e-11
-1.535858712374966829e-11
-1.468396222645596716e-11
-1.404350376368817734e-11
-1.343516699945218942e-11
-1.285706583188223789e-11
-1.230743401604502033e-11
-1.178449720039028881e-11
-1.128665155273679800e-11
-1.081233622217616028e-11
-1.036013262077033159e-11
-9.928683321170804804e-12
-9.516750069379634347e-12
-9.123179423111477977e-12
-8.746861312022871177e-12
-8.386803811923824222e-12
-8.042044269572869996e-12
-7.711724937558304322e-12
-7.395009076310634038e-12
-7.091143066033512179e-12
-6.799401294179123800e-12
-6.524202621939897739e-12
-6.254604506144938775e-12
-5.995328003819846275e-12
-5.745858352635633885e-12
-5.505712889304230786e-12
-5.274459456532344464e-12
-5.051679066523894409e-12
-4.837003076417968360e-12
-4.630077802167297962e-12
-4.430588361788346257e-12
-4.238227067885825603e-12
-4.052727904284924253e-12
-3.873833705977418727e-12
-3.701307121515442765e-12
-3.534931715173816844e-12
-3.374535609604615592e-12
-3.219850802027193817e-12
-3.070765123723312422e-12
-2.927069959269048628e-12
-2.788641666580871995e-12
-2.655305600873591793e-12
-2.526930215700771482e-12
-2.403378258228706707e-12
-2.284514652578707877e-12
-2.170223131003132637e-12
-2.060369805004826327e-12
-1.954854089316683134e-12
-1.853544873249021599e-12
-1.756351688013539865e-12
-1.663145697067660257e-12
-1.573839066992575175e-12
-1.488318154157840117e-12
-1.406483181620489167e-12
-1.328234158395967893e-12
-1.253467941793231695e-12
-1.182088229948559193e-12
-1.113990177251852686e-12
-1.049082345564202720e-12
-9.872583321214596370e-13
-9.284305200745086273e-13
-8.724943209121857200e-13
-8.193597138520219553e-13
-7.689297282223158813e-13
-7.211094458283895632e-13
-6.723719724398807709e-13
-6.297213154738627513e-13
-5.893694233704768248e-13
-5.512628962359273187e-13
-5.152784697447376235e-13
-4.813474727941555018e-13
-4.493756125004203468e-13
-4.192700812604127985e-13
-3.909570964156796643e-13
-3.643399014310269867e-13
-3.393502095390170137e-13
-3.158929731295261074e-13
-2.939102209658612414e-13
-2.733066881635111143e-13
-2.540263926502607173e-13
-2.359871869191110307e-13
-2.191254031008221764e-13
-2.033769167056293525e-13
-1.886725091275836371e-13
-1.749598429464744905e-13
-1.621731075854076011e-13
-1.502630584668434158e-13
-1.391696261820283346e-13
-1.288513229340736412e-13
-1.192511185220993076e-13
-1.103300739687239822e-13
-1.020411697450207848e-13
-9.434401148270248184e-14
-8.720160985635694629e-14
-8.057367690657653295e-14
-7.443010237452839945e-14
-6.873447437021094934e-14
-6.345936053633105852e-14
-5.857233146147464281e-14
-5.405031551754169551e-14
-4.986438609183097062e-14
-4.599303445789104133e-14
-4.241298348217679396e-14
-3.910243891925589099e-14
-3.604457148547186821e-14
-3.321893022352655175e-14
-3.060979234350931827e-14
-2.820011450951804286e-14
-2.597644503301938523e-14
-2.392363634129426736e-14
-2.202977630769541176e-14
-2.028299781973582906e-14
-1.867242089100526640e-14
-1.718755018741734647e-14
-1.581848188812455210e-14
-1.455712824911110943e-14
-1.339449293996043933e-14
-1.232300716643062327e-14
-1.133631566276997263e-14
-1.042791136036584847e-14
-9.591132317304411493e-15
-8.820893884633758441e-15
-8.111739480469292211e-15
-7.458372233841656501e-15
-6.857708356229800488e-15
-6.304925557876270175e-15
-5.796288558556745472e-15
-5.328374903413679751e-15
-4.897846232900603278e-15
-4.501289179437712146e-15
-4.137153128309931000e-15
-3.802230199055859933e-15
-3.494264382764415629e-15
-3.210501513555979196e-15
-2.950147828843233717e-15
-2.710840723734116833e-15
-2.490822080260106900e-15
-2.288576123723151822e-15
-2.102080059141502813e-15
-1.931233603523323943e-15
-1.774210225570893953e-15
-1.629914923535147613e-15
-1.496699971605724843e-15
-1.374882294452687662e-15
-1.262956525760516098e-15
-1.160094901365130293e-15
-1.064996941485218905e-15
-9.782348433575255651e-16
-8.985365521248300127e-16
-8.246461870424547539e-16
-7.574427119795785433e-16
-6.957074745178222607e-16
-6.371824853849069079e-16
-5.852184469836335967e-16
-5.374920555806460075e-16
-4.936654397414034334e-16
-4.534103144385182402e-16
-4.165673693924298944e-16
-3.819025387874435192e-16
-3.507626188692146084e-16
-3.221626360641702172e-16
-2.944833857951277510e-16
