# bin_1_1
-3.323506345794411425e-10
-3.332532239954416785e-10
-3.341869970395664817e-10
-3.351530135745753974e-10
-3.361520468882132315e-10
-3.371871576437559818e-10
-3.382576537904138682e-10
-3.393638619583542202e-10
-3.405092055471074115e-10
-3.416939666490581891e-10
-3.429193623057271146e-10
-3.441924649457466168e-10
-3.454971639264761937e-10
-3.467908350070679959e-10
-3.482534443056028179e-10
-3.497015354742060554e-10
-3.511985754064107381e-10
-3.527457527815643162e-10
-3.543447850963270991e-10
-3.559972649810218689e-10
-3.577056020162842192e-10
-3.594703409512642343e-10
-3.612939541881622847e-10
-3.631763736273864316e-10
-3.651212846878394725e-10
-3.671299276619737932e-10
-3.692042309971005721e-10
-3.713459033879002826e-10
-3.735631972889607653e-10
-3.758391571589481468e-10
-3.781947603230543247e-10
-3.806256631412039623e-10
-3.831333537982394397e-10
-3.857236529694504581e-10
-3.883911848033444735e-10
-3.911442911507889072e-10
-3.939840720787782430e-10
-3.969104175331537879e-10
-3.999283095740607167e-10
-4.030394741714131536e-10
-4.062456304960495024e-10
-4.095506976848450907e-10
-4.128882614914002458e-10
-4.164573609155010163e-10
-4.200679080225530640e-10
-4.237854234277059806e-10
-4.276122411044507634e-10
-4.315521106315046944e-10
-4.356017768795666501e-10
-4.397764675152951756e-10
-4.441174854466901219e-10
-4.484789727783422533e-10
-4.530162713248899480e-10
-4.576805758074963431e-10
-4.624764263508237189e-10
-4.674015570531852805e-10
-4.724607971226816938e-10
-4.776648855176839851e-10
-4.829950994621370525e-10
-4.884722092716084213e-10
-4.940922919663563430e-10
-4.998593298375774847e-10
-5.057757250866360713e-10
-5.118379567127015004e-10
-5.180537575772240551e-10
-5.244226920390700280e-10
-5.309463327491605121e-10
-5.376253001274219874e-10
-5.444624091417250299e-10
-5.514568555548881887e-10
-5.586089752738340900e-10
-5.659218230042503848e-10
-5.733927876521979047e-10
-5.810215832060411424e-10
-5.888099907326243698e-10
-5.967549485860186583e-10
-6.048562879750248794e-10
-6.131133966739115272e-10
-6.215205218469431205e-10
-6.300793209065413856e-10
-6.387853138189364659e-10
-6.476379170261509582e-10
-6.566263236620413594e-10
-6.657514660500577214e-10
-6.750077473220032166e-10
-6.911039535966230136e-10
-6.938876570804692211e-10
-7.034997224720074377e-10
-7.132182347570769477e-10
-7.303479842203809126e-10
-7.329528834531068727e-10
-7.429249246309324557e-10
-7.529837723445200532e-10
-7.630956471321695109e-10
-7.732575741227023007e-10
-7.834548386468022808e-10
-7.936771266991071539e-10
-8.038991210394825075e-10
-8.141155339549435715e-10
-8.243037275598935076e-10
-8.344559279651270039e-10
-8.445405369338776168e-10
-8.545557163423844043e-10
-8.644714585040428323e-10
-8.742722158325647974e-10
-8.839370417988878733e-10
-8.934459845721694210e-10
-9.027737790499107516e-10
-9.119025809649242169e-10
-9.208045574986545388e-10
-9.294502241068387057e-10
-9.473356630853279123e-10
-9.458850014743586448e-10
-9.536151560505215363e-10
-9.703928271474225645e-10
-9.679518384664144644e-10
-9.745027771108867039e-10
-9.806100194433952056e-10
-9.862271954178192986e-10
-9.913413070253382194e-10
-9.959101854076366986e-10
-9.999044927564705910e-10
-1.003288772302586541e-09
-1.006047844821379519e-09
-1.008145324886452955e-09
-1.018863004633529605e-09
-1.010248139584746738e-09
-1.010207949037271717e-09
-1.009392822399073704e-09
-1.007789235876347500e-09
-1.005371643864568258e-09
-1.002129210541310848e-09
-9.980423176647235408e-10
-9.930969533315237593e-10
-9.872853603129855181e-10
-9.805998522394695601e-10
-9.730402621437385454e-10
-9.645928314694132230e-10
-9.552739679526763416e-10
-9.450874113626850700e-10
-9.340430617864661006e-10
-9.221583383658866016e-10
-9.094551579599003931e-10
-8.959635159511711807e-10
-8.817173600466508745e-10
-8.667595318589476905e-10
-8.511367368245991857e-10
-8.348994034528226861e-10
-8.181021737663034072e-10
-8.008035781907321334e-10
-7.830624394011585579e-10
-7.649423560560339774e-10
-7.465082588152994605e-10
-7.278266043149769224e-10
-7.089640597702298970e-10
-6.899891543579229409e-10
-6.709699329805666751e-10
-6.519725412661788225e-10
-6.330634019867115715e-10
-6.143047672862835456e-10
-5.957552742003229997e-10
-5.774671108931362944e-10
-5.594845511324276482e-10
-5.418451649080950793e-10
-5.245790453552716408e-10
-5.077088684042924243e-10
-4.912477108293616483e-10
-4.752003525206154518e-10
-4.595608279877502828e-10
-4.443157717512623816e-10
-4.294442023638130081e-10
-4.149182137579829956e-10
-4.007065577378538448e-10
-3.867749465736352772e-10
-3.730910796504064904e-10
-3.596246254558638066e-10
-3.463508193169721849e-10
-3.332514482937867608e-10
-3.203161808849404929e-10
-3.075436563739835503e-10
-2.949438811113848093e-10
-2.825387636610292673e-10
-2.703594001436847880e-10
-2.584446858789901637e-10
-2.468384326797692955e-10
-2.355842271501460698e-10
-2.247214456843259789e-10
-2.142809185790022683e-10
-2.042813863011771104e-10
-1.947277175610442490e-10
-1.856128002935744451e-10
-1.769195937182208529e-10
-1.686271721737032623e-10
-1.607034092330031510e-10
-1.531265160544007970e-10
-1.458763736160361806e-10
-1.389381035189856638e-10
-1.323019132032660490e-10
-1.259622097495754574e-10
-1.199147419511613567e-10
-1.141533957217531766e-10
-1.086691479575629177e-10
-1.034503350411487151e-10
-9.848234837277901498e-11
-9.374969934334521111e-11
-8.923861041047211240e-11
-8.493748518522667246e-11
-8.083898282451385584e-11
-7.694008555047570703e-11
-7.324057360554130116e-11
-6.973871701264649197e-11
-6.642972249719193026e-11
-6.330519602786835280e-11
-6.035357408180800624e-11
-5.756092836755672820e-11
-5.491322028733067103e-11
-5.239917426123246123e-11
-5.001128696924326977e-11
-4.774487203952213011e-11
-4.559678198782424374e-11
-4.356376004886015177e-11
-4.164075005773984123e-11
-3.982079312351310023e-11
-3.809611827617176481e-11
-3.645970068927130048e-11
-3.490573253362348389e-11
-3.342989740110435081e-11
-3.202822718772517198e-11
-3.069679145156639789e-11
-2.943131135120618251e-11
-2.822755192419478200e-11
-2.708142940149261804e-11
-2.598923479160822670e-11
-2.494778306981680460e-11
-2.395398327183458170e-11
-2.300494516664996440e-11
-2.209772642082904692e-11
-2.122980302275048475e-11
-2.039870806122204040e-11
-1.960228310547132328e-11
-1.883836727736898214e-11
-1.810499642011119986e-11
-1.740036911259964335e-11
-1.672279015172265024e-11
-1.607074716944740306e-11
-1.544275395189540245e-11
-1.483754438491715147e-11
-1.425384951356210760e-11
-1.369061555231997175e-11
-1.314677239075201322e-11
-1.262141790557309399e-11
-1.211368463481094447e-11
-1.162278578205000783e-11
-1.114802171980371862e-11
-1.068872198178354387e-11
-1.024431572801209992e-11
-9.814239008728824041e-12
-9.397951706489047454e-12
-8.995136494373876112e-12
-8.605330788587528942e-12
-8.228138917717658096e-12
-7.863231323237199927e-12
-7.510290495171670616e-12
-7.169019044546674021e-12
-6.839156958376376990e-12
-6.520440468337309273e-12
-6.212644069376762381e-12
-5.915531794032349664e-12
-5.622461112221089977e-12
-5.346449802296022744e-12
-5.080329941201207924e-12
-4.824298283427058966e-12
-4.577686810677102172e-12
-4.340842591563475675e-12
-4.113034096809626010e-12
-3.894566802066446819e-12
-3.684858720264061195e-12
-3.483968303792866229e-12
-3.291617307547972724e-12
-3.107547285908210536e-12
-2.931724903299379867e-12
-2.763698063038955142e-12
-2.603565202955775669e-12
-2.450763234943069011e-12
-2.305454332906782094e-12
-2.167060498918608512e-12
-2.035667764422570368e-12
-1.910842192316487333e-12
-1.792466443713160475e-12
-1.680312512019654615e-12
-1.574085058229770144e-12
-1.473677430439662659e-12
-1.378707656004730194e-12
-1.289142316409509040e-12
-1.204553773184946733e-12
-1.124936843776379556e-12
-1.049883934903918100e-12
-9.856384282173055915e-13
-9.187226849690148180e-13
-8.561627281473436899e-13
-7.971305470694654665e-13
-7.421143084156677112e-13
-6.902386517569501230e-13
-6.419500311503706026e-13
-5.965409815921462782e-13
-5.542265089409429882e-13
-5.146373908846999010e-13
-4.776406534071754658e-13
-4.432221979438564026e-13
-4.109730858506877168e-13
-3.811070205321143577e-13
-3.530883178522332262e-13
-3.272015696467993985e-13
-3.029361728667506098e-13
-2.805165824564049023e-13
-2.595710565276444827e-13
-2.401672518522761555e-13
-2.221449218752556055e-13
-2.053802339901491847e-13
-1.898981873639178259e-13
-1.754495552403577997e-13
-1.621583197769981726e-13
-1.497388168306806682e-13
-1.383307497140126592e-13
-1.276831675289746142e-13
-1.178903415631374307e-13
-1.087850165812076457e-13
-1.003794114549268789e-13
-9.261463046885405988e-14
-8.540995715024086968e-14
-7.879023792442214531e-14
-7.262764297941974588e-14
-6.698367306362337097e-14
-6.172355215349493199e-14
-5.690866639419926684e-14
-5.242878814358556613e-14
-4.831815953031145283e-14
-4.451193214068289509e-14
-4.100213435823400818e-14
-3.777263394986331909e-14
-3.477772814198382103e-14
-3.203741444000564830e-14
-2.948982228936661530e-14
-2.716281859257659656e-14
-2.499779719101867321e-14
-2.301982768092823567e-14
-2.118385677898858017e-14
-1.950072643176163280e-14
-1.794649666670122967e-14
-1.651394251366434630e-14
-1.519985626244738882e-14
-1.398057502976487190e-14
-1.286817176209198091e-14
-1.183464812114449939e-14
-1.089275180591797754e-14
-1.001696213629568647e-14
-9.217367022185321287e-15
-8.476808333467633043e-15
-7.798049959362508664e-15
-7.172291155410312812e-15
-6.594171463156972587e-15
-6.066648130343813609e-15
-5.577171322309019163e-15
-5.130924275407171521e-15
-4.716981493757890492e-15
-4.339103863300055175e-15
-3.988566790509760173e-15
-3.667620127697664682e-15
-3.371297646832738655e-15
-3.100246841925245820e-15
-2.850856815220820039e-15
-2.620272986514360633e-15
-2.410359450009119315e-15
-2.215034812091844890e-15
-2.036118520168789325e-15
-1.871369160775796214e-15
-1.720879246415299105e-15
-1.581914075848516498e-15
-1.454433490322538218e-15
-1.337087985523800454e-15
-1.227694538378681208e-15
-1.128650684160429128e-15
-1.037642229229551530e-15
-9.539204175689774564e-16
-8.770043631018129673e-16
-8.062436876237369633e-16
-7.395407557815099491e-16
-6.798788601838552987e-16
-6.250377655841545611e-16
-5.746187864663896529e-16
-5.263490200890410403e-16
-4.838906370111542798e-16
-4.448575339222464426e-16
-4.089735466880876617e-16
-3.759843370981233964e-16
-3.435538604023899867e-16
-3.158388756198183927e-16
-2.903598288958063740e-16
-2.669363820767333931e-16
-2.419657444554390050e-16
