# bin_3_1
-5.391842797805694901e-10
-5.412704786710258832e-10
-5.434293897038664725e-10
-5.456640598770991045e-10
-5.479796930238746051e-10
-5.503781385025522513e-10
-5.528643698961226781e-10
-5.554353481746310361e-10
-5.580934648111667754e-10
-5.608497698567057354e-10
-5.637034316852106209e-10
-5.666635306648522012e-10
-5.697157603036260593e-10
-5.728202634303578218e-10
-5.761628888413174044e-10
-5.795541554104263719e-10
-5.830640892961562268e-10
-5.866919803059999559e-10
-5.904506394236813680e-10
-5.943403539478419426e-10
-5.983650138084287456e-10
-6.025290886879713655e-10
-6.068374910573423064e-10
-6.112930711199623194e-10
-6.159025291611370257e-10
-6.206702103094460884e-10
-6.256012430797020220e-10
-6.307006361087477639e-10
-6.359800594447549812e-10
-6.414309235408934267e-10
-6.470680812797210424e-10
-6.528957432250349706e-10
-6.589192142042835320e-10
-6.651430566478931922e-10
-6.715814965565089764e-10
-6.782261194190485438e-10
-6.851030140330161771e-10
-6.921964131154770133e-10
-6.995361686919914413e-10
-7.071126227466749780e-10
-7.149377404162839967e-10
-7.230203153293261497e-10
-7.312930715784959325e-10
-7.399776878461126856e-10
-7.488717998450464012e-10
-7.580458590093435247e-10
-7.675264811069827994e-10
-7.773042282369022832e-10
-7.873878436944369781e-10
-7.977984232979407387e-10
-8.085321117141009216e-10
-8.196025579894149661e-10
-8.310179183807705100e-10
-8.427869405748780755e-10
-8.549202884074433633e-10
-8.674225350655867481e-10
-8.803050384215782604e-10
-8.935855376559405408e-10
-9.072513599591253914e-10
-9.213309286855251883e-10
-9.358270569237657570e-10
-9.507507725867364301e-10
-9.661118086045312979e-10
-9.819130096372870313e-10
-9.981700380691222737e-10
-1.014889386138276259e-09
-1.032079789502906547e-09
-1.049749017593885657e-09
-1.067906995648931504e-09
-1.086560006667733986e-09
-1.105715345946659230e-09
-1.125382989204066939e-09
-1.145567314269288228e-09
-1.166275058956634851e-09
-1.187511710873493973e-09
-1.209283710838571685e-09
-1.231595815445465542e-09
-1.254444601957980847e-09
-1.277855446354288477e-09
-1.301796206557767977e-09
-1.326315955065199513e-09
-1.351377402771173690e-09
-1.376987887133961171e-09
-1.403151282928149858e-09
-1.429865139030250887e-09
-1.457124474920787746e-09
-1.484932014197978438e-09
-1.513259124640038847e-09
-1.542124685373107601e-09
-1.571509684911697050e-09
-1.601419306173211504e-09
-1.631797572891809381e-09
-1.662679899454284197e-09
-1.694022837523502665e-09
-1.725817812150458359e-09
-1.758042707487510581e-09
-1.790677417430927717e-09
-1.823685990094480838e-09
-1.857068944940369205e-09
-1.890734037716733717e-09
-1.924712410283768701e-09
-1.958940422157112160e-09
-1.993391232929064518e-09
-2.028019850829772735e-09
-2.062793504361280773e-09
-2.097663684751238405e-09
-2.132585755183168172e-09
-2.167516451763688945e-09
-2.202402081706654266e-09
-2.237186895502925118e-09
-2.271812187910084622e-09
-2.306201005564036249e-09
-2.340293018054078497e-09
-2.374014387026574868e-09
-2.407283483193496788e-09
-2.440042227668065760e-09
-2.472209968569001277e-09
-2.503722979515855895e-09
-2.534485821890520043e-09
-2.564427230534770064e-09
-2.593441133603356284e-09
-2.621423922214431900e-09
-2.648276282780928541e-09
-2.673898900199296451e-09
-2.698184411092752203e-09
-2.721031753471289705e-09
-2.742333789093013114e-09
-2.761992922304435099e-09
-2.779895075897015302e-09
-2.795941144287079290e-09
-2.810027720346351112e-09
-2.822052026654558936e-09
-2.831921530577089037e-09
-2.839523447009890561e-09
-2.844790519743131361e-09
-2.847618989522924806e-09
-2.847926272162604814e-09
-2.845643878675878666e-09
-2.840694277951882274e-09
-2.833014006734045060e-09
-2.822544451399831368e-09
-2.809243187959206104e-09
-2.793065962504314479e-09
-2.773997876512196465e-09
-2.752036991884947719e-09
-2.727198935442143096e-09
-2.699526194522396037e-09
-2.669073161258519093e-09
-2.635905443286000837e-09
-2.600104475520564122e-09
-2.561757806654232697e-09
-2.520969893508469154e-09
-2.477863917163999329e-09
-2.432585763322530892e-09
-2.385303174556681445e-09
-2.336204586711713287e-09
-2.285496279737438801e-09
-2.233400836389549959e-09
-2.180160322743538708e-09
-2.126027954104890528e-09
-2.071260983576329402e-09
-2.016109037260093927e-09
-1.960807714905283508e-09
-1.905578453101106602e-09
-1.850627794951243543e-09
-1.796148093590413242e-09
-1.742318101950674124e-09
-1.689302464571353216e-09
-1.637242834226442754e-09
-1.586254059764361957e-09
-1.536417541899004396e-09
-1.487777036926615452e-09
-1.440342407468264010e-09
-1.394092546754932280e-09
-1.348978930160072910e-09
-1.304932996693904971e-09
-1.261871195229084729e-09
-1.219701791174491364e-09
-1.178328263190465098e-09
-1.137653714823119628e-09
-1.097589630215004235e-09
-1.058064572068151351e-09
-1.019027823712166098e-09
-9.804547445861404499e-10
-9.423479273828770970e-10
-9.047360117369273232e-10
-8.676659357139031390e-10
-8.311966289806215578e-10
-7.953918500716461980e-10
-7.603173227010374914e-10
-7.260434474437530729e-10
-6.926420247047793666e-10
-6.601869668529016290e-10
-6.287575384365134674e-10
-5.984394650797555639e-10
-5.693223393185012334e-10
-5.414918963395002218e-10
-5.150198377380067413e-10
-4.899526698696822976e-10
-4.663020948910713340e-10
-4.440289901664960662e-10
-4.230402638474045294e-10
-4.031997779146332826e-10
-3.843412309869616503e-10
-3.662924883194739265e-10
-3.489064746694316415e-10
-3.320787071702654245e-10
-3.157637293410550752e-10
-2.999783200948487623e-10
-2.847937440610879563e-10
-2.703036629727429394e-10
-2.565950977694421438e-10
-2.437202005508036712e-10
-2.316772578304935304e-10
-2.204079574076096044e-10
-2.098103371126399801e-10
-1.997764478072708968e-10
-1.902176028898106334e-10
-1.810834983248748233e-10
-1.723620868476888130e-10
-1.640689928116037628e-10
-1.562250683272750006e-10
-1.488362746530637539e-10
-1.418844334229735059e-10
-1.353250391722201394e-10
-1.291300116187175377e-10
-1.232580461185087373e-10
-1.176883243600489714e-10
-1.124095635245745144e-10
-1.074134283853699365e-10
-1.026881724625197337e-10
-9.821693504896967960e-11
-9.398118883830574810e-11
-8.996468206708768897e-11
-8.615344014189885619e-11
-8.253533644058237541e-11
-7.909883955203244818e-11
-7.583293260495259322e-11
-7.272695676106943423e-11
-6.977100465855240628e-11
-6.695529667714441461e-11
-6.427065915409909577e-11
-6.170872270623054607e-11
-5.926176546850389503e-11
-5.692253296139828295e-11
-5.468412304989128309e-11
-5.254024580025457777e-11
-5.048497979954633214e-11
-4.851294406368890270e-11
-4.661902767367356883e-11
-4.479863091800536746e-11
-4.304745324773993352e-11
-4.136153699252493214e-11
-3.973722376743449055e-11
-3.817112994941170365e-11
-3.666018885287388077e-11
-3.520156313036936697e-11
-3.379622569662264540e-11
-3.243461968309296386e-11
-3.111831701295230030e-11
-2.984534675001791645e-11
-2.861396036179981745e-11
-2.742254187033484217e-11
-2.626962560221445671e-11
-2.515388405349276344e-11
-2.407409749474257972e-11
-2.302916887789936444e-11
-2.201807979902637137e-11
-2.103992702334811213e-11
-2.009384774954073862e-11
-1.917908389611837069e-11
-1.829490297184168187e-11
-1.744063731008527638e-11
-1.661565307283850148e-11
-1.581934916164941474e-11
-1.505115472449982961e-11
-1.431039813045208618e-11
-1.359679819265617597e-11
-1.290970261850600788e-11
-1.224861512738020492e-11
-1.161302138875313876e-11
-1.100242308076450501e-11
-1.041631044463371821e-11
-9.854173034883610700e-12
-9.315491786945012442e-12
-8.799742341657320861e-12
-8.306337506619334023e-12
-7.834847902358843530e-12
-7.384670677201890432e-12
-6.955244378252095171e-12
-6.546010398065664110e-12
-6.156384924432234297e-12
-5.785788461041180605e-12
-5.433627268964189271e-12
-5.099307041998236358e-12
-4.782228459437956128e-12
-4.481790388695688214e-12
-4.197391602634681590e-12
-3.928434904968633272e-12
-3.674320719395724580e-12
-3.432839328435746934e-12
-3.206717345552286174e-12
-2.993663195848452620e-12
-2.793100583577988374e-12
-2.604459912940117784e-12
-2.427184515221553001e-12
-2.260727001773627993e-12
-2.104553852274075161e-12
-1.958145653056502646e-12
-1.820939893931895576e-12
-1.692572592860736826e-12
-1.572503996463443313e-12
-1.460279984938447529e-12
-1.355459926663814348e-12
-1.257622477778327882e-12
-1.166357427634246142e-12
-1.081280881944446717e-12
-1.002017965602600432e-12
-9.270638805049939135e-13
-8.584780754599744114e-13
-7.946946084179447153e-13
-7.353956385165624452e-13
-6.803064341128663606e-13
-6.303263925109690073e-13
-5.826169835754251988e-13
-5.385752297083802884e-13
-4.975751366159073079e-13
-4.596471566218362036e-13
-4.245068793431175002e-13
-3.918973985062375668e-13
-3.618120624777950466e-13
-3.338341784517301228e-13
-3.080960158802110603e-13
-2.841405970849659753e-13
-2.621295037967369780e-13
-2.416628157769649146e-13
-2.228371887389506618e-13
-2.053919062867264467e-13
-1.892980588959193466e-13
-1.744522212466228612e-13
-1.607083694611405327e-13
-1.480799239733307455e-13
-1.363653227607262885e-13
-1.256248127827030099e-13
-1.156535873310654931e-13
-1.065161483815048683e-13
-9.804404121272600128e-14
-9.026624300696939471e-14
-8.308131734373291873e-14
-7.646212981648298819e-14
-7.037504937496236313e-14
-6.474587794565691132e-14
-5.958752484229873979e-14
-5.480895143956643717e-14
-5.043776685404107619e-14
-4.638542382694152670e-14
-4.267704497730411485e-14
-3.924601667150458108e-14
-3.609888667399840674e-14
-3.319772651068794410e-14
-3.052502681254434258e-14
-2.807432417423548555e-14
-2.580885762586005313e-14
-2.373617211327306724e-14
-2.181832767033535592e-14
-2.006456385562175303e-14
-1.844124672352094284e-14
-1.695592741789403392e-14
-1.558358451448874622e-14
-1.432634354216613252e-14
-1.316919407418301756e-14
-1.210255933790879610e-14
-1.112708287980910713e-14
-1.022404929768046286e-14
-9.398301936688553750e-15
-8.635525256871182989e-15
-7.938107541360072300e-15
-7.294282428711402248e-15
-6.704168600908660172e-15
-6.160592298171187476e-15
-5.660090363128728030e-15
-5.201098309164297675e-15
-4.779987811971936307e-15
-4.392207066526077619e-15
-4.036623105418788051e-15
-3.709151109063046759e-15
-3.406739986935397476e-15
-3.130484922174087087e-15
-2.876698389443300345e-15
-2.643457112763976024e-15
-2.426848542449507624e-15
-2.230095734232371748e-15
-2.049302332487683479e-15
-1.883178361381324893e-15
-1.730522436132672244e-15
-1.587630771160339828e-15
-1.458929783626334479e-15
-1.340662753975733607e-15
-1.231984040709666189e-15
-1.127589101198254680e-15
