# bin_2_1
-4.448117127273675128e-10
-4.463562336247579753e-10
-4.479534551648664785e-10
-4.496052303204759918e-10
-4.513184066127586177e-10
-4.530917076356628319e-10
-4.549253150559255419e-10
-4.568240356187879816e-10
-4.587923066664136658e-10
-4.608278277179221698e-10
-4.629346429297969708e-10
-4.651209073993498029e-10
-4.673697386790981203e-10
-4.696452698973539669e-10
-4.721211347079839533e-10
-4.746207641149732583e-10
-4.772069983039708175e-10
-4.798842682376031943e-10
-4.826517715971042057e-10
-4.855223223399591118e-10
-4.884740275087281733e-10
-4.915357635208822555e-10
-4.947062351265909145e-10
-4.979803226079899906e-10
-5.013641147630417495e-10
-5.048646670458743394e-10
-5.084831576990932116e-10
-5.122242733735550176e-10
-5.160968904275523990e-10
-5.200862941628490153e-10
-5.242154282152805763e-10
-5.284819213844779278e-10
-5.328893028946345860e-10
-5.374454977476811315e-10
-5.421472761366527586e-10
-5.470052062080616102e-10
-5.520226643622701182e-10
-5.572018731010582979e-10
-5.625502232001636120e-10
-5.680719028425123619e-10
-5.737711549252411232e-10
-5.796544913027427768e-10
-5.856610080926678909e-10
-5.919838648315621512e-10
-5.984443531637404306e-10
-6.051079656305576351e-10
-6.119799405619945025e-10
-6.190669932629887151e-10
-6.263688937876013952e-10
-6.339039796616036167e-10
-6.417169084853484638e-10
-6.496643922138937176e-10
-6.579058264906580135e-10
-6.663950992742425705e-10
-6.751405296361193097e-10
-6.841431331691356827e-10
-6.934112053604336935e-10
-7.029590163723860834e-10
-7.127713570011433051e-10
-7.228726105593060826e-10
-7.332624697087909109e-10
-7.439485629765012767e-10
-7.549369480093271353e-10
-7.662277589352266451e-10
-7.778324211606089670e-10
-7.897541699517222788e-10
-8.019982285995898361e-10
-8.145685901189938973e-10
-8.274724364599924218e-10
-8.407117617131254467e-10
-8.542906405818721485e-10
-8.682153098341269405e-10
-8.824872778518450376e-10
-8.971099166407725612e-10
-9.120845782921937565e-10
-9.274155802892719320e-10
-9.431036780136901971e-10
-9.591509346438136190e-10
-9.755547335045882573e-10
-9.923187749869813809e-10
-1.009441334762703009e-09
-1.026921995886416155e-09
-1.044752549959962930e-09
-1.062935406499372968e-09
-1.081466311126262127e-09
-1.100338159714597894e-09
-1.119543980914199796e-09
-1.139080316670489817e-09
-1.158938918771162483e-09
-1.179110111934759477e-09
-1.199598184219596610e-09
-1.220349660705186325e-09
-1.241396644744519188e-09
-1.262701531494347049e-09
-1.284256503176695935e-09
-1.306042159337539043e-09
-1.328041944174690445e-09
-1.350223966402775792e-09
-1.372593452589998633e-09
-1.395066157163890168e-09
-1.417673771143478730e-09
-1.440364827695445641e-09
-1.463118299355344943e-09
-1.485899300265465825e-09
-1.508680343372800069e-09
-1.531422029842231653e-09
-1.554096260946248016e-09
-1.576664800539352667e-09
-1.599085872735467584e-09
-1.621323820909000354e-09
-1.643329281232331659e-09
-1.665043059090511251e-09
-1.686428917739662888e-09
-1.707431509328104217e-09
-1.727992070951906694e-09
-1.748064034645514999e-09
-1.767594368796027163e-09
-1.786529574125721896e-09
-1.804796895816285336e-09
-1.822346585728544087e-09
-1.839106868213964221e-09
-1.855006705076494243e-09
-1.869975689520705311e-09
-1.883952596339458088e-09
-1.896865557518295991e-09
-1.908649137096630290e-09
-1.919232274704888118e-09
-1.928554160405780736e-09
-1.936538726565639923e-09
-1.943125783879496830e-09
-1.948251575474386689e-09
-1.951853599465760796e-09
-1.953874265158739134e-09
-1.954258178512316485e-09
-1.952956948382625024e-09
-1.949923172229339516e-09
-1.945112648264161623e-09
-1.938489323348175515e-09
-1.930018838470796291e-09
-1.919676037620919238e-09
-1.907439347067120690e-09
-1.893296892821627704e-09
-1.877245840282796904e-09
-1.859300834598580910e-09
-1.839478332933855514e-09
-1.817816992329933969e-09
-1.794371084925793061e-09
-1.769201497325462981e-09
-1.742372796387085307e-09
-1.713970522848459168e-09
-1.684079998367964627e-09
-1.652793528643487535e-09
-1.620226609650418266e-09
-1.586499302821442589e-09
-1.551743855512458002e-09
-1.516102557825517321e-09
-1.479725129243034030e-09
-1.440804265706635482e-09
-1.405393057426349561e-09
-1.367768177530004241e-09
-1.330056066077723283e-09
-1.292410743204438627e-09
-1.254973499348983772e-09
-1.217874434939698596e-09
-1.181231531649679027e-09
-1.145150876347379394e-09
-1.109733606098296176e-09
-1.075038116887473771e-09
-1.041129853254187731e-09
-1.008044176540457061e-09
-9.757915284181740255e-10
-9.443591468324325837e-10
-9.137158735424841371e-10
-8.838111656026567977e-10
-8.545853444675833249e-10
-8.259685275689736266e-10
-7.978896799870987158e-10
-7.702795443148046203e-10
-7.430739988246080228e-10
-7.162188783429840511e-10
-6.896751893143249864e-10
-6.634244611006567443e-10
-6.374705360872297331e-10
-6.118394892925220705e-10
-5.865780966435032881e-10
-5.617484722864516595e-10
-5.374207571436403606e-10
-5.136656646331569468e-10
-4.905473976928846267e-10
-4.681195295784754886e-10
-4.464254257503264528e-10
-4.254962911844927503e-10
-4.053527593136445521e-10
-3.860084371756769700e-10
-3.674736669075056485e-10
-3.497581544643272870e-10
-3.328672280343622580e-10
-3.168030757563906301e-10
-3.015592739080887289e-10
-2.871138652810562291e-10
-2.734371883546708970e-10
-2.604692633614924301e-10
-2.481407294565438661e-10
-2.363748546363814823e-10
-2.250985550519666425e-10
-2.142548884025168274e-10
-2.038082847103964457e-10
-1.937493932496673120e-10
-1.840950148635352976e-10
-1.748801890906540519e-10
-1.661416885063665731e-10
-1.579041415633134851e-10
-1.501702674870778485e-10
-1.429166303925049707e-10
-1.360966839329052858e-10
-1.296512314979100534e-10
-1.235270789568396150e-10
-1.176886613476832487e-10
-1.121205543096470421e-10
-1.068232272188385096e-10
-1.018046140979466900e-10
-9.706849775961651195e-11
-9.260706089565388676e-11
-8.840094215523582304e-11
-8.442533788898213499e-11
-8.065729146290813524e-11
-7.708141504290708913e-11
-7.368897791094279909e-11
-7.047423792020915692e-11
-6.743017270508356082e-11
-6.454715818372400043e-11
-6.181561798260431735e-11
-5.922032385947691259e-11
-5.675450294887051177e-11
-5.441063554103454753e-11
-5.218175675027989939e-11
-5.006062135544553472e-11
-4.804037842238736056e-11
-4.611452178201276605e-11
-4.427723179626407044e-11
-4.252283714314559063e-11
-4.084604746975022733e-11
-3.924196528292339138e-11
-3.770603175589914520e-11
-3.623405285519703918e-11
-3.482202250453456869e-11
-3.346634284764048243e-11
-3.216357376900774956e-11
-3.091066763328095019e-11
-2.970469609224691832e-11
-2.854305716650898509e-11
-2.742330115262762802e-11
-2.634318461638246336e-11
-2.530066147417082959e-11
-2.429382810807482789e-11
-2.332098799154129147e-11
-2.238055053739454366e-11
-2.147112338927222056e-11
-2.059137682607784142e-11
-1.974016539561499244e-11
-1.891639290855217471e-11
-1.811910023831170242e-11
-1.734739788424963515e-11
-1.660047295715040724e-11
-1.587759801021396539e-11
-1.517809037807963201e-11
-1.450134457631261275e-11
-1.384678277676120251e-11
-1.321390038273324115e-11
-1.260219525995666100e-11
-1.201123205274536669e-11
-1.144059720663124559e-11
-1.088984238416234293e-11
-1.035849460277632071e-11
-9.846401968712286799e-12
-9.353088105553733645e-12
-8.878190543772347880e-12
-8.421365846706393103e-12
-7.982259594432812882e-12
-7.560531441824212181e-12
-7.155821773948635177e-12
-6.767782539794200289e-12
-6.396049086666342774e-12
-6.040269538932609981e-12
-5.699980116003430363e-12
-5.374945864791891969e-12
-5.064712298000258001e-12
-4.768886972011052892e-12
-4.487074125853037824e-12
-4.218865258592202358e-12
-3.963687262936655722e-12
-3.721455365828435770e-12
-3.491586537786335849e-12
-3.273660321099008348e-12
-3.067253805138820432e-12
-2.871942515490113536e-12
-2.687304805880523520e-12
-2.512922929638301620e-12
-2.344646401595461414e-12
-2.193256041098742980e-12
-2.043921675691178666e-12
-1.906636967955675289e-12
-1.777588329689548561e-12
-1.656294313811152628e-12
-1.542500700364604635e-12
-1.435700062278843557e-12
-1.335674486000372307e-12
-1.241949634814446834e-12
-1.154275581771388620e-12
-1.072287658581821064e-12
-9.956646983789692537e-13
-9.241241823787698305e-13
-8.573471690913360580e-13
-7.950841649851885818e-13
-7.370232036599812372e-13
-6.829743959671241227e-13
-6.326255370503518590e-13
-5.876923231361256208e-13
-5.439414964425493885e-13
-5.034245861047395836e-13
-4.655912517636930076e-13
-4.306880532628999973e-13
-3.980620945250751196e-13
-3.680184457976399068e-13
-3.399612392193448903e-13
-3.141081480572920688e-13
-2.900471035205891364e-13
-2.678115873818938197e-13
-2.472333612025713189e-13
-2.281383648322120477e-13
-2.105532453228183782e-13
-1.941896358649394586e-13
-1.791679082034729314e-13
-1.651746080967191638e-13
-1.523417983019537170e-13
-1.404023077348890691e-13
-1.294348046366946129e-13
-1.192721862529175187e-13
-1.099005650415966322e-13
-1.012640883850809472e-13
-9.326375472347495523e-14
-8.592577641916886205e-14
-7.911114526742308225e-14
-7.287490466481959313e-14
-6.707830390846191123e-14
-6.177501671446372755e-14
-5.685398492554613475e-14
-5.234035566694916087e-14
-4.817064599102880423e-14
-4.432909447743430035e-14
-4.079984724060960905e-14
-3.753220860472312362e-14
-3.454327178324067669e-14
-3.177036592756204304e-14
-2.923844738142927921e-14
-2.688772826988789645e-14
-2.473941941454985239e-14
-2.275021360793830127e-14
-2.092668377214057524e-14
-1.924550715855052916e-14
-1.769560247287014201e-14
-1.627662339363539132e-14
-1.496292454007596469e-14
-1.376300317190252584e-14
-1.265113416467335023e-14
-1.163565930223915521e-14
-1.069448959910905500e-14
-9.833902090678406504e-15
-9.038345256594242823e-15
-8.310041573217206843e-15
-7.639739602812468044e-15
-7.021213255820333853e-15
-6.456559677251890426e-15
-5.932714765331910907e-15
-5.454054618142511335e-15
-5.011737712975280492e-15
-4.607696776068175349e-15
-4.234474925336208039e-15
-3.892432590904433319e-15
-3.577336696380712940e-15
-3.286479684474353744e-15
-3.020437126282567485e-15
-2.776268554536641161e-15
-2.551472455033565612e-15
-2.345227390981581325e-15
-2.155339500623182883e-15
-1.979181183609347610e-15
-1.818981417921723036e-15
-1.671793233483221545e-15
-1.536498076380574003e-15
-1.410014008444193808e-15
-1.295917885938973789e-15
-1.191057421494314701e-15
-1.094685443495485938e-15
-1.006112011798328071e-15
-9.222841075700046212e-16
-8.476566962795604479e-16
-7.790682027014814692e-16
-7.160300693551888516e-16
-6.536967430870203379e-16
