# bin_3
2.197302911125225203e-02
1.737877286745352287e-02
1.737877286745352287e-02
1.856843911876918801e-02
1.856843911876918801e-02
1.878319517935000266e-02
1.878319517935000266e-02
1.922375764248529170e-02
1.922375764248529170e-02
2.081867153104282817e-02
2.081867153104282817e-02
2.166796878926780662e-02
2.166796878926780662e-02
2.573262175075025429e-02
2.573262175075025429e-02
2.703931770491797143e-02
2.888348010597320201e-02
2.888348010597320201e-02
3.258686190884333561e-02
3.258686190884333561e-02
3.276280527477054560e-02
3.276280527477054560e-02
3.532887568543195689e-02
3.532887568543194995e-02
3.708883075174893712e-02
3.708883075174893018e-02
4.054544495857708569e-02
4.054544495857707181e-02
4.725002652043533424e-02
4.725002652043534118e-02
5.381050921404396947e-02
5.381050921404397641e-02
5.790325346298180742e-02
5.790325346298181436e-02
6.632772758194829810e-02
6.632772758194829810e-02
7.263745968141925580e-02
7.263745968141924192e-02
7.623972528234031210e-02
7.623972528234029822e-02
8.165610998137218246e-02
8.165610998137216858e-02
8.791159687194961825e-02
8.791159687194961825e-02
9.400902062449228991e-02
9.400902062449231766e-02
9.630284424948537536e-02
9.630284424948537536e-02
9.315583198946916776e-02
9.315583198946918164e-02
9.542876560203848724e-02
9.542876560203848724e-02
9.537948918209483706e-02
9.537948918209482319e-02
9.538396797319510789e-02
9.538396797319510789e-02
9.332547273177407843e-02
9.332547273177412006e-02
9.544193434463739412e-02
9.544193434463739412e-02
9.698786334988289404e-02
9.698786334988289404e-02
1.008113147651469865e-01
1.008113147651469865e-01
1.010859199441885015e-01
1.010859199441885015e-01
1.009777867105445398e-01
1.009777867105445398e-01
1.038586722231114590e-01
1.038586722231114728e-01
1.004286879452640224e-01
1.004286879452640224e-01
9.670529498649362010e-02
9.670529498649362010e-02
9.195125934580992977e-02
9.195125934580991589e-02
9.144044470708953543e-02
9.144044470708956318e-02
8.558475432055033527e-02
8.558475432055033527e-02
8.007081470484778141e-02
8.007081470484776753e-02
7.218451160547088852e-02
7.218451160547088852e-02
6.945540641081304756e-02
6.945540641081306144e-02
6.537535081308482043e-02
6.537535081308483431e-02
6.067997006180227831e-02
6.067997006180227831e-02
5.716643407431499374e-02
5.716643407431499374e-02
5.654594033383616297e-02
5.654594033383616991e-02
5.584336391339349975e-02
5.584336391339349975e-02
5.727022091725015446e-02
5.727022091725015446e-02
5.914497942755560927e-02
5.914497942755560927e-02
6.001716034649547810e-02
6.001716034649545728e-02
6.142958438898114826e-02
6.142958438898115520e-02
6.211111396063456747e-02
6.211111396063457440e-02
6.743220204357813774e-02
6.743220204357813774e-02
7.570150984818986573e-02
7.570150984818986573e-02
8.579714966423128419e-02
8.579714966423128419e-02
9.577244627577681524e-02
9.577244627577681524e-02
1.043153565433403290e-01
1.043153565433403429e-01
1.151943926668988760e-01
1.151943926668989038e-01
1.261125792029788584e-01
1.261125792029788584e-01
1.374823502892108251e-01
1.374823502892108806e-01
1.542933158455778164e-01
1.542933158455778442e-01
1.658257183293617154e-01
1.658257183293617432e-01
1.790471731658659638e-01
1.790471731658659083e-01
1.939537471244640598e-01
1.939537471244640876e-01
2.027012352043466581e-01
2.027012352043466858e-01
2.156904175713643401e-01
2.156904175713643401e-01
2.272470303864356500e-01
2.272470303864356500e-01
2.353104106653657601e-01
2.353104106653657879e-01
2.478119098621213712e-01
2.478119098621213712e-01
2.658916965859475234e-01
2.658916965859474679e-01
2.742678287755402899e-01
2.968302464994741485e-01
2.968302464994741485e-01
3.230037519189177808e-01
3.230037519189177808e-01
3.452488909712129739e-01
3.452488909712131404e-01
3.797898265573947940e-01
3.797898265573947385e-01
4.175130250846822988e-01
4.175130250846823543e-01
4.539562485840210049e-01
4.539562485840210604e-01
5.040652997691966730e-01
5.040652997691966730e-01
5.487479612373479254e-01
5.487479612373478144e-01
5.952746167953597567e-01
5.952746167953597567e-01
6.415537529233455993e-01
6.415537529233455993e-01
6.903397271456145345e-01
6.903397271456145345e-01
7.480580081586346575e-01
7.480580081586345464e-01
8.101103436246880340e-01
8.101103436246882561e-01
8.771878136706765527e-01
8.771878136706765527e-01
9.426986876782844638e-01
9.426986876782843527e-01
1.015771611460430046e+00
1.015771611460430046e+00
1.102761938040085044e+00
1.102761938040085266e+00
1.207292916073341660e+00
1.207292916073341660e+00
1.321586527802592892e+00
1.321586527802592892e+00
1.449864221862890545e+00
1.449864221862890545e+00
1.565294811621631643e+00
1.565294811621631865e+00
1.672659410307711259e+00
1.672659410307710592e+00
1.764248676926968518e+00
1.764248676926968296e+00
1.840347545591965117e+00
1.840347545591965117e+00
1.898919531839226904e+00
1.898919531839226904e+00
1.979158174629883193e+00
1.979158174629883193e+00
2.007317253291555748e+00
2.007317253291555748e+00
2.007232561426818496e+00
2.007232561426819384e+00
1.979331004749778522e+00
1.979331004749778300e+00
1.932816184252763581e+00
1.932816184252763581e+00
1.881017477591358844e+00
1.881017477591358844e+00
1.811805716938713173e+00
1.811805716938713173e+00
1.748791470295789852e+00
1.748791470295789852e+00
1.694952845893450188e+00
1.694952845893450410e+00
1.650004976691108016e+00
1.650004976691108238e+00
1.561287962659152262e+00
1.561287962659152040e+00
1.500153401342977810e+00
1.500153401342977810e+00
1.447572141652943900e+00
1.447572141652943900e+00
1.394299083663717242e+00
1.394299083663717465e+00
1.361402336466312812e+00
1.361402336466312368e+00
1.342063693288379378e+00
1.342063693288379600e+00
1.321720127295656244e+00
1.321720127295656244e+00
1.306479318517784094e+00
1.306479318517783872e+00
1.280643209686222139e+00
1.280643209686222139e+00
1.253403844678065093e+00
1.253403844678065093e+00
1.249811423099908447e+00
1.249811423099908669e+00
1.230046196726497731e+00
1.230046196726497731e+00
1.224504191623050131e+00
1.224504191623050353e+00
1.242220588614627585e+00
1.242220588614627585e+00
1.250920822484552941e+00
1.250920822484552719e+00
1.240525580243308390e+00
1.240525580243308390e+00
1.250269104615052029e+00
1.250269104615051807e+00
1.254862318368378693e+00
1.254862318368379137e+00
1.258730488096427180e+00
1.258730488096427402e+00
1.259206472438600066e+00
1.259206472438600066e+00
1.256000898672591681e+00
1.256000898672591459e+00
1.255621216768805004e+00
1.255621216768805004e+00
1.245897692605940188e+00
1.245897692605939744e+00
1.216919228363811722e+00
1.216919228363811722e+00
1.166112691007519686e+00
1.166112691007519908e+00
1.122000727353994476e+00
1.122000727353994476e+00
1.074591488983124510e+00
1.074591488983124732e+00
1.037028148033530828e+00
1.037028148033530828e+00
1.000283485336276756e+00
1.000283485336276534e+00
9.732486234751153154e-01
9.516948162174460046e-01
9.516948162174458936e-01
9.345248885041065323e-01
9.345248885041065323e-01
9.287283621116694254e-01
9.287283621116696475e-01
9.244060294160267865e-01
9.244060294160268976e-01
9.310181119085575441e-01
9.310181119085575441e-01
9.378113276849650015e-01
9.378113276849652236e-01
9.289708444142057431e-01
9.289708444142056321e-01
9.072707041517065196e-01
9.072707041517065196e-01
8.841790437795293833e-01
8.841790437795293833e-01
8.663211846703811059e-01
8.663211846703809949e-01
8.245393878456932502e-01
8.245393878456931391e-01
7.828789675587101149e-01
7.828789675587102259e-01
7.307611252788293044e-01
7.307611252788294154e-01
6.812106684968814996e-01
6.812106684968814996e-01
6.413484526990653745e-01
6.413484526990653745e-01
6.143322232456377430e-01
6.143322232456377430e-01
5.972140938523766707e-01
5.972140938523766707e-01
5.838267553251548225e-01
5.838267553251549336e-01
5.775358576735449834e-01
5.775358576735449834e-01
5.672754113531583986e-01
5.672754113531583986e-01
5.620592830516402127e-01
5.620592830516402127e-01
5.585287418497800749e-01
5.585287418497800749e-01
5.501863530538593228e-01
5.501863530538592117e-01
5.420378260246143665e-01
5.420378260246143665e-01
5.267555883946760664e-01
5.267555883946760664e-01
5.007601561541423774e-01
5.007601561541424884e-01
4.676477147340294960e-01
4.676477147340294960e-01
4.341317070443865278e-01
4.341317070443865833e-01
3.924343554299863923e-01
3.924343554299864478e-01
3.486813660137990101e-01
3.486813660137990101e-01
3.133549926968937083e-01
3.133549926968937083e-01
2.761649911262931134e-01
2.761649911262931689e-01
2.464071445484305178e-01
2.464071445484305456e-01
2.186325717275660885e-01
2.186325717275660330e-01
1.972180011303056590e-01
1.972180011303056035e-01
1.793629688014253820e-01
1.793629688014253820e-01
1.673539192472355830e-01
1.673539192472355552e-01
1.603128402152929066e-01
1.603128402152928511e-01
1.579307009469081979e-01
1.579307009469082257e-01
1.527164366106569249e-01
1.527164366106569526e-01
1.511939503565261633e-01
1.511939503565261356e-01
1.514276817399550501e-01
1.514276817399550501e-01
1.504922363901706750e-01
1.504922363901707028e-01
1.491367740961845045e-01
1.491367740961845045e-01
1.457400027416554944e-01
1.457400027416554944e-01
1.404328497240249773e-01
1.404328497240250051e-01
1.335298757647305212e-01
1.335298757647305212e-01
1.239049599603163493e-01
1.239049599603163354e-01
1.146654399148114289e-01
1.146654399148114289e-01
1.084635976248197881e-01
1.084635976248197742e-01
1.010110337484855791e-01
1.010110337484855653e-01
9.297204434884183410e-02
9.297204434884183410e-02
8.350041607746637451e-02
8.350041607746637451e-02
7.488261214273068955e-02
7.488261214273068955e-02
6.621214675515581238e-02
6.621214675515581238e-02
5.858495584516292681e-02
5.858495584516292681e-02
5.278908012770092140e-02
5.278908012770092140e-02
4.766210166186057168e-02
4.766210166186057168e-02
4.332390627187866772e-02
4.332390627187866772e-02
3.683111465430158327e-02
3.683111465430159021e-02
3.045375009882641051e-02
3.045375009882641051e-02
2.637454789666729763e-02
2.637454789666729416e-02
2.197302911125225203e-02
2.197302911125225203e-02
2.197302911125225203e-02
2.197302911125225203e-02
