# bin_2
1.663381882545865442e-02
2.086893876859448674e-02
2.086893876859448674e-02
2.225460006337209515e-02
2.225460006337209168e-02
2.449265774576828494e-02
2.449265774576828841e-02
2.683029526634593195e-02
2.683029526634592848e-02
3.000008255864451343e-02
3.000008255864451689e-02
3.442667029789927419e-02
3.442667029789926725e-02
3.940174791821769024e-02
3.940174791821768330e-02
4.539325801209137534e-02
5.033931580694306351e-02
5.033931580694306351e-02
5.745711803187371347e-02
5.745711803187371347e-02
6.418971896184733072e-02
6.418971896184731685e-02
6.725037246331813656e-02
6.725037246331813656e-02
7.277548359121670252e-02
7.277548359121670252e-02
8.135457032917382814e-02
8.135457032917384201e-02
8.704677322975483411e-02
8.704677322975482023e-02
9.818578281972348276e-02
9.818578281972348276e-02
1.034826319736239786e-01
1.034826319736239786e-01
1.148005833789903368e-01
1.148005833789903368e-01
1.240686611400393519e-01
1.240686611400393380e-01
1.302606280922143922e-01
1.302606280922143644e-01
1.348436929987034960e-01
1.348436929987034960e-01
1.468726563853914313e-01
1.468726563853914313e-01
1.538966389846548044e-01
1.538966389846548322e-01
1.599763654701357174e-01
1.599763654701357174e-01
1.659334592325495128e-01
1.659334592325495406e-01
1.731293422842631047e-01
1.731293422842631047e-01
1.901194849156052913e-01
1.901194849156052635e-01
1.948283682343627254e-01
1.948283682343626977e-01
2.078732701797480764e-01
2.078732701797480764e-01
2.224218846708038710e-01
2.224218846708038710e-01
2.414482423761629692e-01
2.414482423761629137e-01
2.536378612524090026e-01
2.536378612524090581e-01
2.668120981591687313e-01
2.668120981591686758e-01
2.773200838826418435e-01
2.773200838826418435e-01
2.908357571137900610e-01
2.908357571137900610e-01
2.906268644625221720e-01
2.906268644625221720e-01
2.873579232236020964e-01
2.873579232236021519e-01
2.858390671957288243e-01
2.858390671957288243e-01
2.796265964535534776e-01
2.796265964535534776e-01
2.733270145684452146e-01
2.733270145684452146e-01
2.696129249367054670e-01
2.696129249367054115e-01
2.658970828685595644e-01
2.658970828685595644e-01
2.651189370164684367e-01
2.651189370164683812e-01
2.623165019196089243e-01
2.623165019196089798e-01
2.630944232000136940e-01
2.630944232000136385e-01
2.754516329037182132e-01
2.754516329037182132e-01
2.912659902170158799e-01
2.912659902170158799e-01
3.174417434626173318e-01
3.174417434626173873e-01
3.553503776955779236e-01
3.553503776955779236e-01
4.049994823998591675e-01
4.049994823998591675e-01
4.542685335305098326e-01
4.542685335305097771e-01
5.195576937418481256e-01
5.195576937418481256e-01
6.083028342687922807e-01
6.083028342687923917e-01
7.093410704379115028e-01
7.093410704379115028e-01
8.194431512819930763e-01
8.194431512819930763e-01
9.486467015033681616e-01
9.486467015033680505e-01
1.080929408635365796e+00
1.080929408635365796e+00
1.231651586118798880e+00
1.231651586118798880e+00
1.388916462306605260e+00
1.388916462306605482e+00
1.564863776825224262e+00
1.564863776825224040e+00
1.777017298344911733e+00
1.777017298344911955e+00
2.010049635163154935e+00
2.010049635163155379e+00
2.199704938898762840e+00
2.199704938898762840e+00
2.393089447159340022e+00
2.393089447159339578e+00
2.582379812905767569e+00
2.582379812905768013e+00
2.761787888632168286e+00
2.761787888632168730e+00
2.954643472671079962e+00
2.954643472671079962e+00
3.119554133571886823e+00
3.119554133571886378e+00
3.261574595252309638e+00
3.261574595252310083e+00
3.350888398977041938e+00
3.350888398977041938e+00
3.368290260130271552e+00
3.368290260130271108e+00
3.335795709963321531e+00
3.332145236735651217e+00
3.332145236735650773e+00
3.326523658802914341e+00
3.326523658802914785e+00
3.293783636972920092e+00
3.293783636972920981e+00
3.227116087992658144e+00
3.227116087992658144e+00
3.111137537476908577e+00
3.111137537476909021e+00
2.983013545440039938e+00
2.983013545440040826e+00
2.847426142706146912e+00
2.847426142706146912e+00
2.718934092812439474e+00
2.718934092812439030e+00
2.611505561082060112e+00
2.611505561082061000e+00
2.507156584347630446e+00
2.507156584347630890e+00
2.370024127513218559e+00
2.370024127513218559e+00
2.210796497990620946e+00
2.210796497990620946e+00
2.053669574630147654e+00
2.053669574630147654e+00
1.904255917879199567e+00
1.904255917879199567e+00
1.766864463742425784e+00
1.766864463742425340e+00
1.634223696879580690e+00
1.634223696879580467e+00
1.503573078502904670e+00
1.503573078502904892e+00
1.381767014373065372e+00
1.381767014373065150e+00
1.264716359993693029e+00
1.264716359993692807e+00
1.148070377342118142e+00
1.148070377342118142e+00
1.047754761496189735e+00
1.047754761496189513e+00
9.500427467077168231e-01
9.500427467077167121e-01
8.632640030678798704e-01
8.632640030678797594e-01
7.737602535973989726e-01
7.737602535973989726e-01
7.010072498608900249e-01
7.010072498608899139e-01
6.316915595739304168e-01
6.316915595739305278e-01
5.621572046453167104e-01
5.621572046453167104e-01
4.949079608517364948e-01
4.949079608517365503e-01
4.254871618256929056e-01
4.254871618256929611e-01
3.698372169888868299e-01
3.698372169888868299e-01
3.149385353571472201e-01
3.149385353571471646e-01
2.672169262576686299e-01
2.672169262576685744e-01
2.235592274365081344e-01
2.235592274365080789e-01
1.910691660494415467e-01
1.910691660494415189e-01
1.612471693063267653e-01
1.612471693063267653e-01
1.339436607803758394e-01
1.339436607803758117e-01
1.172336669823778182e-01
1.172336669823778182e-01
1.066365464765632320e-01
1.066365464765632459e-01
1.001392303901191827e-01
1.001392303901191827e-01
9.152536317877929539e-02
9.152536317877929539e-02
9.078574030635028214e-02
9.078574030635026826e-02
9.002437684850540800e-02
9.002437684850539412e-02
8.781644440288922937e-02
8.781644440288921549e-02
8.835667981642995883e-02
8.835667981642994495e-02
8.661701039839997396e-02
8.661701039839997396e-02
8.979971767220036594e-02
8.979971767220037981e-02
8.963074604369350440e-02
8.963074604369350440e-02
9.162720580125757741e-02
9.162720580125759129e-02
9.292242688749841051e-02
9.292242688749842439e-02
9.661756275703350938e-02
9.661756275703350938e-02
9.531334767528873431e-02
9.531334767528876206e-02
9.392698460131330973e-02
9.392698460131332361e-02
9.335862118969877332e-02
9.335862118969878720e-02
9.385342510197650090e-02
9.385342510197648702e-02
9.372420494522293311e-02
9.372420494522293311e-02
9.365521123266630499e-02
9.365521123266627723e-02
9.494138093146592405e-02
9.494138093146593793e-02
9.335820671900273149e-02
9.335820671900273149e-02
9.163712840457245712e-02
9.163712840457248487e-02
8.729666522644671800e-02
8.729666522644671800e-02
8.247384207043687021e-02
8.247384207043685633e-02
7.926120627719482337e-02
7.926120627719482337e-02
8.078529201247110214e-02
8.078529201247110214e-02
7.887219834681470643e-02
7.887219834681470643e-02
7.734849670660431942e-02
7.549259376701285273e-02
7.549259376701285273e-02
7.120251875073500825e-02
7.120251875073499437e-02
7.088938409892725501e-02
7.088938409892726888e-02
7.000985792435625299e-02
7.000985792435625299e-02
6.839728759599793262e-02
6.839728759599793262e-02
6.958097757517686666e-02
6.958097757517686666e-02
7.041459659988288933e-02
7.041459659988290321e-02
7.139430070216697122e-02
7.139430070216697122e-02
7.004007796755368220e-02
7.004007796755366833e-02
7.103624863867073758e-02
7.103624863867073758e-02
6.776686213952698434e-02
6.776686213952698434e-02
6.665192086174887010e-02
6.665192086174887010e-02
6.266123002442799961e-02
6.266123002442798573e-02
6.084319804794210973e-02
6.084319804794212361e-02
6.111405898940588249e-02
6.111405898940588943e-02
6.032507016253695759e-02
6.032507016253695759e-02
6.133864012806236610e-02
6.133864012806236610e-02
6.027762865347689736e-02
6.027762865347690430e-02
6.208102035243866917e-02
6.208102035243866224e-02
6.073947820416551735e-02
6.073947820416551041e-02
6.243326534602855471e-02
6.243326534602854083e-02
6.361759992414262044e-02
6.361759992414262044e-02
6.431344204525683839e-02
6.431344204525683839e-02
6.460739483037909736e-02
6.460739483037908348e-02
6.408204466053102344e-02
6.408204466053102344e-02
6.446226871854081331e-02
6.446226871854084106e-02
6.242488973853282247e-02
6.242488973853281553e-02
5.808705139748863988e-02
5.808705139748863988e-02
5.572425696519248128e-02
5.572425696519248822e-02
5.250831154952653734e-02
5.250831154952654428e-02
4.970880650707752701e-02
4.970880650707754089e-02
4.672069648680780146e-02
4.672069648680779452e-02
4.397962953612243736e-02
4.397962953612243042e-02
4.247946101235603594e-02
4.247946101235602900e-02
4.145333113816473958e-02
4.145333113816473264e-02
3.968586876675302827e-02
3.968586876675302827e-02
3.858113989590322701e-02
3.858113989590322701e-02
3.811022137022890277e-02
3.811022137022890277e-02
3.792794473350453305e-02
3.792794473350453305e-02
3.845385710164803128e-02
3.845385710164803128e-02
3.910835694726118306e-02
3.910835694726116918e-02
4.142955832146753836e-02
4.142955832146753836e-02
4.279324524968269872e-02
4.279324524968269178e-02
4.257350359192309946e-02
4.257350359192309253e-02
4.242484383117887947e-02
4.242484383117887253e-02
4.277977752512112514e-02
4.277977752512111820e-02
4.192422922794460105e-02
4.192422922794460105e-02
4.094107984027627739e-02
4.094107984027627739e-02
3.902078248023544554e-02
3.902078248023544554e-02
3.886505974607652042e-02
3.886505974607651348e-02
3.717094465044103874e-02
3.717094465044103874e-02
3.417646118598501037e-02
3.417646118598501037e-02
3.090488183323451127e-02
3.090488183323451127e-02
3.012677569274079675e-02
3.012677569274079675e-02
2.852868366842499850e-02
2.852868366842499850e-02
2.638240686997279580e-02
2.638240686997279927e-02
2.563426677135446571e-02
2.563426677135446571e-02
2.464742552442204804e-02
2.464742552442204804e-02
2.347412806328175519e-02
2.347412806328175172e-02
2.080426079142888920e-02
2.080426079142888920e-02
1.919106092559122803e-02
1.919106092559122803e-02
1.820836130245753054e-02
1.820836130245753054e-02
1.663381882545865442e-02
1.663381882545865442e-02
1.663381882545865442e-02
1.663381882545865442e-02
