# bin_1
1.309763050314160029e-02
3.200417561530782828e-02
3.200417561530782828e-02
3.791140569878041072e-02
3.791140569878041072e-02
4.173574841082709069e-02
4.173574841082709069e-02
4.586154922051134675e-02
4.586154922051134675e-02
5.057937698029930929e-02
5.057937698029930929e-02
5.842922001389065645e-02
5.842922001389065645e-02
7.113141199265887726e-02
7.113141199265886339e-02
8.435978833009871725e-02
9.347383765451190707e-02
9.347383765451190707e-02
1.080838877282163657e-01
1.080838877282163935e-01
1.234375612102211750e-01
1.234375612102211750e-01
1.402349546861131335e-01
1.402349546861131335e-01
1.626296565026541519e-01
1.626296565026541241e-01
1.945470610686574342e-01
1.945470610686574064e-01
2.319221763217711174e-01
2.319221763217711452e-01
2.769911626871873200e-01
2.769911626871873200e-01
3.105354094547840837e-01
3.105354094547841393e-01
3.553997783976916014e-01
3.553997783976915459e-01
4.046341968313861281e-01
4.046341968313861281e-01
4.597364477693004492e-01
4.597364477693004492e-01
5.243048886875398829e-01
5.243048886875396608e-01
5.879420120960721086e-01
5.879420120960721086e-01
6.515722227884456208e-01
6.515722227884457318e-01
7.183752268368894800e-01
7.183752268368894800e-01
7.780560936747831224e-01
7.780560936747833445e-01
8.575626230148475360e-01
8.575626230148474249e-01
9.578400039324440618e-01
9.578400039324439508e-01
1.059698261437663103e+00
1.059698261437662881e+00
1.180713481098557116e+00
1.180713481098557338e+00
1.315694366160292450e+00
1.315694366160292672e+00
1.457307032518478485e+00
1.457307032518478485e+00
1.625846481167205759e+00
1.625846481167205759e+00
1.792153671650147606e+00
1.792153671650147384e+00
1.961950263637644021e+00
1.961950263637644021e+00
2.120358057883813263e+00
2.120358057883813263e+00
2.239930957757450436e+00
2.239930957757450436e+00
2.352370249438594296e+00
2.352370249438594740e+00
2.459799241139195125e+00
2.459799241139195125e+00
2.540826438795177111e+00
2.540826438795177111e+00
2.600429797915632335e+00
2.600429797915631891e+00
2.646691994058596009e+00
2.646691994058596009e+00
2.644371041598970073e+00
2.644371041598970073e+00
2.627027711149765743e+00
2.627027711149765743e+00
2.582805131067893001e+00
2.582805131067893001e+00
2.555897719890642517e+00
2.555897719890642961e+00
2.556234028308142836e+00
2.556234028308142836e+00
2.553960246161636416e+00
2.553960246161636416e+00
2.540309548745590007e+00
2.540309548745590007e+00
2.564381773367269801e+00
2.564381773367269801e+00
2.596760164738418197e+00
2.596760164738418641e+00
2.612016851532529493e+00
2.612016851532529049e+00
2.656186882249519599e+00
2.656186882249519599e+00
2.728666185222769602e+00
2.728666185222770046e+00
2.807977329775749098e+00
2.807977329775748654e+00
2.874942121236010006e+00
2.874942121236010006e+00
2.903106298119850770e+00
2.903106298119850770e+00
2.902017084982681627e+00
2.902017084982682071e+00
2.889941249257536704e+00
2.889941249257537148e+00
2.798020561989320587e+00
2.798020561989320143e+00
2.671566920130520106e+00
2.671566920130519662e+00
2.543726573169489580e+00
2.543726573169489580e+00
2.380634883010281477e+00
2.380634883010281921e+00
2.190053469643367556e+00
2.190053469643367556e+00
1.993298311050143656e+00
1.993298311050143212e+00
1.785520464566225485e+00
1.785520464566225485e+00
1.579324918647426523e+00
1.579324918647426745e+00
1.393759395078877805e+00
1.393759395078877361e+00
1.208610157714544719e+00
1.208610157714544941e+00
1.052742549713878928e+00
1.052742549713878928e+00
9.121995460649248155e-01
9.121995460649249265e-01
7.837798706821856864e-01
7.837798706821856864e-01
6.677223146935050702e-01
5.631995217491536643e-01
5.631995217491536643e-01
4.711341445959053575e-01
4.711341445959053575e-01
3.924556526557231861e-01
3.924556526557231861e-01
3.261195641363275333e-01
3.261195641363275333e-01
2.613467746836902750e-01
2.613467746836902750e-01
2.108976321552424038e-01
2.108976321552424316e-01
1.764495476725839451e-01
1.764495476725839729e-01
1.516193700817499990e-01
1.516193700817499990e-01
1.292967088169915957e-01
1.292967088169915679e-01
1.168261445268463650e-01
1.168261445268463927e-01
1.032222261430231491e-01
1.032222261430231491e-01
8.691278128147576776e-02
8.691278128147575388e-02
7.478885424595918541e-02
7.478885424595918541e-02
6.630294447665704971e-02
6.630294447665706359e-02
6.001751776055760934e-02
6.001751776055760934e-02
5.392117249147158203e-02
5.392117249147158203e-02
4.939846383206315805e-02
4.939846383206316499e-02
4.476210878033697049e-02
4.476210878033697049e-02
4.021848230971524635e-02
4.021848230971525329e-02
3.726820373014997495e-02
3.726820373014998189e-02
3.620045659332669918e-02
3.620045659332670612e-02
3.498048556207308118e-02
3.498048556207308118e-02
3.223879077544179739e-02
3.223879077544179739e-02
3.113511846247470766e-02
3.113511846247470766e-02
3.048275341763246465e-02
3.048275341763246465e-02
2.987754260379753279e-02
2.987754260379752932e-02
2.663533131860922054e-02
2.663533131860922401e-02
2.435470295003814081e-02
2.435470295003814775e-02
2.202110751565165836e-02
2.202110751565165489e-02
2.020962853480882948e-02
2.020962853480882948e-02
1.919126520783708684e-02
1.919126520783708684e-02
1.816080504016101549e-02
1.816080504016101549e-02
1.705782542341230390e-02
1.705782542341230043e-02
1.732594637866166631e-02
1.732594637866166631e-02
1.626998832258994693e-02
1.626998832258994693e-02
1.437827482203811978e-02
1.437827482203812152e-02
1.414228592439815274e-02
1.414228592439815274e-02
1.385073082552117432e-02
1.385073082552117779e-02
1.356180025477617124e-02
1.356180025477616950e-02
1.335492820011722689e-02
1.335492820011722689e-02
1.289325018826883822e-02
1.289325018826883995e-02
1.366314112254954014e-02
1.366314112254953840e-02
1.344702227011486742e-02
1.344702227011486395e-02
1.418067529353350502e-02
1.418067529353350328e-02
1.384816028800330695e-02
1.384816028800330868e-02
1.586395103650977204e-02
1.586395103650976857e-02
1.660273566357544500e-02
1.660273566357544500e-02
1.791439200575687882e-02
1.791439200575687882e-02
1.875937912522129825e-02
1.875937912522129825e-02
2.032099405611567308e-02
2.032099405611567308e-02
2.081254070538968506e-02
2.081254070538968506e-02
2.067756850859627307e-02
2.067756850859626960e-02
2.084388913211501076e-02
2.084388913211501076e-02
2.090838395414888057e-02
2.090838395414888057e-02
2.140887613633067274e-02
2.140887613633067621e-02
2.090117792752950107e-02
2.090117792752949760e-02
2.191881441874870065e-02
2.191881441874869718e-02
2.367043266223629872e-02
2.367043266223629525e-02
2.404319649301413578e-02
2.404319649301413925e-02
2.315972063812984233e-02
2.315972063812984233e-02
2.247713347640544271e-02
2.247713347640544618e-02
2.269831680857791953e-02
2.269831680857791606e-02
2.447723747260160260e-02
2.447723747260160607e-02
2.530020063178622242e-02
2.530020063178621895e-02
2.532413300918247290e-02
2.504816701237706431e-02
2.504816701237706777e-02
2.375132679496821941e-02
2.375132679496821941e-02
2.199736621178343537e-02
2.199736621178343884e-02
2.194176429615406904e-02
2.194176429615406904e-02
2.179256189575836181e-02
2.179256189575835834e-02
2.165858556216053096e-02
2.165858556216053096e-02
2.144548125203192546e-02
2.144548125203192199e-02
2.143221266535899963e-02
2.143221266535899963e-02
1.979959459231005539e-02
1.979959459231005192e-02
2.062405922033793901e-02
2.062405922033793554e-02
2.011662563833755552e-02
2.011662563833755552e-02
2.075163176406213950e-02
2.075163176406213950e-02
2.085313840497909216e-02
2.085313840497909216e-02
2.040284020840865686e-02
2.040284020840866380e-02
2.044088934068995916e-02
2.044088934068995916e-02
2.030969051096394307e-02
2.030969051096393960e-02
2.033763623821127631e-02
2.033763623821127631e-02
2.144092164749037549e-02
2.144092164749037896e-02
2.396522891472065847e-02
2.396522891472065500e-02
2.419612311389654144e-02
2.419612311389654491e-02
2.487004309077050709e-02
2.487004309077050709e-02
2.442842728742204705e-02
2.442842728742204358e-02
2.507056058778471194e-02
2.507056058778471541e-02
2.531418009871556213e-02
2.531418009871556213e-02
2.498708718255242614e-02
2.498708718255242961e-02
2.564773548654196780e-02
2.564773548654197127e-02
2.546193900898336207e-02
2.546193900898336207e-02
2.340202566338606821e-02
2.340202566338606821e-02
2.214503597311416952e-02
2.214503597311417299e-02
2.109437757358108984e-02
2.109437757358108637e-02
2.068377308767245168e-02
2.068377308767245168e-02
1.980145665823705020e-02
1.980145665823705020e-02
1.871189050240427976e-02
1.871189050240427976e-02
1.929669255101732969e-02
1.929669255101732622e-02
2.031634105112928995e-02
2.031634105112928995e-02
2.016729494846369181e-02
2.016729494846369181e-02
1.995318411841880135e-02
1.995318411841879788e-02
1.997238117256678117e-02
1.997238117256677770e-02
2.020688243059581488e-02
2.020688243059581835e-02
2.045518858714027999e-02
2.045518858714027999e-02
2.108121715197116414e-02
2.108121715197116414e-02
2.159730511839648079e-02
2.159730511839648079e-02
2.250204985498772264e-02
2.250204985498772264e-02
2.251583601792232769e-02
2.251583601792232769e-02
2.183859728353588700e-02
2.183859728353588353e-02
2.221978294452436192e-02
2.221978294452436192e-02
2.192413876804138323e-02
2.192413876804137976e-02
2.148808136610273409e-02
2.148808136610273756e-02
2.044728391385571345e-02
2.044728391385570998e-02
2.030425102841995622e-02
2.030425102841995968e-02
1.951904773212426170e-02
1.951904773212425823e-02
1.895869258920248462e-02
1.895869258920248115e-02
1.782754243229739757e-02
1.782754243229740104e-02
1.759327989182849633e-02
1.759327989182849633e-02
1.808691044239160370e-02
1.808691044239160370e-02
1.684991827863603978e-02
1.684991827863604325e-02
1.683254157537301607e-02
1.683254157537301607e-02
1.649474169517807162e-02
1.649474169517807162e-02
1.576001864070331396e-02
1.576001864070331396e-02
1.514436396334815568e-02
1.514436396334815568e-02
1.448234115085447402e-02
1.448234115085447402e-02
1.412801783349354988e-02
1.412801783349354988e-02
1.309763050314160029e-02
1.309763050314160029e-02
1.309763050314159856e-02
1.309763050314160029e-02
