# z
0.000000000000000000e+00
4.522525062656641490e-03
9.045050125313282979e-03
1.356757518796992447e-02
1.809010025062656596e-02
2.261262531328320918e-02
2.713515037593984894e-02
3.165767543859648869e-02
3.618020050125313192e-02
4.070272556390977514e-02
4.522525062656641837e-02
4.974777568922305465e-02
5.427030075187969788e-02
5.879282581453634110e-02
6.331535087719297739e-02
6.783787593984962061e-02
7.236040100250626383e-02
7.688292606516290706e-02
8.140545112781955028e-02
8.592797619047619351e-02
9.045050125313283673e-02
9.497302631578946608e-02
9.949555137844610930e-02
1.040180764411027525e-01
1.085406015037593958e-01
1.130631265664160390e-01
1.175856516290726822e-01
1.221081766917293254e-01
1.266307017543859548e-01
1.311532268170426119e-01
1.356757518796992412e-01
1.401982769423558983e-01
1.447208020050125277e-01
1.492433270676691570e-01
1.537658521303258141e-01
1.582883771929824435e-01
1.628109022556391006e-01
1.673334273182957299e-01
1.718559523809523870e-01
1.763784774436090164e-01
1.809010025062656735e-01
1.854235275689223028e-01
1.899460526315789322e-01
1.944685776942355893e-01
1.989911027568922186e-01
2.035136278195488757e-01
2.080361528822055051e-01
2.125586779448621622e-01
2.170812030075187915e-01
2.216037280701754209e-01
2.261262531328320780e-01
2.306487781954887073e-01
2.351713032581453644e-01
2.396938283208019937e-01
2.442163533834586508e-01
2.487388784461152802e-01
2.532614035087719095e-01
2.577839285714285666e-01
2.623064536340852237e-01
2.668289786967418253e-01
2.713515037593984824e-01
2.758740288220551395e-01
2.803965538847117966e-01
2.849190789473683982e-01
2.894416040100250553e-01
2.939641290726817124e-01
2.984866541353383140e-01
3.030091791979949711e-01
3.075317042606516282e-01
3.120542293233082853e-01
3.165767543859648869e-01
3.210992794486215440e-01
3.256218045112782011e-01
3.301443295739348027e-01
3.346668546365914598e-01
3.391893796992481169e-01
3.437119047619047740e-01
3.482344298245613756e-01
3.527569548872180327e-01
3.572794799498746898e-01
3.618020050125313469e-01
3.663245300751879485e-01
3.708470551378446056e-01
3.753695802005012627e-01
3.798921052631578643e-01
3.844146303258145214e-01
3.889371553884711785e-01
3.934596804511278356e-01
3.979822055137844372e-01
4.025047305764410943e-01
4.070272556390977514e-01
4.115497807017543530e-01
4.160723057644110101e-01
4.205948308270676672e-01
4.251173558897243243e-01
4.296398809523809259e-01
4.341624060150375830e-01
4.386849310776942401e-01
4.432074561403508417e-01
4.477299812030074988e-01
4.522525062656641559e-01
4.567750313283208130e-01
4.612975563909774146e-01
4.658200814536340717e-01
4.703426065162907288e-01
4.748651315789473304e-01
4.793876566416039875e-01
4.839101817042606446e-01
4.884327067669173017e-01
4.929552318295739033e-01
4.974777568922305604e-01
5.020002819548872175e-01
5.065228070175438191e-01
5.110453320802005317e-01
5.155678571428571333e-01
5.200903822055137349e-01
5.246129072681704475e-01
5.291354323308270491e-01
5.336579573934836507e-01
5.381804824561403633e-01
5.427030075187969649e-01
5.472255325814535665e-01
5.517480576441102791e-01
5.562705827067668807e-01
5.607931077694235933e-01
5.653156328320801949e-01
5.698381578947367965e-01
5.743606829573935091e-01
5.788832080200501107e-01
5.834057330827067123e-01
5.879282581453634249e-01
5.924507832080200265e-01
5.969733082706766281e-01
6.014958333333333407e-01
6.060183583959899423e-01
6.105408834586466549e-01
6.150634085213032565e-01
6.195859335839598581e-01
6.241084586466165707e-01
6.286309837092731723e-01
6.331535087719297739e-01
6.376760338345864865e-01
6.421985588972430881e-01
6.467210839598996897e-01
6.512436090225564023e-01
6.557661340852130039e-01
6.602886591478696054e-01
6.648111842105263181e-01
6.693337092731829197e-01
6.738562343358396323e-01
6.783787593984962339e-01
6.829012844611528354e-01
6.874238095238095481e-01
6.919463345864661497e-01
6.964688596491227512e-01
7.009913847117794639e-01
7.055139097744360654e-01
7.100364348370926670e-01
7.145589598997493797e-01
7.190814849624059812e-01
7.236040100250626939e-01
7.281265350877192954e-01
7.326490601503758970e-01
7.371715852130326097e-01
7.416941102756892112e-01
7.462166353383458128e-01
7.507391604010025254e-01
7.552616854636591270e-01
7.597842105263157286e-01
7.643067355889724412e-01
7.688292606516290428e-01
7.733517857142856444e-01
7.778743107769423570e-01
7.823968358395989586e-01
7.869193609022556712e-01
7.914418859649122728e-01
7.959644110275688744e-01
8.004869360902255870e-01
8.050094611528821886e-01
8.095319862155387902e-01
8.140545112781955028e-01
8.185770363408521044e-01
8.230995614035087060e-01
8.276220864661654186e-01
8.321446115288220202e-01
8.366671365914786218e-01
8.411896616541353344e-01
8.457121867167919360e-01
8.502347117794486486e-01
8.547572368421052502e-01
8.592797619047618518e-01
8.638022869674185644e-01
8.683248120300751660e-01
8.728473370927317676e-01
8.773698621553884802e-01
8.818923872180450818e-01
8.864149122807016834e-01
8.909374373433583960e-01
8.954599624060149976e-01
8.999824874686717102e-01
9.045050125313283118e-01
9.090275375939849134e-01
9.135500626566416260e-01
9.180725877192982276e-01
9.225951127819548292e-01
9.271176378446115418e-01
9.316401629072681434e-01
9.361626879699247450e-01
9.406852130325814576e-01
9.452077380952380592e-01
9.497302631578946608e-01
9.542527882205513734e-01
9.587753132832079750e-01
9.632978383458646876e-01
9.678203634085212892e-01
9.723428884711778908e-01
9.768654135338346034e-01
9.813879385964912050e-01
9.859104636591478066e-01
9.904329887218045192e-01
9.949555137844611208e-01
9.994780388471177224e-01
1.004000563909774435e+00
1.008523088972431037e+00
1.013045614035087638e+00
1.017568139097744240e+00
1.022090664160401063e+00
1.026613189223057665e+00
1.031135714285714267e+00
1.035658239348370868e+00
1.040180764411027470e+00
1.044703289473684293e+00
1.049225814536340895e+00
1.053748339598997497e+00
1.058270864661654098e+00
1.062793389724310700e+00
1.067315914786967301e+00
1.071838439849624125e+00
1.076360964912280727e+00
1.080883489974937328e+00
1.085406015037593930e+00
1.089928540100250531e+00
1.094451065162907133e+00
1.098973590225563957e+00
1.103496115288220558e+00
1.108018640350877160e+00
1.112541165413533761e+00
1.117063690476190363e+00
1.121586215538847187e+00
1.126108740601503788e+00
1.130631265664160390e+00
1.135153790726816991e+00
1.139676315789473593e+00
1.144198840852130195e+00
1.148721365914787018e+00
1.153243890977443620e+00
1.157766416040100221e+00
1.162288941102756823e+00
1.166811466165413425e+00
1.171333991228070248e+00
1.175856516290726850e+00
1.180379041353383451e+00
1.184901566416040053e+00
1.189424091478696655e+00
1.193946616541353256e+00
1.198469141604010080e+00
1.202991666666666681e+00
1.207514191729323283e+00
1.212036716791979885e+00
1.216559241854636486e+00
1.221081766917293310e+00
1.225604291979949911e+00
1.230126817042606513e+00
1.234649342105263115e+00
1.239171867167919716e+00
1.243694392230576318e+00
1.248216917293233141e+00
1.252739442355889743e+00
1.257261967418546345e+00
1.261784492481202946e+00
1.266307017543859548e+00
1.270829542606516149e+00
1.275352067669172973e+00
1.279874592731829575e+00
1.284397117794486176e+00
1.288919642857142778e+00
1.293442167919799379e+00
1.297964692982456203e+00
1.302487218045112805e+00
1.307009743107769406e+00
1.311532268170426008e+00
1.316054793233082609e+00
1.320577318295739211e+00
1.325099843358396035e+00
1.329622368421052636e+00
1.334144893483709238e+00
1.338667418546365839e+00
1.343189943609022441e+00
1.347712468671679265e+00
1.352234993734335866e+00
1.356757518796992468e+00
1.361280043859649069e+00
1.365802568922305671e+00
1.370325093984962272e+00
1.374847619047619096e+00
1.379370144110275698e+00
1.383892669172932299e+00
1.388415194235588901e+00
1.392937719298245502e+00
1.397460244360902326e+00
1.401982769423558928e+00
1.406505294486215529e+00
1.411027819548872131e+00
1.415550344611528732e+00
1.420072869674185334e+00
1.424595394736842158e+00
1.429117919799498759e+00
1.433640444862155361e+00
1.438162969924811962e+00
1.442685494987468564e+00
1.447208020050125388e+00
1.451730545112781989e+00
1.456253070175438591e+00
1.460775595238095192e+00
1.465298120300751794e+00
1.469820645363408396e+00
1.474343170426065219e+00
1.478865695488721821e+00
1.483388220551378422e+00
1.487910745614035024e+00
1.492433270676691626e+00
1.496955795739348227e+00
1.501478320802005051e+00
1.506000845864661652e+00
1.510523370927318254e+00
1.515045895989974856e+00
1.519568421052631457e+00
1.524090946115288281e+00
1.528613471177944882e+00
1.533135996240601484e+00
1.537658521303258086e+00
1.542181046365914687e+00
1.546703571428571289e+00
1.551226096491228112e+00
1.555748621553884714e+00
1.560271146616541316e+00
1.564793671679197917e+00
1.569316196741854519e+00
1.573838721804511342e+00
1.578361246867167944e+00
1.582883771929824546e+00
1.587406296992481147e+00
1.591928822055137749e+00
1.596451347117794350e+00
1.600973872180451174e+00
1.605496397243107776e+00
1.610018922305764377e+00
1.614541447368420979e+00
1.619063972431077580e+00
1.623586497493734404e+00
1.628109022556391006e+00
1.632631547619047607e+00
1.637154072681704209e+00
1.641676597744360810e+00
1.646199122807017412e+00
1.650721647869674236e+00
1.655244172932330837e+00
1.659766697994987439e+00
1.664289223057644040e+00
1.668811748120300642e+00
1.673334273182957244e+00
1.677856798245614067e+00
1.682379323308270669e+00
1.686901848370927270e+00
1.691424373433583872e+00
1.695946898496240474e+00
1.700469423558897297e+00
1.704991948621553899e+00
1.709514473684210500e+00
1.714036998746867102e+00
1.718559523809523704e+00
1.723082048872180305e+00
1.727604573934837129e+00
1.732127098997493730e+00
1.736649624060150332e+00
1.741172149122806934e+00
1.745694674185463535e+00
1.750217199248120359e+00
1.754739724310776960e+00
1.759262249373433562e+00
1.763784774436090164e+00
1.768307299498746765e+00
1.772829824561403367e+00
1.777352349624060190e+00
1.781874874686716792e+00
1.786397399749373394e+00
1.790919924812029995e+00
1.795442449874686597e+00
1.799964974937343420e+00
1.804487500000000022e+00
