# k_h
1.021431671688333154e-05
1.127851010096492246e-05
1.245357816515024751e-05
1.375107240164652467e-05
1.518374847364611924e-05
1.676568899711128324e-05
1.851244815043173730e-05
2.044119355559814721e-05
2.257088999613188207e-05
2.492247040208894759e-05
2.751905594777781516e-05
3.038616887351963669e-05
3.355199805810116231e-05
3.704765913425944746e-05
4.090752554475329816e-05
4.516953777056187391e-05
4.987559077562764287e-05
5.507195237441919744e-05
6.080970342736691236e-05
6.714525079587474465e-05
7.414088031509891152e-05
8.186535706045106053e-05
9.039462020155042410e-05
9.981251787394285202e-05
1.102116293623112142e-04
1.216941891470924020e-04
1.343730837106704712e-04
1.483729283791035414e-04
1.638313842704519629e-04
1.809004024835303426e-04
1.997477666009217501e-04
2.205587952630594373e-04
2.435380301903933287e-04
2.689113898668438196e-04
2.969283377751708031e-04
3.278642543591558933e-04
3.620232455432415009e-04
3.997411986347287893e-04
4.413888091221451759e-04
4.873755387961864471e-04
5.381534574553370476e-04
5.942218122072517872e-04
6.561316549777984619e-04
7.244917214848101139e-04
7.999739609658718109e-04
8.833204046823084354e-04
9.753504418767988682e-04
1.076968736015260220e-03
1.189174363389611244e-03
1.313070184551179409e-03
1.449874369427561760e-03
1.600931631401181221e-03
1.767727080732584000e-03
1.951900310814380646e-03
2.155261812731623650e-03
2.379811136052012444e-03
2.627755049616098404e-03
2.901531755924224854e-03
3.203832078725099564e-03
3.537627868354320526e-03
3.906200872734189034e-03
4.313174169510602951e-03
4.762548487633466721e-03
5.258741788566112518e-03
5.806631408631801605e-03
6.411604117602109909e-03
7.079606410115957260e-03
7.817205041646957397e-03
8.631652221083641052e-03
9.530954062938690186e-03
1.052395068109035492e-02
1.162040326744318008e-02
1.283109281212091446e-02
1.416791882365942001e-02
1.564402319490909576e-02
1.727391965687274933e-02
1.907362788915634155e-02
2.106084302067756653e-02
2.325509674847126007e-02
2.567796409130096436e-02
2.835326083004474640e-02
3.130728751420974731e-02
3.456908091902732849e-02
3.817071393132209778e-02
4.214758425951004028e-02
4.636234417557716370e-02
5.057710036635398865e-02
5.479186028242111206e-02
5.900662019848823547e-02
6.322138011455535889e-02
6.743613630533218384e-02
7.165089249610900879e-02
7.586565613746643066e-02
8.008041232824325562e-02
8.429516851902008057e-02
8.850993216037750244e-02
9.481150656938552856e-02
1.011130884289741516e-01
1.074146702885627747e-01
1.137162521481513977e-01
1.200178340077400208e-01
1.263194084167480469e-01
1.326209902763366699e-01
1.389225721359252930e-01
1.452241539955139160e-01
1.515257358551025391e-01
1.578273177146911621e-01
1.641288995742797852e-01
1.704304814338684082e-01
1.767320632934570312e-01
1.830336451530456543e-01
1.893352121114730835e-01
1.956367939710617065e-01
2.019383758306503296e-01
2.082399576902389526e-01
2.145415395498275757e-01
2.208431214094161987e-01
2.271447032690048218e-01
2.334462851285934448e-01
2.397478669881820679e-01
2.460494488477706909e-01
2.523510158061981201e-01
2.586525976657867432e-01
2.649541795253753662e-01
2.712557613849639893e-01
2.775573432445526123e-01
2.838589251041412354e-01
2.901605069637298584e-01
2.964620888233184814e-01
3.027636706829071045e-01
3.090652525424957275e-01
3.153668344020843506e-01
3.216684162616729736e-01
3.279699981212615967e-01
3.342715799808502197e-01
3.405731618404388428e-01
3.468747437000274658e-01
3.531763255596160889e-01
3.594779074192047119e-01
3.657794892787933350e-01
3.720810413360595703e-01
3.783826231956481934e-01
3.846842050552368164e-01
3.909857869148254395e-01
3.972873687744140625e-01
4.035889506340026855e-01
4.098905324935913086e-01
4.161921143531799316e-01
4.224936962127685547e-01
4.287952780723571777e-01
4.350968599319458008e-01
4.413984417915344238e-01
4.477000236511230469e-01
4.540016055107116699e-01
4.603031873703002930e-01
4.666047692298889160e-01
4.729063510894775391e-01
4.792079329490661621e-01
4.855095148086547852e-01
4.918110966682434082e-01
4.981126785278320312e-01
5.044142603874206543e-01
5.107158422470092773e-01
6.068246364593505859e-01
8.468919992446899414e-01
1.181933045387268066e+00
1.649520397186279297e+00
2.302091121673583984e+00
3.212826967239379883e+00
4.483861446380615234e+00
6.257732868194580078e+00
8.733369827270507812e+00
1.218839931488037109e+01
1.701028060913085938e+01
