# bin_3_3
1.448124500173617877e-08
1.453622586192249526e-08
1.459312942931214616e-08
1.465202195062261619e-08
1.471294637497391716e-08
1.477606894332630755e-08
1.484119992698358239e-08
1.490855139649413457e-08
1.497816395937550528e-08
1.505020557878004305e-08
1.512467187099980980e-08
1.520436230100883580e-08
1.528377017710766334e-08
1.536326437215751904e-08
1.544805332913752894e-08
1.553559121995958992e-08
1.562594736994667236e-08
1.571919780341433044e-08
1.581490284496669131e-08
1.591425035036424633e-08
1.601696659674694320e-08
1.612245045892360380e-08
1.623116205072939241e-08
1.634317921024882772e-08
1.645856717475101625e-08
1.657739805443613866e-08
1.669969510990200481e-08
1.682555956321506623e-08
1.695505513217583159e-08
1.708856256966886642e-08
1.722551911918108964e-08
1.736599914396583690e-08
1.751060830334636212e-08
1.765911701894985459e-08
1.781157998023932624e-08
1.796804614607539838e-08
1.812854738775585194e-08
1.829311408942876948e-08
1.846109572219348553e-08
1.863388847590262650e-08
1.881164292493563117e-08
1.899281766068554795e-08
1.917990655252019716e-08
1.936781969327212207e-08
1.956167837609409330e-08
1.975951685945924235e-08
1.996165091776612223e-08
2.016797738275347125e-08
2.037843814357493293e-08
2.059297789297084654e-08
2.081149806171301411e-08
2.103406867589001648e-08
2.126070889570012239e-08
2.149070301367660255e-08
2.173026966638040368e-08
2.196269007540081161e-08
2.220400153238142469e-08
2.244781958472336935e-08
2.269677545567933944e-08
2.294794490206751020e-08
2.320209664512520308e-08
2.345902349049920966e-08
2.371857628949703078e-08
2.398072622654161548e-08
2.424499784738516945e-08
2.451125420051904778e-08
2.477923878256059722e-08
2.504865991530246806e-08
2.531782235645904734e-08
2.559087220438561197e-08
2.584190646053874904e-08
2.613555199169444759e-08
2.640780651553353554e-08
2.667968101523593788e-08
2.695083135736352469e-08
2.722080489976749446e-08
2.748900620334635338e-08
2.775530266460963824e-08
2.801876630491149167e-08
2.829040207699027521e-08
2.853744214608967623e-08
2.878894713779593219e-08
2.904030614110487172e-08
2.928460211047024480e-08
2.952348044080439280e-08
2.975619145855840192e-08
2.998279449607835017e-08
3.020215367216910371e-08
3.041384780888532071e-08
3.061728006704885043e-08
3.081200581904480468e-08
3.099699789114067781e-08
3.117886902843787925e-08
3.133707310560989236e-08
3.149001877130600331e-08
3.163138413169519748e-08
3.176058736490071472e-08
3.187634527648886636e-08
3.197869759885736007e-08
3.206607811843311527e-08
3.215994182362178626e-08
3.219787032264215505e-08
3.223984895012168836e-08
3.226544399986341658e-08
3.227390951831196322e-08
3.226465655490931720e-08
3.223815735343086419e-08
3.219299985655462212e-08
3.212909632758500961e-08
3.204598655507153970e-08
3.194342003003661394e-08
3.182098461532045953e-08
3.167867948219129513e-08
3.151617177404401300e-08
3.133310763210067062e-08
3.112982647820165419e-08
3.090566517186836633e-08
3.066114941500134761e-08
3.039644275903327653e-08
3.011070229904955640e-08
2.980509205976345259e-08
2.947960768892550309e-08
2.913461361623623035e-08
2.877027394519992651e-08
2.838656373183201058e-08
2.798595603764417818e-08
2.756702555935675143e-08
2.713113631180706885e-08
2.667887398015589053e-08
2.621156868589492270e-08
2.572876696278997512e-08
2.523289752565876254e-08
2.472435284375163090e-08
2.420369991838760778e-08
2.367340044125947270e-08
2.313240150736023874e-08
2.258388855038404901e-08
2.202816144365858507e-08
2.146668784447006286e-08
2.090063058583578706e-08
2.033156074616391463e-08
1.976048221089709651e-08
1.918870072737866864e-08
1.861772156661873491e-08
1.804860462667037888e-08
1.748284788483023013e-08
1.692114986312495624e-08
1.636516984294286560e-08
1.581581171982039098e-08
1.527419906645414745e-08
1.474126123167432226e-08
1.421750150006360381e-08
1.370478406931383097e-08
1.320234930066139397e-08
1.271170415606368464e-08
1.223281173519595334e-08
1.176643525961528629e-08
1.131256765298567743e-08
1.087148999735846081e-08
1.044320747600050223e-08
1.002774106580236730e-08
9.624933093182208987e-09
9.234580717013392924e-09
8.856461818496172081e-09
8.490326177990015968e-09
8.135739287680247051e-09
7.792341363921042750e-09
7.459936606443144648e-09
7.137923555749246460e-09
6.825990264258752040e-09
6.524022659728290853e-09
6.231598865954309254e-09
5.948505659848746167e-09
5.674682701627599579e-09
5.410012012715620380e-09
5.154258209362586647e-09
4.907681620661731186e-09
4.670155560887263292e-09
4.441772640102683544e-09
4.222621801962694658e-09
4.012719404276431112e-09
3.812089410433562451e-09
3.620739439784962857e-09
3.438554543461121214e-09
3.265346129765084869e-09
3.101035209516878792e-09
2.945219003118635085e-09
2.797445544045752450e-09
2.657425817861238484e-09
2.524678647206949384e-09
2.398700133820265374e-09
2.279182036776712456e-09
2.165632593959729986e-09
2.057658573815584965e-09
1.954984644263526893e-09
1.857356739583905032e-09
1.764590362550242863e-09
1.676535005246610523e-09
1.593028953868728383e-09
1.513920015713141817e-09
1.439114678679444584e-09
1.368374542106799098e-09
1.301487202038072276e-09
1.238292467191933902e-09
1.178508839724218087e-09
1.121928570496007182e-09
1.068335514640030469e-09
1.017569718766616658e-09
9.694775473279779999e-10
9.239246507524341776e-10
8.807748788353552098e-10
8.399044022996688314e-10
8.011803234595925393e-10
7.644763236335895463e-10
7.296714123151188874e-10
6.966387620233382100e-10
6.652812463053455653e-10
6.354894496829057665e-10
6.071764378223605233e-10
5.802428070628741302e-10
5.546135943125223337e-10
5.302105110851172095e-10
5.069555624259863674e-10
4.847640304144574516e-10
4.635945715709713770e-10
4.433656170404908394e-10
4.240322777277205944e-10
4.055365285918496300e-10
3.878347472079714817e-10
3.708728672442513536e-10
3.546152192456338406e-10
3.390222101967295594e-10
3.240563088801830163e-10
3.096856091806464592e-10
2.958790681595675558e-10
2.826114721525926349e-10
2.698525299177852303e-10
2.575830491069274662e-10
2.457798071383457007e-10
2.344246109751585344e-10
2.234968580474169777e-10
2.129820293143517155e-10
2.028653509534614272e-10
1.931300923646832116e-10
1.837658789035297330e-10
1.747591519559977147e-10
1.660983578733629610e-10
1.577745292045567107e-10
1.497770491431181382e-10
1.420956641447478542e-10
1.347242225549867980e-10
1.276514880680655384e-10
1.208717792498192123e-10
1.143749126019066259e-10
1.081545485277424953e-10
1.022029097546522134e-10
9.651288357659674238e-11
9.107704501089432156e-11
8.588876568636264332e-11
8.094035594972339930e-11
7.622447043707668274e-11
7.173366289806713616e-11
6.746232233566730925e-11
6.340191495080596233e-11
5.954666435998574932e-11
5.588822324289351747e-11
5.242019043177894632e-11
4.913633980678619430e-11
4.602759656607370774e-11
4.308944945864186647e-11
4.031388124710784436e-11
3.769396303947262058e-11
3.522357234255497187e-11
3.289623709767132495e-11
3.070519773148142778e-11
2.864386529415371292e-11
2.670653486868236414e-11
2.488740743684654086e-11
2.317981078774718201e-11
2.157843918795888231e-11
2.007814445006422934e-11
1.867336835341394512e-11
1.735885783864381527e-11
1.612963174742336713e-11
1.498115987078099223e-11
1.390861201217867264e-11
1.290764170015164496e-11
1.197400708588024154e-11
1.110370098621907548e-11
1.029306680702929568e-11
9.538450101421768852e-12
8.836240372761127967e-12
8.183234233443754350e-12
7.576203822433245388e-12
7.012292411637686810e-12
6.488665026965949835e-12
6.002691914623036222e-12
5.551962866441091264e-12
5.133972239720170801e-12
4.746454100047237122e-12
4.387571806716418477e-12
4.055167099475385252e-12
3.747435489678804895e-12
3.462700992496629668e-12
3.199245745210264881e-12
2.955569983244878814e-12
2.730271398784053222e-12
2.522004816562501192e-12
2.329504303997096439e-12
2.151637361132976602e-12
1.987304656856516336e-12
1.835489766870538166e-12
1.695189845525612736e-12
1.565659346114083241e-12
1.445987365609193878e-12
1.335476447909835207e-12
1.233406735216070345e-12
1.139135572261211657e-12
1.052065588928976376e-12
9.716474832887814642e-13
8.973798525427623648e-13
8.287859536205243352e-13
7.653646384195824359e-13
7.068736131823328876e-13
6.528525288344047501e-13
6.029598166154225478e-13
5.568799887375875446e-13
5.143216593573228739e-13
4.750157086740692184e-13
4.387135857576260879e-13
4.051857525478103274e-13
3.741653024402806743e-13
3.455116691330360831e-13
3.190806350729861506e-13
2.946727610568900453e-13
2.721256710777867600e-13
2.513048865063415583e-13
2.320927903391941734e-13
2.143544966522461138e-13
1.979718884565944862e-13
1.827503965140374756e-13
1.687550030117412059e-13
1.558254648467590923e-13
1.438854568140140732e-13
1.328556121978005573e-13
1.226683127749706145e-13
1.132571418398401944e-13
1.045644120454318365e-13
9.653578797324674708e-14
8.912019194210219751e-14
8.226696582201018769e-14
7.594178496153578902e-14
7.009329639449976588e-14
6.469192974708127902e-14
5.970265305269820188e-14
5.509347680744325034e-14
5.083494177962015374e-14
4.689987996127968737e-14
4.326471111059349704e-14
3.990634708729701251e-14
3.680318147884835137e-14
3.393468181138502035e-14
3.128370043369331247e-14
2.883482940865541668e-14
2.657278584714074130e-14
2.448061463365594902e-14
2.254789519093162373e-14
2.076203996696445854e-14
1.911048843112140574e-14
1.758415288265195734e-14
1.617201861092025979e-14
1.486702660265627091e-14
1.366051785158467498e-14
1.254521172393100105e-14
1.151370264913692506e-14
1.055984748779325969e-14
9.678018251003833144e-15
8.862569106518317553e-15
8.108824166184847713e-15
7.411610346040893766e-15
6.767254800365904838e-15
6.171063950815914707e-15
5.620169407831559500e-15
5.111023834391528777e-15
4.640360338568404683e-15
4.205965285333511506e-15
3.804806493805573311e-15
3.434685150587385723e-15
3.093185787261074983e-15
2.778112579372638272e-15
2.487978402721626668e-15
2.221181783167623643e-15
1.975962505154781026e-15
1.750744387834567866e-15
1.544534486570101468e-15
1.355936313634188882e-15
1.184070328819620397e-15
1.027539401775803244e-15
8.854101582862137796e-16
7.572541950385766419e-16
