# bin_4_2
1.320152188968962495e-08
1.324922500911370623e-08
1.329858242298505932e-08
1.334963093772024514e-08
1.340242279643995256e-08
1.345710708870703784e-08
1.351348347610223287e-08
1.357175255372944180e-08
1.363194297203087871e-08
1.369421129746914787e-08
1.375854058177166746e-08
1.382771124668729674e-08
1.389621697367734490e-08
1.396441091556211990e-08
1.403747726185283080e-08
1.411286149965855563e-08
1.419061828913860594e-08
1.427080854684254098e-08
1.435297733954005112e-08
1.443829605418312603e-08
1.452647511886509439e-08
1.461689663552560034e-08
1.471000350498919627e-08
1.480585593161523585e-08
1.490450112984486335e-08
1.500599280440569615e-08
1.511033532090767190e-08
1.521761065290767235e-08
1.532786286670064104e-08
1.544145214564013957e-08
1.555752623485754711e-08
1.567694775414164146e-08
1.579949134407677637e-08
1.592517582194747578e-08
1.605403388579351898e-08
1.618609213545939128e-08
1.632135985775458739e-08
1.645984456040493525e-08
1.660087423614679402e-08
1.674581769307546230e-08
1.689480313744701741e-08
1.704626767031204465e-08
1.720267650475509047e-08
1.735892566154395768e-08
1.752010235954169984e-08
1.768422066312536754e-08
1.785157048456474397e-08
1.802202815992451205e-08
1.819550873860125034e-08
1.837193446064460394e-08
1.855118366949767436e-08
1.873330332779146082e-08
1.891829025372695996e-08
1.910540774165281932e-08
1.930083170179398885e-08
1.948788462605144969e-08
1.968252343465340024e-08
1.987836536708342789e-08
2.007802369204669362e-08
2.027855847672876142e-08
2.048072337459291032e-08
2.068429753738628629e-08
2.088912049318412738e-08
2.109515209129529897e-08
2.130191004918722197e-08
2.150925056608166218e-08
2.171691409538393440e-08
2.192460695532671796e-08
2.213064181445401150e-08
2.233914939032540511e-08
2.254869564905773412e-08
2.275058314573696094e-08
2.295415274034395658e-08
2.315598855332186918e-08
2.335576757711265645e-08
2.355306253228455253e-08
2.374730819350041159e-08
2.393840495770081482e-08
2.412546453042086087e-08
2.431945132712254506e-08
2.448789514882249464e-08
2.465967134422189932e-08
2.483028666400554507e-08
2.499291442554710268e-08
2.514926965850223863e-08
2.529866222144079141e-08
2.544126488080970034e-08
2.557599134112133108e-08
2.570255518763215340e-08
2.582045204706868194e-08
2.592914715622112599e-08
2.602834796573428958e-08
2.612411674285681187e-08
2.619639406874052372e-08
2.626360477473853859e-08
2.631960955329360544e-08
2.636398260070967608e-08
2.639560899511204221e-08
2.641469606713476036e-08
2.641986176960917580e-08
2.643245229102833783e-08
2.639109962100429606e-08
2.635513834579747946e-08
2.630462037990337345e-08
2.623901463851410397e-08
2.615794830585081070e-08
2.606210827640717954e-08
2.595031648862134393e-08
2.582271167632653897e-08
2.567906830895933362e-08
2.551936994621362679e-08
2.534344129703520013e-08
2.515151625002159403e-08
2.494349848039412426e-08
2.471927280554497757e-08
2.447940212168879262e-08
2.422345564184940073e-08
2.395217745930350499e-08
2.366598915732789111e-08
2.336412435071718121e-08
2.304806735335519324e-08
2.271113599660152947e-08
2.237433069352058200e-08
2.201757435356289338e-08
2.164759393963340376e-08
2.126716332811432242e-08
2.087492469230941478e-08
2.047228848070688961e-08
2.005990933944230244e-08
1.963879297838828346e-08
1.920950928172163652e-08
1.877342528722987354e-08
1.833120891021402546e-08
1.788335590709107993e-08
1.743166947543653990e-08
1.697645961962627306e-08
1.651913841160787020e-08
1.606048246412140108e-08
1.560149870996672272e-08
1.514312655849959031e-08
1.468660302819976360e-08
1.423258369288983879e-08
1.378198898138123187e-08
1.333590108859100983e-08
1.289494348683741159e-08
1.245992500649507145e-08
1.203169216851278198e-08
1.161072981080143902e-08
1.119770091915181301e-08
1.079316148574541782e-08
1.039747016810401457e-08
1.001071583362691668e-08
9.633988595733926947e-09
9.266793840287428049e-09
8.909516013840425328e-09
8.561977162083781290e-09
8.224574077826982718e-09
7.897010729713592801e-09
7.579315725302332575e-09
7.271237242796185540e-09
6.972687490695395465e-09
6.683390369261684445e-09
6.403098590148172522e-09
6.131599711391985690e-09
5.868705765337472058e-09
5.614103108789688641e-09
5.367588740768191305e-09
5.129092676256410569e-09
4.898385307399967509e-09
4.675234388974630333e-09
4.459778227549213413e-09
4.251818519370108922e-09
4.051330297984152163e-09
3.858393470206815730e-09
3.672993896993816948e-09
3.494971963879242177e-09
3.324527955716158897e-09
3.161503857596456457e-09
3.005855836428657917e-09
2.857493141143076082e-09
2.716227203941632431e-09
2.581852409085597240e-09
2.454145724687672452e-09
2.332790820722967538e-09
2.217480535074947612e-09
2.107914583276894345e-09
2.003751346827338678e-09
1.904692144656132238e-09
1.810455049092198069e-09
1.720809493457691246e-09
1.635514978526166111e-09
1.554506399654263455e-09
1.477572861499610640e-09
1.404555630020330993e-09
1.335344509165103129e-09
1.269791524156526914e-09
1.207754008664196749e-09
1.149046570604912943e-09
1.093486186686265766e-09
1.040869143353585045e-09
9.910581080761033634e-10
9.438413539150741040e-10
8.990644777264199467e-10
8.566431242928851853e-10
8.164233999568249022e-10
7.783072991877162291e-10
7.421799156519163944e-10
7.079472542967139768e-10
6.754999753141812770e-10
6.447315110769714882e-10
6.155323042681739497e-10
5.878081726660086726e-10
5.614682882825405678e-10
5.364318838601879210e-10
5.126249766080577924e-10
4.899681193244629092e-10
4.683923341321238927e-10
4.478463279296065775e-10
4.282515285659563008e-10
4.095546854152399439e-10
3.917029985201002410e-10
3.746494419194291132e-10
3.583428924671603475e-10
3.427395911616260513e-10
3.277977777417014202e-10
3.134815767895316079e-10
2.997574811286074508e-10
2.865921499873147745e-10
2.739581635702489658e-10
2.618240335223470071e-10
2.501662991951453900e-10
2.389630257876248383e-10
2.281916478546297902e-10
2.178334186161397298e-10
2.078690751776218284e-10
1.982829245139485051e-10
1.890588865831162756e-10
1.801842093796258421e-10
1.716451675842526125e-10
1.634296016349133040e-10
1.555279040095063053e-10
1.479281228423544799e-10
1.406222526690886221e-10
1.335994665745884478e-10
1.268530513491502647e-10
1.203747197481399221e-10
1.141562880361646459e-10
1.081911474164850634e-10
1.024722405528870270e-10
9.699206009843456338e-11
9.174580467684076986e-11
8.672526394773663536e-11
8.192579691965104099e-11
7.733931831823196412e-11
7.296130603448727005e-11
6.878483386877748220e-11
6.480435082229170596e-11
6.101292095374443887e-11
5.740610145235362808e-11
5.397672582472112702e-11
5.071903860511036821e-11
4.762657000342300776e-11
4.469482999833808359e-11
4.191695002920504559e-11
3.928739960085793388e-11
3.679998110809564604e-11
3.444909786904037521e-11
3.222941493401070349e-11
3.013532192266237989e-11
2.816099598834808769e-11
2.630142068831270537e-11
2.455119255909686747e-11
2.290504837203893605e-11
2.135810960261164702e-11
1.990553209151924181e-11
1.854247177566387471e-11
1.726412477567342931e-11
1.606653215128473330e-11
1.494493553805911773e-11
1.389558331820495113e-11
1.291428810435257189e-11
1.199719566231538215e-11
1.114065240361338337e-11
1.034124837974965740e-11
9.595509134225279683e-12
8.900417353216662903e-12
8.252766381947897608e-12
7.649641517410435095e-12
7.088364314153727476e-12
6.566240362013209365e-12
6.080816093475441771e-12
5.629771453493680299e-12
5.210870945802377604e-12
4.821949098355253893e-12
4.461068437258615127e-12
4.126333748545049475e-12
3.815994151006076749e-12
3.528428960544230344e-12
3.261988556584919788e-12
3.015222444160945739e-12
2.786796465391922555e-12
2.575392220141345521e-12
2.379793525791309242e-12
2.198875346452008448e-12
2.031544631753324148e-12
1.876851182339716854e-12
1.733853922124286176e-12
1.601683639746632819e-12
1.479530438482717334e-12
1.366657826040446305e-12
1.262365743447506925e-12
1.166008261606033240e-12
1.076933187104864100e-12
9.946308851147302738e-13
9.186704074999840009e-13
8.485041110997883222e-13
7.836912007221818396e-13
7.238155313750936847e-13
6.685071614968197724e-13
6.174191184621025795e-13
5.702369643776500740e-13
5.266574404114973697e-13
4.864045267881316523e-13
4.492272447805873439e-13
4.148881257419732751e-13
3.831731649298415146e-13
3.538810578959668934e-13
3.268236941071106691e-13
3.018350478254916865e-13
2.787557381689987073e-13
2.574384459177927179e-13
2.377432212639751481e-13
2.195636955536070311e-13
2.027632646826526658e-13
1.872495559312323711e-13
1.729196283778119939e-13
1.596830179495914918e-13
1.474566256845030189e-13
1.361635762053287400e-13
1.257329351812760894e-13
1.160992360399837785e-13
1.071996490723905154e-13
9.897668171898834834e-14
9.138636371199346011e-14
8.437175928446483587e-14
7.789215096599581068e-14
7.190640056150158509e-14
6.637684273727779950e-14
6.126953506556613209e-14
5.655079852930667575e-14
5.219172486615212257e-14
4.816688093694958973e-14
4.444400737085617346e-14
4.100605738820427337e-14
3.783007860257684870e-14
3.489518651613313358e-14
3.218411393298659973e-14
2.967784673200192766e-14
2.736255984305567113e-14
2.522287001700917230e-14
2.324544941776457408e-14
2.141799074390045395e-14
1.972869914465363784e-14
1.816727511177658392e-14
1.672444479006882336e-14
1.539096672598453933e-14
1.415825316355281838e-14
1.301905933616910833e-14
1.196567288500909607e-14
1.099141265677962087e-14
1.009016176773859013e-14
9.257105353653574877e-15
8.487178550098633108e-15
7.775345109092730788e-15
7.117121145760800098e-15
6.508541034378619452e-15
5.945893473324701847e-15
5.425982501613027487e-15
4.945498139288760578e-15
4.501609209754665382e-15
4.091562563314489911e-15
3.712582928562732050e-15
3.362932669029956985e-15
3.040328528140089737e-15
2.742678622281655213e-15
2.468693034335372591e-15
2.216344125339241828e-15
1.984383808425250831e-15
1.771220969146538919e-15
1.575450886503866315e-15
1.396140595353791824e-15
1.232295636254805271e-15
1.082767022704136085e-15
9.465906386331424330e-16
8.230993049613324352e-16
7.113266547823728741e-16
6.107792306149200117e-16
5.205023740946553448e-16
4.398746629548480129e-16
3.685852700619967299e-16
