# bin_2_1
1.078235640664843901e-08
1.081669982456698670e-08
1.085218977835098049e-08
1.088885524304195532e-08
1.092672785514523309e-08
1.096593784427564672e-08
1.100626607989887241e-08
1.104789274708339470e-08
1.109082500239237208e-08
1.113519989035897270e-08
1.118097807540147728e-08
1.123090368459297413e-08
1.127947736302509570e-08
1.132702295275883526e-08
1.137867835563381273e-08
1.143187624335075214e-08
1.148664581897119228e-08
1.154302181703536603e-08
1.160052407319137045e-08
1.166068521196042275e-08
1.172201314160502410e-08
1.178503155066226093e-08
1.184978297590110421e-08
1.191627586638839020e-08
1.198453419850660964e-08
1.205457098054526949e-08
1.212638817339641420e-08
1.220000636007615630e-08
1.227544677458106657e-08
1.235303530860662022e-08
1.243188824440054976e-08
1.251283233877028991e-08
1.259560271094959806e-08
1.268019741598188228e-08
1.276660437291978168e-08
1.285481333983129587e-08
1.294480023882983188e-08
1.303653681535696289e-08
1.312932070821178189e-08
1.322447233339154574e-08
1.332208720324113827e-08
1.342057495874165881e-08
1.352235480242042397e-08
1.362230507082802231e-08
1.372533000838354809e-08
1.382980851296615596e-08
1.393560364372576067e-08
1.404268994074804773e-08
1.415095115206485351e-08
1.426027884119104630e-08
1.437052225801175131e-08
1.448169986151239836e-08
1.459378356025635255e-08
1.470600961287864218e-08
1.481920740670483172e-08
1.493265454550750302e-08
1.504631508095026944e-08
1.515911872147913434e-08
1.527365588968009416e-08
1.538698776514102757e-08
1.549985603873109130e-08
1.561204412223991901e-08
1.572348851524310213e-08
1.583384879560754139e-08
1.594296110416267235e-08
1.605059304584073346e-08
1.615650544703274667e-08
1.626042940205416003e-08
1.636072767886800129e-08
1.646148977094308226e-08
1.655811325045155357e-08
1.665185974330775807e-08
1.674215826128252215e-08
1.682898749792922183e-08
1.691209458870459715e-08
1.699113243084068361e-08
1.706562580815924860e-08
1.713556967516833136e-08
1.720052318798622054e-08
1.726018955666385014e-08
1.731430746795563764e-08
1.736256581687757014e-08
1.740472408609121847e-08
1.744035693750736563e-08
1.746926159540926321e-08
1.749111880886156844e-08
1.750570650810383433e-08
1.751271833193465478e-08
1.751188233738315602e-08
1.750291557957657073e-08
1.748551561668280324e-08
1.745962852258381532e-08
1.743146752181649576e-08
1.738154641062220748e-08
1.732826604097828615e-08
1.726590418773515131e-08
1.719420291940044441e-08
1.711248455715330184e-08
1.702122067650282286e-08
1.692003331834902757e-08
1.680891112131723678e-08
1.668779173363295696e-08
1.655673724797752065e-08
1.641572734047232972e-08
1.626475818407004268e-08
1.610363313221853628e-08
1.593342563045701297e-08
1.575332791821196521e-08
1.556381512505585188e-08
1.536500724064058581e-08
1.515721862334398470e-08
1.494060212218774860e-08
1.471570105716596231e-08
1.448272306041988990e-08
1.424180049669566857e-08
1.399380169180528786e-08
1.373869665538722042e-08
1.347721347280275053e-08
1.321016138993642372e-08
1.293668604958418489e-08
1.265867100298871480e-08
1.236973748739869742e-08
1.209015060119331500e-08
1.180067447191526413e-08
1.150780543218463683e-08
1.121416311767953744e-08
1.091840972706314319e-08
1.062178604994972020e-08
1.032477560336937737e-08
1.002809190021102209e-08
9.732212701849862749e-09
9.437927965354441755e-09
9.145781025098674112e-09
8.855715993695832041e-09
8.568984103939446405e-09
8.285723159901200532e-09
8.006404012766356932e-09
7.731420116789772718e-09
7.461187271804855567e-09
7.195935279076649647e-09
6.936232259518880613e-09
6.682073418518759197e-09
6.433695794298175928e-09
6.191390589659247497e-09
5.955158538516482641e-09
5.725164454357041816e-09
5.501520678441122685e-09
5.284127520635087919e-09
5.073052904988795412e-09
4.868306041842631103e-09
4.669763513343561989e-09
4.477310037231259288e-09
4.290959585102812707e-09
4.110542979632350263e-09
3.936065486151047551e-09
3.767082957020377700e-09
3.603842632165106962e-09
3.446012034908319273e-09
3.293579101201930484e-09
3.146355176794635746e-09
3.004327540207757068e-09
2.867330435706453434e-09
2.735297985131098070e-09
2.608152251316195964e-09
2.485835022272998764e-09
2.368265412744235950e-09
2.255364068364121392e-09
2.147157458207551016e-09
2.043517690271697232e-09
1.944323643852077795e-09
1.849576744974520369e-09
1.759168941633449964e-09
1.672975745881048594e-09
1.590964726630117297e-09
1.512957959118391654e-09
1.438759455630068079e-09
1.368301941848373417e-09
1.301397295515487708e-09
1.237880331406402557e-09
1.177594405140980881e-09
1.120354777476395363e-09
1.065999790234539758e-09
1.014398150991450991e-09
9.653847894827222592e-10
9.188239478967363921e-10
8.746302991454983360e-10
8.326688984395515273e-10
7.928186056480831350e-10
7.550701391810501059e-10
7.192483572793499299e-10
6.852771176305184162e-10
6.531158376509669050e-10
6.226412649228283735e-10
5.937392505016015250e-10
5.663692962521784034e-10
5.404040250816703916e-10
5.157819330658072835e-10
4.923533603135345772e-10
4.702471748898641414e-10
4.491926568075334286e-10
4.292036742596469436e-10
4.102022897396047385e-10
3.921398146658311872e-10
3.749666029987623138e-10
3.586231346991710632e-10
3.430588903037291094e-10
3.282246355297626005e-10
3.140822572895998811e-10
3.005877437487553491e-10
2.877028589974180866e-10
2.753928520578676785e-10
2.636192419650082230e-10
2.523597360837803657e-10
2.415653542206070716e-10
2.312276392089721631e-10
2.213143053199592317e-10
2.118013543811127667e-10
2.026670443110295095e-10
1.938966719074285523e-10
1.854639080054443792e-10
1.773545405465738042e-10
1.695543450240101511e-10
1.620470216642738578e-10
1.548213880935248284e-10
1.478635553720806876e-10
1.411626122056582087e-10
1.347090296533321353e-10
1.284925643681462900e-10
1.225056098169993800e-10
1.167397892748328038e-10
1.111877423299133049e-10
1.058430845339064176e-10
1.006988401321999678e-10
9.574892051060323992e-11
9.098867637185087486e-11
8.641277907462635785e-11
8.201506142181559993e-11
7.779191212849170535e-11
7.373836623250915691e-11
6.985028757088853617e-11
6.612414847978560642e-11
6.255431142368835314e-11
5.913781692874175269e-11
5.586962420632665819e-11
5.274644533324640365e-11
4.976466437736661525e-11
4.691876244575408767e-11
4.420578564108764297e-11
4.162184216518752670e-11
3.916246268730223503e-11
3.682430575723774736e-11
3.460266581683000053e-11
3.249429340339242846e-11
3.049405645997529108e-11
2.859930002824967510e-11
2.680540929285150371e-11
2.510864275732158351e-11
2.350472644056994323e-11
2.199060719002300117e-11
2.056201346902244830e-11
1.921519186004377977e-11
1.794629465353907460e-11
1.675236364255360987e-11
1.562955305624911438e-11
1.457441451056021428e-11
1.358331853378405901e-11
1.265342537831581840e-11
1.178155203233897619e-11
1.096469555062122695e-11
1.019973382796791271e-11
9.484026284950040275e-12
8.814789071784591557e-12
8.189351015859260657e-12
7.605202741446021806e-12
7.060093273472853269e-12
6.551597916204645180e-12
6.077435175915086368e-12
5.635788421645211971e-12
5.224437718970353561e-12
4.841729640098933632e-12
4.485540959995380752e-12
4.154452493948212305e-12
3.846708049380152894e-12
3.560914667981594134e-12
3.295532046803928165e-12
3.049396680555511814e-12
2.820871218409441878e-12
2.609050252862106936e-12
2.412714923353910320e-12
2.230833419978248353e-12
2.062321335033649130e-12
1.906248769390543319e-12
1.761872368840760250e-12
1.628220070143471108e-12
1.504519021928804985e-12
1.390156701042540315e-12
1.284401079576538171e-12
1.186629142443733253e-12
1.096247925083498100e-12
1.012714515238369314e-12
9.355165126902087706e-13
8.641822922547844782e-13
7.982715072678484211e-13
7.373767911612559804e-13
6.810904009559025251e-13
6.291124805186167885e-13
5.810962665783942002e-13
5.367330895898110727e-13
4.957602122265421083e-13
4.579125952214631275e-13
4.229457392642003933e-13
3.906534044063280649e-13
3.608197525326646979e-13
3.332638742814471254e-13
3.078084294659734996e-13
2.842968154713572494e-13
2.625785032909747918e-13
2.425176725694612196e-13
2.239867878397826889e-13
2.068705723291124203e-13
1.910638144693179934e-13
1.764595971293119254e-13
1.629702890330068526e-13
1.505115192446622106e-13
1.390020973125149931e-13
1.283721757110842492e-13
1.185537862827257513e-13
1.094827490668883695e-13
1.011047613548805143e-13
9.336641178507806466e-14
8.621810194212165260e-14
7.961347952132172005e-14
7.351323563103308611e-14
6.787960944620561325e-14
6.267529253024066371e-14
5.786703039704614054e-14
5.342394151306698376e-14
4.932048572061505833e-14
4.553013049049605748e-14
4.202798972861039237e-14
3.879286317176288171e-14
3.580330503915186181e-14
3.304173618553698655e-14
3.049031443155054696e-14
2.813241253839692446e-14
2.595435909369698887e-14
2.394136020194003434e-14
2.208094575749299292e-14
2.036259551602358648e-14
1.877390361075045065e-14
1.730604817237626124e-14
1.594929954690075081e-14
1.469530164084736291e-14
1.353627661420014450e-14
1.246497953321576559e-14
1.147479743393014751e-14
1.055926983393290562e-14
9.713056830393858412e-15
8.930624848220385677e-15
8.207385749701043223e-15
7.538505205589143782e-15
6.920105194614510917e-15
6.348249126637156880e-15
5.819416085579809728e-15
5.330829155259626787e-15
4.879302174723160140e-15
4.461904852319170697e-15
4.076245743279177144e-15
3.719715946682475799e-15
3.389975810739403547e-15
3.085006253914395551e-15
2.803535387720136208e-15
2.543861642156512591e-15
2.304255276050276155e-15
2.083206936164015879e-15
1.879448439657072783e-15
1.691811258625706625e-15
1.519184180200503596e-15
1.360641971407634128e-15
1.215184918524886174e-15
1.081825130872814006e-15
9.596633159716893723e-16
8.482413527193892258e-16
7.466835788702481218e-16
6.543159390763184192e-16
5.707840161827111947e-16
4.952804937739440421e-16
4.273995828838566392e-16
3.665293275115884010e-16
3.121390948949839717e-16
2.638714459573872054e-16
2.213122760280309351e-16
1.839876768239179107e-16
1.514795084121685551e-16
1.234217470991287917e-16
9.940340822902123346e-17
7.911306888977135617e-17
6.211453068659450381e-17
4.807518112735523584e-17
3.671086366484299035e-17
