# bin_2_2
1.168257650856676893e-08
1.172183990012853486e-08
1.176243332874912593e-08
1.180439219472765696e-08
1.184775477009329244e-08
1.189265813065599135e-08
1.193888996393449507e-08
1.198663786903851266e-08
1.203591683954750111e-08
1.208687091203360304e-08
1.213946888697483618e-08
1.219646847901725775e-08
1.225236679713736671e-08
1.230749849676490891e-08
1.236701888497931021e-08
1.242836484297023883e-08
1.249157472810731138e-08
1.255669268232367394e-08
1.262324791423342043e-08
1.269278345370187431e-08
1.276381660490033089e-08
1.283688875976742760e-08
1.291203104304826417e-08
1.298928436764330936e-08
1.306867630520941357e-08
1.315024058948083934e-08
1.323396109480466759e-08
1.331989904591677138e-08
1.340807738892389431e-08
1.349883411014363217e-08
1.359129644837600634e-08
1.368630374811920401e-08
1.378360842848675410e-08
1.388320659494113939e-08
1.398510791317428441e-08
1.408931570141388429e-08
1.419581586867782614e-08
1.430459238917909833e-08
1.441495329026504740e-08
1.452823535497443511e-08
1.464454487961249462e-08
1.476230095529752363e-08
1.488393824790715080e-08
1.500434008552559736e-08
1.512842848837763675e-08
1.525459139608039348e-08
1.538270245553419046e-08
1.551274666690909454e-08
1.564461748484759069e-08
1.577821585824021201e-08
1.591339972301414489e-08
1.605019591699396845e-08
1.618858362362575384e-08
1.632780561801046149e-08
1.646869785795956255e-08
1.661054224283916971e-08
1.675330667257508291e-08
1.689592239013848141e-08
1.704098588939397687e-08
1.718555411523181064e-08
1.733036924042890464e-08
1.747521228347622932e-08
1.762001563876383414e-08
1.776443327130860214e-08
1.790829351120844937e-08
1.805135481582905186e-08
1.819336632407660264e-08
1.833404570844358864e-08
1.847173202079401912e-08
1.861054046021601171e-08
1.874907822797426210e-08
1.887870965301776408e-08
1.900875925114746349e-08
1.913586353106229423e-08
1.925973826707522984e-08
1.938000150531731316e-08
1.949613941522021536e-08
1.960810669756076536e-08
1.971541759674176431e-08
1.981772729723784866e-08
1.991472340673826405e-08
2.000603891174482792e-08
2.009137542801641041e-08
2.017024395305064421e-08
2.024237604645842469e-08
2.030738178282106712e-08
2.036496517391936871e-08
2.041474155022583089e-08
2.045635737537398227e-08
2.048944347131592056e-08
2.051360740803839711e-08
2.052870344592146058e-08
2.054088999119057589e-08
2.053045276658774111e-08
2.051581284872627481e-08
2.049110299138824686e-08
2.045595480890804713e-08
2.040957554379700731e-08
2.035232427139466671e-08
2.028371138187346399e-08
2.020358554072047897e-08
2.011178488570930443e-08
2.000824369280593030e-08
1.989282027893591070e-08
1.976538783287352058e-08
1.962562627383315859e-08
1.947449932024642825e-08
1.931107108205137301e-08
1.913570537207262772e-08
1.894840840834685439e-08
1.874938768387843930e-08
1.853869246893236776e-08
1.831677103898350452e-08
1.808373984259892948e-08
1.783964417543076911e-08
1.758528439748964875e-08
1.732055959435839524e-08
1.704614632014172340e-08
1.676277540233411889e-08
1.646966020164766647e-08
1.616856922370068237e-08
1.585302320742593506e-08
1.554367577218215354e-08
1.522094105398707641e-08
1.489146623863175710e-08
1.455797595563206120e-08
1.421916247046830249e-08
1.387637473811597306e-08
1.353020239153662485e-08
1.318148948800421475e-08
1.283085625149257683e-08
1.247932169982789225e-08
1.212741587939029399e-08
1.177544465062840069e-08
1.142491215910456593e-08
1.107590737005694821e-08
1.072938755084804867e-08
1.038589642642441823e-08
1.004609876488398715e-08
9.710468667735664149e-09
9.379835541106584160e-09
9.054438033521302620e-09
8.734759080429968247e-09
8.421333798642964178e-09
8.114405179993413509e-09
7.814288287480431782e-09
7.521360805976582601e-09
7.235671966872011946e-09
6.957450574990177205e-09
6.686843548594358268e-09
6.423836999590744423e-09
6.168404497520464185e-09
5.920632033698751552e-09
5.680392010152065705e-09
5.447718224764917064e-09
5.222147231614244279e-09
5.003928706827009564e-09
4.792679239660094905e-09
4.588346977105536601e-09
4.390671408190926606e-09
4.199578555855720787e-09
4.014827271753130642e-09
3.836267290122738459e-09
3.663776892880727971e-09
3.497274021797434913e-09
3.336571358334722934e-09
3.181583351915320910e-09
3.032333442066169818e-09
2.888691598946113969e-09
2.750548030212343768e-09
2.617951387858765054e-09
2.490836866322716028e-09
2.369131097650288838e-09
2.252855831729439703e-09
2.141928486185977274e-09
2.036148971804192179e-09
1.935514182825533661e-09
1.839852216205903450e-09
1.748998173454363701e-09
1.662778725961094461e-09
1.580962918312989613e-09
1.503329418101387353e-09
1.429676499656834910e-09
1.359537385825721337e-09
1.293332421753806683e-09
1.230257257672700509e-09
1.170313484739416372e-09
1.113313722501102986e-09
1.059231838149294427e-09
1.007835759149021235e-09
9.590336862447365490e-10
9.127956218288321463e-10
8.689774218042291017e-10
8.274600496261319096e-10
7.881503770512661904e-10
7.509304501053427433e-10
7.156934304594834387e-10
6.823151323124132800e-10
6.506841322684158206e-10
6.206859322315319975e-10
5.922507037793778923e-10
5.652596747178310844e-10
5.396476417817490300e-10
5.154270968365925592e-10
4.922773162470691879e-10
4.703654489925782802e-10
4.495403521853905387e-10
4.297439750605972688e-10
4.109124896141898911e-10
3.929875701792003411e-10
3.759102967648448635e-10
3.596295669367967759e-10
3.441016511544150615e-10
3.292773508792535525e-10
3.151175615840839927e-10
3.015792590882482541e-10
2.886269104627649037e-10
2.762250575030016758e-10
2.643491037971217765e-10
2.529639839660626897e-10
2.420389229710067029e-10
2.315530099223656974e-10
2.214805894968537038e-10
2.118045828539589080e-10
2.025000596887021386e-10
1.935506166164015896e-10
1.849396049256801045e-10
1.766521115335813739e-10
1.686744645883630386e-10
1.609933762824633496e-10
1.535968604402104404e-10
1.464747190375001324e-10
1.396160947227253165e-10
1.330117320115206156e-10
1.266538615042713989e-10
1.205348919022749465e-10
1.146452708324846460e-10
1.089806966345622842e-10
1.035339502559446054e-10
9.829852327702809232e-11
9.327004898680880923e-11
8.844140733077238716e-11
8.380869503082592805e-11
7.936553671975932052e-11
7.510799998573114276e-11
7.103114634727407498e-11
6.712957583833889001e-11
6.339922543830985631e-11
5.983529249096044447e-11
5.643267190680080150e-11
5.318770859095224813e-11
5.009476054807294222e-11
4.715010368694924040e-11
4.434813215677084490e-11
4.168516721383832672e-11
3.915602883114552023e-11
3.675639175691693321e-11
3.448108311606037247e-11
3.232657637547031529e-11
3.028759923002890821e-11
2.835963585711662027e-11
2.653788795466467519e-11
2.481897939134597200e-11
2.319771090383706935e-11
2.167014726393702774e-11
2.023159554547286898e-11
1.887822705082278252e-11
1.760606691049538934e-11
1.641121198881962635e-11
1.528956627105851883e-11
1.423766066456687123e-11
1.325179559165013236e-11
1.232840209290958011e-11
1.146413448035597478e-11
1.065589300607995144e-11
9.900413965862591460e-12
9.194563055409808154e-12
8.535833538085223430e-12
7.921150872426595604e-12
7.348118517350753462e-12
6.814124892886192661e-12
6.316785696673183507e-12
5.853804551869324947e-12
5.423136285408024416e-12
5.022635010276012278e-12
4.650499835807161480e-12
4.304786156300386002e-12
3.983782922945023135e-12
3.685883674970139247e-12
3.409564539281661472e-12
3.153244557130097560e-12
2.915721221006197439e-12
2.695654579048261848e-12
2.491861476221632966e-12
2.303074033067519274e-12
2.128386397427930275e-12
1.966743210872649367e-12
1.817222642075234431e-12
1.678953842937709676e-12
1.551081647799423541e-12
1.432884404994545988e-12
1.323638326359907994e-12
1.222679354982104210e-12
1.129393075059059055e-12
1.043165550358449250e-12
9.635402271136495046e-13
8.899828906579317878e-13
8.220334249536012868e-13
7.592661511971098319e-13
7.012557592010258614e-13
6.476906311629075353e-13
5.982206217687438491e-13
5.525214871132938743e-13
5.102663345899556959e-13
4.712931876510093600e-13
4.352958523686871194e-13
4.020472290273839255e-13
3.713376530371932121e-13
3.429733099925032960e-13
3.167752156557194341e-13
2.925308738644529445e-13
2.701718791969782349e-13
2.495184054496624888e-13
2.304431169820702277e-13
2.128229262288080950e-13
1.965493720373156881e-13
1.815187653855391768e-13
1.676339078270407615e-13
1.548100900889463215e-13
1.429657620870889957e-13
1.320253289793019008e-13
1.219184151989780978e-13
1.125836006557472352e-13
1.039626763399595982e-13
9.599939095642862194e-14
8.864301961103677045e-14
8.184653958240439223e-14
7.556958404136083481e-14
6.977185124436961111e-14
6.441572432617471549e-14
5.946829747836984265e-14
5.489734463944076379e-14
5.067513787154591937e-14
4.677467182019873035e-14
4.317092682409682700e-14
3.984189532462298687e-14
3.676595607251532548e-14
3.392375351542549188e-14
3.129885577768019743e-14
2.887209202364068752e-14
2.663057235121643804e-14
2.455890792856784602e-14
2.264520778345082295e-14
2.087621233790396703e-14
1.924162078674821627e-14
1.773109639784343926e-14
1.633474484703012562e-14
1.504422420892767906e-14
1.385146157935272323e-14
1.274889215509789683e-14
1.172949465460329720e-14
1.078718392522332847e-14
9.915912057507053857e-15
9.110309286429228657e-15
8.365884413247656103e-15
7.677824246999637572e-15
7.041683018400389586e-15
6.453732130941173836e-15
5.910060840002455213e-15
5.407105151335267484e-15
4.941781077584400830e-15
4.511888321446185904e-15
4.114780042959182296e-15
3.747871429561603605e-15
3.408846138316579573e-15
3.095718113898706479e-15
2.806659151900967713e-15
2.539983158643900112e-15
2.294110878744635507e-15
2.067644031933079068e-15
1.859016929208228733e-15
1.666903729030278382e-15
1.490512021364695117e-15
1.328639470406615324e-15
1.180188010304150763e-15
1.044600725726291931e-15
9.207595470191465611e-16
8.080624551411433004e-16
7.056467111967614920e-16
6.127553895108479254e-16
5.289158075873849717e-16
4.535900746066375930e-16
3.861253571027548647e-16
3.259864267146518433e-16
2.727274830894177443e-16
2.258371580052672405e-16
1.849698344114745433e-16
1.495410941269176523e-16
1.191493637582583281e-16
9.349783987185167602e-17
