# bin_4_1
1.194136292298449783e-08
1.198196211030688767e-08
1.202394035437810057e-08
1.206733470835141956e-08
1.211218515079577901e-08
1.215863053561694421e-08
1.220646020013663009e-08
1.225586369418164326e-08
1.230685807000985888e-08
1.235958902502056001e-08
1.241402744966334825e-08
1.247293600027968767e-08
1.253080765148729116e-08
1.258798025967708287e-08
1.264961602176226740e-08
1.271315147682615272e-08
1.277862722704894178e-08
1.284608971857424982e-08
1.291506943761672901e-08
1.298672199955197894e-08
1.306074270601437828e-08
1.313649769896772075e-08
1.321441347571026602e-08
1.329453346921463166e-08
1.337688778023352358e-08
1.346151267242654661e-08
1.354839460993912431e-08
1.363759738818388060e-08
1.372914653686944376e-08
1.382338288724017035e-08
1.391943576637496621e-08
1.401814754643380939e-08
1.411927313089535464e-08
1.422281119040785024e-08
1.432877395016525782e-08
1.443716726232772087e-08
1.454797951155120574e-08
1.466119709907437631e-08
1.477612858384058905e-08
1.489411701038711388e-08
1.501527033990424253e-08
1.513800664221542238e-08
1.526476579808589364e-08
1.539042870234610938e-08
1.552005445344414945e-08
1.565163841696948520e-08
1.578544865338091908e-08
1.592134062374923234e-08
1.605920890585879503e-08
1.619895545959887666e-08
1.634043895108344732e-08
1.648368688209139583e-08
1.662867773975393400e-08
1.677465700721692537e-08
1.692245798811727720e-08
1.707136266902873918e-08
1.722133804992953270e-08
1.737131375404611469e-08
1.752388619685776129e-08
1.767610877877169720e-08
1.782872181135947054e-08
1.798150355700838523e-08
1.813438313264855754e-08
1.828701082868520788e-08
1.843921064127965587e-08
1.859073640865062129e-08
1.874133188191143319e-08
1.889070896482906131e-08
1.903719706872380668e-08
1.918491417334783553e-08
1.933245644159749412e-08
1.947116350521920886e-08
1.961037207678358402e-08
1.974670059964636234e-08
1.987985564180385888e-08
2.000944426820794021e-08
2.013494070591134758e-08
2.025628785690036662e-08
2.037264704717134407e-08
2.048461644175478818e-08
2.059103787389284585e-08
2.069168107365944935e-08
2.078629492750602649e-08
2.087437353614765425e-08
2.095563177474446291e-08
2.102966190107396843e-08
2.109614976010132089e-08
2.115469179107029498e-08
2.120491522809967917e-08
2.124643089911737563e-08
2.127882589590513229e-08
2.130193455638045029e-08
2.132191357836058744e-08
2.131897033369219064e-08
2.131155793365233664e-08
2.129377350660813173e-08
2.126522551262292463e-08
2.122510001772234984e-08
2.117373485679884286e-08
2.111061922343503322e-08
2.103558143275169636e-08
2.094843908936235414e-08
2.084910860757155984e-08
2.073742860315432751e-08
2.061325440315506113e-08
2.047624892422155145e-08
2.032736236262306682e-08
2.016564234996163638e-08
1.999144065145600247e-08
1.980475089489939192e-08
1.960577200122391011e-08
1.939454380992119049e-08
1.917150961509784652e-08
1.893678078862294036e-08
1.869039910335337740e-08
1.843316668554993114e-08
1.816498186287444671e-08
1.788652627046215076e-08
1.759852648490636644e-08
1.730023274052928158e-08
1.699339565308643909e-08
1.667152351339816927e-08
1.635537833767212090e-08
1.602529714012380179e-08
1.568796829587880362e-08
1.534615261297536974e-08
1.499854526385830172e-08
1.464652201110245976e-08
1.429069375251022138e-08
1.393192626712093545e-08
1.357086382939041950e-08
1.320855027852206674e-08
1.284553997196921176e-08
1.248215165287861507e-08
1.211992554696102339e-08
1.175896621285925427e-08
1.140025424941777601e-08
1.104435225456393441e-08
1.069194442323406199e-08
1.034352010050969618e-08
9.999926452445975478e-09
9.661414161547911309e-09
9.328477997036664553e-09
9.001666402686339854e-09
8.681230492576920029e-09
8.367495989430195837e-09
8.060854045852844781e-09
7.761362690289603332e-09
7.469264487222354652e-09
7.184720611952475886e-09
6.907729891502704913e-09
6.638280578989614652e-09
6.376474015910856345e-09
6.122209496969959601e-09
5.875534607623666786e-09
5.636002956658012409e-09
5.403899412515166709e-09
5.178862772736160620e-09
4.960874224029821113e-09
4.749702861773112689e-09
4.545310216856558618e-09
4.347488715175459082e-09
4.156122727442061288e-09
3.971125518244730614e-09
3.792448554128316185e-09
3.619932111477385954e-09
3.453515520255007976e-09
3.293244593709480361e-09
3.139000127428799204e-09
2.990674482080506142e-09
2.848317004274200856e-09
2.711850261156325103e-09
2.581180456044553373e-09
2.456305500608921958e-09
2.337110772976181291e-09
2.223357047322112320e-09
2.115009719859806652e-09
2.011861544411993983e-09
1.913717623217395952e-09
1.820381629195190380e-09
1.731606406818233761e-09
1.647164316225466854e-09
1.566854317448703711e-09
1.490213833403816237e-09
1.417715214387806757e-09
1.348536264430591393e-09
1.282714151845104823e-09
1.220079583491431324e-09
1.160625869923123653e-09
1.104122757687445991e-09
1.050477810140950377e-09
9.996558878309669277e-10
9.514961804574313073e-10
9.058619812949603925e-10
8.626439053471768588e-10
8.217090299527181180e-10
7.829393298248184497e-10
7.462011533073498706e-10
7.113754995963484661e-10
6.783399697914782389e-10
6.470183077377475933e-10
6.172824450991093650e-10
5.890606092851550215e-10
5.622821147218528244e-10
5.368525103295324977e-10
5.127027147058110383e-10
4.897548007589095390e-10
4.679467091376285887e-10
4.472100119429284990e-10
4.274812936784297538e-10
4.086960700057879517e-10
3.907982578289511983e-10
3.737379363406827534e-10
3.574612909766423594e-10
3.419241383268093839e-10
3.270789815663676925e-10
3.128864319241269100e-10
2.993090541577593774e-10
2.863232088480912636e-10
2.738779244481504347e-10
2.619505180940270800e-10
2.505138745397393271e-10
2.395392974917338863e-10
2.290060352655031709e-10
2.188871496772192123e-10
2.091639653739078796e-10
1.998182943103245861e-10
1.908328765858569578e-10
1.821907709346958538e-10
1.738771015318072614e-10
1.658786406517529658e-10
1.581829878117951975e-10
1.507784044088546760e-10
1.436543218293393434e-10
1.368002074436967130e-10
1.302083579629818105e-10
1.238682744635508843e-10
1.177732522692011361e-10
1.119155497836788956e-10
1.062876557014500632e-10
1.008842735089256211e-10
9.569736827083879362e-11
9.072222716423756116e-11
8.595163601556163132e-11
8.138098460995420170e-11
7.700462420238732676e-11
7.281648941896293107e-11
6.881192658838200278e-11
6.498611785360071048e-11
6.133195779094805498e-11
5.784635753107339522e-11
5.452337459637729059e-11
5.135838492096020653e-11
4.834551896340760856e-11
4.548069931839103035e-11
4.275835582476638568e-11
4.017384537432272918e-11
3.772161738961193940e-11
3.539790116232667811e-11
3.319708235477103872e-11
3.111438700354947941e-11
2.914513906707267928e-11
2.728453006100205901e-11
2.552830791587303403e-11
2.387193570192194133e-11
2.231046788730473927e-11
2.083986693842440057e-11
1.945598839636951809e-11
1.815471408375224440e-11
1.693175874875358001e-11
1.578347857977425880e-11
1.470598956835304739e-11
1.369555011008423660e-11
1.274865350205463688e-11
1.186202726607894407e-11
1.103224599879845926e-11
1.025601658867065303e-11
9.530680813194675004e-12
8.853007851969948429e-12
8.220458758799831677e-12
7.630271072144208387e-12
7.079915954195632603e-12
6.566952382288187161e-12
6.089207076751654698e-12
5.644392343830467027e-12
5.230585512110027220e-12
4.845706007637413598e-12
4.487923661226001522e-12
4.155511056663601550e-12
3.846774726180630766e-12
3.560178928481815312e-12
3.294257135029938630e-12
3.047617652430907469e-12
2.818925511777665964e-12
2.606969226278089068e-12
2.410584664227585570e-12
2.228691687307172439e-12
2.060291443902007891e-12
1.904391381255914984e-12
1.760105563727410541e-12
1.626622303646488107e-12
1.503147700232611021e-12
1.388951103901085432e-12
1.283355811398851658e-12
1.185688089151010170e-12
1.095435724672011963e-12
1.012012928191712864e-12
9.349085594963051262e-13
8.636501117126695857e-13
7.977689157415554458e-13
7.369111771063290051e-13
6.806871279836455757e-13
6.287352182774673916e-13
5.806937919994032894e-13
5.363680357668080623e-13
4.954208810667571055e-13
4.575955629192712681e-13
4.226555583455310153e-13
3.903813662100846073e-13
3.605702791624859382e-13
3.329874338908721104e-13
3.075441150725630790e-13
2.840411795893618096e-13
2.623335272556135579e-13
2.422815732701786924e-13
2.237616366002565877e-13
2.066559065834182433e-13
1.908541243259453902e-13
1.762595486560596971e-13
1.627794822217229954e-13
1.503280280239951578e-13
1.388252867888255675e-13
1.282010746075148795e-13
1.183890743858735620e-13
1.093255197394426746e-13
1.009521823004184906e-13
9.321735201874347674e-14
8.607317656803128751e-14
7.947411932463353965e-14
7.337784923341046294e-14
6.774669915503582722e-14
6.254434411810299603e-14
5.773882059695191051e-14
5.329896839041666556e-14
4.919727786709642445e-14
4.540824424326461534e-14
4.190734139209409955e-14
3.867253929786049050e-14
3.568496100585564091e-14
3.292296025501726460e-14
3.037222326948640080e-14
2.801421288113758236e-14
2.583640849278214672e-14
2.382326619252246180e-14
2.196309823265798575e-14
2.024414821803639439e-14
1.865520182568737667e-14
1.718671590038105304e-14
1.582949972543877528e-14
1.457475342487105260e-14
1.341509675516916136e-14
1.234280307868438625e-14
1.135171135805204029e-14
1.043519513850614646e-14
9.588190722388860913e-15
8.805426813548298489e-15
8.081627355383378532e-15
7.412737658261796524e-15
6.794103612399971884e-15
6.221890300837976727e-15
5.692455583106893389e-15
5.203352490361173635e-15
4.751472090147133105e-15
4.333904493552724679e-15
3.948028580462624954e-15
3.591576210171450012e-15
3.262459245180651813e-15
2.958752052009256565e-15
2.678652303013837005e-15
2.420560681138291091e-15
2.182711735725003015e-15
1.963602027425230805e-15
1.762293901347785003e-15
1.577426357864854027e-15
1.407760049395704949e-15
1.252624489247049236e-15
1.110770720317963572e-15
9.814964657918762465e-16
8.638317352665537926e-16
7.569230573978001341e-16
6.602216531154052877e-16
5.731164765550859161e-16
4.948799215236928075e-16
4.248910487744217987e-16
3.626872795095961176e-16
3.076120914379615440e-16
2.592785927665083261e-16
2.170458278399533786e-16
1.804522717023857104e-16
1.491585808401276208e-16
