# bin_3_1
1.169352644271369432e-08
1.173275716217201673e-08
1.177331571662326841e-08
1.181523735081559079e-08
1.185856017486040551e-08
1.190342112561809890e-08
1.194960758992644407e-08
1.199730704132931838e-08
1.204653431938717702e-08
1.209743314690477187e-08
1.214997211072563144e-08
1.220691049661223149e-08
1.226274130659678915e-08
1.231779938088206315e-08
1.237724288596543525e-08
1.243850669705565524e-08
1.250162881025974531e-08
1.256665299129533145e-08
1.263310751182277095e-08
1.270253654241723201e-08
1.277345534531948621e-08
1.284640534587740365e-08
1.292141714084309920e-08
1.299853109542775640e-08
1.307777419074839566e-08
1.315917952557632847e-08
1.324273030968550404e-08
1.332848705775844051e-08
1.341647196076225328e-08
1.350702235019311636e-08
1.359926429094930713e-08
1.369403652595513276e-08
1.379109045066591423e-08
1.389042117090726962e-08
1.399203730329738591e-08
1.409594105905527308e-08
1.420211717378896384e-08
1.431054838377349724e-08
1.442054057677455315e-08
1.453343095962561399e-08
1.464932413546793643e-08
1.476663623718761238e-08
1.488780242620612463e-08
1.500770049161528366e-08
1.513125448702918102e-08
1.525684939282991296e-08
1.538435688238036500e-08
1.551376001161488180e-08
1.564495013282709715e-08
1.577782604998496090e-08
1.591224342939972808e-08
1.604822683590903404e-08
1.618575267284942005e-08
1.632406216783148639e-08
1.646398781528621547e-08
1.660480909020579028e-08
1.674649110911885487e-08
1.688796267027355583e-08
1.703181630202385545e-08
1.717510697265541830e-08
1.731857345205943980e-08
1.746199366987393065e-08
1.760529677701795777e-08
1.774813356086567899e-08
1.789032901344395048e-08
1.803163832107075299e-08
1.817180722516681822e-08
1.831055005874148654e-08
1.844620177555765332e-08
1.858287650610536423e-08
1.871917897872027041e-08
1.884646136715047444e-08
1.897405495979292693e-08
1.909858940993156649e-08
1.921977778326303398e-08
1.933723514007354253e-08
1.945044472014963990e-08
1.955935890579734519e-08
1.966348944730660741e-08
1.976248937653209759e-08
1.985604454884620818e-08
1.994378617900571049e-08
2.002541490359784248e-08
2.010044062441234930e-08
2.016859461723357017e-08
2.022948692652707018e-08
2.028282208653445410e-08
2.032821650581700172e-08
2.036531831474781102e-08
2.039376058042813276e-08
2.041315371209010814e-08
2.042335599376066726e-08
2.043054050068435320e-08
2.041496873552587482e-08
2.039509442913219801e-08
2.036505161612007654e-08
2.032447867285128638e-08
2.027259171534244293e-08
2.020976025550059969e-08
2.013550566776961091e-08
2.004968903292834064e-08
1.995216181723786912e-08
1.984287348929953745e-08
1.972169779252545285e-08
1.958852487611429624e-08
1.944305299282979445e-08
1.928626517439789972e-08
1.911724598544146312e-08
1.893638082286339182e-08
1.874369797096538674e-08
1.853942891888284016e-08
1.832364667091910969e-08
1.809682518751754054e-08
1.785910624100930404e-08
1.761056075078558942e-08
1.735201636196969047e-08
1.708339750908516703e-08
1.680540759539353192e-08
1.651880366468638167e-08
1.622282228532706367e-08
1.591925849854005913e-08
1.560165170938304006e-08
1.529068351283926033e-08
1.496678130625218085e-08
1.463660848738215707e-08
1.430290986550940088e-08
1.396438325219885030e-08
1.362238751139188401e-08
1.327751644369406675e-08
1.293061376658508071e-08
1.258229674915867219e-08
1.223357689532079282e-08
1.188497184267214460e-08
1.153676648235377355e-08
1.119044857614950966e-08
1.084607789834424249e-08
1.050458140849303161e-08
1.016646678964600963e-08
9.832358817011604758e-09
9.502686873818167175e-09
9.178233562013483542e-09
8.859186805204766104e-09
8.545977225365053661e-09
8.239088178215374878e-09
7.938710003275965456e-09
7.645108127270212186e-09
7.358614614922058979e-09
7.079235224536204149e-09
6.807161281445449119e-09
6.542507194591318595e-09
6.285231151080047836e-09
6.035284840073615683e-09
5.792739383513779826e-09
5.557457700855910300e-09
5.329472817021364750e-09
5.108322359398944266e-09
4.894272367068273702e-09
4.686956393649508829e-09
4.486348105272995718e-09
4.292216950501259199e-09
4.104523579257390366e-09
3.923063105975417141e-09
3.747722472630913700e-09
3.578416329175557897e-09
3.415095952295284623e-09
3.257601572250663077e-09
3.105868917317757568e-09
2.959935071553832080e-09
2.819672991016327377e-09
2.684966220702886591e-09
2.555847606629485423e-09
2.432226542052152670e-09
2.313996110591267784e-09
2.201139120996523426e-09
2.093530633747363116e-09
1.990927850344697335e-09
1.893289847231599926e-09
1.800412910180611710e-09
1.712110103313637998e-09
1.628197338113661516e-09
1.548446291343936244e-09
1.472650424442377291e-09
1.400633793186304972e-09
1.332178083421142264e-09
1.267099486332213026e-09
1.205275928125214233e-09
1.146530167502048246e-09
1.090702837776530245e-09
1.037782931111019297e-09
9.875459805068562102e-10
9.398949458034679836e-10
8.947840305493483755e-10
8.520518636015508833e-10
8.115624038801605076e-10
7.732084073720147379e-10
7.368653249996332682e-10
7.024270853477892925e-10
6.697768889709710208e-10
6.388138253868288098e-10
6.094349121799911678e-10
5.815779103607812010e-10
5.551323529943731891e-10
5.300355898597713404e-10
5.062992277236348143e-10
4.836080941824464675e-10
4.621239218584200039e-10
4.416975001642660901e-10
4.222710793322631382e-10
4.037822869247288995e-10
3.861747650117355219e-10
3.693919823603424386e-10
3.533853756043721019e-10
3.381124437151455426e-10
3.235243335496445840e-10
3.095885009745392204e-10
2.962576856161392258e-10
2.834994050158851142e-10
2.712802276296526492e-10
2.595788530462806265e-10
2.483521980066151859e-10
2.375801556541182863e-10
2.272395223605879369e-10
2.173059804222237743e-10
2.077619488181764173e-10
1.985844017249533431e-10
1.897572622761615971e-10
1.812649082454243252e-10
1.730929137885265545e-10
1.652268989125836636e-10
1.576543983561029457e-10
1.503642425113692757e-10
1.433461084907129853e-10
1.365899934987640141e-10
1.300870650874299071e-10
1.238283891232194036e-10
1.178076364434441694e-10
1.120157730403305357e-10
1.064471739803895269e-10
1.010953030776666127e-10
9.595362695213312150e-11
9.101774908194670142e-11
8.628050058542288980e-11
8.173790349701820948e-11
7.738353065196927422e-11
7.321332070758482545e-11
6.922224451489751745e-11
6.540481055548833184e-11
6.175681323212192805e-11
5.827385821435206873e-11
5.494941595683118265e-11
5.178068228044319250e-11
4.876213332466098949e-11
4.588945505917629885e-11
4.315718375531249703e-11
4.056152857719402662e-11
3.809725748844102310e-11
3.575999568352573060e-11
3.354454977559849259e-11
3.144735719668151759e-11
2.946316193509834667e-11
2.758745258697662432e-11
2.581582827997449061e-11
2.414379877254082422e-11
2.256734035726181582e-11
2.108219053328665353e-11
1.968373629581002503e-11
1.836818473838434625e-11
1.713164720165005489e-11
1.597028687448705675e-11
1.488010159972714520e-11
1.385769736716163562e-11
1.289946067113796807e-11
1.200191260321892124e-11
1.116179125982516746e-11
1.037608470612133266e-11
9.641613394920961692e-12
8.955335989441536880e-12
8.314812846557874702e-12
7.717063643682008944e-12
7.159754072747526195e-12
6.640355747829666451e-12
6.156556790134668333e-12
5.706119404668503557e-12
5.287071876526973674e-12
4.897324882805966888e-12
4.535134123689666182e-12
4.198610265863009580e-12
3.886099305680024872e-12
3.596036249289031346e-12
3.326894866095620992e-12
3.077292115762133476e-12
2.845909096535489535e-12
2.631495003350204050e-12
2.432857759043008774e-12
2.248911744145348665e-12
2.078615408470537129e-12
1.921009088532730137e-12
1.775199680332727147e-12
1.640309688356518793e-12
1.515552834624277481e-12
1.400209598065107942e-12
1.293578327754840080e-12
1.195014550925313370e-12
1.103922130347140060e-12
1.019704475490421719e-12
9.419213975066242790e-13
8.700538856925659692e-13
8.036553441393656563e-13
7.423126651717538135e-13
6.856123307431994811e-13
6.332529812414679401e-13
5.848935930726043070e-13
5.402181061273917915e-13
4.989070837052960925e-13
4.608050602539397914e-13
4.256118001429377287e-13
3.931054566917160935e-13
3.630812343172881070e-13
3.353497279280551063e-13
3.097359968092495036e-13
2.860334611876916639e-13
2.641703789838470194e-13
2.439769947270061423e-13
2.253265508650750547e-13
2.080986460683735365e-13
1.921873149963062094e-13
1.774911656319367762e-13
1.639151162832835792e-13
1.513764304860691107e-13
1.397953692745682150e-13
1.290980097614898289e-13
1.192155179233336833e-13
1.100890625112534252e-13
1.016583050608849299e-13
9.387128530147465298e-14
8.667779988873240119e-14
8.003245067717794295e-14
7.389527792373673704e-14
6.822512146012535423e-14
6.298748732772023100e-14
5.814936502558605756e-14
5.367932330918939349e-14
4.955036846057873444e-14
4.573599358224740284e-14
4.221155944920080742e-14
3.895606809089044560e-14
3.594786259619394874e-14
3.316818571697527128e-14
3.060047962893571371e-14
2.822773909728458615e-14
2.603539118585120084e-14
2.400948498095987776e-14
2.213712964629195470e-14
2.040684971534115229e-14
1.880795253356060436e-14
1.733033546698059221e-14
1.596438800109100511e-14
1.470195932236781068e-14
1.353508970282868211e-14
1.245630142690937375e-14
1.145906527440048732e-14
1.053700957338717988e-14
9.684605118540624972e-15
8.896329121943523025e-15
8.167899582638720138e-15
7.494606430049736465e-15
6.872058927722252570e-15
6.296808538963914154e-15
5.764706955848357885e-15
5.272514706653167777e-15
4.817095910258669923e-15
4.396444364054820890e-15
4.007882235327358687e-15
3.648899838166993156e-15
3.317244177050538490e-15
3.010982070710604613e-15
2.728287889462045762e-15
2.467659440273167593e-15
2.227419017622775543e-15
2.006202900358318777e-15
1.802630448123660598e-15
1.615258251400342749e-15
1.443367728376747739e-15
1.285781630608701111e-15
1.141423947948839172e-15
1.009748939791453263e-15
8.896582817386453513e-16
7.805571846099168816e-16
6.815961549323541656e-16
5.920284566898081574e-16
5.113815258011412612e-16
4.391191919359413506e-16
3.745950912384387102e-16
3.172704010621578247e-16
2.666801638136741373e-16
2.222904640059897758e-16
1.837256145783304814e-16
1.503988994846893481e-16
1.218917016916956789e-16
9.787823297361948807e-17
