# ee
4.360763278761069922e-02
7.575828921403647553e-02
9.091219980318065996e-02
8.657369024497614529e-02
6.903111762327164558e-02
4.740372881341790162e-02
2.892255967019983359e-02
1.686986501973368816e-02
1.098246179802000663e-02
9.049958712543914804e-03
8.590529870019172551e-03
8.317765807583832674e-03
7.520688688242972361e-03
6.526037608682365952e-03
5.836949810240668092e-03
5.624435619248336314e-03
5.910900048657959788e-03
6.456455052888341976e-03
7.006677679263740958e-03
7.511294565355495015e-03
7.996659003396813792e-03
8.591494967029413010e-03
9.430450982098458057e-03
1.056952315471004419e-02
1.202504986899774649e-02
1.373337397468399508e-02
1.562785769915985695e-02
1.770990218238184533e-02
1.999365108743106356e-02
2.247616389768745948e-02
2.514960890637827143e-02
2.800365590624800255e-02
3.102859078203177093e-02
3.421960596825152079e-02
3.757671682454134798e-02
4.111438871298579711e-02
4.485304653370608685e-02
4.882257672143842930e-02
5.305523792107685183e-02
5.757603220370891006e-02
6.238101726324503382e-02
6.745896008726895432e-02
7.279868568864883427e-02
7.838896446822041231e-02
8.422133838746424794e-02
9.029821720231041848e-02
9.662473444380544063e-02
1.032060304694998737e-01
1.100472592899523760e-01
1.171524485425531753e-01
1.245211818105551455e-01
1.321519572630669992e-01
1.400432457631813066e-01
1.481935045209824553e-01
1.566023375992355027e-01
1.652735678402091068e-01
1.742121512858444687e-01
1.834229893660503374e-01
1.929110244697598009e-01
2.026779632229856742e-01
2.127126374651001350e-01
2.230006159665389731e-01
2.335274948037540932e-01
2.442788564001893425e-01
2.552425768846497411e-01
2.664157072073851662e-01
2.777975920240067786e-01
2.893874940720769229e-01
3.011847853132229580e-01
3.131873085721647021e-01
3.253868720440407092e-01
3.377739732352116331e-01
3.503388912039085978e-01
3.630720961504760869e-01
3.759637032970479797e-01
3.890027902371422375e-01
4.021782434221635727e-01
4.154789219975004166e-01
4.288936031904925228e-01
4.424111188405120965e-01
4.560200277267693059e-01
4.697086974863609043e-01
4.834656868984970601e-01
4.972793636002745266e-01
5.111381498408223978e-01
5.250301948091077309e-01
5.389438115301949939e-01
5.528669853569538883e-01
5.667879200903840342e-01
5.806945464713227922e-01
5.945737576119919376e-01
6.084122827885157792e-01
6.221966874409216031e-01
6.359138100693987328e-01
6.495502161139742325e-01
6.630926348507726331e-01
6.765276863318535616e-01
6.898422090574062304e-01
7.030227684674578148e-01
7.160560392261005047e-01
7.289286959974261570e-01
7.416274680575594136e-01
7.541390300705920202e-01
7.664500567006162779e-01
7.785472226117240435e-01
7.904172024680073960e-01
8.020467255455908662e-01
8.134224665085663108e-01
8.245311000210259200e-01
8.353599560914505284e-01
8.458995322262008454e-01
8.561410905000914617e-01
8.660756199277745981e-01
8.756944371960972973e-01
8.849886951558089132e-01
8.939495466576593552e-01
9.025680899403657476e-01
9.108355870787424591e-01
9.187431363115067251e-01
9.262819997134730254e-01
9.334431662992938028e-01
9.402181165919130112e-01
9.465977849939508637e-01
9.525733243561567143e-01
9.581361059774100575e-01
9.632771734843954548e-01
9.679875705037980227e-01
9.722586683344968117e-01
9.760816198272415090e-01
9.794493254178188169e-01
9.823624404506176022e-01
9.848233678550640802e-01
9.868346197846490364e-01
9.883984899447335604e-01
9.895174904888085488e-01
9.901940243462999947e-01
9.904304944466341132e-01
9.902295221673663717e-01
9.895931827657283852e-01
9.885242068433406359e-01
9.870247788814996426e-01
9.850975202577608725e-01
9.827449431256153334e-01
9.799691227422944184e-01
9.767727897094188316e-01
9.731582377323495514e-01
9.691279789645775855e-01
9.646844163355289270e-01
9.598299527746296800e-01
9.545695033647965122e-01
9.489182502510394857e-01
9.428937785077944334e-01
9.365137824335622030e-01
9.297959563268435312e-01
9.227578852620742511e-01
9.154173181497876621e-01
9.077917308403546937e-01
8.998988722443086452e-01
8.917562728240528980e-01
8.833817907141855441e-01
8.747930109891425277e-01
8.660073548872624372e-01
8.570427897672082684e-01
8.479167368673183880e-01
8.386470543221911100e-01
8.292511087581324603e-01
8.197468129217730937e-01
8.101516972755162804e-01
8.004833468937979646e-01
7.907594560751191048e-01
7.809977191179802158e-01
7.712158849329145971e-01
7.614313747582609482e-01
7.516618828925198947e-01
7.419280526839424628e-01
7.322616137233585176e-01
7.226974084874455695e-01
7.132702794528811285e-01
7.040147960361802237e-01
6.949658553260530391e-01
6.861581905751118482e-01
6.776265350359693684e-01
6.694056219612380954e-01
6.615301846035307465e-01
6.540351200515570618e-01
6.469550523338646331e-01
6.403247147030662889e-01
6.341790042478717693e-01
6.285525996088611178e-01
6.234802340386470521e-01
6.189966954018745193e-01
6.151367169511560151e-01
6.119350865511367088e-01
6.094265374544289848e-01
6.076458029136454497e-01
6.066277254054636137e-01
6.064069289584311795e-01
6.070183106612578872e-01
6.084964945424915506e-01
6.108754492862910057e-01
6.141852661225140064e-01
6.184552171005321952e-01
6.237145742697172146e-01
6.299925550674080332e-01
6.373185407670413083e-01
6.457215849698588750e-01
6.552311781733620721e-01
6.658763739787928460e-01
6.776865536595876316e-01
6.906909892651179605e-01
7.049187890086582309e-01
7.203993887756773296e-01
7.371618967794496546e-01
7.552357489054438711e-01
7.746501079789669397e-01
7.954340822132932587e-01
8.176172167179562855e-01
8.412285104821657367e-01
8.662974540034228399e-01
8.928531554950019933e-01
9.209248870062747283e-01
9.505419751986450283e-01
9.817335282853874023e-01
1.014528927539938286e+00
1.048957445011668987e+00
1.085048352749951484e+00
1.122830813580092402e+00
1.162334099551463273e+00
1.203587591937500756e+00
1.246620453563511255e+00
1.291461956478866746e+00
1.338141263508873857e+00
1.386687755926969023e+00
1.437130705782523998e+00
1.489499275900845188e+00
1.543822738331304567e+00
1.600130474347338572e+00
1.658451646774253607e+00
1.718815418437356746e+00
1.781251279834149326e+00
1.845788175341808168e+00
1.912455704681899737e+00
1.981283030679730439e+00
2.052299206936542664e+00
2.125533723949836862e+00
2.201015853768985675e+00
2.278774649995230384e+00
2.358839384677942963e+00
2.441239548314624308e+00
2.525995019685071785e+00
2.613089852075821451e+00
2.702498705503835641e+00
2.794196458434205610e+00
2.888157770883893694e+00
2.984357084421731532e+00
3.082769714409069994e+00
3.183370320862871417e+00
3.286133126903838075e+00
3.391033229445191477e+00
3.498045943848282047e+00
3.607144837889423528e+00
3.718305226929966789e+00
3.831502426331262701e+00
3.946710659214013983e+00
4.063904148698923358e+00
4.183058865491729783e+00
4.304148595816877254e+00
4.427148436587587277e+00
4.552033047820820855e+00
4.678777089533539879e+00
4.807355658638966744e+00
4.937743415154062454e+00
5.069915019095788900e+00
5.203844693584848358e+00
5.339508409326981564e+00
5.476879515650371566e+00
5.615933983260759099e+00
5.756645598382586826e+00
5.898989894825334979e+00
6.042941095709706723e+00
6.188474297948922676e+00
6.335563724663686003e+00
6.484184472767218210e+00
6.634311639172739028e+00
6.785919883897212124e+00
6.938983430061338886e+00
7.093476937682081207e+00
7.249375503672660592e+00
7.406655098738817777e+00
7.565287761519956966e+00
7.725250336514337235e+00
7.886517483738921364e+00
8.049062989418152014e+00
8.212862387361509420e+00
8.377890337585956360e+00
8.544120626315935496e+00
8.711528787360926174e+00
8.880090354530411290e+00
9.049779114048831730e+00
9.220561861800483427e+00
9.392373937138994933e+00
9.565142815285323508e+00
9.738796845252947421e+00
9.913262628470311810e+00
1.008846764015837216e+01
1.026433848174557362e+01
1.044080524983042757e+01
1.061779192446382325e+01
1.079522947603679306e+01
1.097304188460022445e+01
1.115115924675263059e+01
1.132950816392245486e+01
1.150801523753813527e+01
1.168660881661315543e+01
1.186521637636847082e+01
1.204376539202504404e+01
1.222218246501131489e+01
1.240039594434076164e+01
1.257833330523434512e+01
1.275592114912050690e+01
1.293308695122020602e+01
1.310975906054692253e+01
1.328586407852909623e+01
1.346133035418020540e+01
1.363608536272120908e+01
1.381005395799551572e+01
1.398316885797919085e+01
1.415535142134556956e+01
1.432653349227820172e+01
1.449663992462049222e+01
1.466559906738591934e+01
1.483333926958796134e+01
1.499978625886254235e+01
1.516487187939321224e+01
1.532851574226826763e+01
1.549065143925629506e+01
1.565120557178573790e+01
1.581010299370000105e+01
1.596727380159759591e+01
1.612264284932193092e+01
1.627614023347152283e+01
1.642769430305984457e+01
1.657722641676022945e+01
1.672467191392630426e+01
1.686995215323139874e+01
1.701299723127402785e+01
1.715373549706767164e+01
1.729209355204076815e+01
1.742799625003672759e+01
1.756138067799420810e+01
1.769220489387232220e+01
1.782043918872543742e+01
1.794604686326777809e+01
1.806899646096866974e+01
1.818925303012737515e+01
1.830678686179826187e+01
1.842155950911051221e+01
1.853354126311849726e+01
1.864269891970651116e+01
1.874899752717381318e+01
1.885240562898973238e+01
1.895289002103856646e+01
1.905041400403453267e+01
1.914494786903200563e+01
1.923645841191527595e+01
1.932491242856863778e+01
1.941027321970631547e+01
1.949251107638267300e+01
1.957159104689697315e+01
1.964748167471854856e+01
1.972014975573168982e+01
1.978955859065061773e+01
1.985567672294466846e+01
1.991847444366820596e+01
1.997791330595041970e+01
2.003396185326063872e+01
2.008659037665322700e+01
2.013575868167233907e+01
2.018144055454241581e+01
2.022359754839263957e+01
2.026219995427738141e+01
2.029721107291085858e+01
2.032860294293248060e+01
2.035633711747142627e+01
2.038038213999703530e+01
2.040070480639359829e+01
2.041727366013044431e+01
2.043005200192179771e+01
2.043900837523699110e+01
2.044411132354535354e+01
2.044532414756110938e+01
2.044261539075358769e+01
2.043595184900708617e+01
2.042530206579093033e+01
2.041062934181934807e+01
2.039190222056166846e+01
2.036908749790218920e+01
2.034215371731023581e+01
2.031106243191499772e+01
2.027580140862121283e+01
2.023641433705481063e+01
2.019296238269208743e+01
2.014551020617942001e+01
2.009411547782302776e+01
2.003884635343936083e+01
1.997975875574960725e+01
1.991691734540014025e+01
1.985038328786725970e+01
1.978021949621229680e+01
1.970648538832652008e+01
1.962924562485629565e+01
1.954855962369289202e+01
1.946449204548267531e+01
1.937710405570195249e+01
1.928645507224197786e+01
1.919260975574912820e+01
1.909562752411466491e+01
1.899557129039992276e+01
1.889250396766624007e+01
1.878648846897495162e+01
1.867758421221731879e+01
1.856585236286963791e+01
1.845135758157828931e+01
1.833415928623452729e+01
1.821432038989969016e+01
1.809190555322015470e+01
1.796697244650214031e+01
1.783958398280698887e+01
1.770980307519602803e+01
1.757769088914556477e+01
1.744330859013189183e+01
1.730671909121635110e+01
1.716798705304530870e+01
1.702716839833995977e+01
1.688432778774667042e+01
1.673952988191181745e+01
1.659283235114162736e+01
1.644429810849743134e+01
1.629399181462560620e+01
1.614197288741741332e+01
1.598830249234915080e+01
1.583304354248215340e+01
1.567625720329272099e+01
1.551800813542722857e+01
1.535835575677693399e+01
1.519736123281814066e+01
1.503508922419721650e+01
1.487159740122039153e+01
1.470695217211907213e+01
1.454121994512466998e+01
1.437449683741422568e+01
1.420688333512737422e+01
1.403848167198878549e+01
1.386939670310068529e+01
1.369972629322515445e+01
1.352957354987938032e+01
1.335904332816559048e+01
1.318823524043090067e+01
1.301724977281494411e+01
1.284619178041994658e+01
1.267516262317806230e+01
1.250426453481395939e+01
1.233359625388223790e+01
1.216326438307016033e+01
1.199336766093232320e+01
1.182400919498591740e+01
1.165529121895561104e+01
1.148731684035859502e+01
1.132018479774946762e+01
1.115399994623045465e+01
1.098886277194118755e+01
1.082487638239886074e+01
1.066214213753562134e+01
1.050076139728362534e+01
1.034083726916006007e+01
1.018247111309708153e+01
1.002576516281935604e+01
9.870821652051557038e+00
9.717741940725836969e+00
9.566627388774348262e+00
9.417581977506799262e+00
9.270705319270303946e+00
9.126102269167089887e+00
8.983872439544272837e+00
8.844118937919040135e+00
8.706943124223547770e+00
8.572447232182463850e+00
8.440733495520460039e+00
8.311903274169690548e+00
8.186058801854823486e+00
8.063303186093049746e+00
7.943736913024003421e+00
7.827463090164873627e+00
7.714582203655294457e+00
7.605197361012455914e+00
7.499409922168509546e+00
7.397322994640645355e+00
7.299037938361015776e+00
7.204655676365514516e+00
7.114267519972329090e+00
7.027911042259758823e+00
6.945612457003359275e+00
6.867399288667465740e+00
6.793296877235116327e+00
6.723330562689348255e+00
6.657528743287015160e+00
6.595916322114896424e+00
6.538519512948548496e+00
6.485365840252304892e+00
6.436480207112945884e+00
6.391889701098545373e+00
6.351619662192141469e+00
6.315697177961810738e+00
6.284148462183108741e+00
6.256999728631592816e+00
6.234277191082819414e+00
6.216007500208603709e+00
6.202215995991984698e+00
6.192930202897295899e+00
6.188175024011317582e+00
6.187977983798383264e+00
6.192364859137790667e+00
6.201361863805096242e+00
6.214995648472116052e+00
6.233291116225629480e+00
6.256276228426228769e+00
6.283977198849472146e+00
6.316419367478396829e+00
6.353628948088560158e+00
6.395633028248036034e+00
6.442457384836123957e+00
6.494129105420896941e+00
6.550673093089135257e+00
6.612116872305173310e+00
6.678485783052048319e+00
6.749806912897835964e+00
6.826105164929315627e+00
6.907408500507080440e+00
6.993742696510427237e+00
7.085133529818655518e+00
7.181607651103578682e+00
7.283191711037013683e+00
7.389911486498259130e+00
7.501792754366610083e+00
7.618862602210143997e+00
7.741147243804415545e+00
7.868672892924982953e+00
8.001464889554883442e+00
8.139551195054712807e+00
8.282937925972097659e+00
8.431552557527998815e+00
8.585305962885524167e+00
8.744107267622744928e+00
8.907864723525213080e+00
9.076487456170996282e+00
9.249887212515721657e+00
9.427970496759904506e+00
9.610647308274131717e+00
9.797825898843958825e+00
9.989418015425007624e+00
1.018533103601031264e+01
1.038547495997046255e+01
1.058975803909101110e+01
1.079809027274254341e+01
1.101038166029565168e+01
1.122654045353588614e+01
1.144647490424879877e+01
1.167009588559749567e+01
1.189731252316004806e+01
1.212803306872200793e+01
1.236216752165396215e+01
1.259962588132650296e+01
1.284031465194014388e+01
1.308414470665798923e+01
1.333102691864315048e+01
1.358086779209613937e+01
1.383357907397258124e+01
1.408906901605803164e+01
1.434724499634551975e+01
1.460801876179067449e+01
1.487129856417904428e+01
1.513699265529618465e+01
1.540501278209771918e+01
1.567526632257668062e+01
1.594766065472610173e+01
1.622211014687916730e+01
1.649851868185883319e+01
1.677680062799828065e+01
1.705685986812047261e+01
1.733860902297354656e+01
1.762195721813558080e+01
1.790681357918463945e+01
1.819308548411375881e+01
1.848068380608604500e+01
1.876951767067956922e+01
1.905949795105743760e+01
1.935053027762764444e+01
1.964252727113833785e+01
1.993539456199751569e+01
2.022903952819820361e+01
2.052334682912795927e+01
2.081819588141921784e+01
2.111347134445952989e+01
2.140905263488133770e+01
2.170482091690211846e+01
2.200065560715430735e+01
2.229643961744042002e+01
2.259205236439289521e+01
2.288737675981424857e+01
2.318229222033691883e+01
2.347667991017837963e+01
2.377042099355611171e+01
2.406339838227262362e+01
2.435548974537532274e+01
2.464657799466671761e+01
2.493654254677925408e+01
2.522526806110047559e+01
2.551263395426282443e+01
2.579851614772866952e+01
2.608280454364066614e+01
2.636537331587614830e+01
2.664610362865258963e+01
2.692488188894257561e+01
2.720158401820847871e+01
2.747609292825280392e+01
2.774829153087807043e+01
2.801805574754664008e+01
2.828527023764606696e+01
2.854981616539382472e+01
2.881157469500739055e+01
2.907042349553416472e+01
2.932624897394673980e+01
2.957892530412244270e+01
2.982833714544882042e+01
3.007436915731342708e+01
3.031689900876366295e+01
3.055580786401700522e+01
3.079097339212085416e+01
3.102228025246276388e+01
3.124960960926021158e+01
3.147283913156059754e+01
3.169185697392154211e+01
3.190653381505030595e+01
3.211676130467458989e+01
3.232241361667171020e+01
3.252337191525915472e+01
3.271952085982447045e+01
3.291073811941505767e+01
3.309690835341847048e+01
3.327792670673247954e+01
3.345375473248627429e+01
3.362438194516962398e+01
3.378978387859201149e+01
3.394994305690306646e+01
3.410484549942249544e+01
3.425447023512984401e+01
3.439879978817474893e+01
3.453781318753676999e+01
3.467149295736552261e+01
3.479982162181063643e+01
3.492278520019183219e+01
3.504035922631857147e+01
3.515252622434049101e+01
3.525926871840721333e+01
3.536057272783845207e+01
3.545641378644368302e+01
3.554677441837253582e+01
3.563164064294470990e+01
3.571099498430983488e+01
3.578481297627739366e+01
3.585308063816709279e+01
3.591577350378840805e+01
3.597288458280118562e+01
3.602438591384483857e+01
3.607026351623907345e+01
3.611049641896343587e+01
3.614507064133763947e+01
3.617396521234122986e+01
3.619715916095375974e+01
3.621463850649494276e+01
3.622638577311440145e+01
3.623237998979169561e+01
3.623260368067644066e+01
3.622703936991828044e+01
3.621566608649676766e+01
3.619846635456151773e+01
3.617542619343225141e+01
3.614652113691843738e+01
3.611173720433978929e+01
3.607105342467584563e+01
3.602445581724632717e+01
3.597192341103077240e+01
3.591343523500874824e+01
3.584897730849995412e+01
3.577853215565401968e+01
3.570207531028042069e+01
3.561959279169887083e+01
3.553106362888890857e+01
3.543647733634032448e+01
3.533582692371296474e+01
3.522919977025868832e+01
3.511670422624979437e+01
3.499843815644835843e+01
3.487450641595660983e+01
3.474501735504684774e+01
3.461007582882130151e+01
3.446978669238219339e+01
3.432424781049160600e+01
3.417357102859191542e+01
3.401785421144519006e+01
3.385720570932374329e+01
3.369172688215972755e+01
3.352152957539550471e+01
3.334671165379316449e+01
3.316737797245492914e+01
3.298363688165309782e+01
3.279558624614975315e+01
3.260333441621719430e+01
3.240698974212772754e+01
3.220665008864342127e+01
3.200242031086650485e+01
3.179440875906927744e+01
3.158271679318389857e+01
3.136745276348266742e+01
3.114871802989773286e+01
3.092661395236124733e+01
3.070124888114551354e+01
3.047272767135275728e+01
3.024115517808520437e+01
3.000663276127501078e+01
2.976926877119447568e+01
2.952916456777574794e+01
2.928641976336594865e+01
2.904114969857752371e+01
2.879345398575758708e+01
2.854343223725325629e+01
2.829119629850690743e+01
2.803684752945069292e+01
2.778048903760180011e+01
2.752222742564748970e+01
2.726216405351992123e+01
2.700040552390635540e+01
2.673705843949405647e+01
2.647222241263013842e+01
2.620600579358690396e+01
2.593850994229650198e+01
2.566984320903123873e+01
2.540010520613822464e+01
2.512940603147480090e+01
2.485784704497311637e+01
2.458555407275584770e+01
2.431264420302047569e+01
2.403924500947471543e+01
2.376547707548612465e+01
2.349146447959233797e+01
2.321733130033099002e+01
2.294319812106964207e+01
2.266918902034592875e+01
2.239542632911244979e+01
2.212203587349187472e+01
2.184913648926672636e+01
2.157685575014471624e+01
2.130531249190836718e+01
2.103463254068035226e+01
2.076493647982822921e+01
2.049634838788963265e+01
2.022899409098723922e+01
1.996299242490356818e+01
1.969846746817625416e+01
1.943554329934293534e+01
1.917434399694124636e+01
1.891498839675370647e+01
1.865760407248803077e+01
1.840231160751177342e+01
1.814923508036257616e+01
1.789849682199302805e+01
1.765021916335573593e+01
1.740452618298833087e+01
1.716154021184340905e+01
1.692138532845860510e+01
1.668418386378651874e+01
1.645005989636478816e+01
1.621913400956096751e+01
1.599153028191269499e+01
1.576737279195760522e+01
1.554678561823333105e+01
1.532988759652239885e+01
1.511680630053251839e+01
1.490766056604620893e+01
1.470257621918614710e+01
1.450167471711240808e+01
1.430508101215514749e+01
1.411291656147444584e+01
1.392530456981541676e+01
1.374236911571569486e+01
1.356423078254284320e+01
1.339101627021205232e+01
1.322284441450584325e+01
1.305984104154688907e+01
1.290211188022993660e+01
1.274969100846320735e+01
1.260259502830455425e+01
1.246084491077442458e+01
1.232445551034563103e+01
1.219344779803861911e+01
1.206783750211872608e+01
1.194764209843632052e+01
1.183288168421932873e+01
1.172357198773308617e+01
1.161973135862048068e+01
1.152137814652440362e+01
1.142852982729522537e+01
1.134120387678331809e+01
1.125941951842408884e+01
1.118319335427539052e+01
1.111254373398011275e+01
1.104748813338862590e+01
1.098804490214382135e+01
1.093423238988858692e+01
1.088606632488825809e+01
1.084356680437075937e+01
1.080675130418646468e+01
1.077563642639322694e+01
1.075024052063393221e+01
1.073058193655147363e+01
1.071667814999621982e+01
1.070854838440357959e+01
1.070620836803888842e+01
1.070967645054503414e+01
1.071897185535742736e+01
1.073411118453391744e+01
1.075511278771739754e+01
1.078199414075823448e+01
1.081477271950680397e+01
1.085346774739851128e+01
1.089809582649120934e+01
1.094867618022030697e+01
1.100522541064365711e+01
1.106776099361163013e+01
1.113630127876711384e+01
1.121086636333803987e+01
1.129147022800469991e+01
1.137813296999502555e+01
1.147087206515938362e+01
1.156970586314066551e+01
1.167465183978924337e+01
1.178572659716296833e+01
1.190294935869724924e+01
1.202633847403497391e+01
1.215589044800607255e+01
1.229151702756616693e+01
1.243311248382051204e+01
1.258056671891177380e+01
1.273377400394520187e+01
1.289262598864849885e+01
1.305701344895684457e+01
1.322683065597549223e+01
1.340196751184710600e+01
1.358231916146945828e+01
1.376777463319269401e+01
1.395822819812206461e+01
1.415357237977779015e+01
1.435369708030253300e+01
1.455849657080154635e+01
1.476786075341749438e+01
1.498168477304814772e+01
1.519985853183617053e+01
1.542227542709429855e+01
1.564882710855023085e+01
1.587940697351670316e+01
1.611390492413637787e+01
1.635221261013695226e+01
1.659422867158627923e+01
1.683983602028686732e+01
1.708893329630656410e+01
1.734141040178803550e+01
1.759716073404401371e+01
1.785607419521716466e+01
1.811804418262022054e+01
1.838296584115095911e+01
1.865072557778196227e+01
1.892121853741100779e+01
1.919433811735083140e+01
1.946997596732913038e+01
1.974802198948857068e+01
2.002837132872691939e+01
2.031091388718684598e+01
2.059554306218107911e+01
2.088215225102236161e+01
2.117062960826831386e+01
2.146087202640174851e+01
2.175276940756532795e+01
2.204621165390171100e+01
2.234109391030867542e+01
2.263730957409895339e+01
2.293474854741521085e+01
2.323330073240011018e+01
2.353286476912149183e+01
2.383332706455195193e+01
2.413458101600421912e+01
2.443650429252570433e+01
2.473897980591891610e+01
2.504187998247614289e+01
2.534508598641486543e+01
2.564847898195255738e+01
2.595193663813662610e+01
2.625533487642942987e+01
2.655855311346341097e+01
2.686147076587101168e+01
2.716396550269962873e+01
2.746591499299666950e+01
2.776719865339457272e+01
2.806769415294073511e+01
2.836728440343767588e+01
2.866584357876272193e+01
2.896324760037823509e+01
2.925937938008673456e+01
2.955411658693561705e+01
2.984734038514236332e+01
3.013892145341422335e+01
3.042874445113875126e+01
3.071669054253342424e+01
3.100262691113541891e+01
3.128644520667243256e+01
3.156801610785172230e+01
3.184721728372069194e+01
3.212393339366688849e+01
3.239803861156764242e+01
3.266941060647035755e+01
3.293793054259250397e+01
3.320347608898148906e+01
3.346592491468471309e+01
3.372515818391965325e+01
3.398104657539356310e+01
3.423347824366407366e+01
3.448232736260850118e+01
3.472747160127425303e+01
3.496879212387880642e+01
3.520616310429949181e+01
3.543946920192385619e+01
3.566858109545916022e+01
3.589338693946301362e+01
3.611375391747261432e+01
3.632956668887549512e+01
3.654070991305922433e+01
3.674705077356097149e+01
3.694847043459821379e+01
3.714485355555849821e+01
3.733607431031916235e+01
3.752202434860789992e+01
3.770268269940426364e+01
3.787802489651773641e+01
3.804804045443810168e+01
3.821271189731497486e+01
3.837202524446806962e+01
3.852597001038716229e+01
3.867452522405179849e+01
3.881768039995176878e+01
3.895541806223668857e+01
3.908772772539634843e+01
3.921459191358037089e+01
3.933599315093838555e+01
3.945192095196016169e+01
3.956236133596542004e+01
3.966729333193369911e+01
3.976670645435478235e+01
3.986059021771845323e+01
3.994892015583418043e+01
4.003168927836181723e+01
4.010888709979115418e+01
4.018048565876158307e+01
4.024647796493295715e+01
4.030684654245491316e+01
4.036157741064715054e+01
4.041066357916951546e+01
4.045407708666142099e+01
4.049181443795279733e+01
4.052385466202318298e+01
4.055018377819229158e+01
4.057078780577982968e+01
4.058565276410549671e+01
4.059476467248899212e+01
4.059810955025002244e+01
4.059566642636814038e+01
4.058742481533312230e+01
4.057337423163475165e+01
4.055349020908251134e+01
4.052776575733624043e+01
4.049618689571564545e+01
4.045873265320028622e+01
4.041539603945001602e+01
4.036615608344438044e+01
4.031099880450308603e+01
4.024991022194584644e+01
4.018287635509234690e+01
4.010988322326230104e+01
4.003091335060533851e+01
3.994595625161123564e+01
3.985499794559969189e+01
3.975803144223056762e+01
3.965514062558563069e+01
3.954640937974667025e+01
3.943193207430569203e+01
3.931179958368462479e+01
3.918609579196524351e+01
3.905492205907970771e+01
3.891835877393972254e+01
3.877650380130736352e+01
3.862944452043448962e+01
3.847727180574302963e+01
3.832007303648484253e+01
3.815794607742199673e+01
3.799097481263628140e+01
3.781925361171970223e+01
3.764286985392411111e+01
3.746191441367143682e+01
3.727648515572376198e+01
3.708666596416286154e+01
3.689254421824059449e+01
3.669421428754895942e+01
3.649177054167997625e+01
3.628529686471540572e+01
3.607489112141734466e+01
3.586063719586756093e+01
3.564262596248799042e+01
3.542095179087063173e+01
3.519570555543742074e+01
3.496697463544020934e+01
3.473484990530093341e+01
3.449942223944151465e+01
3.426078251228388893e+01
3.401902509342005487e+01
3.377423037176172471e+01
3.352649970724105088e+01
3.327592047910987816e+01
3.302258006662007972e+01
3.276656934419357015e+01
3.250798617659243206e+01
3.224691444789844752e+01
3.198344153736347906e+01
3.171766530974959508e+01
3.144966964913858121e+01
3.117955242029251295e+01
3.090740100246324928e+01
3.063330627007271900e+01
3.035735560237277753e+01
3.007963987378535364e+01
2.980025694907252287e+01
2.951928721714599746e+01
2.923683378552296830e+01
2.895300150930565408e+01
2.866790048635139954e+01
2.838164605727265055e+01
2.809435006751178676e+01
2.780612436251117714e+01
2.751708078771320132e+01
2.722733468373030519e+01
2.693699614841982992e+01
2.664617702722414805e+01
2.635499091317067411e+01
2.606355139928681908e+01
2.577196683584488213e+01
2.548035431104235116e+01
2.518882567032160225e+01
2.489748926395493811e+01
2.460645868496976618e+01
2.431585102156357436e+01
2.402577462400866537e+01
2.373634133774741173e+01
2.344766650339226643e+01
2.315986021880056356e+01
2.287303607699971764e+01
2.258730417584706629e+01
2.230277985595505896e+01
2.201957671035110664e+01
2.173780308930750849e+01
2.145757083826664768e+01
2.117899879301103638e+01
2.090219355622794595e+01
2.062726872094478736e+01
2.035433788018897161e+01
2.008351113181783987e+01
1.981490556402887293e+01
1.954862777950933861e+01
1.928479486645672125e+01
1.902351692272836203e+01
1.876490754135166839e+01
1.850907682018398503e+01
1.825614009983775432e+01
1.800620747817031742e+01
1.775939254820908531e+01
1.751580715539643407e+01
1.727556489275977469e+01
1.703877760574148681e+01
1.680555539219890093e+01
1.657601534032951207e+01
1.635026580040561228e+01
1.612842036545461966e+01
1.591059262850394518e+01
1.569687695914559278e+01
1.548731529942045171e+01
1.528192862034896748e+01
1.508073964053662586e+01
1.488377282617394215e+01
1.469104740069632697e+01
1.450258957787933589e+01
1.431842207632845110e+01
1.413856761464915834e+01
1.396304716386189781e+01
1.379188693774223040e+01
1.362510703351807884e+01
1.346273191737996733e+01
1.330478430793337452e+01
1.315128692378378616e+01
1.300226248353668090e+01
1.285773632717510040e+01
1.271772680434193248e+01
1.258226012881273270e+01
1.245135901919298682e+01
1.232504532029565603e+01
1.220334262451874174e+01
1.208627365046772617e+01
1.197386111674809328e+01
1.186612948955036195e+01
1.176309973989497593e+01
1.166479633397245586e+01
1.157124024280324903e+01
1.148245680637039001e+01
1.139846699569432786e+01
1.131929440317306046e+01
1.124496262120458923e+01
1.117549349460188068e+01
1.111091148955545016e+01
1.105123845087826595e+01
1.099649709717580670e+01
1.094671102084607561e+01
1.090190206670203743e+01
1.086209470093420926e+01
1.082731164214807329e+01
1.079757560894911528e+01
1.077290757235777718e+01
1.075333374614961812e+01
1.073887422755256438e+01
1.072955523034216974e+01
1.072539597795384658e+01
1.072642181037063125e+01
1.073265457240548670e+01
1.074411785645641437e+01
1.076083438112889823e+01
1.078281113676308500e+01
1.080998870546771329e+01
1.084229281487870544e+01
1.087964744504694892e+01
1.092198007119340275e+01
1.096921205199139671e+01
1.102127173645440728e+01
1.107808223084080623e+01
1.113956926278651238e+01
1.120565768613493063e+01
1.127627235472946587e+01
1.135133899620604225e+01
1.143078159061554366e+01
1.151452586559389246e+01
1.160249667498449355e+01
1.169461887263075184e+01
1.179081818616858968e+01
1.189101859564889274e+01
1.199514582870758339e+01
1.210312473918806653e+01
1.221488018093374706e+01
1.233033788158054556e+01
1.244942182117934948e+01
1.257205685357356195e+01
1.269817045398414379e+01
1.282768572866946144e+01
1.296052665768040235e+01
1.309661896865288533e+01
1.323589013680787474e+01
1.337826152081869857e+01
1.352366059590631586e+01
1.367201134212161406e+01
1.382324036089303476e+01
1.397727075847894262e+01
1.413402738872274433e+01
1.429343685305287970e+01
1.445542313152023439e+01
1.461991107796821332e+01
1.478682729382525807e+01
1.495609488534973508e+01
1.512763958017756671e+01
1.530138797973719633e+01
1.547726144270195370e+01
1.565518831808531353e+01
1.583509171214564759e+01
1.601689997389643239e+01
1.620053271442596099e+01
1.638592003033274835e+01
1.657298328029012424e+01
1.676164906572653024e+01
1.695183874531529966e+01
1.714346493980456998e+01
1.733643153201730769e+01
1.753064764753157689e+01
1.772601716917034054e+01
1.792245271768174320e+01
1.811985468071866734e+01
1.831813567902925755e+01
1.851719784785143830e+01
1.871695380793335062e+01
1.891730744209795390e+01
1.911816612833828088e+01
1.931943549706233298e+01
1.952102467384817430e+01
1.972284103668884114e+01
1.992478846840728934e+01
2.012677784216662857e+01
2.032871478837485313e+01
2.053050493743996441e+01
2.073205741494002652e+01
2.093327785128303731e+01
2.113407537204706799e+01
2.133435560764011285e+01
2.153402418847016975e+01
2.173298849253027143e+01
2.193115589781344710e+01
2.212843727748280998e+01
2.232473476677628099e+01
2.251995749127192781e+01
2.271401108137774827e+01
2.290680641025684849e+01
2.309824561314714941e+01
2.328823781562672224e+01
2.347669039568860327e+01
2.366351247891085663e+01
2.384860620053141034e+01
2.403188243371336696e+01
2.421324680886472436e+01
2.439260495639348036e+01
2.456986949704777601e+01
2.474493907089546241e+01
2.491772804626971904e+01
2.508814205357854021e+01
2.525608322805985040e+01
2.542146244287675572e+01
2.558418882360732738e+01
2.574416450548948632e+01
2.590130210927137711e+01
2.605550202260588577e+01
2.620667686624115333e+01
2.635474275609540484e+01
2.649966648805292735e+01
2.664141660558305702e+01
2.677997738042046194e+01
2.691531735603447117e+01
2.704741556140463743e+01
2.717624578275540870e+01
2.730178355389626077e+01
2.742400615622171500e+01
2.754288388078614247e+01
2.765840099932420060e+01
2.777052430772019420e+01
2.787922933978359552e+01
2.798450036724907619e+01
2.808630593358596528e+01
2.818462157260374212e+01
2.827942456569693164e+01
2.837068869908996760e+01
2.845838950659233646e+01
2.854250426959855247e+01
2.862300677433306006e+01
2.869987430219037705e+01
2.877307889180991296e+01
2.884259957217121695e+01
2.890841187708377191e+01
2.897048435001691047e+01
2.902880126270529715e+01
2.908333465378834148e+01
2.913405656190544235e+01
2.918094776362120157e+01
2.922397854998997957e+01
2.926312969757637461e+01
2.929836974984971221e+01
2.932968123095962554e+01
2.935703792713055904e+01
2.938041362458695360e+01
2.939978385713828857e+01
2.941512415859404683e+01
2.942641006276370774e+01
2.943361360828668083e+01
2.943671731931258861e+01
2.943569323448084063e+01
2.943051339243084641e+01
2.942115682214215511e+01
2.940759905742424962e+01
2.938981563208660930e+01
2.936777858476864012e+01
2.934146694444990189e+01
2.931085449735483195e+01
2.927591677729291320e+01
2.923664504633896044e+01
2.919307949894882270e+01
2.914527780542873359e+01
2.909329588849987047e+01
2.903719141846846696e+01
2.897702206564074245e+01
2.891284025756781162e+01
2.884470715972597432e+01
2.877267694725137659e+01
2.869680903803528693e+01
2.861715760721385138e+01
2.853377682992321951e+01
2.844672787163969474e+01
2.835606840266949646e+01
2.826185259814878137e+01
2.816413463321369548e+01
2.806297217817046175e+01
2.795842639849538358e+01
2.785055321690964547e+01
2.773940156579428518e+01
2.762503610579568303e+01
2.750751275963501996e+01
2.738688220727837219e+01
2.726320910937211650e+01
2.713654589346736046e+01
2.700694848228529921e+01
2.687447454613215214e+01
2.673918175531414576e+01
2.660112428496743320e+01
2.646036155298326875e+01
2.631694773449780911e+01
2.617094399498735058e+01
2.602240101441796938e+01
2.587137821068093047e+01
2.571793500166749169e+01
2.556212206734372927e+01
2.540400406835601999e+01
2.524362818950035958e+01
2.508105734383809349e+01
2.491634570650536418e+01
2.474955269539343305e+01
2.458073423322349527e+01
2.440994274754665838e+01
2.423724115142425717e+01
2.406268012482237140e+01
2.388632083321729738e+01
2.370821919933022670e+01
2.352842939829730540e+01
2.334701084800979487e+01
2.316401947118888671e+01
2.297951293814080387e+01
2.279356639502214321e+01
2.260625498798949451e+01
2.241765735836953510e+01
2.222784340956374649e+01
2.203689353048383737e+01
2.184488286728640105e+01
2.165188307095795750e+01
2.145797627799525742e+01
2.126323588696985212e+01
2.106773529645330356e+01
2.087155489535732045e+01
2.067476633466842273e+01
2.047744650812824219e+01
2.027967405706345261e+01
2.008152063246057040e+01
1.988306662323130425e+01
1.968438193277714277e+01
1.948554869759482600e+01
1.928663856867087389e+01
1.908773018733196025e+01
1.888889520456460502e+01
1.869021400928051690e+01
1.849176000005125431e+01
1.829361007061844546e+01
1.809583936713869079e+01
1.789852478335362207e+01
1.770173971783479772e+01
1.750556106432385306e+01
1.731006746414745479e+01
1.711533231587716131e+01
1.692143076566956950e+01
1.672843970726631468e+01
1.653643428682398664e+01
1.634549139808422424e+01
1.615568618720362082e+01
1.596709554792381169e+01
1.577979287881634995e+01
1.559385507362287449e+01
1.540936077367005019e+01
1.522638162994440236e+01
1.504499628377259768e+01
1.486527988131123479e+01
1.468730931630194725e+01
1.451115623973125324e+01
1.433690016671834222e+01
1.416461711721233030e+01
1.399438223736981257e+01
1.382626979955486668e+01
1.366035669750912263e+01
1.349671108704903055e+01
1.333536617229029630e+01
1.317634379804588107e+01
1.301967279946889811e+01
1.286537502137231215e+01
1.271347318236160540e+01
1.256399437000485086e+01
1.241696392428509021e+01
1.227240456380780387e+01
1.213034075476351248e+01
1.199079696334273315e+01
1.185379940332102677e+01
1.171937079330387022e+01
1.158753647327430691e+01
1.145832090942285397e+01
1.133174769414751104e+01
1.120784304122383723e+01
1.108662966925731475e+01
1.096813379202349914e+01
1.085237900192039184e+01
1.073938889134599250e+01
1.062918967407586024e+01
1.052180494250799470e+01
1.041726003662543398e+01
1.031557854882617953e+01
1.021678494530075199e+01
1.012090456603218591e+01
1.002796100341848629e+01
9.937979597442687663e+00
9.850983940502795022e+00
9.766999372581842920e+00
9.686050359870352011e+00
9.608160494766323723e+00
9.533355117252796163e+00
9.461659567312807440e+00
9.393096563551839751e+00
9.327690572160411975e+00
9.265467806914083226e+00
9.206452734003370608e+00
9.150668072033756317e+00
9.098140034780797691e+00
9.048892214642497933e+00
9.002949077809374145e+00
8.960335090471945207e+00
8.921075592613251004e+00
8.885195050423810414e+00
8.852716182509107412e+00
8.823665202644695782e+00
8.798066577021096180e+00
8.775944771828829261e+00
8.757313767748192035e+00
8.742142108248515342e+00
8.730390472666462287e+00
8.722018666546183852e+00
8.716985621639304682e+00
8.715251143489972208e+00
8.716774163849814627e+00
8.721514488262977594e+00
8.729432796066125988e+00
8.740486271425851328e+00
8.754635593678820271e+00
8.771840568369174918e+00
8.792059253456027790e+00
8.815253202068562999e+00
8.841379598373370285e+00
8.870400869292149437e+00
8.902273325198976295e+00
8.936958519223033193e+00
8.974414509323429101e+00
9.014601974836828902e+00
9.057478973722341564e+00
9.103007932901670429e+00
9.151144288956368555e+00
9.201850468808139283e+00
9.255084530416089805e+00
9.310806279324365775e+00
9.368976394869635627e+00
9.429552061218489101e+00
9.492494831500108532e+00
9.557762763673604667e+00
9.625315663283121381e+00
9.695113335872807880e+00
9.767114713194292364e+00
9.841280474584236160e+00
9.917568678001751792e+00
9.995940002783504141e+00
1.007635250688860218e+01
1.015876686965371078e+01
1.024314289662297561e+01
1.032943777196298640e+01
1.041761392259545005e+01
1.050762853268695274e+01
1.059944228157416113e+01
1.069301410100870164e+01
1.078830379653472349e+01
1.088527029990385309e+01
1.098387341666023787e+01
1.108407382614053915e+01
1.118582871251135380e+01
1.128909875510934135e+01
1.139384026430857588e+01
1.149999644359535367e+01
1.160750787507840975e+01
1.171631426707396351e+01
1.182635707548327453e+01
1.193757513483004296e+01
1.204990815343048816e+01
1.216329846097838541e+01
1.227768489199743485e+01
1.239300802859637507e+01
1.250920670529890977e+01
1.262622412559132989e+01
1.274399912399733736e+01
1.286247053504063409e+01
1.298157981462247612e+01
1.310126667105908282e+01
1.322147343404422948e+01
1.334213719051658131e+01
1.346319939637739438e+01
1.358460150752792650e+01
1.370628323228439527e+01
1.382818253137798337e+01
1.395024348208750631e+01
1.407240317135162400e+01
1.419460305507159603e+01
1.431678284156364178e+01
1.443888311293649807e+01
1.456084532509142448e+01
1.468260831255211940e+01
1.480411265742732141e+01
1.492529719424073065e+01
1.504610425268612595e+01
1.516647266728720567e+01
1.528634476773774686e+01
1.540565764097641299e+01
1.552435361669697755e+01
1.564237327700818092e+01
1.575965545643372323e+01
1.587613898949730640e+01
1.599176795347774238e+01
1.610648118289872954e+01
1.622021751228397690e+01
1.633291752374221417e+01
1.644452354696722196e+01
1.655497441648269685e+01
1.666420721922730763e+01
1.677216778006490117e+01
1.687879318593414268e+01
1.698402401894376723e+01
1.708780086120251696e+01
1.719006953757424228e+01
1.729080033911330716e+01
1.738996879962919806e+01
1.748755045293139077e+01
1.758352258041440308e+01
1.767785896830267944e+01
1.777053689799074121e+01
1.786153190328806062e+01
1.795081951800412767e+01
1.803837527594841461e+01
1.812417645851544279e+01
1.820819510434461819e+01
1.829041373758557043e+01
1.837080090170762858e+01
1.844933737327538736e+01
1.852599868609832612e+01
1.860075862640088928e+01
1.867359272799255621e+01
1.874447827226784469e+01
1.881339254062127253e+01
1.888030757169224216e+01
1.894520239446031695e+01
1.900805079514993068e+01
1.906883005515560825e+01
1.912751570828682546e+01
1.918408154076802674e+01
1.923850832916380682e+01
1.929076636452852966e+01
1.934083467584175509e+01
1.938868704932792042e+01
1.943430251396658903e+01
1.947765310839715980e+01
1.951871786159918898e+01
1.955747230738215592e+01
1.959388848438547015e+01
1.962794716917372284e+01
1.965962040038631997e+01
1.968888720700281425e+01
1.971571962766261166e+01
1.974009843893031046e+01
1.976199567944530600e+01
1.978138863060212671e+01
1.979825107862520639e+01
1.981256205249410840e+01
1.982429533843327008e+01
1.983342821783720922e+01
1.983993447693037382e+01
1.984379139710727813e+01
1.984497451217740149e+01
1.984346110353526527e+01
1.983923194774545706e+01
1.983230801582842417e+01
1.982271377397468370e+01
1.981047718354483322e+01
1.979562271072939339e+01
1.977817831688895467e+01
1.975816846821403416e+01
1.973562287365026791e+01
1.971056425180313809e+01
1.968302056403323164e+01
1.965301977170115322e+01
1.962058459341237437e+01
1.958574124294246133e+01
1.954851942923703945e+01
1.950894536607166430e+01
1.946704177205182162e+01
1.942283835612314036e+01
1.937635958447614115e+01
1.932763167088638312e+01
1.927668257671445318e+01
1.922353676815087908e+01
1.916822045897120930e+01
1.911076335812107985e+01
1.905118643662093803e+01
1.898952115100144411e+01
1.892579196745312586e+01
1.886002335216650039e+01
1.879224326650215815e+01
1.872247792423565826e+01
1.865075353914255629e+01
1.857709632499841135e+01
1.850153249557877544e+01
1.842408826465921123e+01
1.834479159360030920e+01
1.826366694859258999e+01
1.818073879582657071e+01
1.809603859183292229e+01
1.800958905521712339e+01
1.792141639975473666e+01
1.783154858680635257e+01
1.774001183014752669e+01
1.764683059596877968e+01
1.755203109804566708e+01
1.745564304532382138e+01
1.735768915640872478e+01
1.725819739266096775e+01
1.715719571544115141e+01
1.705470684335475084e+01
1.695075873776236364e+01
1.684537761243954535e+01
1.673859492391696335e+01
1.663044911906543888e+01
1.652099087785104103e+01
1.641025864714458748e+01
1.629830485449719646e+01
1.618517144194975543e+01
1.607090384671322880e+01
1.595554750599858274e+01
1.583915135218685677e+01
1.572175732731893838e+01
1.560341261619083220e+01
1.548415916084342925e+01
1.536404938882784066e+01
1.524312349459992255e+01
1.512142691537063932e+01
1.499900683593599027e+01
1.487591044109198002e+01
1.475217967287949961e+01
1.462786346367958501e+01
1.450300462932565004e+01
1.437764860702865555e+01
1.425184345537712360e+01
1.412563286399698192e+01
1.399906227009919490e+01
1.387217798468724794e+01
1.374502544497210366e+01
1.361764921437220899e+01
1.349009473009853011e+01
1.336241092453210300e+01
1.323463799212878556e+01
1.310682573906213122e+01
1.297901872875058871e+01
1.285126065082008573e+01
1.272359869006662514e+01
1.259607653611613109e+01
1.246874224755712746e+01
1.234163951401554016e+01
1.221481552028737383e+01
1.208831395599855263e+01
1.196218200594508119e+01
1.183646335975288721e+01
1.171120520221797001e+01
1.158645209675878007e+01
1.146224948058627824e+01
1.133864366470394991e+01
1.121568008632276126e+01
1.109340330886115566e+01
1.097185964332261854e+01
1.085109452691811427e+01
1.073115339685860725e+01
1.061207732139247106e+01
1.049389426188029795e+01
1.037662431555001596e+01
1.026029194859214222e+01
1.014491813202712578e+01
1.003052733204548375e+01
9.917139645875142406e+00
9.804778665914103186e+00
9.693467110767850059e+00
9.583225951456826763e+00
9.474078780379034725e+00
9.366048316139957919e+00
9.259156403552557535e+00
9.153425761222317547e+00
9.048878233962200923e+00
8.945537414170209090e+00
8.843424272866789337e+00
8.742562402449939540e+00
8.642973647732626219e+00
8.544680727320328018e+00
8.447705486026013233e+00
8.352071516247681515e+00
8.257799789005776603e+00
8.164913896698301699e+00
8.073436557930737223e+00
7.983388743723528691e+00
7.894794046474678417e+00
7.807674310997149369e+00
7.722052255896424633e+00
7.637949725985468064e+00
7.555391187454798541e+00
7.474395863739824897e+00
7.394989094823584352e+00
7.317191414830263696e+00
7.241025979261604739e+00
7.166515506723089679e+00
7.093681842027682372e+00
7.022548140677124628e+00
6.953136247484380306e+00
6.885468881054931600e+00
6.819567886201743256e+00
6.755455981530296583e+00
6.693155885646074665e+00
6.632689880258300974e+00
6.574080683972456818e+00
6.517350141601506941e+00
6.462521408647193155e+00
6.409616329922478428e+00
6.358657624032846734e+00
6.309667572687519765e+00
6.262662341048090830e+00
6.217634064981894859e+00
6.174566142431077154e+00
6.133445029611600319e+00
6.094255435154391165e+00
6.056982941482892180e+00
6.021611820331769671e+00
5.988128091020726629e+00
5.956516025284429361e+00
5.926761205546322131e+00
5.898848340437329085e+00
5.872763449277154102e+00
5.848490803800462601e+00
5.826015549534440119e+00
5.805323268902530032e+00
5.786398670535657374e+00
5.769226899961006794e+00
5.753793539602021667e+00
5.740082861193369190e+00
5.728080447158491850e+00
5.717771879920834799e+00
5.709141431215063456e+00
5.702174683464621197e+00
5.696856782196692670e+00
5.693172872938463414e+00
5.691107227424598847e+00
5.690646301871060686e+00
5.691773931116256513e+00
5.694476571376148044e+00
5.698738057489142861e+00
5.704543971878684339e+00
5.711879896968215853e+00
5.720730104492404600e+00
5.731080176874693066e+00
5.742915259642266790e+00
5.756220498322309531e+00
5.770980601545747213e+00
5.787181588632282825e+00
5.804807731316582675e+00
5.823844175125830525e+00
5.844276065587211022e+00
5.866089422020428046e+00
5.889267642367628675e+00
5.913797182844774625e+00
5.939663188979051434e+00
5.966849932505125409e+00
5.995343432742697765e+00
6.025127524530176970e+00
6.056188664083524742e+00
6.088511123137407388e+00
6.122077862737713261e+00
6.156859173938810770e+00
6.192822289521254575e+00
6.229935316058117678e+00
6.268166360122471303e+00
6.307483528287390229e+00
6.347854053333427338e+00
6.389246041833655632e+00
6.431626726568629770e+00
6.474963777215162253e+00
6.519226174138845309e+00
6.564380713223973096e+00
6.610395501043618616e+00
6.657237770378336528e+00
6.704876501593717286e+00
6.753278490574056825e+00
6.802411843892426369e+00
6.852243794329381466e+00
6.902743759146772184e+00
6.953878097332633956e+00
7.005614478563780168e+00
7.057921446309543434e+00
7.110766670246737142e+00
7.164117820052173791e+00
7.217941691610149313e+00
7.272208139078772504e+00
7.326883084549820957e+00
7.381935508388885125e+00
7.437333080272778396e+00
7.493042596085796703e+00
7.549032599297270885e+00
7.605270759584014328e+00
7.661724746622842197e+00
7.718363103883084442e+00
7.775152627249036108e+00
7.832061860190030700e+00
7.889057598590362375e+00
7.946108385919362860e+00
8.003181891853845542e+00
8.060245786070623808e+00
8.117268612039030273e+00
8.174217165643360872e+00
8.231059116560425437e+00
8.287763882052077591e+00
8.344297384210094037e+00
8.400627292711286387e+00
8.456723898610023937e+00
8.512552250205565940e+00
8.568080890967241459e+00
8.623278364364386661e+00
8.678114961451367293e+00
8.732567963622702933e+00
8.786619021235502203e+00
8.840248910854358044e+00
8.893439282836380855e+00
8.946170913746161801e+00
8.998425453940813057e+00
9.050181932399885554e+00
9.101422873273010694e+00
9.152129053124781422e+00
9.202281248519787127e+00
9.251860236022618977e+00
9.300847665990390922e+00
9.349224314987692352e+00
9.396970085786595206e+00
9.444068376329250114e+00
9.490497341802690556e+00
9.536240380149065388e+00
9.581277394140448322e+00
9.625589160341430528e+00
9.669156455316601395e+00
9.711960929423074873e+00
9.753983359225440353e+00
9.795204521288292554e+00
9.835606939761255774e+00
9.875169643623889826e+00
9.913873409440782325e+00
9.951701635154082126e+00
9.988632475950826262e+00
1.002464932977316003e+01
1.005973122560064148e+01
1.009386068758289667e+01
1.012701761849199933e+01
1.015918454247757907e+01
1.019033961472667293e+01
1.022046710697394367e+01
1.024954517440643009e+01
1.027755721496627928e+01
1.030448225763304571e+01
1.033030282655635723e+01
1.035499882450828757e+01
1.037855190184594889e+01
1.040094283513393059e+01
1.042215240093682560e+01
1.044216137581922688e+01
1.046095228393076049e+01
1.047850415425098269e+01
1.049479863713700389e+01
1.050981738294593271e+01
1.052354029444984640e+01
1.053595426476096186e+01
1.054706104146431933e+01
1.055686848869258654e+01
1.056538359678590844e+01
1.057261510366947199e+01
1.057856912589090825e+01
1.058325440137540241e+01
1.058667617287806628e+01
1.058884405211660251e+01
1.058976502943115960e+01
1.058944609516188606e+01
1.058789423964893217e+01
1.058511907461000057e+01
1.058112496900768384e+01
1.057592153455968642e+01
1.056951576160615680e+01
1.056191464048724349e+01
1.055312603533561244e+01
1.054315781028393317e+01
1.053201695567235241e+01
1.051971046184101688e+01
1.050624531913007864e+01
1.049163113925724033e+01
1.047587316497761201e+01
1.045898100800889807e+01
1.044095991110621213e+01
1.042181861219473760e+01
1.040156410161462297e+01
1.038020336970601853e+01
1.035774602818662693e+01
1.033419731981155820e+01
1.030956510871348186e+01
1.028385638523254464e+01
1.025708076108645272e+01
1.022924347903031439e+01
1.020035240319679914e+01
1.017041627151109040e+01
1.013944032672830176e+01
1.010743418056613585e+01
1.007440482336474297e+01
1.004035837167174883e+01
1.000530356341234395e+01
9.969247388926675058e+00
9.932196838554888885e+00
9.894159776429653164e+00
9.855144940476154858e+00
9.815157573449504014e+00
9.774207287067405048e+00
9.732299324084969783e+00
9.689443296219902635e+00
9.645646193812350333e+00
9.600930735467796850e+00
9.555317892206685926e+00
9.508829508841984079e+00
9.461487430186652503e+00
9.413314374846175170e+00
9.364331313840995819e+00
9.314560965776598422e+00
9.264026049258466955e+00
9.212747535307043378e+00
9.160748142527811666e+00
9.108049715733734786e+00
9.054674973530296711e+00
9.000645760730462186e+00
8.945983048354673173e+00
8.890708681215896192e+00
8.834847125504650123e+00
8.778419352241378704e+00
8.721446332446529226e+00
8.663949910933066434e+00
8.605954553891507430e+00
8.547480358549780277e+00
8.488550043513367171e+00
8.429186327387750310e+00
8.369409307400857756e+00
8.309242575950689158e+00
8.248707977850207484e+00
8.187827357912379256e+00
8.126624308535204122e+00
8.065117179361569910e+00
8.003332184167037511e+00
7.941288546387011316e+00
7.879009858419493639e+00
7.816517091284929997e+00
7.753834711173840155e+00
7.690981067729113718e+00
7.627980627141269565e+00
7.564855234223271552e+00
7.501626733788085311e+00
7.438316970648672033e+00
7.374947789617997351e+00
7.311541909301544351e+00
7.248121611408533838e+00
7.184708303855672717e+00
7.121323831455923070e+00
7.057990912814768869e+00
6.994731829641432697e+00
6.931567552956359179e+00
6.868521238261291018e+00
6.805614293472932452e+00
6.742867689611728110e+00
6.680298028735531801e+00
6.617919728420899261e+00
6.555748953829423797e+00
6.493799685641401531e+00
6.432086341433389975e+00
6.370625960159499890e+00
6.309432085603768670e+00
6.248520009135272169e+00
6.187905022123084464e+00
6.127601979040020908e+00
6.067625734358896850e+00
6.007992016345046871e+00
5.948714805678767092e+00
5.889809830625392095e+00
5.831291945657737230e+00
5.773176442144876575e+00
5.715478611455885982e+00
5.658211997374802849e+00
5.601393201959479207e+00
5.545036642786470793e+00
5.489157611224853461e+00
5.433770524851182060e+00
5.378891111930792057e+00
5.324533790040238301e+00
5.270714287444856261e+00
5.217447021721200784e+00
5.164747284238346836e+00
5.112630366365369383e+00
5.061111122575083776e+00
5.010203970444046639e+00
4.959924638237590777e+00
4.910288417324792043e+00
4.861309288385947447e+00
4.813003416582649407e+00
4.765384782595195823e+00
4.718469551585178223e+00
4.672271704232895395e+00
4.626806968803680142e+00
4.582090199770348704e+00
4.538136251605715543e+00
4.494959978782596899e+00
4.452577109566326463e+00
4.411001624637202134e+00
4.370250126053074169e+00
4.330336157597982627e+00
4.291275884433519039e+00
4.253082850343721688e+00
4.215773657386443496e+00
4.179362723138240199e+00
4.143861843798112510e+00
4.109271019366059541e+00
4.075587628464527157e+00
4.042808175923440217e+00
4.010930477261502425e+00
3.979950600412379913e+00
3.949865487102258044e+00
3.920673389746100135e+00
3.892370376277572319e+00
3.864952951526600344e+00
3.838418931011887913e+00
3.812764819563360774e+00
3.787987995803463459e+00
3.764085401458380442e+00
3.741053978254297085e+00
3.718890231021139581e+00
3.697591975277611187e+00
3.677155278957378037e+00
3.657578176027274086e+00
3.638856734420965466e+00
3.620988332760896711e+00
3.603969912773252293e+00
3.587798634632347827e+00
3.572471440064367343e+00
3.557985052347367283e+00
3.544336631655661485e+00
3.531523338163565118e+00
3.519541676701003929e+00
3.508389025890422008e+00
3.498062545906134524e+00
3.488558523129936972e+00
3.479874773080533501e+00
3.472007800587849413e+00
3.464954328929940708e+00
3.458712173625510644e+00
3.453277621056355606e+00
3.448648049844919239e+00
3.444820183269257541e+00
3.441791181503685682e+00
3.439557767826257884e+00
3.438117757755678738e+00
3.437467000777484571e+00
3.437603093962249279e+00
3.438522979036158667e+00
3.440223379277267401e+00
3.442701454859890653e+00
3.445954802854601873e+00
3.449979272746938275e+00
3.454772898503733369e+00
3.460331748058653289e+00
3.466651452449104998e+00
3.473719341683569883e+00
3.481520342841102789e+00
3.490039819897018170e+00
3.499263136826629594e+00
3.509175220708992349e+00
3.519762090863809423e+00
3.531008455922006295e+00
3.542900116755156592e+00
3.555421781994184904e+00
3.568558815614406132e+00
3.582296800039263651e+00
3.596620880795942110e+00
3.611516203411626602e+00
3.626968350309760059e+00
3.642962685465657380e+00
3.659483699062113793e+00
3.676517847315091903e+00
3.694049620407387380e+00
3.712064163866184874e+00
3.730547497011186930e+00
3.749484328473319472e+00
3.768860240676026319e+00
3.788659942250232504e+00
3.808869452515641019e+00
3.829473916999436511e+00
3.850458918125062802e+00
3.871808290730926583e+00
3.893509364825509245e+00
3.915545538350957866e+00
3.937903704419494222e+00
3.960567697869524562e+00
3.983523974917011934e+00
4.006757244192881373e+00
4.030253088120576699e+00
4.053996215331022945e+00
4.077972645143923991e+00
4.102167086190204870e+00
4.126565557789567684e+00
4.151151894780420015e+00
4.175913427171242809e+00
4.200833989800442758e+00
4.225898728195204512e+00
4.251094098571489788e+00
4.276404372663965781e+00
4.301815132896074978e+00
4.327312398587521258e+00
4.352880004576711315e+00
4.378504407079607752e+00
4.404170314727135604e+00
4.429863746838997862e+00
4.455572470319935086e+00
4.481284252074686947e+00
4.506988169696771074e+00
4.532671990090929803e+00
4.558323480161901031e+00
4.583932154399462888e+00
4.609484469019578867e+00
4.634969938512024434e+00
4.660376766677800653e+00
4.685692283525387580e+00
4.710905566648303733e+00
4.736004819847548397e+00
4.760977810027861246e+00
4.785813177886502068e+00
4.810498690328210536e+00
4.835022551153985937e+00
4.859373837957347675e+00
4.883540317643033646e+00
4.907509757115786186e+00
4.931270797072863310e+00
4.954811641315264303e+00
4.978120493643988453e+00
5.001185557860035935e+00
5.023995037764406035e+00
5.046537574054357655e+00
5.068800933634630468e+00
5.090773757202484262e+00
5.112443374766398207e+00
5.133798427023632982e+00
5.154827991567706214e+00
5.175518961510838345e+00
5.195860851342807507e+00
5.215841427968355148e+00
5.235448021395960438e+00
5.254670583011660234e+00
5.273495569031418029e+00
5.291912057048750562e+00
5.309908250864658008e+00
5.327472791176399269e+00
5.344593007992455291e+00
5.361257542010084975e+00
5.377455033926546335e+00
5.393173687542839545e+00
5.408400832867444663e+00
5.423125110597621479e+00
5.437335598326888508e+00
5.451019189167465306e+00
5.464164960712872166e+00
5.476761116764107484e+00
5.488797171810949393e+00
5.500272688957137390e+00
5.511186357513893519e+00
5.521539488169997512e+00
5.531331644029188865e+00
5.540563698883985921e+00
5.549235652734388680e+00
5.557347505580398028e+00
5.564898820525753464e+00
5.571891782051752173e+00
5.578324642573357472e+00
5.584198275883086815e+00
5.589513555773458542e+00
5.594270045348214815e+00
5.598467744607355634e+00
5.602107964239657178e+00
5.605189393556342381e+00
5.607713343246190085e+00
5.609679813309198515e+00
5.611089240641629061e+00
5.611940751450960718e+00
5.612236093322232833e+00
5.611974392462925287e+00
5.611156522665557311e+00
5.609782483930128905e+00
5.607852276256640067e+00
5.605366773437609140e+00
5.602325101680517783e+00
5.598728134777885224e+00
5.594576309625969301e+00
5.589870063121029631e+00
5.584608521470547871e+00
5.578792995363302865e+00
5.572423047903034110e+00
5.565499115986001222e+00
5.558021199612204200e+00
5.549990609470420111e+00
5.541406034871872777e+00
5.532268349609079650e+00
5.522577990578300344e+00
5.512334957779534861e+00
5.501539688109041926e+00
5.490192181566822427e+00
5.478292438152876365e+00
5.465841331659721192e+00
5.452838425191098182e+00
5.439284155643266949e+00
5.425179396808745835e+00
5.410523274895015611e+00
5.395316663694596393e+00
5.379561310792523976e+00
5.363264643425206479e+00
5.346436710206607046e+00
5.329085812165653024e+00
5.311221997916306670e+00
5.292854442280012783e+00
5.273992320078216167e+00
5.254645243028622126e+00
5.234822385952674573e+00
5.214532923671818310e+00
5.193786031007498138e+00
5.172591756573678090e+00
5.150958838295542463e+00
5.128896887890796563e+00
5.106415080180885191e+00
5.083522589987252260e+00
5.060229029027602188e+00
5.036543135227121049e+00
5.012474957199771985e+00
4.988033669766999800e+00
4.963228447750249295e+00
4.938068465970965271e+00
4.912563336146851256e+00
4.886722233099353829e+00
4.860554768546174742e+00
4.834069680412501846e+00
4.807276580416037781e+00
4.780184643378227349e+00
4.752803917913034581e+00
4.725143141945645553e+00
4.697211053401243674e+00
4.669018137790054368e+00
4.640573133037261044e+00
4.611885213964309393e+00
4.582963992288903832e+00
4.553819079728747887e+00
4.524459214209027635e+00
4.494893570551186990e+00
4.465132197369189981e+00
4.435183832588222685e+00
4.405058524822247357e+00
4.374764575100190456e+00
4.344312032036016902e+00
4.313710070451169720e+00
4.282967865167094601e+00
4.252095027901495072e+00
4.221100733475816824e+00
4.189993719815244155e+00
4.158784472430001600e+00
4.127481292349013842e+00
4.096093791289985298e+00
4.064630707178102043e+00
4.033100777938549264e+00
4.001512741496512149e+00
3.969874898880917602e+00
3.938195988016950810e+00
3.906484309933538235e+00
3.874749039452125121e+00
3.842998477601636598e+00
3.811241362307259628e+00
3.779486431494178511e+00
3.747741549295060981e+00
3.716016764323870181e+00
3.684319503817013786e+00
3.652658724147807234e+00
3.621043381689565521e+00
3.589481340574955492e+00
3.557982212521682008e+00
3.526553424766151856e+00
3.495205025922328623e+00
3.463944443226620429e+00
3.432780851500471631e+00
3.401723207117198111e+00
3.370779155761336465e+00
3.339957872254331939e+00
3.309268531417629333e+00
3.278718560487636324e+00
3.248317571182056884e+00
3.218073646081688111e+00
3.187995960007973917e+00
3.158092595541711844e+00
3.128372072159957717e+00
3.098844001580415064e+00
3.069515592591362640e+00
3.040396456910503975e+00
3.011495114014895336e+00
2.982819864933462739e+00
2.954379666039521624e+00
2.926182599913868643e+00
2.898237841377948598e+00
2.870553909908817314e+00
2.843139324983530614e+00
2.816002824527274129e+00
2.789152928017104127e+00
2.762598154930075989e+00
2.736347243191375345e+00
2.710408930726188270e+00
2.684791518563440338e+00
2.659504181524576794e+00
2.634555002190394291e+00
2.609951626245429868e+00
2.585696893515369243e+00
2.561792114688989930e+00
2.538238818903199689e+00
2.515038753743035205e+00
2.492193229897274875e+00
2.469703994950955384e+00
2.447572578040984048e+00
2.425800071408009462e+00
2.404388441085198558e+00
2.383339216209458211e+00
2.362653707469566822e+00
2.342333662450561071e+00
2.322380391841218916e+00
2.302795424778447675e+00
2.283580727295414725e+00
2.264737173184637964e+00
2.246266728479284325e+00
2.228170922316261571e+00
2.210451065384346769e+00
2.193108905268577935e+00
2.176145534209602772e+00
2.159563136688717577e+00
2.143363023394700750e+00
2.127546286568199552e+00
2.112114892242381803e+00
2.097070369554154379e+00
2.082414247640424598e+00
2.068147837189970417e+00
2.054272667339700043e+00
2.040790704122779076e+00
2.027702821331726746e+00
2.015010984999709542e+00
2.002716724263635228e+00
1.990821349812281094e+00
1.979326827678814515e+00
1.968234031655753835e+00
1.957544927776265542e+00
1.947261045177257621e+00
1.937383694547507362e+00
1.927914841920181699e+00
1.918855361087799416e+00
1.910207218083527003e+00
1.901971942044272001e+00
1.894150843658812366e+00
1.886745888960314588e+00
1.879758170189427036e+00
1.873189216483057251e+00
1.867040993874371946e+00
1.861314594604019046e+00
1.856010237120128581e+00
1.851122897115718535e+00
1.846645584250640626e+00
1.842572181977265133e+00
1.838895481507313523e+00
1.835609366293156297e+00
1.832707282890904343e+00
1.830182022512279127e+00
1.828027468609651152e+00
1.826236958515066400e+00
1.824803501888376367e+00
1.823720982181950889e+00
1.822982409055641906e+00
1.822581229065560304e+00
1.822511107215946113e+00
1.822765053166651272e+00
1.823336513473786669e+00
1.824219043917527427e+00
1.825406091053985103e+00
1.826890555318945841e+00
1.828666538612909731e+00
1.830726832147598460e+00
1.833065100927252722e+00
1.835674463835788695e+00
1.838548585877447072e+00
1.841680695160208936e+00
1.845064456688314758e+00
1.848692880121616033e+00
1.852559412016223650e+00
1.856657498928248495e+00
1.860980587413801235e+00
1.865522124028992978e+00
1.870275118433674999e+00
1.875233454080217577e+00
1.880390140628472206e+00
1.885738406186420191e+00
1.891272352654561173e+00
1.896984771244617063e+00
1.902869108512698748e+00
1.908919029463046702e+00
1.915127543755512418e+00
1.921488097946206786e+00
1.927994357039370277e+00
1.934639549142984194e+00
1.941416902365029395e+00
1.948319863261616991e+00
1.955342096836987453e+00
1.962476612750992278e+00
1.969716857559742351e+00
1.977056714715607511e+00
1.984489412326569502e+00
1.992013202807590755e+00
1.999625683229245388e+00
2.007325324454625637e+00
2.015110160450565679e+00
2.022978225183897472e+00
2.030927552621455412e+00
2.038956832074460657e+00
2.047063660613487990e+00
2.055246509101629648e+00
2.063503411505719143e+00
2.071832401792589096e+00
2.080231950825332632e+00
2.088699874122653011e+00
2.097234642547642469e+00
2.105833853170875791e+00
2.114496413751704385e+00
2.123219702912572782e+00
2.132002409964702583e+00
2.140842787323057106e+00
2.149738432058210247e+00
2.158687596585125323e+00
2.167688970215023492e+00
2.176740150018479536e+00
2.185839388410456330e+00
2.194985156254046110e+00
2.204175050619822773e+00
2.213407979267138170e+00
2.222681320818437278e+00
2.231993546136811446e+00
2.241342689189095072e+00
2.250727220838379949e+00
2.260145175051499589e+00
2.269594367347157693e+00
2.279073487036576307e+00
2.288580131190329325e+00
2.298112552223380067e+00
2.307669220998820325e+00
2.317248171483483610e+00
2.326847656092333239e+00
2.336465271895943108e+00
2.346099708205534817e+00
2.355748998987941878e+00
2.365411396658127607e+00
2.375084716734795265e+00
2.384767211632907280e+00
2.394457133767427415e+00
2.404152735553318099e+00
2.413851832509283035e+00
2.423553113946544268e+00
