# te
3.101914071594359612e+00
3.943650200917773851e+00
4.129344217998573541e+00
3.906013335766036931e+00
3.474668280358720995e+00
2.966370283875398250e+00
2.464789567378470103e+00
2.014318285980624790e+00
1.641390520177264944e+00
1.359453063036440090e+00
1.176039316756875008e+00
1.077133977013136068e+00
1.043881693495445573e+00
1.060236686513376547e+00
1.110961543680230257e+00
1.181242205084548358e+00
1.257252542481163804e+00
1.328694364918576953e+00
1.388212196199653858e+00
1.436692826506662968e+00
1.476893180459711408e+00
1.510807252586142679e+00
1.540544378025749506e+00
1.569439495149663522e+00
1.600554919063226667e+00
1.634640254523294978e+00
1.671633789933245184e+00
1.710542787767933559e+00
1.749809712863035216e+00
1.786549302322280264e+00
1.817465501541612793e+00
1.838946816817778718e+00
1.848356033105712948e+00
1.847266195386944698e+00
1.837127580794146509e+00
1.814688370469514256e+00
1.776915084460818139e+00
1.726344779345683866e+00
1.666908429216962473e+00
1.601630666877633224e+00
1.529913709020939816e+00
1.450254195618707387e+00
1.361148985090891328e+00
1.261094717409316557e+00
1.148937986449490412e+00
1.024927058510747502e+00
8.896598807359412664e-01
7.437345094919909361e-01
5.877491649819122088e-01
4.220172929657208249e-01
2.457144155901272442e-01
5.773131469136187632e-02
-1.430411050172719634e-01
-3.577120343935276670e-01
-5.870238625794788057e-01
-8.302523657603321228e-01
-1.086306613976671276e+00
-1.354095513432982401e+00
-1.632528298005946565e+00
-1.920844986652550102e+00
-2.219611906148881708e+00
-2.529726113739303006e+00
-2.852084775892241630e+00
-3.187585495972382610e+00
-3.536813278070899624e+00
-3.899109937973189943e+00
-4.273503381502361975e+00
-4.659023262066558146e+00
-5.054698359281405651e+00
-5.459748376427834060e+00
-5.874152779381657474e+00
-6.298082394580252874e+00
-6.731706737772220173e+00
-7.175196635394937239e+00
-7.628663932890780153e+00
-8.091988920684704212e+00
-8.564993781999186595e+00
-9.047502884537994561e+00
-9.539337100834826444e+00
-1.004025264277700380e+01
-1.054973659415613696e+01
-1.106720875673990179e+01
-1.159208980608849870e+01
-1.212379867017708790e+01
-1.266179796660675727e+01
-1.320571982872719374e+01
-1.375523745813646137e+01
-1.431002230884757864e+01
-1.486974845625112707e+01
-1.543406987850976009e+01
-1.600255055315671626e+01
-1.657473436049730964e+01
-1.715016692842188917e+01
-1.772839388482081446e+01
-1.830895561482931555e+01
-1.889139949392278695e+01
-1.947526940240653914e+01
-2.006010922058588974e+01
-2.064546282876614924e+01
-2.123087585483767015e+01
-2.181589217910577005e+01
-2.240005568187575591e+01
-2.298291024345294886e+01
-2.356400323931273277e+01
-2.414287330700530987e+01
-2.471907131717614803e+01
-2.529213765496048083e+01
-2.586161620066362943e+01
-2.642705782493104749e+01
-2.698798893221768580e+01
-2.754391146078796382e+01
-2.809432035856615428e+01
-2.863870358313639031e+01
-2.917655083966782925e+01
-2.970735532849971250e+01
-3.023060675480120452e+01
-3.074579132857139285e+01
-3.125240574531958870e+01
-3.174994320538503345e+01
-3.223788642359673418e+01
-3.271573209546401273e+01
-3.318296643098595666e+01
-3.363908263050179670e+01
-3.408357389435077778e+01
-3.451592643253199100e+01
-3.493563344538466708e+01
-3.534218463807797406e+01
-3.573506971578107283e+01
-3.611378187883320834e+01
-3.647782830825390477e+01
-3.682679657397441275e+01
-3.716029172177633910e+01
-3.747791879744129773e+01
-3.777928284675090254e+01
-3.806398891548677454e+01
-3.833164204943051345e+01
-3.858184030402359355e+01
-3.881420270572791509e+01
-3.902832381481488255e+01
-3.922380867706609564e+01
-3.940026932860331499e+01
-3.955730382486802199e+01
-3.969451721164180924e+01
-3.981151802987638177e+01
-3.990791482052340911e+01
-3.998330214385429571e+01
-4.003728854082072530e+01
-4.006948604754445142e+01
-4.007948922429687144e+01
-4.006696253475086422e+01
-4.003174520108300527e+01
-3.997373586336114926e+01
-3.989282966648306683e+01
-3.978892525051661266e+01
-3.966191426518947338e+01
-3.951169535056950366e+01
-3.933816015638440433e+01
-3.914121431304216259e+01
-3.892074597510041656e+01
-3.867665028745692979e+01
-3.840882589017954984e+01
-3.811717142333613140e+01
-3.780157853665436818e+01
-3.746194237503203084e+01
-3.709816157853697405e+01
-3.671013478723703827e+01
-3.629775015568986163e+01
-3.586091331430342422e+01
-3.539951241763535705e+01
-3.491344610575350771e+01
-3.440260952355565394e+01
-3.386689781593955928e+01
-3.330621311814315533e+01
-3.272044358472406600e+01
-3.210953678813117307e+01
-3.147362903999736972e+01
-3.081290558433659399e+01
-3.012755166516278038e+01
-2.941774903131978647e+01
-2.868368292682154674e+01
-2.792554209085206907e+01
-2.714350827225521101e+01
-2.633776846262994553e+01
-2.550850615840516866e+01
-2.465590485600977999e+01
-2.378015329462778027e+01
-2.288142972793296082e+01
-2.195992639027940285e+01
-2.101582328292592905e+01
-2.004930564988647035e+01
-1.906056048275999970e+01
-1.804977127797541314e+01
-1.701712327954664516e+01
-1.596279998390259358e+01
-1.488698838264222601e+01
-1.378987022460940359e+01
-1.267163337519561672e+01
-1.153246133082975966e+01
-1.037253933552576868e+01
-9.192126905661654135e+00
-7.991788511204402035e+00
-6.772162894485076023e+00
-5.533889234731000251e+00
-4.277606274273238363e+00
-3.003953192339114064e+00
-1.713569058931885269e+00
-4.070930532788756828e-01
9.148358092286890120e-01
2.251578513199582687e+00
3.602495824794449408e+00
4.966949056294257758e+00
6.344298591575425306e+00
7.733906125203147575e+00
9.135131167261322460e+00
1.054733715990018439e+01
1.196988273941111025e+01
1.340212916346303906e+01
1.484343856351742552e+01
1.629317044965816663e+01
1.775068782713923454e+01
1.921534758466697568e+01
2.068651534887291987e+01
2.216354975604844313e+01
2.364581119006996346e+01
2.513266003481389887e+01
2.662346191691178277e+01
2.811757372506995267e+01
2.961435234799475325e+01
3.111316865507282259e+01
3.261337603984043909e+01
3.411433838134407637e+01
3.561541955863024356e+01
3.711597296523520839e+01
3.861536597537552495e+01
4.011295198258746808e+01
4.160810185625768298e+01
4.310016898992243739e+01
4.458851726262821558e+01
4.607251055342150892e+01
4.755150225583859935e+01
4.902485974409604097e+01
5.049193990690017841e+01
5.195211011846757998e+01
5.340472726750459032e+01
5.484914474754747715e+01
5.628473342798288570e+01
5.771085369268722332e+01
5.912686243036683464e+01
6.053212352006821817e+01
6.192601831668822854e+01
6.330798759301499956e+01
6.467752804455784599e+01
6.603410141512532050e+01
6.737717643886614383e+01
6.870624282094949820e+01
7.002076230518393629e+01
7.132021061605833268e+01
7.260406347806156191e+01
7.387180360602262397e+01
7.512289274375008574e+01
7.635680661573283601e+01
7.757302094645972090e+01
7.877101146041961499e+01
7.995025388210137862e+01
8.111021694565374673e+01
8.225037637556556547e+01
8.337021488666586322e+01
8.446919422276320688e+01
8.554679709868662485e+01
8.660248525824465560e+01
8.763574840660648135e+01
8.864605527792082285e+01
8.963287460633640080e+01
9.059568211634207557e+01
9.153396052276686135e+01
9.244717855975947884e+01
9.333480496146864880e+01
9.419631545238323156e+01
9.503119274733224131e+01
9.583890558046439878e+01
9.661892268592843891e+01
9.737072677855334746e+01
9.809378659248785937e+01
9.878757785222084919e+01
9.945157628224116309e+01
1.000852576070376898e+02
1.006880835704189820e+02
1.012595438775542078e+02
1.017991072625921021e+02
1.023062424596813571e+02
1.027804391739911409e+02
1.032211451686497412e+02
1.036278501488263117e+02
1.040000438196900205e+02
1.043371669540289872e+02
1.046387162473525336e+02
1.049041604338093663e+02
1.051329822282284994e+02
1.053246363840783744e+02
1.054787384326508004e+02
1.055954072097283216e+02
1.056748943675562629e+02
1.057174515583799916e+02
1.057233094634243855e+02
1.056927337156150912e+02
1.056259759671974621e+02
1.055232668993963898e+02
1.053848721451375070e+02
1.052110363663260273e+02
1.050020182055474294e+02
1.047580483440266050e+02
1.044793714436687679e+02
1.041662601277397044e+02
1.038189520678044602e+02
1.034377059064485138e+02
1.030227523248967714e+02
1.025743429753946003e+02
1.020927434908676048e+02
1.015781915428808446e+02
1.010309387836796731e+02
1.004512228848291358e+02
9.983930947925486521e+01
9.919544322886206089e+01
9.851986879555592225e+01
9.781283783158178835e+01
9.707458800850470482e+01
9.630539194959045801e+01
9.550548033606395393e+01
9.467511181051068547e+01
9.381453103483585210e+01
9.292398267094463904e+01
9.200372536142253921e+01
9.105400376817475205e+01
9.007506255310647703e+01
8.906715336846305320e+01
8.803052087614966581e+01
8.696543070909197581e+01
8.587211354851486078e+01
8.475082803700384204e+01
8.360182582680423025e+01
8.242535157982125327e+01
8.122164296761992830e+01
7.999096562312591630e+01
7.873355721790424866e+01
7.744968338488058635e+01
7.613957480527980692e+01
7.480349012168741751e+01
7.344167399600861756e+01
7.205437808048873194e+01
7.064193791145490309e+01
6.920504553258180636e+01
6.774447687162594889e+01
6.626100086600362715e+01
6.475540742415164175e+01
6.322847247382645719e+01
6.168096495244440547e+01
6.011366078776196531e+01
5.852734988821590179e+01
5.692280119122255400e+01
5.530079761487854029e+01
5.366210110626004592e+01
5.200750856414399692e+01
5.033778193560656433e+01
4.865370763391445053e+01
4.695606158682413422e+01
4.524561972209209415e+01
4.352315447230473211e+01
4.178944875555867355e+01
4.004527849961039010e+01
3.829141963221637468e+01
3.652865157630316162e+01
3.475775375479730656e+01
3.297949510511514859e+01
3.119465854535329896e+01
2.940402349843832042e+01
2.760836239695660765e+01
2.580845466383471631e+01
2.400507447924408666e+01
2.219900476128134414e+01
2.039101794253289057e+01
1.858189344592527803e+01
1.677240719921498524e+01
1.496333687774352228e+01
1.315546103064492556e+01
1.134955471188315279e+01
9.546395596799717609e+00
7.746763108321171210e+00
5.951431426618955634e+00
4.161179100827102850e+00
2.376783369390866874e+00
5.990214161434712636e-01
-1.171329793529991115e+00
-2.933492966572233129e+00
-4.686690591477836954e+00
-6.430145648249678381e+00
-8.163081553786890154e+00
-9.884721069644218261e+00
-1.159428564668762895e+01
-1.329099935716064529e+01
-1.497413520568782985e+01
-1.664317852847575097e+01
-1.829765572997935763e+01
-1.993710719533388342e+01
-2.156106282416434539e+01
-2.316905426368080612e+01
-2.476061840384841872e+01
-2.633528514429221090e+01
-2.789259137497734642e+01
-2.943206524794380030e+01
-3.095324365315673987e+01
-3.245565998541125907e+01
-3.393884589191741696e+01
-3.540233301988525483e+01
-3.684566000686498199e+01
-3.826835500489658415e+01
-3.966995315636017949e+01
-4.104998610846583063e+01
-4.240798900359366286e+01
-4.374349698412380860e+01
-4.505603820209623933e+01
-4.634514779989109456e+01
-4.761036441505856232e+01
-4.885121270446856556e+01
-5.006723130567129232e+01
-5.125794487553665846e+01
-5.242290253712508274e+01
-5.356162545213640414e+01
-5.467364876295074083e+01
-5.575850062160807852e+01
-5.681572665599877325e+01
-5.784485501816280362e+01
-5.884541735531021800e+01
-5.981694880982114171e+01
-6.075897403856549772e+01
-6.167104565977376751e+01
-6.255267434963556639e+01
-6.340340573604125041e+01
-6.422276447586071413e+01
-6.501029619698432782e+01
-6.576553254662212566e+01
-6.648799818164403064e+01
-6.717722474926007692e+01
-6.783275787736063478e+01
-6.845412222281559878e+01
-6.904085642317517113e+01
-6.959247814496912099e+01
-7.010854699676808366e+01
-7.058856666442153482e+01
-7.103208976615995596e+01
-7.143878775599638686e+01
-7.180885636345496437e+01
-7.214264510554312437e+01
-7.244049650892813474e+01
-7.270275310027727755e+01
-7.292975740625782066e+01
-7.312185894387718577e+01
-7.327940023980265494e+01
-7.340271683036134220e+01
-7.349215823256066926e+01
-7.354807396340807202e+01
-7.357079256889051067e+01
-7.356067055635556073e+01
-7.351804346213036467e+01
-7.344326080322231576e+01
-7.333666510629869606e+01
-7.319859190768664803e+01
-7.302939771473373298e+01
-7.282941806376707916e+01
-7.259900247179409405e+01
-7.233847948480176626e+01
-7.204821260047781095e+01
-7.172853735514935636e+01
-7.137978928514351651e+01
-7.100232489780788114e+01
-7.059647273912942467e+01
-7.016258931645570840e+01
-6.970101715645400020e+01
-6.921210577613173598e+01
-6.869617673113573630e+01
-6.815358652881357671e+01
-6.758468468617267888e+01
-6.698980673954017107e+01
-6.636930220592346075e+01
-6.572350662164969037e+01
-6.505276251338611360e+01
-6.435743337882047399e+01
-6.363784077359959213e+01
-6.289432722439072876e+01
-6.212725622888161325e+01
-6.133695633305922001e+01
-6.052377705393097784e+01
-5.968805392782400077e+01
-5.883014346208586431e+01
-5.795037070753348019e+01
-5.704909916185454932e+01
-5.612666086620613726e+01
-5.518340533759565858e+01
-5.421967160752031845e+01
-5.323580220264739182e+01
-5.223220955304562807e+01
-5.120959269272987768e+01
-5.016869259775587153e+01
-4.911028170071001142e+01
-4.803510447281811935e+01
-4.694392286115635926e+01
-4.583749531763085372e+01
-4.471657679897761994e+01
-4.358192925227284320e+01
-4.243430413908247800e+01
-4.127445991131263980e+01
-4.010315152569935293e+01
-3.892114092931880265e+01
-3.772918307890701328e+01
-3.652803642637010029e+01
-3.531845942361415780e+01
-3.410120003703507763e+01
-3.287702720404919177e+01
-3.164668889105237781e+01
-3.041094704512081748e+01
-2.917055837057557710e+01
-2.792627957173773012e+01
-2.667887084809841625e+01
-2.542908191363855863e+01
-2.417767471543433544e+01
-2.292540595780681656e+01
-2.167303234507707188e+01
-2.042131232915120620e+01
-1.917100086676525450e+01
-1.792285640982531802e+01
-1.667763741023750157e+01
-1.543609532956777031e+01
-1.419899473626985653e+01
-1.296708796570223399e+01
-1.174113346977101102e+01
-1.052188882658977676e+01
-9.310109866687078295e+00
-8.106555041969022213e+00
-6.911981056756680175e+00
-5.727144615371119407e+00
-4.552802859029667637e+00
-3.389713365845913540e+00
-2.238633277037184399e+00
-1.100319406148614565e+00
2.447110389584196757e-02
1.134981116998734718e+00
2.230453486822857823e+00
3.310131183081573170e+00
4.373256846109423890e+00
5.419073334689080035e+00
6.446892318764051666e+00
7.456301368265579654e+00
8.446954024460056942e+00
9.418507323783948948e+00
1.037061524439991089e+01
1.130293351205562935e+01
1.221511697870627522e+01
1.310682224389205786e+01
1.397770415956814638e+01
1.482741670389719246e+01
1.565561822400444392e+01
1.646195920288247549e+01
1.724609886144904891e+01
1.800769117786682116e+01
1.874639362546851729e+01
1.946185668724671558e+01
2.015373958411917243e+01
2.082169629424855017e+01
2.146538429096756673e+01
2.208445580485384241e+01
2.267856656165506735e+01
2.324737228711892456e+01
2.379053045457814619e+01
2.430769329461034189e+01
2.479851828054824026e+01
2.526265939055449650e+01
2.569977235037679719e+01
2.610951113817779401e+01
2.649153497487525044e+01
2.684549259587670633e+01
2.717104671727000209e+01
2.746784782204771602e+01
2.773555338354256961e+01
2.797381737991721806e+01
2.818229553691934797e+01
2.836064358029665300e+01
2.850851898338185819e+01
2.862557048158250339e+01
2.871145729581634853e+01
2.876583864700116422e+01
2.878836327054448319e+01
2.877868863977903757e+01
2.873647397562259087e+01
2.866136976106771783e+01
2.855303172186210858e+01
2.841111733133848816e+01
2.823528231524455023e+01
2.802517715657286601e+01
2.778046631899631791e+01
2.750079329516732685e+01
2.718595187005152169e+01
2.683623563793513256e+01
2.645208149507743656e+01
2.603391235705741735e+01
2.558215987737924024e+01
2.509725396196203562e+01
2.457962102155485695e+01
2.402969445724690445e+01
2.344790242737227715e+01
2.283467309026506342e+01
2.219043635184439012e+01
2.151562211802939117e+01
2.081065854715415853e+01
2.007597554513781901e+01
1.931200301789949947e+01
1.851916912377329894e+01
1.769790376867834070e+01
1.684863860611879360e+01
1.597180004684371291e+01
1.506781799677222722e+01
1.413712061423843025e+01
1.318014130033152220e+01
1.219730559200804265e+01
1.118904339518711843e+01
1.015578548958039917e+01
9.097960907314494250e+00
8.015997806723497376e+00
6.910326530622795893e+00
5.781376111139000962e+00
4.629575580398722856e+00
3.455355281217350694e+00
2.259143808825235133e+00
1.041370632245246952e+00
-1.975349569888496248e-01
-1.457143503507192683e+00
-2.737025743082033724e+00
-4.036751919977332292e+00
-5.355893766634932440e+00
-6.694020503343184991e+00
-8.050703097975480560e+00
-9.425513392197725437e+00
-1.081802148009079367e+01
-1.222779745573555132e+01
-1.365441141321287155e+01
-1.509743606798118165e+01
-1.655644064032883378e+01
-1.803099697192173068e+01
-1.952067166167067924e+01
-2.102504179399668871e+01
-2.254367222022552042e+01
-2.407608584964204823e+01
-2.562158889098653347e+01
-2.717943862061821036e+01
-2.874889581006637229e+01
-3.032921249293514521e+01
-3.191965118833886095e+01
-3.351946392988163836e+01
-3.512790974150774304e+01
-3.674424415199136718e+01
-3.836772968044684973e+01
-3.999762185564838290e+01
-4.163317271120007490e+01
-4.327364476621627176e+01
-4.491828655913101898e+01
-4.656636759939879511e+01
-4.821713992062372967e+01
-4.986985905158000065e+01
-5.152378052104180028e+01
-5.317816335295340480e+01
-5.483227356159921584e+01
-5.648535269507313217e+01
-5.813666327248948562e+01
-5.978546431779255954e+01
-6.143102534043682539e+01
-6.307257390783588136e+01
-6.470939700529459060e+01
-6.634073268573678206e+01
-6.796584696344685028e+01
-6.958399187202891767e+01
-7.119443342576740008e+01
-7.279641666792626609e+01
-7.438920761278994576e+01
-7.597205829396251886e+01
-7.754423472572842968e+01
-7.910498195135163257e+01
-8.065355899477640378e+01
-8.218923187028713073e+01
-8.371125261148796426e+01
-8.521887325198299834e+01
-8.671135281571650921e+01
-8.818795731697289852e+01
-8.964793878935630289e+01
-9.109055625681095592e+01
-9.251506175294100842e+01
-9.392071430169070823e+01
-9.530677292700431735e+01
-9.667248966248595821e+01
-9.801712353207989281e+01
-9.933994055007053703e+01
-1.006401927500619990e+02
-1.019171950787197432e+02
-1.031706050093765015e+02
-1.044001079767255789e+02
-1.056054243671610351e+02
-1.067862535960565111e+02
-1.079422950787855910e+02
-1.090732552210620696e+02
-1.101788474189398386e+02
-1.112587640974523708e+02
-1.123127186526536008e+02
-1.133404174902572663e+02
-1.143415670159771480e+02
-1.153158526645065649e+02
-1.162630088029198703e+02
-1.171827208659103974e+02
-1.180747022495320380e+02
-1.189386523691584330e+02
-1.197742916111836280e+02
-1.205812984199607882e+02
-1.213593931818840019e+02
-1.221082962833473147e+02
-1.228276721880235982e+02
-1.235172692436675135e+02
-1.241767798753125334e+02
-1.248058825273118373e+02
-1.254043255474200578e+02
-1.259717733993100808e+02
-1.265079604500562596e+02
-1.270125791246920812e+02
-1.274853218482509902e+02
-1.279259229878073683e+02
-1.283340749683946740e+02
-1.287094702150463661e+02
-1.290518291141565044e+02
-1.293608440907585759e+02
-1.296362495119269624e+02
-1.298777238220147865e+02
-1.300849594460555352e+02
-1.302576767704432541e+02
-1.303956101622523249e+02
-1.304984101044753402e+02
-1.305658389255472116e+02
-1.305975471084605601e+02
-1.305932830009700183e+02
-1.305527250474287371e+02
-1.304755796535505397e+02
-1.303615672057294148e+02
-1.302103941096791857e+02
-1.300217388097530034e+02
-1.297953356730252210e+02
-1.295310029506519811e+02
-1.292290342369195457e+02
-1.288898629329170831e+02
-1.285139364204140975e+02
-1.281016601391392271e+02
-1.276534535095013467e+02
-1.271697778939502683e+02
-1.266510387322145874e+02
-1.260976694253835291e+02
-1.255100893938659965e+02
-1.248887460194314798e+02
-1.242340447418085887e+02
-1.235464189620865341e+02
-1.228263160620348060e+02
-1.220741414813820143e+02
-1.212903286212173839e+02
-1.204753108826300974e+02
-1.196295076860290720e+02
-1.187533524325034904e+02
-1.178472785231425917e+02
-1.169117053783552507e+02
-1.159470663992306925e+02
-1.149537740158376522e+02
-1.139322756099456484e+02
-1.128829975923037381e+02
-1.118063523929806706e+02
-1.107027804034057965e+02
-1.095727150246683266e+02
-1.084165686868370102e+02
-1.072347678006609186e+02
-1.060277667382496816e+02
-1.047959569586516153e+02
-1.035397998243165318e+02
-1.022596937846328728e+02
-1.009561002020504503e+02
-9.962941752595770595e+01
-9.828008614778401864e+01
-9.690852548793829158e+01
-9.551517593784984683e+01
-9.410045691792763023e+01
-9.266479483892065616e+01
-9.120863009225831775e+01
-8.973237510800935013e+01
-8.823647027760310380e+01
-8.672132803110834232e+01
-8.518739575029455580e+01
-8.363508586523052202e+01
-8.206483177700543763e+01
-8.047706688670849928e+01
-7.887220362440847055e+01
-7.725073830425588994e+01
-7.561332801822472049e+01
-7.396069976169037830e+01
-7.229357353968815403e+01
-7.061267634759352063e+01
-6.891871420976143270e+01
-6.721242111190748858e+01
-6.549451006872683934e+01
-6.376570807559491527e+01
-6.202672814720685324e+01
-6.027830426927824448e+01
-5.852114246616408622e+01
-5.675597672357995549e+01
-5.498351306588085663e+01
-5.320448547878236667e+01
-5.141961047214969938e+01
-4.962961154618822945e+01
-4.783520171559308665e+01
-4.603710797573972258e+01
-4.423605033166341371e+01
-4.243274878839945075e+01
-4.062792684615320837e+01
-3.882229751961981634e+01
-3.701659479451486590e+01
-3.521152469519334716e+01
-3.340782120737085137e+01
-3.160619734574251893e+01
-2.980737661051371390e+01
-2.801207900671971984e+01
-2.622102453939583455e+01
-2.443493496116238006e+01
-2.265453202463968196e+01
-2.088053573486303449e+01
-1.911366784445275968e+01
-1.735464835844415177e+01
-1.560419728187249611e+01
-1.386303636735812184e+01
-1.213188736752135455e+01
-1.041147028739748670e+01
-8.702505132021805423e+00
-7.005714090910895919e+00
-5.321817605996309375e+00
-3.651536337657722786e+00
-1.995591383171074984e+00
-3.547035121401090341e-01
1.270406505831431776e+00
2.879017901139804270e+00
4.470409467285005434e+00
6.043860762335486747e+00
7.598650907463438742e+00
9.134128053450021767e+00
1.064992302295614301e+01
1.214573173618534696e+01
1.362125448230376890e+01
1.507619067668502666e+01
1.651023798711769786e+01
1.792309233380532518e+01
1.931445662729160517e+01
2.068402853536510833e+01
2.203150572581442290e+01
2.335658586642812651e+01
2.465897012016487011e+01
2.593835440722819996e+01
2.719444163816180549e+01
2.842692423799915602e+01
2.963550861245401435e+01
3.081988194380474155e+01
3.197975413293517377e+01
3.311482110004885726e+01
3.422477876534933472e+01
3.530932654421021510e+01
3.636816385200512514e+01
3.740098660893760751e+01
3.840750122072142148e+01
3.938739661721996299e+01
4.034037920414699840e+01
4.126614140653599350e+01
4.216438263976056788e+01
4.303480581436441810e+01
4.387710685055107973e+01
4.469098516369416529e+01
4.547614016916730151e+01
4.623226778717403107e+01
4.695906743308796649e+01
4.765624201745279720e+01
4.832348396530199608e+01
4.896049618717924545e+01
4.956697460328810223e+01
5.014262212417224873e+01
5.068712418452501112e+01
5.120020117074044208e+01
5.168153502234179086e+01
5.213082864987275400e+01
5.254778845904709073e+01
5.293209638938805028e+01
5.328346583694955285e+01
5.360158922676505000e+01
5.388616597420816845e+01
5.413689199948245800e+01
5.435347370830167080e+01
5.453571187597158598e+01
5.468383019337694861e+01
5.479817468235511058e+01
5.487906689855289244e+01
5.492685635897772300e+01
5.494186811444650687e+01
5.492444119645643497e+01
5.487491114133464265e+01
5.479360999023817413e+01
5.468087327949415766e+01
5.453704004059979127e+01
5.436244231471212629e+01
5.415741563815828385e+01
5.392229554726539931e+01
5.365741757836059378e+01
5.336311377260091149e+01
5.303972665665363451e+01
5.268758477650573724e+01
5.230702366848434082e+01
5.189838236408665040e+01
5.146198940929964039e+01
5.099819082596065556e+01
5.050731166488660762e+01
4.998969095757468750e+01
4.944566074518194654e+01
4.887556005920558988e+01
4.827972443597273866e+01
4.765848941181052112e+01
4.701218702787598147e+01
4.634115282049625506e+01
4.564571883082838610e+01
4.492622758553964957e+01
4.418301112578709677e+01
4.341640149272777904e+01
4.262673771785889443e+01
4.181435533750757116e+01
4.097958639283086058e+01
4.012276991532596071e+01
3.924423794614991579e+01
3.834432602162986115e+01
3.742336618292284811e+01
3.648170095669614454e+01
3.551965888893672485e+01
3.453758250631187110e+01
3.353580035480855059e+01
3.251464797075389868e+01
3.147446089047503648e+01
3.041557814546915850e+01
2.933833177689332317e+01
2.824305732107465516e+01
2.713013050879612820e+01
2.600010008175939902e+01
2.485354798578182312e+01
2.369106839977602164e+01
2.251324501714438497e+01
2.132066502645938755e+01
2.011391911146356648e+01
1.889359096555932283e+01
1.766026952490415880e+01
1.641454372565558373e+01
1.515699900880102824e+01
1.388822343670548065e+01
1.260880419794141005e+01
1.131932935487380298e+01
1.002038609607512853e+01
8.712561610117859345e+00
7.396444833159497634e+00
6.072621206187477583e+00
4.741679228463047124e+00
3.404206743903062105e+00
2.060790285735604410e+00
7.120179709376939226e-01
-6.415229573061678181e-01
-1.999244928139284783e+00
-3.360560589153090305e+00
-4.724882314878856349e+00
-6.091622698295983795e+00
-7.460194987728262284e+00
-8.830009810121927316e+00
-1.020048172448954382e+01
-1.157102179467361047e+01
-1.294104457968669131e+01
-1.430995939578624210e+01
-1.567718167577735322e+01
-1.704212248350251713e+01
-1.840419375659674373e+01
-1.976281180165763729e+01
-2.111738418735762224e+01
-2.246732547270926261e+01
-2.381204846914009110e+01
-2.515096424049259838e+01
-2.648349084094942896e+01
-2.780903409159796524e+01
-2.912700855145077483e+01
-3.043682528435035195e+01
-3.173790234447933756e+01
-3.302964730051014897e+01
-3.431147296387032242e+01
-3.558279564115746041e+01
-3.684302115345894890e+01
-3.809161823492349441e+01
-3.932824086371375927e+01
-4.055260243588365654e+01
-4.176440935714694547e+01
-4.296337152838747642e+01
-4.414919535531900152e+01
-4.532159073882537115e+01
-4.648026408462035164e+01
-4.762492878875784186e+01
-4.875529475212169928e+01
-4.987106488525560621e+01
-5.097195258421347575e+01
-5.205766075953899730e+01
-5.312790280728609815e+01
-5.418238163799845353e+01
-5.522081763807013033e+01
-5.624291022287474817e+01
-5.724837628363629705e+01
-5.823690824538823563e+01
-5.920822998969471485e+01
-6.016205491260963356e+01
-6.109807543916647177e+01
-6.201600496541914254e+01
-6.291554989708140511e+01
-6.379643062054731928e+01
-6.465835354153065850e+01
-6.550101807540504240e+01
-6.632413062788421598e+01
-6.712741857570242132e+01
-6.791057434389310288e+01
-6.867331831885033466e+01
-6.941534292560757535e+01
-7.013636855055889896e+01
-7.083610159941805762e+01
-7.151425546823897150e+01
-7.217052957239526734e+01
-7.280463730794083688e+01
-7.341628508058947489e+01
-7.400519327673521275e+01
-7.457105432141153756e+01
-7.511358161067236949e+01
-7.563249553091173993e+01
-7.612748850716315019e+01
-7.659828092582066006e+01
-7.704457220225785363e+01
-7.746607573252867951e+01
-7.786250491268704366e+01
-7.823355915810655858e+01
-7.857895885518128409e+01
-7.889840341928484690e+01
-7.919168314021277411e+01
-7.945895879578850440e+01
-7.970044708655662191e+01
-7.991638568408217225e+01
-8.010699827924992178e+01
-8.027252953396505575e+01
-8.041318915843203285e+01
-8.052922880489619217e+01
-8.062086517390213203e+01
-8.068833593701489804e+01
-8.073186478511925657e+01
-8.075169638012039286e+01
-8.074804043222275141e+01
-8.072114859367169970e+01
-8.067123756501180765e+01
-8.059853802746799545e+01
-8.050329464294546256e+01
-8.038571712164865346e+01
-8.024605711582290724e+01
-8.008453132601282221e+01
-7.990137742378347241e+01
-7.969681910001958158e+01
-7.947108703594604151e+01
-7.922442589346808006e+01
-7.895705237313028135e+01
-7.866920414649769100e+01
-7.836110490445504695e+01
-7.803298532822728362e+01
-7.768508308937941820e+01
-7.731763585947649631e+01
-7.693085334872299086e+01
-7.652498021902407288e+01
-7.610024715160467679e+01
-7.565687084700937248e+01
-7.519510295748351325e+01
-7.471516018357169742e+01
-7.421728019683898481e+01
-7.370168668817011337e+01
-7.316861732913012872e+01
-7.261829581060379724e+01
-7.205095980415615031e+01
-7.146683300067194011e+01
-7.086615307171621225e+01
-7.024914370817373310e+01
-6.961603559126938023e+01
-6.896707338290835310e+01
-6.830247378363527844e+01
-6.762246747467501962e+01
-6.692729212759263646e+01
-6.621717143327289534e+01
-6.549237801498156841e+01
-6.475333129312755887e+01
-6.400047864948037102e+01
-6.323430241751026415e+01
-6.245522201762612013e+01
-6.166372677363834498e+01
-6.086025707697628917e+01
-6.004527429008974337e+01
-5.921923278508836574e+01
-5.838258693408179312e+01
-5.753580508985998421e+01
-5.667932764385227529e+01
-5.581362294884863218e+01
-5.493914537695868461e+01
-5.405634580512202092e+01
-5.316569258612857851e+01
-5.226763310174786170e+01
-5.136262172408952154e+01
-5.045112680594349541e+01
-4.953359572907928765e+01
-4.861048636077662621e+01
-4.768225656831522485e+01
-4.674936421897481864e+01
-4.581226718003512133e+01
-4.487141632843570704e+01
-4.392727652179645048e+01
-4.298029514188685596e+01
-4.203093704632679106e+01
-4.107965660722589973e+01
-4.012690819669384013e+01
-3.917314968201032599e+01
-3.821884242562516221e+01
-3.726443380930784599e+01
-3.631038519550816801e+01
-3.535715794667594025e+01
-3.440519944458065282e+01
-3.345497804201225023e+01
-3.250693762557016697e+01
-3.156154654804434045e+01
-3.061925219120427499e+01
-2.968051591749976481e+01
-2.874579559421053787e+01
-2.781554384586120321e+01
-2.689022553007163197e+01
-2.597028453344125154e+01
-2.505618920876000644e+01
-2.414839043296747079e+01
-2.324734432575833054e+01
-2.235351224958238348e+01
-2.146734682896424218e+01
-2.058926923189785185e+01
-1.971954334372381012e+01
-1.885840159325206145e+01
-1.800606941895238577e+01
-1.716277924963472046e+01
-1.632875652376885256e+01
-1.550423017499464606e+01
-1.468943088453699986e+01
-1.388458845982829004e+01
-1.308992833933830724e+01
-1.230568120429194856e+01
-1.153207598832907799e+01
-1.076933987750451571e+01
-1.001770355304316418e+01
-9.277395948584882035e+00
-8.548644250184496585e+00
-7.831678265274384820e+00
-7.126727364390669450e+00
-6.434018296691915495e+00
-5.753781743403021842e+00
-5.086246201267589306e+00
-4.431640167029221367e+00
-3.790192137431519281e+00
-3.162131046114345256e+00
-2.547686045165690860e+00
-1.947085849777287159e+00
-1.360559284364931232e+00
-7.883349548962899078e-01
-2.306416857871600723e-01
3.122916166286130446e-01
8.402362098532812906e-01
1.352963187552999491e+00
1.850244080290181392e+00
2.331849681364803750e+00
2.797551384809199071e+00
3.247120256983506703e+00
3.680328019592252975e+00
4.096944865203058228e+00
4.496742952416709294e+00
4.879492910697085684e+00
5.244966243300583919e+00
5.592934016587344459e+00
5.923167733813762936e+00
6.235437587547460581e+00
6.529516391733612757e+00
6.805174338939839807e+00
7.062182495526278636e+00
7.300312801645588934e+00
7.519335012969128762e+00
7.719022817234593603e+00
7.899210193863456908e+00
8.060002871750466369e+00
8.201565997681624864e+00
8.324069087405536749e+00
8.427679909085760812e+00
8.512567104678380403e+00
8.578898442346957864e+00
8.626842564047574768e+00
8.656567237943791682e+00
8.668240232199172723e+00
8.662031062562318695e+00
8.638106623404272710e+00
8.596635556681114565e+00
8.537785630556408378e+00
8.461725486986235722e+00
8.368622894134157164e+00
8.258646493956256052e+00
8.131964928408613957e+00
7.988744218069754766e+00
7.829155626273315960e+00
7.653364299805303972e+00
7.461540628206837944e+00
7.253851068952701375e+00
7.030465137791495955e+00
6.791550165990523524e+00
6.537274795505866543e+00
6.267807668293604806e+00
5.983315678724783204e+00
5.683968342548000763e+00
5.369932117238043645e+00
5.041377392336028329e+00
4.698470188420482252e+00
4.341380021240004439e+00
3.970274658958156788e+00
3.585322088186631895e+00
3.186690732433381967e+00
2.774548578310098712e+00
2.349064049324733894e+00
1.910405350537109470e+00
1.458740140886723102e+00
9.942370623296558074e-01
5.170641014776002908e-01
2.738945997712615918e-02
-4.746187014842209173e-01
-9.887922426984074864e-01
-1.514962900580327343e+00
-2.052962633906255441e+00
-2.602623128392305585e+00
-3.163776397426785181e+00
-3.736254235949872271e+00
-4.319858074611725662e+00
-4.914268105350553029e+00
-5.519134374262673504e+00
-6.134106927444406665e+00
-6.758836247888328153e+00
-7.392970634105721750e+00
-8.036162316674200667e+00
-8.688059594105046912e+00
-9.348312949390837900e+00
-1.001657286552415371e+01
-1.069248807791253242e+01
-1.137570994334106977e+01
-1.206588719721731096e+01
-1.276267119632634817e+01
-1.346570980228320380e+01
-1.417465524566549462e+01
-1.488915713567327970e+01
-1.560886333392158143e+01
-1.633342607098801125e+01
-1.706249582986515279e+01
-1.779571785079047075e+01
-1.853274960709668662e+01
-1.927323459143623552e+01
-2.001682503438672711e+01
-2.076317316652578526e+01
-2.151192422809086580e+01
-2.226273394482966594e+01
-2.301524580939461018e+01
-2.376911554753338862e+01
-2.452399014706850622e+01
-2.527952009099254127e+01
-2.603535586229807208e+01
-2.679114444880760004e+01
-2.754653982868377682e+01
-2.830119248491918071e+01
-2.905474765775128176e+01
-2.980685932534272808e+01
-3.055717797068609798e+01
-3.130535058160389639e+01
-3.205102764108870161e+01
-3.279385613696301505e+01
-3.353349703772963863e+01
-3.426958684570085722e+01
-3.500178652937945856e+01
-3.572973958141788842e+01
-3.645309298963864109e+01
-3.717150772254451141e+01
-3.788462377761786826e+01
-3.859209513302135974e+01
-3.929357576691762688e+01
-3.998873363814963255e+01
-4.067735554134284826e+01
-4.135925623248333238e+01
-4.203424347721700371e+01
-4.270212853635985795e+01
-4.336272616589796058e+01
-4.401584063630715349e+01
-4.466128320840343235e+01
-4.529886863817286269e+01
-4.592840818643142597e+01
-4.654970612365498539e+01
-4.716258419616973896e+01
-4.776683968411138892e+01
-4.836229433380614751e+01
-4.894875591089994060e+01
-4.952602868586859586e+01
-5.009393440503834682e+01
-5.065227733888502115e+01
-5.120086874822461454e+01
-5.173951989387312977e+01
-5.226804553181661817e+01
-5.278624643736085886e+01
-5.329394785200214102e+01
-5.379094356070607574e+01
-5.427706230013904332e+01
-5.475209785526664064e+01
-5.521587546758517817e+01
-5.566819241723034395e+01
-5.610887394569842712e+01
-5.653772432346526244e+01
-5.695454432583663618e+01
-5.735916268947889307e+01
-5.775137669452774958e+01
-5.813100459213932680e+01
-5.849785065278947371e+01
-5.885173662280440965e+01
-5.919245978231982264e+01
-5.951983838249186221e+01
-5.983368368413651694e+01
-6.013380694806977544e+01
-6.042001943510763340e+01
-6.069212541572593267e+01
-6.094993615074066895e+01
-6.119326989130797045e+01
-6.142193090790370036e+01
-6.163573745168397977e+01
-6.183449379312466476e+01
-6.201801818338189065e+01
-6.218610790259135968e+01
-6.233858120190920005e+01
-6.247530526487260261e+01
-6.259633601420274118e+01
-6.270179927602230663e+01
-6.279179990543351408e+01
-6.286646372855903309e+01
-6.292590259084124682e+01
-6.297022833772252426e+01
-6.299955980498539532e+01
-6.301401582841237570e+01
-6.301371524378598821e+01
-6.299876290620846930e+01
-6.296928464180248142e+01
-6.292539229601040773e+01
-6.286719771427461723e+01
-6.279482672271778654e+01
-6.270838417644213791e+01
-6.260799590157034800e+01
-6.249377374354478576e+01
-6.236582954780782728e+01
-6.222429613082230304e+01
-6.206926436701012761e+01
-6.190086707283413148e+01
-6.171922308407683744e+01
-6.152442327516017428e+01
-6.131661444322725174e+01
-6.109590144338030626e+01
-6.086239612106171393e+01
-6.061621032171384371e+01
-6.035747686179951188e+01
-6.008628661574066143e+01
-5.980277939034024826e+01
-5.950706004070050881e+01
-5.919924740260396590e+01
-5.887946031183313522e+01
-5.854780012832017633e+01
-5.820440316369797529e+01
-5.784937427306876856e+01
-5.748282530187493222e+01
-5.710488207623912871e+01
-5.671565993677381101e+01
-5.631526723375128540e+01
-5.590381930778399067e+01
-5.548144198499461055e+01
-5.504824361565543711e+01
-5.460434653071907718e+01
-5.414985908045782281e+01
-5.368490359582427374e+01
-5.320958842709072911e+01
-5.272403940037986558e+01
-5.222836486596398231e+01
-5.172270812581612631e+01
-5.120731733701155974e+01
-5.068245463730585243e+01
-5.014840313547501438e+01
-4.960542147410453850e+01
-4.905378926680037210e+01
-4.849376515614799388e+01
-4.792563225092342094e+01
-4.734965268888222312e+01
-4.676610258846026369e+01
-4.617524758258318229e+01
-4.557736029451675819e+01
-4.497270985235672214e+01
-4.436156538419878359e+01
-4.374420300847879872e+01
-4.312088835812242138e+01
-4.249189056122535391e+01
-4.185748573622346669e+01
-4.121793951604239936e+01
-4.057352102877787559e+01
-3.992450639286573733e+01
-3.927116124123164553e+01
-3.861375819714138657e+01
-3.795256638869066279e+01
-3.728785494397520495e+01
-3.661989998143086211e+01
-3.594896713398328814e+01
-3.527532203455811555e+01
-3.459924429676128455e+01
-3.392100304868851168e+01
-3.324086392326543660e+01
-3.255910303892792257e+01
-3.187598253343153587e+01
-3.119178202038221670e+01
-3.050676363753552778e+01
-2.982120350332733238e+01
-2.913536725068327726e+01
-2.844953449320929550e+01
-2.776396212590584156e+01
-2.707893150996389409e+01
-2.639471002589412763e+01
-2.571156505420722027e+01
-2.502977096575400040e+01
-2.434959339346011120e+01
-2.367130845576140885e+01
-2.299518353316857855e+01
-2.232148775377732974e+01
-2.165049374085345590e+01
-2.098247237007770494e+01
-2.031769102196075849e+01
-1.965640309633299765e+01
-1.899879383720835690e+01
-1.834502402241024654e+01
-1.769525792493215377e+01
-1.704966156535261135e+01
-1.640839746908006447e+01
-1.577162990910800566e+01
-1.513952315842992036e+01
-1.451224061624678008e+01
-1.388994742934459126e+01
-1.327280874450935855e+01
-1.266098621335701857e+01
-1.205464498267357598e+01
-1.145395019924503899e+01
-1.085906438847985811e+01
-1.027015182337152233e+01
-9.687378524498555521e+00
-9.110905269684375085e+00
-8.540898953300020580e+00
-7.977522100753947853e+00
-7.420940732624679903e+00
-6.871316500528149795e+00
-6.328814988146623577e+00
-5.793600031577331499e+00
-5.265835903813760766e+00
-4.745686440953141627e+00
-4.233315915988962175e+00
-3.728888165018450440e+00
-3.232567461035095846e+00
-2.744517640136127756e+00
-2.264903412211292988e+00
-1.793888285685627082e+00
-1.331636752000747492e+00
-8.783127018659160345e-01
-4.340803809686049064e-01
8.961884650572913072e-04
4.264529368500700746e-01
8.424257154566514583e-01
1.248650382808180304e+00
1.644962802441249039e+00
2.031199083646596293e+00
2.407194844206669071e+00
2.772786357248302025e+00
3.127808912881748782e+00
3.472099111906038704e+00
3.805492244431424087e+00
4.127824692808806262e+00
4.438932402492825169e+00
4.738650226697474821e+00
5.026815203118044195e+00
5.303300631839342749e+00
5.568130542155630636e+00
5.821366536439466444e+00
6.063071527752185830e+00
6.293306244673829042e+00
6.512132726473212507e+00
6.719613886211672771e+00
6.915810015572990466e+00
7.100784027618500360e+00
7.274597524720762820e+00
7.437312109252333769e+00
7.588990257378290138e+00
7.729692697678673063e+00
7.859482343214817313e+00
7.978421233255541090e+00
8.086570533277143369e+00
8.183992282548439690e+00
8.270748520338248255e+00
8.346900412122870705e+00
8.412511744756157483e+00
8.467641936129373548e+00
8.512353899303853666e+00
8.546710547340932607e+00
8.570772171924392779e+00
8.584600812323051500e+00
8.588259381598241760e+00
8.581809045226266974e+00
8.565310968683421677e+00
8.538828065031044190e+00
8.502422373537953604e+00
8.456155059680444452e+00
8.400088162727337604e+00
8.334283721947448598e+00
8.258802902817079072e+00
8.173708618397560244e+00
8.079062907957714756e+00
7.974926063181319691e+00
7.861360997129711592e+00
7.738430622864227004e+00
7.606194358276127332e+00
7.464715116426749120e+00
7.314056247273686751e+00
7.154277605604462131e+00
6.985441667584151304e+00
6.807610472481571584e+00
6.620846059565541175e+00
6.425210031208617778e+00
6.220764426679619596e+00
6.007571285247362169e+00
5.785691772388146248e+00
5.555209335287492500e+00
5.316294363486520069e+00
5.069137343754274383e+00
4.813930073548577937e+00
4.550863039638475271e+00
4.280127602585530155e+00
4.001914686055047632e+00
3.716416087504850196e+00
3.423822512152112196e+00
3.124325102110268482e+00
2.818114781044622763e+00
2.505383127964868617e+00
2.186320848088180391e+00
1.861119738872381246e+00
1.529970287086516390e+00
1.193064071740278731e+00
8.505919072749081877e-01
5.027450996399357441e-01
1.497148455608279249e-01
-2.083077947670299856e-01
-5.711316519241876888e-01
-9.385655564911951076e-01
-1.310418448272666847e+00
-1.686499075931104041e+00
-2.066616297353072618e+00
-2.450579079649203518e+00
-2.838196280706062780e+00
-3.229276539962086634e+00
-3.623628933751970926e+00
-4.021062538410411058e+00
-4.421385338031455170e+00
-4.824406845846056946e+00
-5.229936575085171846e+00
-5.637781854498459033e+00
-6.047753071109391421e+00
-6.459657553667627283e+00
-6.873305252300381696e+00
-7.288505243342349615e+00
-7.705064855543189317e+00
-8.122794475926374602e+00
-8.541502743930342589e+00
-8.960997425201011168e+00
-9.381088906761851476e+00
-9.801584954258784066e+00
-1.022229508092276085e+01
-1.064302705239970415e+01
-1.106359038192056410e+01
-1.148379545650881717e+01
-1.190344829422534367e+01
-1.232236015588613398e+01
-1.274034841885481306e+01
-1.315726890736581645e+01
-1.357299142633388023e+01
-1.398738053791862868e+01
-1.440030517324227866e+01
-1.481162902067193343e+01
-1.522122101132981342e+01
-1.562894658116805857e+01
-1.603467466130888397e+01
-1.643827068770443844e+01
-1.683960184389189507e+01
-1.723853181823836067e+01
-1.763493303703612725e+01
-1.802866744106726316e+01
-1.841960570903902195e+01
-1.880761152931851043e+01
-1.919255383302794016e+01
-1.957429805611945994e+01
-1.995270963454520796e+01
-2.032765924701244131e+01
-2.069901058188825971e+01
-2.106663257029488889e+01
-2.143038890059942503e+01
-2.179014850392409031e+01
-2.214578031139109981e+01
-2.249714626378252191e+01
-2.284411703980561015e+01
-2.318655807541250624e+01
-2.352433480655535547e+01
-2.385731616435636937e+01
-2.418536758476769677e+01
-2.450835625132651430e+01
-2.482614934757000213e+01
-2.513861230945029845e+01
-2.544561756325970237e+01
-2.574702180702516330e+01
-2.604269921462401172e+01
-2.633251522200839290e+01
-2.661633701271547991e+01
-2.689403177028246006e+01
-2.716545968790635968e+01
-2.743049493946450923e+01
-2.768900645607912381e+01
-2.794085093577715995e+01
-2.818590255243594456e+01
-2.842403023717769983e+01
-2.865509418319945212e+01
-2.887896506920845496e+01
-2.909550833115685364e+01
-2.930458940499678988e+01
-2.950610343562603433e+01
-2.970005391821466390e+01
-2.988645832861304896e+01
-3.006534812335186047e+01
-3.023674077828146523e+01
-3.040067474027267735e+01
-3.055716399000580097e+01
-3.070623998401149990e+01
-3.084792718848029480e+01
-3.098224657443263297e+01
-3.110923309356925159e+01
-3.122890771691059797e+01
-3.134129141547711939e+01
-3.144641564579947968e+01
-3.154430137889812968e+01
-3.163498007130373679e+01
-3.171847618920681455e+01
-3.179480720845774044e+01
-3.186400808075725166e+01
-3.192609977712579905e+01
-3.198111025892397308e+01
-3.202906399234229440e+01
-3.206998544357127656e+01
-3.210390257397152425e+01
-3.213083635456347764e+01
-3.215081824187780057e+01
-3.216386920693494744e+01
-3.217001721109549806e+01
-3.216928672054999083e+01
-3.216170569665900558e+01
-3.214729511044298960e+01
-3.212608641843261381e+01
-3.209810059164831841e+01
-3.206336209628062761e+01
-3.202190238886021234e+01
-3.197374244040751279e+01
-3.191891021228312653e+01
-3.185742667550749374e+01
-3.178932328661128537e+01
-3.171462101661494870e+01
-3.163334782687907420e+01
-3.154553167876425590e+01
-3.145119354329094108e+01
-3.135036138181972376e+01
-3.124305966054112105e+01
-3.112931284564565360e+01
-3.100915239366398879e+01
-3.088259578044650056e+01
-3.074967096735377936e+01
-3.061040591574641923e+01
-3.046484256766531473e+01
-3.031309276855283485e+01
-3.015528234453165624e+01
-2.999154061689452178e+01
-2.982198991659403475e+01
-2.964676306009300788e+01
-2.946598587351412135e+01
-2.927978593056507606e+01
-2.908828905736854864e+01
-2.889162807038735892e+01
-2.868992530057410661e+01
-2.848331006922153463e+01
-2.827191169762238943e+01
-2.805585601189934764e+01
-2.783526883817507525e+01
-2.761028124532735717e+01
-2.738102255464893986e+01
-2.714761334950738458e+01
-2.691018644636551116e+01
-2.666886592376095777e+01
-2.642378634574157559e+01
-2.617506654808989452e+01
-2.592283934726873085e+01
-2.566723231698579610e+01
-2.540836778819368291e+01
-2.514638207252529511e+01
-2.488139575334818332e+01
-2.461353815195510109e+01
-2.434293858963879131e+01
-2.406972289252192709e+01
-2.379401863431221642e+01
-2.351595513630240930e+01
-2.323565997220020662e+01
-2.295325722054325368e+01
-2.266887795020932472e+01
-2.238264973490613130e+01
-2.209469840075635005e+01
-2.180515152146768543e+01
-2.151413841833288387e+01
-2.122178491747462203e+01
-2.092821859260060080e+01
-2.063356876500357373e+01
-2.033796300839124527e+01
-2.004152714888628850e+01
-1.974439050778145344e+01
-1.944667891119940606e+01
-1.914852168043289637e+01
-1.885004464160459747e+01
-1.855137711600724870e+01
-1.825264492976353026e+01
-1.795397390899611167e+01
-1.765546191846706847e+01
-1.735721206569359154e+01
-1.705932046785272149e+01
-1.676188324212150249e+01
-1.646500174843208342e+01
-1.616877385154654689e+01
-1.587329392105688974e+01
-1.557866331689526973e+01
-1.528497990382376415e+01
-1.499233979901941360e+01
-1.470084436241437054e+01
-1.441058883739315633e+01
-1.412167021492533259e+01
-1.383419072873557099e+01
-1.354824562220839113e+01
-1.326393276010587385e+01
-1.298135088098261392e+01
-1.270059872339320961e+01
-1.242177502589225568e+01
-1.214497503186427707e+01
-1.187029835365638952e+01
-1.159784372982318601e+01
-1.132770815133422992e+01
-1.105999035674411601e+01
-1.079478821081492335e+01
-1.053220045210124844e+01
-1.027232319778013192e+01
-1.001525693399120875e+01
-9.761096904119000328e+00
-9.509944468095660852e+00
-9.261895743098227385e+00
-9.017048593888784325e+00
-8.775501759021922865e+00
-8.537353103259723852e+00
-8.302700491364264579e+00
-8.071643535682660797e+00
-7.844277479599435665e+00
-7.620701935461703158e+00
-7.401015641824060687e+00
-7.185316463448587321e+00
-6.973700954408581509e+00
-6.766268290154901166e+00
-6.563117209242141925e+00
-6.364344265743604900e+00
-6.170049072006404955e+00
-5.980328182103842316e+00
-5.795281208383031846e+00
-5.615004704917275546e+00
-5.439597847157427779e+00
-5.269140150222678010e+00
-5.103641225830730654e+00
-4.943091462263880409e+00
-4.787482995389461315e+00
-4.636806650386027684e+00
-4.491053689328395215e+00
-4.350214937395117332e+00
-4.214282093557269349e+00
-4.083246419889665191e+00
-3.957098304674600442e+00
-3.835829883779408256e+00
-3.719431545486384660e+00
-3.607894988766603195e+00
-3.501211694143008035e+00
-3.399372049897895209e+00
-3.302367973450467620e+00
-3.210189634634892375e+00
-3.122829824662890275e+00
-3.040278494920499064e+00
-2.962527125930662031e+00
-2.889567198216323352e+00
-2.821389755404168476e+00
-2.757985841120881076e+00
-2.699346717441276855e+00
-2.645463864888299099e+00
-2.596328108640503007e+00
-2.551930710772703392e+00
-2.512263151807843986e+00
-2.477316256924479987e+00
-2.447081506645556015e+00
-2.421549726149626380e+00
-2.400712832855895318e+00
-2.384561215046657967e+00
-2.373086571692988755e+00
-2.366279727973441993e+00
-2.364132164410962300e+00
-2.366635143080364490e+00
-2.373779707608332679e+00
-2.385557120069681680e+00
-2.401958424091096056e+00
-2.422974881747390175e+00
-2.448597755113379293e+00
-2.478818524712006699e+00
-2.513627797273697784e+00
-2.553017053321397167e+00
-2.596977554929919219e+00
-2.645500564174078306e+00
-2.698576906232429629e+00
-2.756198061627916918e+00
-2.818355510883484794e+00
-2.885026972289909786e+00
-2.956140357964410992e+00
-3.031609599343910944e+00
-3.111349283209720706e+00
-3.195274433239410961e+00
-3.283298325525514816e+00
-3.375336639089991930e+00
-3.471303305369764391e+00
-3.571112474249884094e+00
-3.674678950959792356e+00
-3.781916885384540183e+00
-3.892741301201699144e+00
-4.007066129848190883e+00
-4.124805739657197101e+00
-4.245875372754417398e+00
-4.370188960576775195e+00
-4.497660434561192133e+00
-4.628205473729628316e+00
-4.761736698830226544e+00
-4.898170662677466147e+00
-5.037420422915750429e+00
-5.179400784774520261e+00
-5.324026553483217405e+00
-5.471211223582503003e+00
-5.620870474094338043e+00
-5.772917799559384555e+00
-5.927268442103343027e+00
-6.083835896266877263e+00
-6.242535404175685976e+00
-6.403281334162952199e+00
-6.565988054561856302e+00
-6.730569496809320817e+00
-6.896940903031046233e+00
-7.065016204663954191e+00
-7.234709770041226840e+00
-7.405936841288564665e+00
-7.578611349842889311e+00
-7.752647227141123309e+00
-7.927959715308967148e+00
-8.104462308887082855e+00
-8.282071123793690148e+00
-8.460698780776931827e+00
-8.640261395755029383e+00
-8.820671589476125618e+00
-9.001845477858438471e+00
-9.183696555442631748e+00
-9.366140064354405936e+00
-9.549088625341903835e+00
-9.732460101908385397e+00
-9.916165367216953186e+00
-1.010012228477086538e+01
-1.028425570841352510e+01
-1.046849311336589317e+01
-1.065276110105641116e+01
-1.083698627291351890e+01
-1.102109523036565975e+01
-1.120501457484127350e+01
-1.138867178156132098e+01
-1.157199345195424378e+01
-1.175490706124100093e+01
-1.193733833705751479e+01
-1.211921562841726541e+01
-1.230046466295617336e+01
-1.248101204210268200e+01
-1.266078524107775038e+01
-1.283971086130982187e+01
-1.301771637801985193e+01
-1.319472839263628572e+01
-1.337067263279504559e+01
-1.354547744750960803e+01
-1.371906856441589717e+01
-1.389137433252739129e+01
-1.406231960568749528e+01
-1.423183273290968565e+01
-1.439984031562240752e+01
-1.456626982904661638e+01
-1.473104437944068046e+01
-1.489409581098815494e+01
-1.505534897753244294e+01
-1.521473222808702097e+01
-1.537216866891025902e+01
-1.552758839660067025e+01
-1.568091801258669626e+01
-1.583208062312670528e+01
-1.598100807240425070e+01
-1.612762521426273565e+01
-1.627185690254556150e+01
-1.641363498143628874e+01
-1.655288255719327495e+01
-1.668952623124496881e+01
-1.682349610018988173e+01
-1.695471352270134702e+01
-1.708311034296291098e+01
-1.720861141481798740e+01
-1.733114333969501075e+01
-1.745063621419249600e+01
-1.756701139698378000e+01
-1.768019898466737061e+01
-1.779012557867171296e+01
-1.789671778042524863e+01
-1.799991442445168133e+01
-1.809970502524078029e+01
-1.819608259245240234e+01
-1.828905411642669776e+01
-1.837861435440855118e+01
-1.846476330639796615e+01
-1.854749922480990065e+01
-1.862682385722939671e+01
-1.870273545607141585e+01
-1.877523227375091963e+01
-1.884431605785294650e+01
-1.890998156562238464e+01
-1.897223229222930740e+01
-1.903106649008867990e+01
-1.908648415920050212e+01
-1.913848180439469715e+01
-1.918706117325629990e+01
-1.923222051820028256e+01
-1.927395983922663447e+01
-1.931227913633536275e+01
-1.934717491435639403e+01
-1.937864717328972120e+01
-1.940669766072038627e+01
-1.943132462906335078e+01
-1.945252458314854138e+01
-1.947030101814603498e+01
-1.948465043888575110e+01
-1.949557284536769330e+01
-1.950306823759186159e+01
-1.950713312038817904e+01
-1.950777098892672612e+01
-1.950498009562246082e+01
-1.949875694530530978e+01
-1.948910153797526945e+01
-1.947601562121738539e+01
-1.945949744744661558e+01
-1.943954526907792157e+01
-1.941615733852626491e+01
-1.938933540337669115e+01
-1.935907771604415473e+01
-1.932538602411369411e+01
-1.928825508483020101e+01
-1.924768664577871036e+01
-1.920367895937418723e+01
-1.915623377320166654e+01
-1.910534933967611337e+01
-1.905102216362744727e+01
-1.899325399264071379e+01
-1.893204482671590938e+01
-1.886739117068295712e+01
-1.879930525763712268e+01
-1.872783077720432843e+01
-1.865302889486087423e+01
-1.857495378574291323e+01
-1.849366312015666480e+01
-1.840921456840836257e+01
-1.832166580080422236e+01
-1.823107274006543577e+01
-1.813749305649822574e+01
-1.804098267282378387e+01
-1.794160100693336801e+01
-1.783940223396312774e+01
-1.773444577180432802e+01
-1.762678754317815333e+01
-1.751648347080579526e+01
-1.740359472016355014e+01
-1.728817546638756752e+01
-1.717028163219903547e+01
-1.704997263548921893e+01
-1.692730265139426393e+01
-1.680233459297550525e+01
-1.667511739261398773e+01
-1.654571745854111953e+01
-1.641418197555290348e+01
-1.628057560429570927e+01
-1.614495251990568647e+01
-1.600737039268906514e+01
-1.586788514536703154e+01
-1.572655444824580684e+01
-1.558343597163161931e+01
-1.543858738583069190e+01
-1.529206286597917419e+01
-1.514392182996832936e+01
-1.499422194810438036e+01
-1.484302089069355546e+01
-1.469037283287200246e+01
-1.453633457115342686e+01
-1.438096639722160930e+01
-1.422432248621270290e+01
-1.406646225601796552e+01
-1.390744337694362542e+01
-1.374731915033331120e+01
-1.358614899407828780e+01
-1.342399145227729562e+01
-1.326089982627396857e+01
-1.309693528154460296e+01
-1.293215199322535192e+01
-1.276660675782992094e+01
-1.260036074083460811e+01
-1.243346636979052811e+01
-1.226598306258894056e+01
-1.209796499436599682e+01
-1.192946808784288670e+01
-1.176054564436323879e+01
-1.159125358664824113e+01
-1.142164783741908352e+01
-1.125178169801939632e+01
-1.108171109117036579e+01
-1.091149106580066430e+01
-1.074117579704643788e+01
-1.057082033383636066e+01
-1.040048147268413281e+01
-1.023021076734835511e+01
-1.006006676192776617e+01
-9.890101883973482444e+00
-9.720372929999207656e+00
-9.550932327556056478e+00
-9.381837746950253631e+00
-9.213141615732912015e+00
-9.044901604210254575e+00
-8.877171013725916993e+00
-8.710005767001083754e+00
-8.543459165379388764e+00
-8.377587131582018287e+00
-8.212444714537641133e+00
-8.048086963174926112e+00
-7.884568926422542923e+00
-7.721944779416642923e+00
-7.560270444878411489e+00
-7.399600971736520094e+00
-7.239990098230857818e+00
-7.081493747082612700e+00
-6.924166530324194824e+00
-6.768063059988014274e+00
-6.613238821898998587e+00
-6.459748864985816574e+00
-6.307648238177137934e+00
-6.156991116609113135e+00
-6.007832986106669715e+00
-5.860229332494736099e+00
-5.714234330909463644e+00
-5.569903030279520273e+00
-5.427290042637316070e+00
-5.286451727600297801e+00
-5.147440949615838868e+00
-5.010314505197643875e+00
-4.875127006378122907e+00
-4.741932628293428209e+00
-4.610786856768485542e+00
-4.481744740731965493e+00
-4.354853028083609523e+00
-4.230127447088753101e+00
-4.107578046361358481e+00
-3.987210942449056716e+00
-3.869035310173291276e+00
-3.753059887459248234e+00
-3.639291883095205904e+00
-3.527740471902609087e+00
-3.418413299565995267e+00
-3.311319322458678993e+00
-3.206465967817068385e+00
-3.103861755118219712e+00
-3.003515203839188352e+00
-2.905434396560770960e+00
-2.809627634311893996e+00
-2.716102999673354557e+00
-2.624869012122207579e+00
-2.535933754239250160e+00
-2.449305527053409204e+00
-2.364992850041739647e+00
-2.283003368888779416e+00
-2.203345821519713699e+00
-2.126028290515339148e+00
-2.051059076904582668e+00
-1.978446263268240246e+00
-1.908198369083368151e+00
-1.840323695378892399e+00
-1.774830215511544962e+00
-1.711726558182446567e+00
-1.651020587524264061e+00
-1.592720713789988807e+00
-1.536835128784481919e+00
-1.483372133536670079e+00
-1.432340138299543986e+00
-1.383747225653900514e+00
-1.337601696628665904e+00
-1.293911743028701711e+00
-1.252685665882933952e+00
-1.213931766220289088e+00
-1.177658345069693357e+00
-1.143873485011943414e+00
-1.112585596300030399e+00
-1.083802870738815649e+00
-1.057533609357225401e+00
-1.033785894736056532e+00
-1.012568246352364643e+00
-9.938886375628819270e-01
-9.777555878446639870e-01
-9.641771797785075870e-01
-9.531618236174037584e-01
-9.447103931538711752e-01
-9.387955823717049064e-01
-9.353826580182923456e-01
-9.344368868410208862e-01
-9.359237540354077289e-01
-9.398084171247753638e-01
-9.460562520805760878e-01
-9.546328533223917834e-01
-9.655031599254153551e-01
-9.786326570851638929e-01
-9.939868299971545973e-01
-1.011530726960645055e+00
-1.031229942395217147e+00
-1.053049743048258380e+00
-1.076955286443091353e+00
-1.102912166999298060e+00
-1.130885542240200881e+00
-1.160840897361316904e+00
-1.192743389885968952e+00
-1.226558395785608990e+00
-1.262251291031689426e+00
-1.299787342371597765e+00
-1.339132144224915777e+00
-1.380250635666836256e+00
-1.423108411116941419e+00
-1.467670737322618324e+00
-1.513902990255319603e+00
-1.561770327438367634e+00
-1.611238343291344410e+00
-1.662272195337572311e+00
-1.714837259548503745e+00
-1.768899021119655801e+00
-1.824422419126221273e+00
-1.881373157211847058e+00
-1.939716502123920661e+00
-1.999417720609829141e+00
-2.060442079416960226e+00
-2.122755063740831005e+00
-2.186321940328828539e+00
-2.251107975928340554e+00
-2.317078437286754333e+00
-2.384199028047716773e+00
-2.452434578062355985e+00
-2.521751009422448231e+00
-2.592113151979121621e+00
-2.663486490927892802e+00
-2.735836293016149945e+00
-2.809128261887539502e+00
-2.883327227393189585e+00
-2.958398893176747091e+00
-3.034307652193080518e+00
-3.111015057571373532e+00
-3.188482225544550186e+00
-3.266670272345535420e+00
-3.345539440414734500e+00
-3.425051282881330650e+00
-3.505166479081989639e+00
-3.585845708353376349e+00
-3.667050305376544195e+00
-3.748740294143769969e+00
-3.830878101576754791e+00
-3.913423533219646089e+00
-3.996337705305367471e+00
-4.079581297170584264e+00
-4.163115861944480578e+00
-4.246901642067460791e+00
-4.330899753772450289e+00
-4.415071313292373567e+00
-4.499376999963894619e+00
-4.583777930019937941e+00
-4.668234782797169302e+00
-4.752708674528512311e+00
-4.837160284550631850e+00
-4.921550729096453303e+00
-5.005840250606381048e+00
-5.089991276002117537e+00
-5.173963173931550585e+00
-5.257717497523863415e+00
-5.341215363011979633e+00
-5.424417012836306284e+00
-5.507284000126025703e+00
-5.589777004217803658e+00
-5.671856704448304143e+00
-5.753484653946712157e+00
-5.834620658257174242e+00
-5.915226270508871842e+00
-5.995263043830990846e+00
-6.074690783767676017e+00
-6.153471043448112354e+00
-6.231564502208963852e+00
-6.308932713179414620e+00
-6.385535045007350696e+00
-6.461333924614476310e+00
-6.536289594441194950e+00
-6.610362296927913661e+00
-6.683514458996334895e+00
-6.755706323086863030e+00
-6.826898131639904221e+00
-6.897051874680902195e+00
-6.966127794650262217e+00
-7.034090939847241764e+00
-7.100927329591543824e+00
-7.166626041476686915e+00
-7.231177026888707893e+00
-7.294568052732346430e+00
-7.356789507289898111e+00
-7.417831778843659407e+00
-7.477683071194629605e+00
-7.536333772625105176e+00
-7.593772523832344135e+00
-7.649989713098642952e+00
-7.704974854913777982e+00
-7.758715716182490674e+00
-7.811203558979594952e+00
-7.862426150209830489e+00
-7.912375625740531326e+00
-7.961038878683918796e+00
-8.008407171114805934e+00
-8.054469143730454306e+00
-8.099214311020638490e+00
-8.142631313682619165e+00
-8.184711413791211143e+00
-8.225442378251152320e+00
-8.264814595344740056e+00
-8.302817579561750705e+00
-8.339441719184481627e+00
-8.374673907325153266e+00
-8.408505406058582210e+00
-8.440925729874543038e+00
-8.471923519470294650e+00
-8.501488289335616955e+00
-8.529611301545322988e+00
-8.556280323004152422e+00
-8.581484868201881611e+00
-8.605214451628290462e+00
-8.627459461565674559e+00
-8.648207664918771798e+00
-8.667451197554917997e+00
-8.685176952586331822e+00
-8.701376192087831640e+00
-8.716036682964153570e+00
-8.729148813497594972e+00
-8.740702098177935753e+00
-8.750686925287467943e+00
-8.759091061730932992e+00
-8.765904895790628260e+00
-8.771117068163810870e+00
-8.774718840925297414e+00
-8.776697980979824010e+00
-8.777044002817172341e+00
-8.775752537474748038e+00
-8.772837565632846335e+00
-8.768319184519397069e+00
-8.762216617569805521e+00
-8.754549962012001529e+00
-8.745339315073907827e+00
-8.734603026398419345e+00
-8.722362067005976272e+00
-8.708635660331989214e+00
-8.693444777396903689e+00
-8.676806894051090069e+00
-8.658743855107513099e+00
-8.639274010209062382e+00
-8.618418330376181657e+00
-8.596195165251762305e+00
-8.572624612063730609e+00
-8.547726768040012857e+00
-8.521521730408537110e+00
-8.494028722604710424e+00
-8.465266968063939856e+00
-8.435256564014155245e+00
-8.404017607683281099e+00
-8.371570196299245481e+00
-8.337933553297455447e+00
-8.303126902113319829e+00
-8.267170339974764914e+00
-8.230083964109718764e+00
-8.191886997953586658e+00
-8.152599538734300211e+00
-8.112240809887262927e+00
-8.070830908640404644e+00
-8.028390806014169101e+00
-7.984937977858927560e+00
-7.940493395195125537e+00
-7.895076281458171863e+00
-7.848706733875992825e+00
-7.801403975883996367e+00
-7.753188978502628004e+00
-7.704080965167295680e+00
-7.654099159313409118e+00
-7.603262784376374483e+00
-7.551592811376638181e+00
-7.499107589957089814e+00
-7.445828964930693239e+00
-7.391775285940337170e+00
-7.336965776421431329e+00
-7.281421407394421230e+00
-7.225160528502194701e+00
-7.168204110765198145e+00
-7.110570940722580779e+00
-7.052283300083565187e+00
-6.993362596764855610e+00
-6.933835918334528614e+00
-6.873726857190584738e+00
-6.813061190212320817e+00
-6.751862509797737388e+00
-6.690156592826133064e+00
-6.627968342384286338e+00
-6.565322661558975703e+00
-6.502243142748202587e+00
-6.438755999727523438e+00
-6.374885698687457136e+00
-6.310657579611042678e+00
-6.246095234896280601e+00
-6.181224441422468630e+00
-6.116070102276386145e+00
-6.050656246752291523e+00
-5.985009088625742990e+00
-5.919151783398482358e+00
-5.853110544846065189e+00
-5.786909839159012137e+00
-5.720574132527842082e+00
-5.654128764935593132e+00
-5.587598639469044670e+00
-5.521007785422456848e+00
-5.454381979675126502e+00
-5.387745688417573398e+00
-5.321123814736576030e+00
-5.254541261718913780e+00
-5.188022495555106417e+00
-5.121592856228192048e+00
-5.055277246824948278e+00
-4.989099696639637038e+00
-4.923085545655295547e+00
-4.857260570751221529e+00
-4.791647927429155907e+00
-4.726273829464656018e+00
-4.661162306151982015e+00
-4.596338697474172008e+00
-4.531827906518004490e+00
-4.467654399474000115e+00
-4.403842642532677765e+00
-4.340418849469592999e+00
-4.277406612682749021e+00
-4.214831272155181274e+00
-4.152717294077412191e+00
-4.091090455328736830e+00
-4.029974348307157506e+00
-3.969394749891971497e+00
-3.909376126273697682e+00
-3.849941632954077875e+00
-3.791105687509668698e+00
-3.732881396828248377e+00
-3.675281430901335966e+00
-3.618319115064839497e+00
-3.562006900862148218e+00
-3.506357676732910544e+00
-3.451384112668645976e+00
-3.397099534005262100e+00
-3.343516392286149053e+00
-3.290647575950954806e+00
-3.238506191887457586e+00
-3.187104910087177334e+00
-3.136456400541632217e+00
-3.086573770138600903e+00
-3.037469907317732254e+00
-2.989157482070545324e+00
-2.941649601284817894e+00
-2.894958716503940099e+00
-2.849097934615689720e+00
-2.804079925611585811e+00
-2.759918014827536847e+00
-2.716624435358802270e+00
-2.674212294093160303e+00
-2.632694479470260251e+00
-2.592083879929749646e+00
-2.552393383911278235e+00
-2.513635442958235267e+00
-2.475823382406528328e+00
-2.438969872247676474e+00
-2.403087800921329009e+00
-2.368190056867133908e+00
-2.334289310076610224e+00
-2.301398448989407264e+00
-2.269530580493303251e+00
-2.238698156131686989e+00
-2.208914064344207784e+00
-2.180191630466773667e+00
-2.152543306042773441e+00
-2.125982197959985776e+00
-2.100520757761799917e+00
-2.076172092335994535e+00
-2.052949090122218045e+00
-2.030864421111989504e+00
-2.009930973744958216e+00
-1.990161854908901518e+00
-1.971569516147209322e+00
-1.954167282795789662e+00
-1.937967606398032006e+00
-1.922983593841714356e+00
-1.909221580122596462e+00
-1.896663434045918306e+00
-1.885284470973030757e+00
-1.875060224713414048e+00
-1.865966010628419047e+00
-1.857977580975656018e+00
-1.851070032668346022e+00
-1.845218899515969291e+00
-1.840399496879877139e+00
-1.836587358569549577e+00
-1.833758018394467060e+00
-1.831886900940045582e+00
-1.830949212343570887e+00
-1.830920595638588111e+00
-1.831776584634577931e+00
-1.833492167020696728e+00
-1.836043204278619223e+00
-1.839404902545631382e+00
-1.843552795631213881e+00
-1.848462417344846953e+00
-1.854108864599751882e+00
-1.860467889653538931e+00
-1.867514589419428939e+00
-1.875224934603161753e+00
-1.883573803669828850e+00
-1.892537167325170078e+00
-1.902089904034276913e+00
-1.912207766054759617e+00
-1.922866068747968615e+00
-1.934040345923384807e+00
-1.945705912942358617e+00
-1.957838303614370501e+00
-1.970412833300771771e+00
-1.983405254259171802e+00
-1.996790663402792321e+00
-2.010544594541113561e+00
-2.024642363035486170e+00
-2.039059502695391046e+00
-2.053771547330308422e+00
-2.068753812301588724e+00
-2.083981612970583264e+00
-2.099430920043031445e+00
-2.115076393535895605e+00
-2.130893785706785337e+00
-2.146858848813311127e+00
-2.162946679768693592e+00
-2.179132812382413853e+00
-2.195392562015822335e+00
-2.211701680926529079e+00
-2.228035047579625783e+00
