# tt
1.020687079053011985e+03
9.641388063062627225e+02
9.074352361627755954e+02
8.625956153965050817e+02
8.294650380697615901e+02
8.061730569269853959e+02
7.904182842231454060e+02
7.805268969903771676e+02
7.752288343077902937e+02
7.733590581248846547e+02
7.748801561411859211e+02
7.785384527931115599e+02
7.830786507581648266e+02
7.888630733469198049e+02
7.964549742071773153e+02
8.056049939251623755e+02
8.158566912505419850e+02
8.267393646390806907e+02
8.378811839176024705e+02
8.493190580820911464e+02
8.611624838206319055e+02
8.734003325117083705e+02
8.859860205285714301e+02
8.988497563151788654e+02
9.119356171503433188e+02
9.252662517361455912e+02
9.388618481749344937e+02
9.526545162831883999e+02
9.665844187492364199e+02
9.807118402665188341e+02
9.951055657820963916e+02
1.009748706634170389e+03
1.024588471773939773e+03
1.039513127604471947e+03
1.054453889178706049e+03
1.069569353333930167e+03
1.085019347207298097e+03
1.100741013660194994e+03
1.116614789914722223e+03
1.132546166572072480e+03
1.148537716077420555e+03
1.164616616873263638e+03
1.180810159247541151e+03
1.197145521642750282e+03
1.213644290229269473e+03
1.230307247925195270e+03
1.247129249840178318e+03
1.264105598465639105e+03
1.281231037065785813e+03
1.298503328731771262e+03
1.315928177581155978e+03
1.333514419403888269e+03
1.351270330762703452e+03
1.369204300065779762e+03
1.387322814348774955e+03
1.405623860393726318e+03
1.424103411764708198e+03
1.442757665716680094e+03
1.461582483968273891e+03
1.480575294074315252e+03
1.499739898779844680e+03
1.519081554820653992e+03
1.538605295241649856e+03
1.558316041242296706e+03
1.578218266640289812e+03
1.598310964826647933e+03
1.618592681810619752e+03
1.639061628065127479e+03
1.659716014063093098e+03
1.680557629331594626e+03
1.701601908541679677e+03
1.722867194345898270e+03
1.744372388624011137e+03
1.766136057719452992e+03
1.788170280940000112e+03
1.810460853914470817e+03
1.832987197081468366e+03
1.855728507188710864e+03
1.878664092829358879e+03
1.901778743023249262e+03
1.925078385578828374e+03
1.948574876112987340e+03
1.972280070242618422e+03
1.996205152511958659e+03
2.020358846865513897e+03
2.044736008412934325e+03
2.069328807973254243e+03
2.094128968983737195e+03
2.119127991190763169e+03
2.144319611249559330e+03
2.169700250105969189e+03
2.195268789305569044e+03
2.221022768248627017e+03
2.246961068480718950e+03
2.273081676783882358e+03
2.299382803631039224e+03
2.325862659495111529e+03
2.352519454849021258e+03
2.379351847547459784e+03
2.406357376990694775e+03
2.433534924724302982e+03
2.460882477530321012e+03
2.488398469572556223e+03
2.516080663942160754e+03
2.543927718493825978e+03
2.571937843700474332e+03
2.600109026344142421e+03
2.628439924279522529e+03
2.656928524288651261e+03
2.685571918390027349e+03
2.714363172166223194e+03
2.743294009054503476e+03
2.772356376183016437e+03
2.801542220679911679e+03
2.830843042291568509e+03
2.860251011837020542e+03
2.889757629062647538e+03
2.919355288478367584e+03
2.949035266139675969e+03
2.978789732865606311e+03
3.008610412093422383e+03
3.038489027260388866e+03
3.068417525494654456e+03
3.098387853924368756e+03
3.128391735986795084e+03
3.158421118810083499e+03
3.188467502140612396e+03
3.218523280488301225e+03
3.248579953599528835e+03
3.278629244911559908e+03
3.308663325243427607e+03
3.338673694341512146e+03
3.368652970406616078e+03
3.398591534730695457e+03
3.428482676587208061e+03
3.458317224649878881e+03
3.488088244501280315e+03
3.517786117433368872e+03
3.547403461646947108e+03
3.576932000579279702e+03
3.606363905049399818e+03
3.635690227421918280e+03
3.664903585897637640e+03
3.693995703913822581e+03
3.722958081216852406e+03
3.751782888625760734e+03
3.780461402196042400e+03
3.808986463819385790e+03
3.837349125860399909e+03
3.865541335447234815e+03
3.893555487089808594e+03
3.921383080534501005e+03
3.949016957672999069e+03
3.976448618251683456e+03
4.003670009398702405e+03
4.030673525623974911e+03
4.057451114055649668e+03
4.083994274440106437e+03
4.110296296050802084e+03
4.136348678634116368e+03
4.162142921936429957e+03
4.187671420467659118e+03
4.212926568737724665e+03
4.237900313874773929e+03
4.262584155625187122e+03
4.286970488498882332e+03
4.311052154387547489e+03
4.334819758274024025e+03
4.358266142049998962e+03
4.381384147607160230e+03
4.404164379928349263e+03
4.426599233523484145e+03
4.448681550284252808e+03
4.470402382575264710e+03
4.491755019669978537e+03
4.512731408696541621e+03
4.533324391546643710e+03
4.553527257493740763e+03
4.573331953665982837e+03
4.592732664100366492e+03
4.611721335925039966e+03
4.630290363649921346e+03
4.648433931312009008e+03
4.666143986039450283e+03
4.683412922342164165e+03
4.700234924257147213e+03
4.716601938912548576e+03
4.732506360818286339e+03
4.747942374011357970e+03
4.762901925619910799e+03
4.777377857535633666e+03
4.791363011650215412e+03
4.804850677237111995e+03
4.817833248806243319e+03
4.830304015631066250e+03
4.842255372221498874e+03
4.853680160469229122e+03
4.864571222265945835e+03
4.874921846885106788e+03
4.884725770981937785e+03
4.893982547174669890e+03
4.902693964990380664e+03
4.910860471810839954e+03
4.918482962399587450e+03
4.925562778901930869e+03
4.932100816081408993e+03
4.938097968701561513e+03
4.943555131525927209e+03
4.948473646699813798e+03
4.952854856368530818e+03
4.956698760532078268e+03
4.960007596099302646e+03
4.962781363070204861e+03
4.965021403590093541e+03
4.966729059804276403e+03
4.967904779094523292e+03
4.968549903606142834e+03
4.968665775484443657e+03
4.968252842111194695e+03
4.967312445631704577e+03
4.965845480809512992e+03
4.963852842408158722e+03
4.961335872572949484e+03
4.958295018685655123e+03
4.954732070273354111e+03
4.950647474717816294e+03
4.946042574164348480e+03
4.940918263376491268e+03
4.935274989736014504e+03
4.929114990151763777e+03
4.922438264623739997e+03
4.915246602679021635e+03
4.907540004317608691e+03
4.899320259066578728e+03
4.890588261689470528e+03
4.881344906949823780e+03
4.871591536992946203e+03
4.861328599200607641e+03
4.850557435718116722e+03
4.839279388690782071e+03
4.827494458118603688e+03
4.815204880910428983e+03
4.802411104448026890e+03
4.789114023494937101e+03
4.775314532814698396e+03
4.761014421934388338e+03
4.746213690854007837e+03
4.730914129100634455e+03
4.715116631437807882e+03
4.698822987392603864e+03
4.682042144600414758e+03
4.664782603314860353e+03
4.647054205934869969e+03
4.628865900095832330e+03
4.610227528196677667e+03
4.591148037872795612e+03
4.571636824141345642e+03
4.551703282019488142e+03
4.531356806524380772e+03
4.510606345291414982e+03
4.489462188101289030e+03
4.467932835207622702e+03
4.446027681627576385e+03
4.423756569760079401e+03
4.401128447240520472e+03
4.378152709086059076e+03
4.354839197695626353e+03
4.331196413322840272e+03
4.307234198366631063e+03
4.282961947844159113e+03
4.258388609390812235e+03
4.233523578023751725e+03
4.208376696141905995e+03
4.182957358762434524e+03
4.157274066138957096e+03
4.131336660670403944e+03
4.105154984755704390e+03
4.078737538648476857e+03
4.052093717365883094e+03
4.025233810688619997e+03
3.998165871488539779e+03
3.970900636928109634e+03
3.943445712497411023e+03
3.915812282740682349e+03
3.888008400529773553e+03
3.860043908263614412e+03
3.831928200959364403e+03
3.803670226252412704e+03
3.775280273923458935e+03
3.746766396844353039e+03
3.718138884795794183e+03
3.689406685413172454e+03
3.660579193713647328e+03
3.631665357332608437e+03
3.602675466050754039e+03
3.573618467503475131e+03
3.544503533017045811e+03
3.515339610226856166e+03
3.486136765222719987e+03
3.456904169330911827e+03
3.427649204350628679e+03
3.398381041608145551e+03
3.369106839211774059e+03
3.339835097415134896e+03
3.310573869090078915e+03
3.281331430799341888e+03
3.252114940651235884e+03
3.222933793662920380e+03
3.193794700560938054e+03
3.164706608980678539e+03
3.135677348103108670e+03
3.106714970800078845e+03
3.077827306252555900e+03
3.049023078405044544e+03
3.020309445365856845e+03
2.991694907388613501e+03
2.963187741036050284e+03
2.934795775489133575e+03
2.906527063619714227e+03
2.878389658299643088e+03
2.850391612400771464e+03
2.822541202485834674e+03
2.794846034044915086e+03
2.767314607331632033e+03
2.739954751526952350e+03
2.712774519502727344e+03
2.685782187821692787e+03
2.658985809355699075e+03
2.632392989594827668e+03
2.606012228792699716e+03
2.579851356130281602e+03
2.553918648170308188e+03
2.528221934093746313e+03
2.502769490463331749e+03
2.477569146460030424e+03
2.452629178646578566e+03
2.427957416203941648e+03
2.403562359385741274e+03
2.379451613682058451e+03
2.355633231964743572e+03
2.332115490796533322e+03
2.308906443049278096e+03
2.286014141594829653e+03
2.263446639305037934e+03
2.241211765360869776e+03
2.219317796325060954e+03
2.197773008760347238e+03
2.176585008156810090e+03
2.155762071077185283e+03
2.135310908248015039e+03
2.115233085505492909e+03
2.095528826540503815e+03
2.076198578734816692e+03
2.057241894706662606e+03
2.038659669219580337e+03
2.020451678582685190e+03
2.002618593868631251e+03
1.985159967695649129e+03
1.968076694827277606e+03
1.951368551572632441e+03
1.935036209004367265e+03
1.919079219740713143e+03
1.903498254854323932e+03
1.888293538036084556e+03
1.873465181131437475e+03
1.859013519676709620e+03
1.844938329981016295e+03
1.831240506807896509e+03
1.817919602775580870e+03
1.804976512647608388e+03
1.792410789042209217e+03
1.780222991186595664e+03
1.768413342771652196e+03
1.756982067488263510e+03
1.745929500872757217e+03
1.735255419234247938e+03
1.724960493645390443e+03
1.715044612260742042e+03
1.705508222462072126e+03
1.696351436094823612e+03
1.687574588695322973e+03
1.679177680263570664e+03
1.671161046335893616e+03
1.663525022448619211e+03
1.656269608601746995e+03
1.649395140331604352e+03
1.642901841329076206e+03
1.636789935285047022e+03
1.631059534044959264e+03
1.625711084990582322e+03
1.620744588121916422e+03
1.616160267129846261e+03
1.611958345705256306e+03
1.608139159384474169e+03
1.604702931858384318e+03
1.601649774972428986e+03
1.598979912417493324e+03
1.596693456039019338e+03
1.594791076909661342e+03
1.593271321038668702e+03
1.592129490917461226e+03
1.591358987664939377e+03
1.590953883472656798e+03
1.590907691304955733e+03
1.591214259662506038e+03
1.591867548891418892e+03
1.592860960110594306e+03
1.594188565511586830e+03
1.595843989904180489e+03
1.597820969943602449e+03
1.600113465975964800e+03
1.602714879120167097e+03
1.605619281567763437e+03
1.608820409973980759e+03
1.612311777303161762e+03
1.616087567592302321e+03
1.620141181960302902e+03
1.624466468907832223e+03
1.629057165090117905e+03
1.633907230853271358e+03
1.639010179161634824e+03
1.644359970361320165e+03
1.649950117416669627e+03
1.655774804364679540e+03
1.661827432324249912e+03
1.668101849796050146e+03
1.674591793435307181e+03
1.681291223588132880e+03
1.688193653218869258e+03
1.695292818982743256e+03
1.702582904916751659e+03
1.710057088448909553e+03
1.717709553616213270e+03
1.725533813383005054e+03
1.733524051786281461e+03
1.741673558099500269e+03
1.749976068977887962e+03
1.758425880303883559e+03
1.767016057660060142e+03
1.775741008774298507e+03
1.784594022920056432e+03
1.793569172288888012e+03
1.802660193536020188e+03
1.811860599625795203e+03
1.821164350904324692e+03
1.830565295872278284e+03
1.840056835648555534e+03
1.849633154270153227e+03
1.859287876546855841e+03
1.869014739133890316e+03
1.878807926068253209e+03
1.888662180614152931e+03
1.898571686808586037e+03
1.908531076070318250e+03
1.918534308745461658e+03
1.928575792561897288e+03
1.938650158938391314e+03
1.948751815602824763e+03
1.958875170283078887e+03
1.969014183325265776e+03
1.979163933529920314e+03
1.989318157552270122e+03
1.999471486811080922e+03
2.009618552725118661e+03
2.019753091949610280e+03
2.029870406975976266e+03
2.039964010768558637e+03
2.050028758437008491e+03
2.060058834018321704e+03
2.070048868931265133e+03
2.079993047212834426e+03
2.089885776590911064e+03
2.099721464793376526e+03
2.109494519548111839e+03
2.119199348582998482e+03
2.128830135935033013e+03
2.138381736713865394e+03
2.147848111265608622e+03
2.157223667318142816e+03
2.166502812599349909e+03
2.175679954837110927e+03
2.184749501759306895e+03
2.193706308475589140e+03
2.202543887950298995e+03
2.211257095293088241e+03
2.219840114540952527e+03
2.228287800803543178e+03
2.236594114426971828e+03
2.244753463139119503e+03
2.252760478358752152e+03
2.260609120431981864e+03
2.268294244468459055e+03
2.275809810814295815e+03
2.283150450888257637e+03
2.290310796109110925e+03
2.297284583132082389e+03
2.304066890757708279e+03
2.310651679332099320e+03
2.317033132892252524e+03
2.323207001311357544e+03
2.329172613516760066e+03
2.334929298435805777e+03
2.340477950832033912e+03
2.345818347014560004e+03
2.350950486983383598e+03
2.355874594429389163e+03
2.360590669352577152e+03
2.365099159134716956e+03
2.369399840084924108e+03
2.373492712203198153e+03
2.377377999180424013e+03
2.381055924707486611e+03
2.384526712475270415e+03
2.387789915102006034e+03
2.390846427351232705e+03
2.393695354459410737e+03
2.396337591190079820e+03
2.398773137543239955e+03
2.401001769828006218e+03
2.403023935426147546e+03
2.404839410646779925e+03
2.406448642871672746e+03
2.407851408409941087e+03
2.409047930952469869e+03
2.410038434190144017e+03
2.410822918122962619e+03
2.411401382750926587e+03
2.411774051764920387e+03
2.411940925164944019e+03
2.411902226641882407e+03
2.411657956195735096e+03
2.411208337517387463e+03
2.410553594297723521e+03
2.409693279154974334e+03
2.408628286852678684e+03
2.407357946318182258e+03
2.405882704933254900e+03
2.404202786388781078e+03
2.402318190684760793e+03
2.400228917821194045e+03
2.397935191488965756e+03
2.395437011688075927e+03
2.392734602109408570e+03
2.389827962752965050e+03
2.386717093618744002e+03
2.383402218397631259e+03
2.379883784471395757e+03
2.376161120767383181e+03
2.372235122049132769e+03
2.368106235698413911e+03
2.363777817078497719e+03
2.359254787388849309e+03
2.354541620447162586e+03
2.349642118998479418e+03
2.344560980551379089e+03
2.339302678923556869e+03
2.333871687932707118e+03
2.328272034014755718e+03
2.322508414678282406e+03
2.316585080050097531e+03
2.310506727638780831e+03
2.304277160189373262e+03
2.297901298901339032e+03
2.291383170210603112e+03
2.284727471625746603e+03
2.277938453273578489e+03
2.271020365280909573e+03
2.263977905156319594e+03
2.256815546717503366e+03
2.249537092709501849e+03
2.242147464331779702e+03
2.234650911711146819e+03
2.227051684974414002e+03
2.219354257939275158e+03
2.211563328114311389e+03
2.203682698244562289e+03
2.195717289529492973e+03
2.187671128405029322e+03
2.179548912379750163e+03
2.171354891580466301e+03
2.163093539824872551e+03
2.154768883548894337e+03
2.146385620261111853e+03
2.137948447470104384e+03
2.129461167920913340e+03
2.120928479122117551e+03
2.112354631200527820e+03
2.103744321664723884e+03
2.095101800641515638e+03
2.086431318257713883e+03
2.077737124640128513e+03
2.069023917297339722e+03
2.060296170047041869e+03
2.051557909325160836e+03
2.042814056331160828e+03
2.034068413810083030e+03
2.025325679270506953e+03
2.016590326530127641e+03
2.007866382024870518e+03
1.999158543263315323e+03
1.990470165608733623e+03
1.981805051806165693e+03
1.973166557218883327e+03
1.964558037210157408e+03
1.955983294525028668e+03
1.947445684526768446e+03
1.938949233651302166e+03
1.930496626189247081e+03
1.922092112267413313e+03
1.913738823558187278e+03
1.905440786497494628e+03
1.897200909066836857e+03
1.889022770320370228e+03
1.880910396694020164e+03
1.872867031705615545e+03
1.864896142563869944e+03
1.857001420168381856e+03
1.849186219882422392e+03
1.841454232605589823e+03
1.833808701855713480e+03
1.826253542223276099e+03
1.818792332762433716e+03
1.811427981454688279e+03
1.804164850272292369e+03
1.797005735351305020e+03
1.789954663127652339e+03
1.783014988964604981e+03
1.776190068225434516e+03
1.769483703655181671e+03
1.762899362462560248e+03
1.756440623701725826e+03
1.750110842735949973e+03
1.743913710464830956e+03
1.737852582251639888e+03
1.731931148995975491e+03
1.726152989751993573e+03
1.720521459882965473e+03
1.715040138443046999e+03
1.709712604486394184e+03
1.704542325221720830e+03
1.699533103394067666e+03
1.694688070675821109e+03
1.690011029812021889e+03
1.685505224320499110e+03
1.681174680637177971e+03
1.677022418589002655e+03
1.673052352766456579e+03
1.669267726687368167e+03
1.665672231251336143e+03
1.662268662594419766e+03
1.659056685180291879e+03
1.656035627936298397e+03
1.653204596098900083e+03
1.650562471213673234e+03
1.648108358517079068e+03
1.645841586936463045e+03
1.643761149862843922e+03
1.641866040687240456e+03
1.640155588336998107e+03
1.638628898048578094e+03
1.637284627676672017e+03
1.636122441684952491e+03
1.635141109773553353e+03
1.634339625333493359e+03
1.633717540983003119e+03
1.633273402731331771e+03
1.633006763196709471e+03
1.632916615770155204e+03
1.633002065688129733e+03
1.633261882650767120e+03
1.633695619276297748e+03
1.634302268955740146e+03
1.635080601389228377e+03
1.636030281040435284e+03
1.637149742073167545e+03
1.638438760796540464e+03
1.639895995065245643e+03
1.641520661961186079e+03
1.643311754875380757e+03
1.645268602735175364e+03
1.647390310777030891e+03
1.649675536855638711e+03
1.652123945434671896e+03
1.654734306214264052e+03
1.657505948121761321e+03
1.660437752702739544e+03
1.663529048884544636e+03
1.666778494521868197e+03
1.670185754078382843e+03
1.673749485408780401e+03
1.677469017440406560e+03
1.681343455409721855e+03
1.685371680862303265e+03
1.689553134570938482e+03
1.693886698081203576e+03
1.698371476629559993e+03
1.703006575452468496e+03
1.707791099786390077e+03
1.712724378558670651e+03
1.717804622242231972e+03
1.723028587319245389e+03
1.728392359199227712e+03
1.733891799600810828e+03
1.739523217624396693e+03
1.745282474988617196e+03
1.751165768948431833e+03
1.757168849377030028e+03
1.763288137220255976e+03
1.769519494196741789e+03
1.775858782025119581e+03
1.782302533496675551e+03
1.788846274793715111e+03
1.795486426862081771e+03
1.802218963265850334e+03
1.809039745723652914e+03
1.815944747799563856e+03
1.822930502284869817e+03
1.829992647207317759e+03
1.837127491667309414e+03
1.844330785538034888e+03
1.851598949765337693e+03
1.858927510531523239e+03
1.866312888782435266e+03
1.873751281773033043e+03
1.881238327531063987e+03
1.888770447002372066e+03
1.896343278214704696e+03
1.903953242113905844e+03
1.911596312264050084e+03
1.919268238538327068e+03
1.926965441882580762e+03
1.934683672170001046e+03
1.942419350346431884e+03
1.950168226285062929e+03
1.957926273549968755e+03
1.965689913086993329e+03
1.973454894769326302e+03
1.981217415851927171e+03
1.988973449898870058e+03
1.996718746783345068e+03
2.004449951142080863e+03
2.012162589157382399e+03
2.019853081775093642e+03
2.027517402559289167e+03
2.035151301383158625e+03
2.042751199192545982e+03
2.050313069551526041e+03
2.057832662333288226e+03
2.065306398483676276e+03
2.072730251566765219e+03
2.080101313601053334e+03
2.087416452914153979e+03
2.094672761524564976e+03
2.101867331450785059e+03
2.108997254711312053e+03
2.116059847015529613e+03
2.123051753000166173e+03
2.129970288374604479e+03
2.136812321466458343e+03
2.143574944294226043e+03
2.150255472567289871e+03
2.156850774613264548e+03
2.163357942450646988e+03
2.169773844407051911e+03
2.176096019882746077e+03
2.182321113514458830e+03
2.188446217320688447e+03
2.194468647010817676e+03
2.200385047221575405e+03
2.206192957353228849e+03
2.211889245733392272e+03
2.217470780689678577e+03
2.222934877931471419e+03
2.228278629477268623e+03
2.233498903654683545e+03
2.238593016173099386e+03
2.243557611669245034e+03
2.248390229543387704e+03
2.253087738123141662e+03
2.257647229427004731e+03
2.262065571782590268e+03
2.266339857208396552e+03
2.270467177722922315e+03
2.274445072726434773e+03
2.278269963164778346e+03
2.281939164747335326e+03
2.285449769492604901e+03
2.288798869419084440e+03
2.291983556545272677e+03
2.295000699198783423e+03
2.297847389398114046e+03
2.300520942852648204e+03
2.303018004199114330e+03
2.305335889146896079e+03
2.307471913405375290e+03
2.309422721611281759e+03
2.311185405783113310e+03
2.312757281630252692e+03
2.314135441171198636e+03
2.315317200115333890e+03
2.316303005844427844e+03
2.317093529431134812e+03
2.317689218257224638e+03
2.318091414468005496e+03
2.318300565445246775e+03
2.318317342261603244e+03
2.318142192298843838e+03
2.317776681393162107e+03
2.317221033235442519e+03
2.316475918898339842e+03
2.315542233145392402e+03
2.314420647049254967e+03
2.313112279064351242e+03
2.311617352881565694e+03
2.309936986955322482e+03
2.308071852358275464e+03
2.306022620163078955e+03
2.303789737751502798e+03
2.301374547268854712e+03
2.298777496096905452e+03
2.295999255308307966e+03
2.293040943357486867e+03
2.289903007626211547e+03
2.286585895496250942e+03
2.283090949112914132e+03
2.279418839548854976e+03
2.275569790494958852e+03
2.271544920405648554e+03
2.267345124044464228e+03
2.262971072484058823e+03
2.258423213106203093e+03
2.253702664365319833e+03
2.248809873643179344e+03
2.243745735703319951e+03
2.238511145309280892e+03
2.233106549842831555e+03
2.227532844067511633e+03
2.221790922746858996e+03
2.215881456953528868e+03
2.209805117760174653e+03
2.203562576239451573e+03
2.197154727154897955e+03
2.190582017888283190e+03
2.183845790584916358e+03
2.176946268935681474e+03
2.169884347704118227e+03
2.162661145344650322e+03
2.155276661857277304e+03
2.147732239387307800e+03
2.140028772698281045e+03
2.132169617153468153e+03
2.124157680734371297e+03
2.115996542495145604e+03
2.107689557799062641e+03
2.099240305700278896e+03
2.090652141562065026e+03
2.081928197056808131e+03
2.073071827547778867e+03
2.064086835780018191e+03
2.054976353425912748e+03
2.045743959539618800e+03
2.036392785793522080e+03
2.026926187550894383e+03
2.017347967556776439e+03
2.007661033792669741e+03
1.997868965312730552e+03
1.987975341171114906e+03
1.977983293040208991e+03
1.967896399974169071e+03
1.957718017336266257e+03
1.947451500489771888e+03
1.937100204797957304e+03
1.926667485624093615e+03
1.916156922022336857e+03
1.905571645665073447e+03
1.894915235606459646e+03
1.884191047209766339e+03
1.873402435838265092e+03
1.862552868700669478e+03
1.851645589314808149e+03
1.840684064889395131e+03
1.829671762633143544e+03
1.818612037909325181e+03
1.807508246081210928e+03
1.796363854357514356e+03
1.785182218101507033e+03
1.773966692676460070e+03
1.762720633445644808e+03
1.751447507617774590e+03
1.740150558710678524e+03
1.728833477623955105e+03
1.717499507875432755e+03
1.706151892982940808e+03
1.694794100155192837e+03
1.683429484755459725e+03
1.672061737683340198e+03
1.660694102456663131e+03
1.649329710747814943e+03
1.637972141610951667e+03
1.626624750409344415e+03
1.615290221433610441e+03
1.603971015283481620e+03
1.592669816249575433e+03
1.581389084931623756e+03
1.570131617465686077e+03
1.558899986296937186e+03
1.547696652025108961e+03
1.536524298940818881e+03
1.525385387643798822e+03
1.514282714270108272e+03
1.503218627574037100e+03
1.492196035537087255e+03
1.481217286913548378e+03
1.470284954148595034e+03
1.459401833378286938e+03
1.448570385202355965e+03
1.437793070220534673e+03
1.427072796414324557e+03
1.416411800692573252e+03
1.405812991036782478e+03
1.395278828046684566e+03
1.384811884167454082e+03
1.374414731844265589e+03
1.364089943522293879e+03
1.353840203492155752e+03
1.343668084199025998e+03
1.333576158088079183e+03
1.323566997604490098e+03
1.313643175193432853e+03
1.303807375145525157e+03
1.294062058060498657e+03
1.284409908228970608e+03
1.274853609941558261e+03
1.265395511952551033e+03
1.256038410398008637e+03
1.246784765877662949e+03
1.237637262682131450e+03
1.228598473256588477e+03
1.219670858200766361e+03
1.210857213650724589e+03
1.202160000206195036e+03
1.193581902157795184e+03
1.185125491950699370e+03
1.176793230184639697e+03
1.168587801150233645e+03
1.160511889138097786e+03
1.152567954747964677e+03
1.144758570425008656e+03
1.137086420459846977e+03
1.129553741761326819e+03
1.122160534329448637e+03
1.114906686318769744e+03
1.107792085883847903e+03
1.100816509333798194e+03
1.093979844823178382e+03
1.087281756815661311e+03
1.080722021620362284e+03
1.074300639237281302e+03
1.068017274130090982e+03
1.061871814453349316e+03
1.055863924670728920e+03
1.049993604782229795e+03
1.044260519251525011e+03
1.038664556233172107e+03
1.033205492036286387e+03
1.027882991124540467e+03
1.022697165343377037e+03
1.017647567311026478e+03
1.012734085182046329e+03
1.007956495265552007e+03
1.003314685716100939e+03
9.988084328428085428e+02
9.944374011093476611e+02
9.902017023611605282e+02
9.861008892164778672e+02
9.821347379844147554e+02
9.783033605104136541e+02
9.746061975672627113e+02
9.710432491549618135e+02
9.676142915826262652e+02
9.643191011593713711e+02
9.611576778851970175e+02
9.581294625328914663e+02
9.552345669478969512e+02
9.524726555938864294e+02
9.498436166254175532e+02
9.473471145061631660e+02
9.449831492361232677e+02
9.427514971244130493e+02
9.406517107892631202e+02
9.386839020761158281e+02
9.368476795259226719e+02
9.351429872159627621e+02
9.335696573780724066e+02
9.321272985532032180e+02
9.308159107413553102e+02
9.296351584062014126e+02
9.285849297022992914e+02
9.276650568614853682e+02
9.268749247338265604e+02
9.262126319468025031e+02
9.256761652824503699e+02
9.252631200637591746e+02
9.249712593818812820e+02
9.247985140961329762e+02
9.247425913749455049e+02
9.248013661549135804e+02
9.249724896817474473e+02
9.252536691238784670e+02
9.256430031087861607e+02
9.261380310367383117e+02
9.267366278443297460e+02
9.274365006999919387e+02
9.282354686175983716e+02
9.291313506110228673e+02
9.301219656941390213e+02
9.312049651126569643e+02
9.323783356486140974e+02
9.336396726249992071e+02
9.349867950556860023e+02
9.364176897227116569e+02
9.379297841809017200e+02
9.395211770577357129e+02
9.411895755216448833e+02
9.429325748956183588e+02
9.447481619616931994e+02
9.466340998110219971e+02
9.485881515347572304e+02
9.506080802240513776e+02
9.526917608154992649e+02
9.548368445548111367e+02
9.570410945331394714e+02
9.593024975325213290e+02
9.616187047986671814e+02
9.639873675772868182e+02
9.664065844958599882e+02
9.688740068000969359e+02
9.713871738902652169e+02
9.739442962392869276e+02
9.765429132474297376e+02
9.791807880058462388e+02
9.818557954511312573e+02
9.845656986744373853e+02
9.873082607669169874e+02
9.900812448197226558e+02
9.928824139240067552e+02
9.957097548618066867e+02
9.985608070333901196e+02
1.001433557220794341e+03
1.004325656669729369e+03
1.007235092162232604e+03
1.010160297862110724e+03
1.013098813169631512e+03
1.016048960403159299e+03
1.019008726344731372e+03
1.021976209621827252e+03
1.024949508861926688e+03
1.027926499001624506e+03
1.030905278668400342e+03
1.033884058335175951e+03
1.036860824783989074e+03
1.039833564796876544e+03
1.042800377001318338e+03
1.045759136333908828e+03
1.048708165113012910e+03
1.051645338275225185e+03
1.054568866293467636e+03
1.057476735949777776e+03
1.060366822180749978e+03
1.063237447304749139e+03
1.066086486258369860e+03
1.068911925823649426e+03
1.071711976473509822e+03
1.074484736835430567e+03
1.077228081846006944e+03
1.079940221978160480e+03
1.082619144013928690e+03
1.085262722889906172e+03
1.087869280924457826e+03
1.090436693054178022e+03
1.092963169751988744e+03
1.095446697799927733e+03
1.097885263980031823e+03
1.100276966919780762e+03
1.102619793401211837e+03
1.104911953897247031e+03
1.107151323344480943e+03
1.109336000370393549e+03
1.111464083602464598e+03
1.113533671668173156e+03
1.115542639504114504e+03
1.117489197583210625e+03
1.119371332687498580e+03
1.121187143444458343e+03
1.122934616636126748e+03
1.124611962735426005e+03
1.126216944833508478e+03
1.127747773403296378e+03
1.129202547072269226e+03
1.130579700004233700e+03
1.131878561126535487e+03
1.133099577820944432e+03
1.134242414551133152e+03
1.135307183162543879e+03
1.136293995500619303e+03
1.137202739719916963e+03
1.138033303974994396e+03
1.138785800111294066e+03
1.139460228128815743e+03
1.140056588027559883e+03
1.140574767962083570e+03
1.141014991623271953e+03
1.141377035320240111e+03
1.141661010898430504e+03
1.141866806512400672e+03
1.141994534007593074e+03
1.142044081538565251e+03
1.142015672796201898e+03
1.141908972244176084e+03
1.141724315418814740e+03
1.141461254938348475e+03
1.141120350029989368e+03
1.140701153311967573e+03
1.140203888475167787e+03
1.139628443674148002e+03
1.138974707063465530e+03
1.138243014179447755e+03
1.137433029485767292e+03
1.136544976673309066e+03
1.135578743896630613e+03
1.134534219310289700e+03
1.133411626605171023e+03
1.132210853935831892e+03
1.130931901302272763e+03
1.129574656859051174e+03
1.128139344297051593e+03
1.126625739925389325e+03
1.125034067434949520e+03
1.123364103134847028e+03
1.121615958870524310e+03
1.119789634641981593e+03
1.117885018603776189e+03
1.115902222601350559e+03
1.113841246634704703e+03
1.111701867012953926e+03
1.109484419272425384e+03
1.107188679722234383e+03
1.104814760207822928e+03
1.102362548883749014e+03
1.099832381286339796e+03
1.097225375870018752e+03
1.094543098470979430e+03
1.091787114925414699e+03
1.088958767378633411e+03
1.086059509821386428e+03
1.083091019935309077e+03
1.080054528020267753e+03
1.076951711757898011e+03
1.073784025138950710e+03
1.070552810308734252e+03
1.067259744948884418e+03
1.063906059359267374e+03
1.060493543066960910e+03
1.057023538217273881e+03
1.053497498800956691e+03
1.049916766963318196e+03
1.046283132231436184e+03
1.042597824905177049e+03
1.038862522666176119e+03
1.035078567659742021e+03
1.031247525722068076e+03
1.027370738998462684e+03
1.023449997016003863e+03
1.019486306383672968e+03
1.015481568473990478e+03
1.011437125432264793e+03
1.007354319403804539e+03
1.003234828070245158e+03
9.990801054223376241e+02
9.948914936053905649e+02
9.906706703010393085e+02
9.864188658091502475e+02
9.821378696568012856e+02
9.778290239893009357e+02
9.734936709519575970e+02
9.691334882264070529e+02
9.647499298034001640e+02
9.603443378282453295e+02
9.559182781371358715e+02
9.514733165662649981e+02
9.470107952609413360e+02
9.425323919028003274e+02
9.380393927144293684e+02
9.335333076093004365e+02
9.290157024236069674e+02
9.244879752253785909e+02
9.199516359280872848e+02
9.154081944452051403e+02
9.108591047674830179e+02
9.063058768083931227e+02
9.017497967905226233e+02
8.971921509364588019e+02
8.926342813915102852e+02
8.880775303009855861e+02
8.835232398101931039e+02
8.789725842962777733e+02
8.744269618272693378e+02
8.698877145484763105e+02
8.653562405279283212e+02
8.608336022973279569e+02
8.563212538474260782e+02
8.518205373235311981e+02
8.473327389482307126e+02
8.428591449441117902e+02
8.384011533792042883e+02
8.339598827079317971e+02
8.295368428437664079e+02
8.251333759320167474e+02
8.207506004271064057e+02
8.163899143970652403e+02
8.120526599872015368e+02
8.077401793428240353e+02
8.034537027637986739e+02
7.991945723954339655e+02
7.949641303830385368e+02
7.907636070264784394e+02
7.865944563165046475e+02
7.824579085529830991e+02
7.783552499585011901e+02
7.742878226783674336e+02
7.702569688578903424e+02
7.662639747196571989e+02
7.623101264862553990e+02
7.583968222257145726e+02
7.545252922379007714e+02
7.506968227454013913e+02
7.469128118162461760e+02
7.431745456730222941e+02
7.394832546155960245e+02
7.358404485574392311e+02
7.322472459529759590e+02
7.287050448702356107e+02
7.252151315318056959e+02
7.217788480829946138e+02
7.183975366691107638e+02
7.150723716672994215e+02
7.118048070683111064e+02
7.085961850174544452e+02
7.054476239691532555e+02
7.023604101459948197e+02
6.993345994707003683e+02
6.963703037887121354e+02
6.934674112545878870e+02
6.906259218683275094e+02
6.878458356299310026e+02
6.851270966166773633e+02
6.824697048285663641e+02
6.798736602655981187e+02
6.773388510823302795e+02
6.748653332014839634e+02
6.724531625457802875e+02
6.701021154243347837e+02
6.678123596053106894e+02
6.655837273205446536e+02
6.634163304154789103e+02
6.613100570446712254e+02
6.592649072081214854e+02
6.572808249831085732e+02
6.553578662923536058e+02
6.534959752131354662e+02
6.516951517454541545e+02
6.499552281211460922e+02
6.482764280310959748e+02
6.466585837071403375e+02
6.451016392265578361e+02
6.436057064347910455e+02
6.421706175636761600e+02
6.407964285359346377e+02
6.394831393515663649e+02
6.382306940878501109e+02
6.370390368220646451e+02
6.359081675542100811e+02
6.348381422070076496e+02
6.338288489350147756e+02
6.328803436609528035e+02
6.319925145393793855e+02
6.311653615702944080e+02
6.303988847536978710e+02
6.296930840895898882e+02
6.290479036552492289e+02
6.284633434506757794e+02
6.279393475531484228e+02
6.274759718853885033e+02
6.270731046019534460e+02
6.267307457028432509e+02
6.264488951880580316e+02
6.262276089803189052e+02
6.260666633887411763e+02
6.259662261814883095e+02
6.259259618222332620e+02
6.259450873928793726e+02
6.260223725935605898e+02
6.261568667380166744e+02
6.263472836036602303e+02
6.265926725042311318e+02
6.268919149853057888e+02
6.272438366697389256e+02
6.276474309485495269e+02
6.281015234445923170e+02
6.286051075488861670e+02
6.291569529615649117e+02
6.297561089963683116e+02
6.304013453534302016e+02
6.310917113464904560e+02
6.318259207529616788e+02
6.326030228865838581e+02
6.334218433702118318e+02
6.342813755948644712e+02
6.351803892606753834e+02
6.361178777586634396e+02
6.370927226344047085e+02
6.381038613561967168e+02
6.391501195468945298e+02
6.402304346747955606e+02
6.413437442081971085e+02
6.424889296926756970e+02
6.436648167510862777e+02
6.448703987744473807e+02
6.461046132310564190e+02
6.473662298210474546e+02
6.486542419354390177e+02
6.499675311198072905e+02
6.513049789197286827e+02
6.526655228035004939e+02
6.540480443166990199e+02
6.554514809276215601e+02
6.568746582591234073e+02
6.583165697022230916e+02
6.597760408797756781e+02
6.612520092600785802e+02
6.627433563887079799e+02
6.642489638112402872e+02
6.657678249186940320e+02
6.672987653339242797e+02
6.688407225252284434e+02
6.703925780381828190e+02
6.719532134183637027e+02
6.735215661340683937e+02
6.750965177308731882e+02
6.766770056770756128e+02
6.782620233636941975e+02
6.798504523363052385e+02
6.814413978313697271e+02
6.830338532399063070e+02
6.846267001074911605e+02
6.862189877478641620e+02
6.878097095520438415e+02
6.893978029883277259e+02
6.909823732931769200e+02
6.925623020121673790e+02
6.941365825363179738e+02
6.957043201020896959e+02
6.972643403323373832e+02
6.988156925408011375e+02
7.003574260412206058e+02
7.018884223791719705e+02
7.034077867911164503e+02
7.049144567453512309e+02
7.064073697101739526e+02
7.078855749993243762e+02
7.093480100810998010e+02
7.107936683465190981e+02
7.122216550320430315e+02
7.136307957605267802e+02
7.150201957684313356e+02
7.163887925240542245e+02
7.177355794184138631e+02
7.190595498425290089e+02
7.203596971874181918e+02
7.216349589213790523e+02
7.228843843581511237e+02
7.241069109660320464e+02
7.253015880587615811e+02
7.264673531046371409e+02
7.276032554173986000e+02
7.287082324653432579e+02
7.297812217167687550e+02
7.308213843308570858e+02
7.318274900077421989e+02
7.327986999066063163e+02
7.337338955730256203e+02
7.346321263207399852e+02
7.354923296180468242e+02
7.363135547786858979e+02
7.370947392709547330e+02
7.378348764858718596e+02
7.385330157371772657e+02
7.391880385704469063e+02
7.397989942994208832e+02
7.403651000060024217e+02
7.408860201538643651e+02
7.413617547430068271e+02
7.417923037734296940e+02
7.421775553996907320e+02
7.425173977763474795e+02
7.428119427488422843e+02
7.430610225490115681e+02
7.432645812541342139e+02
7.434226747869314522e+02
7.435350794565183605e+02
7.436019630310587445e+02
7.436230458969464507e+02
7.435984398996239406e+02
7.435280331936487528e+02
7.434118257790210009e+02
7.432497058102983374e+02
7.430416173647595315e+02
7.427875604424044695e+02
7.424874791205121483e+02
7.421412615536399926e+02
7.417488518190669993e+02
7.413103617622355159e+02
7.408255117695395029e+02
7.402944696091425385e+02
7.397170115901599274e+02
7.390931936353129004e+02
7.384228479764377653e+02
7.377060864589769835e+02
7.369427413147669768e+02
7.361327566210866280e+02
7.352761323779357099e+02
7.343728685853145635e+02
7.334227974750592693e+02
7.324259190471701686e+02
7.313821773789258032e+02
7.302915724703262867e+02
7.291539365532080410e+02
7.279693814730134136e+02
7.267377394615789399e+02
7.254589545961833892e+02
7.241330268768266478e+02
7.227599003807877125e+02
7.213394632626240082e+02
7.198717714450568792e+02
7.183567130826438643e+02
7.167942322526638463e+02
7.151842730323955948e+02
7.135267794991179926e+02
7.118217516528309261e+02
7.100691894935343953e+02
7.082698200166039442e+02
7.064244261401361200e+02
7.045336789367852361e+02
7.025984172473690705e+02
7.006193680672630535e+02
6.985973702372849630e+02
6.965331507528102293e+02
6.944274925319356271e+02
6.922811784927575900e+02
6.900949356306517757e+02
6.878695468637145041e+02
6.856059069554851249e+02
6.833045751331752626e+02
6.809664461603239261e+02
6.785923588777491204e+02
6.761829284353837011e+02
6.737389936740455596e+02
6.712613934345525877e+02
6.687508547122801019e+02
6.662081045026035326e+02
6.636339257236196545e+02
6.610291572161462454e+02
6.583944700528373914e+02
6.557307589972322148e+02
6.530386391992637982e+02
6.503190613451922673e+02
6.475726965076719353e+02
6.448003276047993495e+02
6.420027375546711710e+02
6.391805974299417130e+02
6.363349138395923319e+02
6.334661900881135352e+02
6.305753768617657897e+02
6.276632011559244120e+02
6.247304458886859493e+02
6.217777821327047150e+02
6.188061605742409483e+02
6.158161963632276183e+02
6.128087842632038473e+02
6.097845394241026042e+02
6.067444125321840147e+02
6.036890746601025057e+02
6.006192528032333939e+02
5.975358417251156880e+02
5.944395124984037011e+02
5.913311039639150977e+02
5.882113431170255353e+02
5.850810128758314477e+02
5.819409520811508401e+02
5.787917758829165678e+02
5.756344349673889838e+02
5.724696563299434047e+02
5.692981110432341438e+02
5.661207497935213269e+02
5.629381877307381501e+02
5.597513196184235085e+02
5.565608165292317153e+02
5.533676291494227826e+02
5.501723726289300203e+02
5.469759417312923233e+02
5.437790634518851220e+02
5.405824647860838468e+02
5.373870404974275061e+02
5.341934057358491827e+02
5.310025111876090023e+02
5.278150838480825087e+02
5.246318507126450186e+02
5.214536506221144236e+02
5.182812105718661542e+02
5.151153134799968711e+02
5.119568541100454695e+02
5.088064476119450887e+02
5.056649328265135637e+02
5.025331485945686154e+02
4.994117659887646141e+02
4.963016797726404548e+02
4.932036169415716245e+02
4.901183044909335536e+02
4.870465812615440768e+02
4.839892860942209722e+02
4.809470341388973225e+02
4.779207760818333099e+02
4.749111270729619605e+02
4.719189818758223396e+02
4.689451513698716667e+02
4.659903345891247568e+02
4.630552585289569834e+02
4.601408459142680840e+02
4.572477678177122016e+02
4.543768630801071708e+02
4.515289146195496528e+02
4.487046494314150209e+02
4.459048224724393776e+02
4.431303564675222901e+02
4.403818386052362257e+02
4.376602475332019822e+02
4.349661984013525284e+02
4.323005300505058131e+02
4.296640533601189986e+02
4.270573834801251110e+02
4.244808559468513636e+02
4.219345266830188734e+02
4.194185075340699882e+02
4.169330781136107476e+02
4.144782384216410378e+02
4.120542121490457248e+02
4.096611391026276578e+02
4.072991031664687398e+02
4.049683000700929938e+02
4.026688416589429380e+02
4.004008677398214218e+02
3.981645460808920802e+02
3.959600164889578764e+02
3.937873908094611579e+02
3.916468368105654463e+02
3.895384942990738182e+02
3.874624751204285644e+02
3.854189190814327048e+02
3.834080498729709348e+02
3.814298954564038695e+02
3.794846515612557027e+02
3.775724859556899560e+02
3.756935104851490337e+02
3.738478369950752835e+02
3.720356612149928992e+02
3.702570949903441715e+02
3.685122781279321771e+02
3.668013783959204375e+02
3.651245076397513003e+02
3.634818056662277286e+02
3.618734402435133006e+02
3.602994952556898625e+02
3.587601943936421094e+02
3.572556215414517737e+02
3.557859444672824907e+02
3.543513029779371664e+02
3.529518089188582621e+02
3.515876020968486841e+02
3.502588782414326261e+02
3.489657491980524355e+02
3.477083547735110756e+02
3.464868068132508938e+02
3.453013010467961408e+02
3.441519493195891073e+02
3.430388914384328132e+02
3.419622392487695492e+02
3.409222164414841814e+02
3.399189069006584418e+02
3.389524224717346783e+02
3.380228470387947368e+02
3.371298450655114038e+02
3.362728852860334428e+02
3.354515203185914061e+02
3.346653307427762911e+02
3.339137573313762459e+02
3.331964365867036122e+02
3.325128092815464811e+02
3.318624559954959068e+02
3.312449013854218265e+02
3.306596701081941774e+02
3.301063147820433983e+02
3.295843600638394832e+02
3.290933306104521989e+02
3.286327790401122115e+02
3.282021740869681139e+02
3.278011522533321909e+02
3.274291543119926473e+02
3.270857888039011527e+02
3.267705244632063568e+02
3.264829418694993706e+02
3.262225097569290142e+02
3.259888366664468435e+02
3.257813913322016219e+02
3.255997543337844604e+02
3.254434503280652962e+02
3.253120039719139527e+02
3.252049399222004240e+02
3.251217828357945336e+02
3.250620853309268341e+02
3.250254000258278211e+02
3.250112515773673749e+02
3.250191087196942021e+02
3.250485520323994706e+02
3.250991341337135623e+02
3.251703517191459127e+02
3.252617853682875761e+02
3.253729317766478175e+02
3.255032876397359587e+02
3.256524614985037260e+02
3.258199500484604414e+02
3.260052779464759851e+02
3.262079978107807960e+02
3.264276063368843097e+02
3.266636841043775235e+02
3.269157278087698160e+02
3.271833180296521846e+02
3.274659235011734495e+02
3.277631248029246649e+02
3.280744186304151526e+02
3.283993296405147930e+02
3.287373824900935233e+02
3.290879620292182040e+02
3.294505929147588859e+02
3.298247159195035465e+02
3.302097438548797754e+02
3.306051734163968945e+02
3.310105012995642255e+02
3.314251123544486859e+02
3.318485032765595975e+02
3.322801428000456667e+02
3.327194716976950417e+02
3.331659866650169874e+02
3.336190725520784781e+02
3.340782819771100094e+02
3.345429997901784986e+02
3.350126947254327092e+02
3.354868634783819061e+02
3.359649188604536221e+02
3.364464134898784096e+02
3.369306762940019553e+02
3.374172598910548118e+02
3.379055770924644548e+02
3.383951245937402064e+02
3.388853431676702144e+02
3.393756456256820115e+02
3.398655845860061504e+02
3.403545448987094346e+02
3.408420232593012429e+02
3.413274604405697232e+02
3.418103251766635822e+02
3.422901141630921416e+02
3.427661842885617034e+02
3.432380881713028202e+02
3.437052665841035832e+02
3.441671602997521404e+02
3.446232380523971415e+02
3.450729406148267913e+02
3.455157367211897963e+02
3.459511230669954216e+02
3.463785124636711998e+02
3.467974016067265097e+02
3.472072033075888839e+02
3.476074142617675307e+02
3.479974752420506547e+02
3.483768829439475780e+02
3.487450222175251611e+02
3.491014177196533979e+02
3.494455102231203796e+02
3.497767405007141974e+02
3.500946891320259624e+02
3.503990765034498054e+02
3.506897907695432650e+02
3.509667200848639936e+02
3.512296687198877976e+02
3.514785248291723860e+02
3.517131486059147392e+02
3.519333722819512786e+02
3.521390840118396568e+02
3.523300880660557368e+02
3.525063005605176727e+02
3.526675816884225583e+02
3.528137357202461999e+02
3.529446787719068652e+02
3.530602151138803606e+02
3.531602049393636662e+02
3.532445364029144912e+02
3.533130696977298157e+02
3.533656650170067337e+02
3.534021266312209946e+02
3.534223706562908660e+02
3.534262572854133850e+02
3.534135907890644148e+02
3.533842593218015509e+02
3.533381230768218302e+02
3.532750142859616744e+02
3.531948211037787360e+02
3.530973757621094364e+02
3.529825664155114282e+02
3.528502532571816914e+02
3.527002405575960893e+02
3.525324444326728894e+02
3.523466971142484567e+02
3.521428308341592697e+02
3.519207337469629238e+02
3.516802940072170713e+02
3.514212879240369602e+02
3.511436316133408013e+02
3.508471852683255747e+02
3.505317531594672573e+02
3.501972514026839463e+02
3.498435122298121200e+02
3.494703958340488157e+02
3.490777344472304549e+02
3.486654441852753052e+02
3.482333572800197317e+02
3.477812780019395973e+02
3.473091224669531698e+02
3.468167788296179879e+02
3.463039954376887977e+02
3.457708002525261577e+02
3.452173330809330309e+02
3.446439294592365172e+02
3.440507851169608102e+02
3.434382355904330666e+02
3.428065325318985401e+02
3.421559835163238290e+02
3.414867842732330701e+02
3.407992703389533631e+02
3.400937213270906909e+02
3.393703888898904211e+02
3.386295246795978073e+02
3.378714642325400632e+02
3.370964032782412687e+02
3.363047053143891958e+02
3.354965381091473660e+02
3.346722651602035512e+02
3.338321381198030622e+02
3.329763806788306510e+02
3.321053283736134176e+02
3.312192328563967862e+02
3.303183737407865692e+02
3.294030586017494215e+02
3.284734552074488647e+02
3.275299270555726139e+02
3.265727257983659797e+02
3.256021310494349450e+02
3.246183944610248204e+02
3.236218236081022042e+02
3.226126701429123500e+02
3.215912136790612408e+02
3.205577058687941872e+02
3.195124542870777873e+02
3.184557385475179103e+02
3.173877543796388068e+02
3.163088932424886366e+02
3.152193508655917071e+02
3.141194348239145029e+02
3.130093688083417192e+02
3.118894883552005126e+02
3.107600451167362507e+02
3.096213187065548595e+02
3.084735328155410912e+02
3.073170229800220454e+02
3.061520408522430898e+02
3.049788660458102072e+02
3.037977502129686513e+02
3.026090288900455789e+02
3.014128698452045683e+02
3.002096645374939499e+02
2.989996086964378605e+02
2.977830937810845739e+02
2.965604273664006882e+02
2.953320009114344771e+02
2.940980940297918664e+02
2.928591261418818021e+02
2.916154607453919425e+02
2.903673774539283272e+02
2.891152397651786146e+02
2.878594391381910782e+02
2.866003111092928748e+02
2.853381352920899872e+02
2.840733590683518628e+02
2.828062900130450430e+02
2.815372357011361260e+02
2.802666155530338870e+02
2.789947651050655395e+02
2.777219919321976249e+02
2.764486595321178015e+02
2.751751314025138413e+02
2.739017710410734026e+02
2.726288860227630835e+02
2.713568398452705992e+02
2.700859960062836080e+02
2.688166900421293235e+02
2.675492854504953470e+02
2.662841177677089490e+02
2.650215225300971156e+02
2.637618911967082909e+02
2.625055033811482872e+02
2.612528064651866657e+02
2.600040521010687939e+02
2.587596317478429455e+02
2.575199089031968356e+02
2.562852191034576208e+02
2.550558699235917857e+02
2.538322807840083044e+02
2.526147872210342484e+02
2.514036968096361875e+02
2.501993450861411930e+02
2.490021514709582391e+02
2.478124515004143973e+02
2.466305247881156220e+02
2.454567907544708305e+02
2.442915569744465358e+02
2.431352149070910684e+02
2.419880721273709412e+02
2.408504921329738977e+02
2.397228384215876247e+02
2.386054185681786919e+02
2.374985960704348145e+02
2.364024827737983117e+02
2.353171625623510295e+02
2.342427752428959025e+02
2.331793907188344406e+02
2.321271348162892991e+02
2.310860774386619312e+02
2.300563583927553566e+02
2.290380755433316438e+02
2.280312987937922742e+02
2.270361399895795955e+02
2.260527249568163199e+02
2.250811096182236213e+02
2.241214617419650494e+02
2.231738092894011913e+02
2.222383200286956253e+02
2.213150359018892743e+02
2.204040967157850446e+02
2.195056003351450329e+02
2.186196446247313645e+02
2.177462994879454641e+02
2.168857187122706307e+02
2.160379861817886251e+02
2.152031997612615442e+02
2.143814573154514562e+02
2.135728427284401221e+02
2.127774958070305615e+02
2.119954864546242277e+02
2.112269404973438043e+02
2.104719418192710521e+02
2.097305882851680394e+02
2.090029917404771993e+02
2.082892640306408509e+02
2.075894890397407835e+02
2.069037786132194014e+02
2.062322166351584656e+02
2.055749289316806596e+02
2.049319993868677443e+02
2.043035538268424034e+02
2.036896621550061184e+02
2.030904362168012938e+02
2.025060018383505565e+02
2.019364149423751087e+02
2.013818153356779135e+02
2.008422869023407600e+02
2.003179414878060527e+02
1.998088489954752163e+02
1.993151492321512706e+02
1.988369400625962840e+02
1.983742913902117095e+02
1.979273150604399802e+02
1.974958153437568740e+02
1.970796244719988692e+02
1.966785886576826670e+02
1.962924842099235718e+02
1.959211573412382563e+02
1.955643983414223044e+02
1.952220534229924738e+02
1.948939268564245424e+02
1.945798089315140942e+02
1.942795598414581661e+02
1.939929558953720061e+02
1.937198293250920358e+02
1.934600123624546768e+02
1.932133092779358208e+02
1.929795243420113025e+02
1.927584897865175151e+02
1.925500238626106579e+02
1.923539308407665374e+02
1.921700289721412673e+02
1.919981225272107679e+02
1.918380577184917115e+02
1.916896388164599614e+02
1.915526840722716599e+02
1.914269977564026703e+02
1.913124121006893859e+02
1.912087173949273620e+02
1.911157458709530772e+02
1.910333297606029248e+02
1.909612733343527964e+02
1.908993808626784698e+02
1.908474845774164237e+02
1.908053887490424927e+02
1.907729256093931269e+02
1.907498854482638535e+02
1.907361144781714302e+02
1.907314029889113840e+02
1.907355832123201367e+02
1.907484873802341667e+02
1.907698918017686935e+02
1.907996426894404749e+02
1.908375303330450379e+02
1.908834009450991402e+02
1.909370448153982807e+02
1.909983081564592453e+02
1.910669812580775329e+02
1.911428963520896218e+02
1.912258577089713469e+02
1.913156835798788507e+02
1.914122061966485546e+02
1.915151878877154275e+02
1.916244469042355831e+02
1.917397036326031241e+02
1.918606924398923752e+02
1.919872036158988919e+02
1.921189435663364691e+02
1.922556886003202976e+02
1.923971870656050953e+02
1.925431733292651870e+02
1.926934237004158206e+02
1.928476585654510700e+02
1.930056402528058754e+02
1.931671171102349263e+02
1.933318514661731342e+02
1.934995776876948810e+02
1.936700581032351067e+02
1.938430270798681931e+02
1.940182329653487727e+02
1.941954520687920933e+02
1.943743907959119497e+02
1.945548534171841482e+02
1.947365323576422043e+02
1.949192318877618959e+02
1.951026584132570463e+02
1.952865882432428748e+02
1.954707697254740708e+02
1.956549232463446515e+02
1.958388390956502008e+02
1.960222236791044566e+02
1.962048812671832820e+02
1.963865042849201359e+02
1.965668830221105452e+02
1.967457518458289201e+02
1.969228591038298646e+02
1.970979671245483758e+02
1.972708102750587784e+02
1.974411369031157335e+02
1.976087093371542380e+02
1.977732759249288677e+02
1.979345850141943401e+02
1.980923709720250088e+02
1.982464101075360929e+02
1.983964367878020028e+02
1.985421853798970346e+02
1.986834461736167725e+02
1.988199255746749827e+02
1.989513859115066055e+02
1.990776034932268885e+02
1.991983126869102136e+02
1.993132618403112133e+02
1.994221993011845484e+02
1.995250551661287375e+02
1.996217175897014044e+02
1.997121026878207886e+02
1.997960986150444569e+02
1.998736774100118794e+02
1.999446852852397853e+02
2.000090523373266365e+02
2.000666946821907004e+02
2.001175284357501880e+02
2.001614697139233101e+02
2.001984066712676622e+02
2.002282833850621273e+02
2.002509880098642725e+02
2.002664226809120294e+02
2.002745174948039164e+02
2.002751745867778652e+02
2.002683240534323943e+02
2.002538540493251276e+02
2.002316667096939682e+02
2.002017200924980216e+02
2.001638743909343532e+02
2.001180736822817607e+02
2.000641921404175605e+02
2.000021738426205786e+02
1.999319209241287183e+02
1.998533634815405264e+02
1.997663756887332909e+02
1.996709016229858662e+02
1.995668434195361272e+02
1.994540892329417261e+02
1.993325551791209023e+02
1.992021853353524534e+02
1.990628818368742543e+02
1.989145188575637064e+02
1.987570544553798868e+02
1.985903628042001117e+02
1.984143879813031788e+02
1.982289901798861820e+02
1.980341414385884775e+02
1.978297299119676893e+02
1.976156577352617774e+02
1.973918410243889241e+02
1.971581819145870611e+02
1.969146105024547069e+02
1.966610149425494853e+02
1.963973393121502227e+02
1.961234577851342067e+02
1.958393144387802920e+02
1.955447834469657948e+02
1.952398508290104076e+02
1.949245585269550247e+02
1.945990463476026093e+02
1.942634121557152582e+02
1.939177538160550398e+02
1.935621971547446378e+02
1.931968540172263999e+02
1.928218362489427022e+02
1.924372556953359776e+02
1.920432102211682377e+02
1.916398116718818585e+02
1.912271858735995522e+02
1.908054446717636949e+02
1.903746859311363266e+02
1.899350354778401311e+02
1.894865771959569258e+02
1.890294508922896171e+02
1.885637544316003300e+02
1.880896136400117484e+02
1.876071124016056046e+02
1.871163765425045824e+02
1.866175179081510862e+02
1.861106483439874637e+02
1.855958796954561194e+02
1.850733098273190933e+02
1.845430645656990976e+02
1.840052557560384798e+02
1.834599952437796162e+02
1.829073669130042674e+02
1.823475245511957610e+02
1.817805380617555500e+02
1.812065472514865689e+02
1.806256639658312508e+02
1.800379720888713280e+02
1.794435974467295125e+02
1.788426658655284314e+02
1.782352752100302098e+02
1.776215373256771954e+02
1.770015360965511775e+02
1.763754392908157058e+02
1.757433307925525980e+02
1.751052944858435865e+02
1.744614841581719702e+02
1.738119976742998176e+02
1.731569189183089179e+02
1.724963876970022341e+02
1.718305158558221137e+02
1.711594012595306822e+02
1.704831697342505947e+02
1.698019191447439198e+02
1.691157613364530334e+02
1.684248780582217933e+02
1.677294510588940852e+02
1.670296341259531232e+02
1.663256229889231292e+02
1.656175854159675964e+02
1.649056751945698522e+02
1.641901160156146204e+02
1.634710197245442771e+02
1.627486239929238536e+02
1.620230686275563414e+02
1.612945353772855981e+02
1.605631920102751735e+02
1.598292342560492330e+02
1.590928298827713547e+02
1.583541326779247527e+02
1.576133523517139281e+02
1.568706287109418440e+02
1.561261714658129449e+02
1.553801344038105015e+02
1.546326852930980635e+02
1.538840198631997964e+02
1.531343058822792784e+02
1.523837111185000310e+02
1.516324313013862479e+02
1.508806202184211998e+02
1.501284596184487157e+02
1.493761312503126533e+02
1.486237889014963116e+02
1.478716422822041352e+02
1.471198311992390586e+02
1.463685653628055832e+02
1.456179845797066434e+02
1.448682845794664047e+02
1.441196471109287529e+02
1.433722399422571812e+02
1.426262308416153530e+02
1.418818015578470408e+02
1.411391198591158229e+02
1.403983814749458929e+02
1.396597401928205215e+02
1.389233777615835095e+02
1.381894759300787427e+02
1.374582024664698281e+02
1.367297251389202586e+02
1.360042396769542279e+02
1.352818998680550067e+02
1.345629014417467317e+02
1.338473981855126738e+02
1.331355998095573057e+02
1.324276181593229751e+02
1.317235790609323942e+02
1.310235663984672954e+02
1.303276500753291600e+02
1.296359139755998342e+02
1.289484559640413295e+02
1.282653179826945689e+02
1.275866118770019284e+02
1.269124215310451831e+02
1.262428168482258144e+02
1.255778677319453038e+02
1.249176860276460275e+02
1.242623276580491876e+02
1.236118765072365449e+02
1.229664164592899027e+02
1.223260313982910219e+02
1.216908052083216916e+02
1.210608217734637009e+02
1.204361509971185171e+02
1.198168767633679437e+02
1.192030829562937413e+02
1.185948674406579926e+02
1.179922721585015921e+02
1.173954089552669302e+02
1.168043407440153203e+02
1.162191723798489846e+02
1.156399597854891397e+02
1.150667938353576858e+02
1.144997654038765660e+02
1.139389443944472760e+02
1.133844146911515764e+02
1.128362601780712566e+02
1.122945507586077980e+02
1.117593912878634370e+02
1.112308446788994871e+02
1.107089948157977659e+02
1.101939116019597265e+02
1.096856998924876194e+02
1.091844226004427583e+02
1.086901636099069322e+02
1.082030137953020699e+02
1.077230570407099748e+02
1.072503492688517923e+02
1.067850023251699270e+02
1.063270721323855668e+02
1.058766565552607801e+02
1.054338324875372024e+02
1.049986768229564689e+02
1.045712664552602007e+02
1.041516992492104947e+02
1.037400241371883851e+02
1.033361991771529631e+02
1.029401824270633625e+02
1.025519039835180877e+02
1.021713288948163978e+02
1.017983662865363641e+02
1.014329881973173855e+02
1.010751317140981342e+02
1.007247479044975762e+02
1.003817528844339080e+02
1.000461117022064030e+02
9.971777542543402717e+01
9.939666716037514504e+01
9.908273797464870825e+01
9.877593893587369678e+01
9.847620713098874035e+01
9.818348663727269354e+01
9.789771454166418607e+01
9.761884890212233756e+01
9.734681981524566652e+01
9.708157834865313873e+01
9.682306857962356617e+01
9.657122759509560694e+01
9.632599947234807303e+01
9.608734226934006983e+01
9.585517210198982241e+01
9.562946100893674384e+01
9.541013908677933841e+01
9.519714342245627847e+01
9.499043207392666943e+01
9.478994911846930904e+01
9.459561766234259039e+01
9.440739576350561890e+01
9.422522749923719232e+01
9.404905694681612260e+01
9.387882119318108209e+01
9.371447130595103658e+01
9.355594437206464420e+01
9.340319145914085652e+01
9.325614266377820627e+01
9.311475604393579886e+01
9.297896868655229241e+01
9.284872466890649889e+01
9.272396806827723026e+01
9.260463597160315885e+01
9.249068643684339008e+01
9.238204956059642825e+01
9.227868340082140719e+01
9.218050407343652353e+01
9.208749060742132997e+01
9.199954513801377232e+01
9.191658378113204719e+01
9.183849469133379273e+01
9.176514505215617135e+01
9.169643699883712884e+01
9.163225169559412109e+01
9.157248428732492584e+01
9.151699496722659433e+01
9.146569985121730895e+01
9.141847311317442859e+01
9.137520290765556297e+01
9.133577738921835021e+01
9.130007073174010657e+01
9.126797808011859559e+01
9.123938758891146961e+01
9.121418741267632413e+01
9.119226570597081150e+01
9.117349664267223375e+01
9.115776837733824323e+01
9.114497605486658927e+01
9.113500782981491000e+01
9.112773787606053588e+01
9.112306133850121626e+01
9.112086637169461767e+01
9.112102714951802795e+01
9.112343881686923908e+01
9.112798952830587496e+01
9.113456743838555951e+01
9.114305371132577704e+01
9.115332951134398343e+01
9.116528998333797063e+01
9.117882328186534835e+01
9.119380358080346127e+01
9.121012602505008715e+01
9.122767876916282148e+01
9.124634297735916277e+01
9.126600680419673495e+01
9.128655840423316192e+01
9.130787894168591379e+01
9.132986356145276829e+01
9.135239342775119553e+01
9.137534970479867980e+01
9.139862753749299884e+01
9.142210809005162275e+01
9.144567951703217545e+01
9.146922997299228086e+01
9.149264062214940907e+01
9.151579961906121241e+01
9.153860210862542601e+01
9.156091527437925492e+01
9.158265523224090998e+01
9.160373809812861623e+01
9.162410794932118563e+01
9.164369488241712247e+01
9.166244996503539255e+01
9.168030329377451437e+01
9.169719195557316027e+01
9.171306002771012800e+01
9.172784459712407568e+01
9.174148275075368986e+01
9.175390458519747483e+01
9.176506116807439639e+01
9.177488259598295883e+01
9.178331294620197411e+01
9.179028231532997495e+01
9.179574177098591292e+01
9.179961441942815270e+01
9.180184433793550625e+01
9.180237560378678552e+01
9.180115229426080248e+01
9.179809052527578217e+01
9.179314136445069039e+01
9.178624189872417105e+01
9.177733620537506454e+01
9.176635438100186093e+01
9.175324050288337219e+01
9.173792466761813102e+01
9.172035095248494940e+01
9.170046343476262507e+01
9.167818522070953691e+01
9.165346737794465071e+01
9.162624699340661039e+01
9.159645416369394866e+01
9.156403296608546327e+01
9.152892747785998040e+01
9.149106080527586471e+01
9.145038401595206778e+01
9.140682720648712234e+01
9.136034144449997996e+01
9.131084983624900531e+01
9.125829645901301035e+01
9.120262539007080704e+01
9.114376672602091389e+01
9.108166454414214286e+01
9.101624894103301244e+01
9.094746399397233461e+01
9.087525378023890710e+01
9.079954140609112301e+01
9.072027793914793392e+01
9.063740046634798375e+01
9.055085306497011288e+01
9.046064272535444672e+01
9.036679740886160062e+01
9.026933808651200764e+01
9.016826475830566778e+01
9.006361237594332181e+01
8.995539492010527738e+01
8.984363336181196757e+01
8.972833469140354623e+01
8.960954085092089372e+01
8.948725184036403846e+01
8.936150261143369278e+01
8.923229316412987089e+01
8.909965145981315970e+01
8.896360545984416035e+01
8.882415516422285862e+01
8.868133552465002367e+01
8.853516052180592055e+01
8.838565112671102497e+01
8.823282132004561618e+01
8.807669207283012724e+01
8.791728435608503389e+01
8.775461215049061536e+01
8.758870341740745857e+01
8.741956514717573157e+01
8.724723229149616088e+01
8.707170485036876073e+01
8.689302476583439727e+01
8.671118504755294509e+01
8.652622064722514494e+01
8.633815253587142990e+01
8.614698770383195381e+01
8.595275411246730357e+01
8.575547273279794069e+01
8.555515754550415863e+01
8.535182253126623664e+01
8.514550264178494388e+01
8.493619787706025193e+01
8.472393619845277613e+01
8.450874556732310339e+01
8.429062598367123371e+01
8.406961239919790785e+01
8.384571180424326542e+01
8.361895915050807560e+01
8.338935443799230995e+01
8.315693261839672346e+01
8.292170767240160956e+01
8.268368659034712209e+01
8.244290432393398760e+01
8.219937485384252795e+01
8.195312614143331587e+01
8.170423508044800087e+01
8.145279254530849755e+01
8.119888242009659507e+01
8.094258858889408259e+01
8.068400192612287469e+01
8.042321330620490016e+01
8.016030661322194817e+01
7.989536573125580787e+01
7.962847454438824002e+01
7.935973790772149528e+01
7.908922572465704093e+01
7.881703585995695960e+01
7.854324520736288662e+01
7.826795163163690461e+01
7.799123901686077431e+01
7.771318425677615949e+01
7.743389220648525395e+01
7.715343975972970725e+01
7.687190381025116892e+01
7.658939620349198663e+01
7.630598684285365607e+01
7.602177359309824567e+01
7.573682635762726534e+01
7.545124999154290890e+01
7.516512837892697974e+01
7.487853841352111317e+01
7.459157796008736341e+01
7.430432391236739420e+01
7.401688112546341358e+01
7.372931950277690305e+01
7.344173690906994523e+01
7.315421023808418965e+01
7.286683735458169053e+01
7.257970214264423703e+01
7.229288149601346447e+01
7.200648026979159511e+01
7.172057535772027848e+01
7.143525763422141495e+01
7.115061098337680789e+01
7.086672627960838611e+01
7.058368041665777071e+01
7.030157824962719815e+01
7.002048968191814993e+01
6.974051257829270867e+01
6.946173781317278895e+01
6.918424228030004031e+01
6.890811685409639153e+01
6.863344541864361759e+01
6.836031884836364725e+01
6.808881403699810164e+01
6.781889603284626844e+01
6.755055085522783997e+01
6.728374355244206129e+01
6.701842519210789817e+01
6.675458179354505717e+01
6.649218539539295136e+01
6.623118007493037851e+01
6.597154486113689131e+01
6.571325878299207091e+01
6.545626591777470082e+01
6.520055228480450182e+01
6.494607594204057932e+01
6.469280892812233219e+01
6.444071629134903390e+01
6.418977007036006910e+01
6.393993531345471126e+01
6.369117007859206581e+01
6.344345339475167833e+01
6.319674331989267557e+01
6.295101888299460313e+01
6.270623814201656643e+01
6.246237313559797855e+01
6.221938891203809163e+01
6.197725051963617204e+01
6.173592999703161865e+01
6.149539239252368361e+01
6.125560974475178710e+01
6.101654011167503455e+01
6.077815553193282483e+01
6.054042804416457102e+01
6.030332269666952527e+01
6.006679754740680011e+01
5.983082463501580150e+01
5.959538298847608928e+01
5.936042367540661502e+01
5.912592572478694564e+01
5.889185418491632618e+01
5.865816711375386916e+01
5.842484703544920421e+01
5.819184851279137405e+01
5.795914707958984735e+01
5.772670778414389048e+01
5.749448868441260885e+01
5.726247230454563208e+01
5.703062019767214252e+01
5.679889741209139942e+01
5.656726899610266202e+01
5.633570698834532919e+01
5.610417643711867441e+01
