# d_a
# unit = Mpc
0.000000000000000000e+00
4.303946388692398983e+01
8.504472627150848041e+01
1.260447356052578414e+02
1.660673830973557301e+02
2.051395529731202885e+02
2.432871698270956529e+02
2.805352432627368557e+02
3.169079099965355795e+02
3.524284735914123985e+02
3.871194419723100850e+02
4.210025628659103063e+02
4.540988572963248089e+02
4.864286512592989880e+02
5.180116056888865614e+02
5.488667448226398164e+02
5.790124830640764912e+02
6.084666504343856559e+02
6.372465166991543128e+02
6.653688142500647018e+02
6.928497598161992528e+02
7.197050750746219592e+02
7.459500062253041506e+02
7.715993425912151906e+02
7.966674343004226557e+02
8.211682091033867437e+02
8.451151883751998639e+02
8.685215023493625495e+02
8.913999046267132371e+02
9.137627860003871092e+02
9.356221876351083893e+02
9.569898136367379493e+02
9.778770430457611837e+02
9.982949412863312091e+02
1.018254271100532833e+03
1.037765502995735005e+03
1.056838825231193141e+03
1.075484153368498937e+03
1.093711139408974759e+03
1.111529180539761228e+03
1.128947427509014233e+03
1.145974792649461051e+03
1.162619957568391101e+03
1.178891380521137989e+03
1.194797303484076565e+03
1.210345758942262819e+03
1.225544576405955240e+03
1.240401388669435391e+03
1.254923637824793332e+03
1.269118581042610003e+03
1.282993296130810904e+03
1.296554686882302576e+03
1.309809488221459787e+03
1.322764271158905331e+03
1.335425447563570060e+03
1.347799274760475555e+03
1.359891859962242279e+03
1.371709164541896826e+03
1.383257008154127107e+03
1.394541072711755078e+03
1.405566906223845081e+03
1.416339926501509581e+03
1.426865424737173726e+03
1.437148568962733179e+03
1.447194407391783443e+03
1.457007871650811012e+03
1.466593779904002986e+03
1.475956839876066397e+03
1.485101651777274810e+03
1.494032711134681904e+03
1.502754411533314851e+03
1.511271047270911822e+03
1.519586815929639215e+03
1.527705820868020282e+03
1.535632073636174255e+03
1.543369496317313178e+03
1.550921923798289527e+03
1.558293105971869409e+03
1.565486709873282280e+03
1.572506321753462998e+03
1.579355449091311812e+03
1.586037522547183471e+03
1.592555897859699371e+03
1.598913857687923382e+03
1.605114613400804728e+03
1.611161306815745775e+03
1.617057011888038915e+03
1.622804736352881264e+03
1.628407423321548094e+03
1.633867952833308209e+03
1.639189143364515076e+03
1.644373753296342784e+03
1.649424482342473539e+03
1.654343972938090474e+03
1.659134811591381549e+03
1.663799530198794855e+03
1.668340607325169003e+03
1.672760469449862285e+03
1.677061492179946299e+03
1.681246001431473587e+03
1.685316274579819947e+03
1.689274541580039568e+03
1.693122986058149991e+03
1.696863746374215225e+03
1.700498916658089911e+03
1.704030547818617606e+03
1.707460648527085141e+03
1.710791186175687471e+03
1.714024087811721529e+03
1.717161241048230750e+03
1.720204494951767629e+03
1.723155660907932770e+03
1.726016513465334356e+03
1.728788791158558752e+03
1.731474197310777299e+03
1.734074400816518164e+03
1.736591036905198735e+03
1.739025707885924476e+03
1.741379983874082427e+03
1.743655403500228431e+03
1.745853474601751941e+03
1.747975674897792487e+03
1.750023452647849581e+03
1.751998227294537628e+03
1.753901390090906716e+03
1.755734304712747416e+03
1.757498307856265001e+03
1.759194709821531433e+03
1.760824795082076662e+03
1.762389822840986881e+03
1.763891027573867177e+03
1.765329619559008279e+03
1.766706785395092083e+03
1.768023688506757253e+03
1.769281469638340695e+03
1.770481247336097340e+03
1.771624118419196748e+03
1.772711158439784185e+03
1.773743422132372416e+03
1.774721943852861159e+03
1.775647738007420003e+03
1.776521799471505574e+03
1.777345103999262165e+03
1.778118608623540467e+03
1.778843252046774069e+03
1.779519955022934482e+03
1.780149620730807555e+03
1.780733135138773378e+03
1.781271367361339117e+03
1.781765170007588949e+03
1.782215379521785508e+03
1.782622816516293369e+03
1.782988286097017408e+03
1.783312578181548361e+03
1.783596467810182503e+03
1.783840715449990057e+03
1.784046067292110820e+03
1.784213255542430488e+03
1.784342998705802756e+03
1.784436001863970660e+03
1.784492956947343600e+03
1.784514543000769208e+03
1.784501426443451692e+03
1.784454261323151968e+03
1.784373689564816914e+03
1.784260341213739821e+03
1.784114834673431915e+03
1.783937776938278603e+03
1.783729763821137340e+03
1.783491380175988070e+03
1.783223200115749023e+03
1.782925787225370641e+03
1.782599694770325641e+03
1.782245465900600720e+03
1.781863633850289943e+03
1.781454722132896222e+03
1.781019244732446168e+03
1.780557706290500846e+03
1.780070602289181579e+03
1.779558419230270147e+03
1.779021634810512069e+03
1.778460718093176411e+03
1.777876129675982611e+03
1.777268321855463455e+03
1.776637738787851731e+03
1.775984816646575155e+03
1.775309983776423906e+03
1.774613660844481046e+03
1.773896260987875166e+03
1.773158189958447110e+03
1.772399846264378994e+03
1.771621621308867134e+03
1.770823899525906427e+03
1.770007058513248012e+03
1.769171469162589347e+03
1.768317495787068992e+03
1.767445496246122275e+03
1.766555822067747613e+03
1.765648818568264005e+03
1.764724824969590827e+03
1.763784174514121787e+03
1.762827194577238515e+03
1.761854206777525860e+03
1.760865527084720043e+03
1.759861465925466746e+03
1.758842328286917109e+03
1.757808413818218469e+03
1.756760016929940093e+03
1.755697426891488249e+03
1.754620927926549712e+03
1.753530799306599420e+03
1.752427315442535701e+03
1.751310745974457859e+03
1.750181355859648193e+03
1.749039405458784358e+03
1.747885150620425065e+03
1.746718842763812518e+03
1.745540728960015940e+03
1.744351052011458478e+03
1.743150050529867030e+03
1.741937959012670490e+03
1.740715007917887760e+03
1.739481423737529440e+03
1.738237429069549307e+03
1.736983242688384280e+03
1.735719079614098746e+03
1.734445151180170342e+03
1.733161665099950369e+03
1.731868825531821130e+03
1.730566832192641186e+03
1.729255884192920121e+03
1.727936174482496881e+03
1.726607893626343866e+03
1.725271228941672234e+03
1.723926364555835335e+03
1.722573481463114604e+03
1.721212757580407242e+03
1.719844367801847056e+03
1.718468484052360736e+03
1.717085275340205953e+03
1.715694907808497874e+03
1.714297544785744549e+03
1.712893346835421653e+03
1.711482471804597481e+03
1.710065074871632078e+03
1.708641308592967334e+03
1.707211322949029864e+03
1.705775265389263041e+03
1.704333280876307299e+03
1.702885511929340737e+03
1.701432098666606862e+03
1.699973178847140389e+03
1.698508887911705870e+03
1.697039359022969165e+03
1.695564723104915402e+03
1.694085108881528640e+03
1.692600642914752143e+03
1.691111449641733316e+03
1.689617651411383576e+03
1.688119368520252920e+03
1.686616719247738956e+03
1.685109819890642484e+03
1.683598784797093685e+03
1.682083726399832813e+03
1.680564755248895381e+03
1.679041980043681860e+03
1.677515507664452116e+03
1.675985443203222076e+03
1.674451889994115618e+03
1.672914949643146656e+03
1.671374722057460531e+03
1.669831305474045621e+03
1.668284796487918356e+03
1.666735290079801416e+03
1.665182879643285787e+03
1.663627657011521933e+03
1.662069712483406420e+03
1.660509134849314478e+03
1.658946011416351439e+03
1.657380428033161934e+03
1.655812469114288433e+03
1.654242217664091640e+03
1.652669755300241604e+03
1.651095162276795918e+03
1.649518517506850003e+03
1.647939898584804951e+03
1.646359381808217677e+03
1.644777042199274092e+03
1.643192953525881421e+03
1.641607188322379670e+03
1.640019817909892481e+03
1.638430912416317824e+03
1.636840540795961033e+03
1.635248770848827689e+03
1.633655669239572944e+03
1.632061301516121830e+03
1.630465732127957608e+03
1.628869024444096112e+03
1.627271240770739723e+03
1.625672442368628026e+03
1.624072689470082878e+03
1.622472041295757435e+03
1.620870556071095280e+03
1.619268291042500550e+03
1.617665302493232275e+03
1.616061645759021758e+03
1.614457375243417573e+03
1.612852544432868399e+03
1.611247205911547098e+03
1.609641411375917187e+03
1.608035211649049870e+03
1.606428656694693018e+03
1.604821795631109353e+03
1.603214676744662256e+03
1.601607347503179653e+03
1.599999854569091440e+03
1.598392243812335437e+03
1.596784560323049618e+03
1.595176848424046739e+03
1.593569151683078189e+03
1.591961512924890030e+03
1.590353974243075754e+03
1.588746577011723502e+03
1.587139361896877745e+03
1.585532368867798596e+03
1.583925637208032185e+03
1.582319205526303222e+03
1.580713111767215196e+03
1.579107393221776420e+03
1.577502086537751438e+03
1.575897227729834640e+03
1.574292852189658333e+03
1.572688994695631436e+03
1.571085689422617179e+03
1.569482969951449377e+03
1.567880869278288401e+03
1.566279419823824355e+03
1.564678653442327004e+03
1.563078601430549952e+03
1.561479294536479074e+03
1.559880762967949977e+03
1.558283036401109030e+03
1.556686143988746380e+03
1.555090114368489139e+03
1.553494975670853592e+03
1.551900755527181673e+03
1.550307481077426701e+03
1.548715178977831329e+03
1.547123875408466802e+03
1.545533596080655343e+03
1.543944366244273169e+03
1.542356210694930496e+03
1.540769153781038767e+03
1.539183219410758056e+03
1.537598431058843744e+03
1.536014811773366546e+03
1.534432384182337728e+03
1.532851170500217449e+03
1.531271192534328065e+03
1.529692471691154424e+03
1.528115028982553213e+03
1.526538885031849532e+03
1.524964060079851606e+03
1.523390573990755684e+03
1.521818446257964297e+03
1.520247696009808124e+03
1.518678342015181670e+03
1.517110402689080502e+03
1.515543896098055711e+03
1.513978839965586758e+03
1.512415251677358356e+03
1.510853148286461192e+03
1.509292546518506470e+03
1.507733462776665419e+03
1.506175913146620132e+03
1.504619913401446183e+03
1.503065479006409078e+03
1.501512625123690441e+03
1.499961366617044177e+03
1.498411718056366226e+03
1.496863693722207017e+03
1.495317307610205944e+03
1.493772573435454206e+03
1.492229504636798083e+03
1.490688114381063997e+03
1.489148415567230131e+03
1.487610420830518251e+03
1.486074142546438225e+03
1.484539592834755922e+03
1.483006783563406088e+03
1.481475726352346101e+03
1.479946432577342421e+03
1.478418913373708165e+03
1.476893179639975642e+03
1.475369242041515008e+03
1.473847111014096527e+03
1.472326796767398719e+03
1.470808309288462169e+03
1.469291658345086944e+03
1.467776853489185214e+03
1.466263904060076129e+03
