# d_l
# unit = Mpc
0.000000000000000000e+00
4.390455711105116166e+01
8.848053321287743245e+01
1.337208600036180428e+02
1.796184815580999725e+02
2.261663571528651460e+02
2.733574640177247375e+02
3.211848000115074910e+02
3.696413862199591449e+02
4.187202694739571598e+02
4.684145247864952921e+02
5.187172577070881516e+02
5.696216065925099201e+02
6.211207447929987211e+02
6.732078827532770902e+02
7.258762700279411320e+02
7.791191972110212873e+02
8.329299977796304120e+02
8.873020498519023249e+02
9.422287778595166401e+02
9.977036541353269286e+02
1.053720200416753869e+03
1.110271989265742604e+03
1.167352645406249394e+03
1.224955846980329852e+03
1.283075326724042043e+03
1.341704873064467392e+03
1.400838331139286993e+03
1.460469603740407138e+03
1.520592652183244354e+03
1.581201497103333395e+03
1.642290219182006240e+03
1.703852959802934492e+03
1.765883921641391453e+03
1.828377369188116973e+03
1.891327629209727093e+03
1.954729091147614554e+03
2.018576207457336068e+03
2.082863493890451082e+03
2.147585529720873183e+03
2.212736957917667496e+03
2.278312485266393651e+03
2.344306882440903792e+03
2.410714984027674745e+03
2.477531688504580870e+03
2.544751958176107564e+03
2.612370819066934018e+03
2.680383360775782876e+03
2.748784736291427180e+03
2.817570161772698611e+03
2.886734916294324648e+03
2.956274341560338144e+03
3.026183841586861035e+03
3.096458882355881542e+03
3.167094991441762886e+03
3.238087757612042878e+03
3.309432830404113247e+03
3.381125919679322124e+03
3.453162795155963522e+03
3.525539285922587624e+03
3.598251279933043406e+03
3.671294723484562383e+03
3.744665620680239044e+03
3.818360032877084905e+03
3.892374078120941704e+03
3.966703930569332897e+03
4.041345819903471693e+03
4.116296030730361053e+03
4.191550901976181194e+03
4.267106826271764476e+03
4.342960249331281375e+03
4.419107669324873314e+03
4.495545636246244612e+03
4.572270751275897965e+03
4.649279666140881091e+03
4.726569082471771253e+03
4.804135751157582490e+03
4.881976471699270405e+03
4.960088091562508453e+03
5.038467505530271410e+03
5.117111655055850861e+03
5.196017527616827465e+03
5.275182156070468409e+03
5.354602618011086633e+03
5.434276035129763841e+03
5.514199572576890205e+03
5.594370438327858210e+03
5.674785882552390831e+03
5.755443196987678675e+03
5.836339714315860874e+03
5.917472807545898831e+03
5.998839889400389438e+03
6.080438411707294108e+03
6.162265864797093855e+03
6.244319776905323124e+03
6.326597713580918935e+03
6.409097277100368956e+03
6.491816105887970480e+03
6.574751873942261227e+03
6.657902290268778415e+03
6.741265098319279787e+03
6.824838075437516636e+03
6.908619032311675255e+03
6.992605812433505889e+03
7.076796291564307467e+03
7.161188377207738995e+03
7.245780008089539479e+03
7.330569153644205471e+03
7.415553813508632629e+03
7.500732017022775835e+03
7.586101822737295151e+03
7.671661317928209428e+03
7.757408618118599406e+03
7.843341866607264819e+03
7.929459234004436439e+03
8.015758917774357542e+03
8.102239141784896674e+03
8.188898155864028922e+03
8.275734235363186599e+03
8.362745680727444778e+03
8.449930817072481659e+03
8.537287993768308297e+03
8.624815584029660386e+03
8.712511984513004791e+03
8.800375614920134467e+03
8.888404917608284450e+03
8.976598357206657965e+03
9.064954420239369938e+03
9.153471614754669645e+03
9.242148469960418879e+03
9.330983535865756494e+03
9.419975382928825638e+03
9.509122601710545496e+03
9.598423802534334754e+03
9.687877615151697682e+03
9.777482688413598225e+03
9.867237689947560284e+03
9.957141305840425048e+03
1.004719224032660895e+04
1.013738921548192957e+04
1.022773097092274111e+04
1.031821626351045234e+04
1.040884386706127771e+04
1.049961257206114169e+04
1.059052118538567447e+04
1.068156853002516618e+04
1.077275344481455613e+04
1.086407478416814047e+04
1.095553141781918021e+04
1.104712223056405492e+04
1.113884612201116033e+04
1.123070200633429704e+04
1.132268881203049932e+04
1.141480548168227688e+04
1.150705097172417300e+04
1.159942425221355734e+04
1.169192430660557693e+04
1.178455013153220170e+04
1.187730073658530637e+04
1.197017514410370131e+04
1.206317238896404342e+04
1.215629151837554309e+04
1.224953159167843114e+04
1.234289168014610914e+04
1.243637086679094864e+04
1.252996824617349012e+04
1.262368292421533624e+04
1.271751401801529391e+04
1.281146065566893230e+04
1.290552197609146606e+04
1.299969712884381261e+04
1.309398527396184363e+04
1.318838558178877429e+04
1.328289723281058650e+04
1.337751941749443904e+04
1.347225133613002799e+04
1.356709219867388128e+04
1.366204122459638529e+04
1.375709764273171459e+04
1.385226069113034646e+04
1.394752961691441487e+04
1.404290367613552917e+04
1.413838213363528666e+04
1.423396426290822092e+04
1.432964934596729654e+04
1.442543667321180692e+04
1.452132554329764207e+04
1.461731526300990663e+04
1.471340514713782977e+04
1.480959451835194704e+04
1.490588270708343043e+04
1.500226905140561757e+04
1.509875289691768921e+04
1.519533359663038027e+04
1.529201051085375730e+04
1.538878300708696952e+04
1.548565045991002626e+04
1.558261225087739149e+04
1.567966776841361025e+04
1.577681640771064303e+04
1.587405757062709745e+04
1.597139066558924242e+04
1.606881510749374684e+04
1.616633031761210987e+04
1.626393572349679380e+04
1.636163075888904496e+04
1.645941486362826981e+04
1.655728748356299184e+04
1.665524807046341448e+04
1.675329608193548847e+04
1.685143098133642343e+04
1.694965223769174918e+04
1.704795932561376321e+04
1.714635172522138600e+04
1.724482892206143151e+04
1.734339040703116916e+04
1.744203567630232646e+04
1.754076423124630310e+04
1.763957557836067281e+04
1.773846922919698045e+04
1.783744470028974683e+04
1.793650151308670684e+04
1.803563919388020440e+04
1.813485727373970076e+04
1.823415528844558503e+04
1.833353277842391617e+04
1.843298928868237999e+04
1.853252436874725754e+04
1.863213757260154671e+04
1.873182844833636773e+04
1.883159657886090281e+04
1.893144152124768516e+04
1.903136284670701207e+04
1.913136013061130870e+04
1.923143295243907414e+04
1.933158089571980599e+04
1.943180354797976543e+04
1.953210050068880082e+04
1.963247134920778990e+04
1.973291569273718414e+04
1.983343313426623354e+04
1.993402328052311714e+04
2.003468574192582673e+04
2.013542013253390905e+04
2.023622607000094285e+04
2.033710317552779816e+04
2.043805107381660855e+04
2.053906939302558021e+04
2.064015776472443031e+04
2.074131582385056390e+04
2.084254320866593480e+04
2.094383956071465946e+04
2.104520452478119842e+04
2.114663774884931991e+04
2.124813888406155820e+04
2.134970758467946871e+04
2.145134350804440328e+04
2.155304631453892580e+04
2.165481566754885716e+04
2.175665123342586958e+04
2.185855268145069931e+04
2.196051968379684331e+04
2.206255191549503434e+04
2.216464905439795621e+04
2.226681078114576667e+04
2.236903677913194770e+04
2.247132673446993795e+04
2.257368033595987799e+04
2.267609727505631236e+04
2.277857724583604795e+04
2.288111994496663829e+04
2.298372507167531148e+04
2.308639232771841125e+04
2.318912141735127079e+04
2.329191204729842502e+04
2.339476392672452494e+04
2.349767676720540840e+04
2.360065028269982213e+04
2.370368418952139837e+04
2.380677820631114446e+04
2.390993205401032901e+04
2.401314545583372092e+04
2.411641813724324311e+04
2.421974982592209562e+04
2.432314025174900598e+04
2.442658914677327266e+04
2.453009624518971759e+04
2.463366128331431173e+04
2.473728399956002613e+04
2.484096413441308323e+04
2.494470143040946277e+04
2.504849563211190980e+04
2.515234648608705538e+04
2.525625374088305762e+04
2.536021714700743178e+04
2.546423645690529520e+04
2.556831142493777952e+04
2.567244180736095586e+04
2.577662736230482551e+04
2.588086784975279807e+04
2.598516303152132605e+04
2.608951267123990692e+04
2.619391653433132524e+04
2.629837438799214942e+04
2.640288600117354144e+04
2.650745114456236115e+04
2.661206959056240157e+04
2.671674111327602805e+04
2.682146548848597740e+04
2.692624249363747731e+04
2.703107190782052567e+04
2.713595351175241376e+04
2.724088708776070416e+04
2.734587241976602672e+04
2.745090929326550395e+04
2.755599749531617999e+04
2.766113681451875527e+04
2.776632704100147748e+04
2.787156796640430912e+04
2.797685938386328053e+04
2.808220108799506124e+04
2.818759287488169866e+04
2.829303454205558592e+04
2.839852588848464802e+04
2.850406671455773903e+04
2.860965682207007922e+04
2.871529601420913605e+04
2.882098409554045065e+04
2.892672087199379166e+04
2.903250615084942910e+04
2.913833974072465207e+04
2.924422145156031547e+04
2.935015109460775784e+04
2.945612848241570828e+04
2.956215342881752076e+04
2.966822574891840850e+04
2.977434525908296200e+04
2.988051177692277633e+04
2.998672512128424205e+04
3.009298511223648529e+04
3.019929157105951526e+04
3.030564432023241170e+04
3.041204318342174520e+04
3.051848798547015758e+04
3.062497855238493139e+04
3.073151471132701772e+04
3.083809629059974031e+04
3.094472311963815810e+04
3.105139502899810032e+04
3.115811185034562368e+04
3.126487341644653134e+04
3.137167956115595371e+04
3.147853011940812939e+04
3.158542492720622977e+04
3.169236382161246365e+04
3.179934664073812746e+04
3.190637322373386269e+04
3.201344341077999707e+04
3.212055704307707856e+04
3.222771396283640934e+04
3.233491401327081985e+04
3.244215703858536290e+04
3.254944288396838601e+04
3.265677139558242925e+04
3.276414242055547584e+04
3.287155580697207915e+04
3.297901140386488260e+04
3.308650906120588479e+04
3.319404862989804678e+04
3.330162996176703746e+04
3.340925290955285163e+04
3.351691732690168283e+04
3.362462306835790514e+04
3.373236998935606243e+04
3.384015794621301029e+04
3.394798679612013075e+04
3.405585639713561250e+04
3.416376660817681113e+04
3.427171728901287861e+04
3.437970830025707255e+04
3.448773950335966219e+04
3.459581076060049236e+04
3.470392193508184573e+04
3.481207289072139974e+04
3.492026349224505248e+04
3.502849360518016329e+04
3.513676309584850242e+04
3.524507183135962259e+04
3.535341967960401234e+04
3.546180650924653310e+04
3.557023218971983442e+04
3.567869659121782752e+04
3.578719958468932600e+04
3.589574104183164309e+04
3.600432083508430514e+04
3.611293883762290352e+04
3.622159492335283721e+04
3.633028896690338297e+04
3.643902084362150345e+04
3.654779042956606281e+04
3.665659760150190414e+04
