# d_m
# unit = Mpc
0.000000000000000000e+00
4.346985852579322795e+01
8.674562079693865257e+01
1.298260776734155684e+02
1.727100784212499605e+02
2.153965306217763214e+02
2.578844000167214290e+02
3.001727102911284533e+02
3.422605427962584486e+02
3.841470362146395701e+02
4.258313861695411333e+02
4.673128447811604929e+02
5.085907201718838451e+02
5.496643759230078103e+02
5.905332304853307051e+02
6.311967565460357719e+02
6.716544803543287117e+02
7.119059810082311515e+02
7.519508897050020551e+02
7.917888889575770008e+02
8.314197117794391261e+02
8.708431408402925626e+02
9.100590075948709909e+02
9.490671913871947254e+02
9.878676185325240340e+02
1.026460261379233543e+03
1.064845137352751863e+03
1.103022307983690553e+03
1.140991877922192998e+03
1.178753993940499413e+03
1.216308843925640986e+03
1.253656655864126833e+03
1.290797696820404781e+03
1.327732271910820600e+03
1.364460723274714155e+03
1.400983429044242257e+03
1.437300802314422526e+03
1.473413290114843676e+03
1.509321372384385086e+03
1.545025560950268300e+03
1.580526398512619835e+03
1.615824457635740146e+03
1.650920339747115349e+03
1.685814674145227173e+03
1.720508117017070163e+03
1.755001350466281110e+03
1.789295081552694683e+03
1.823390041344069914e+03
1.857286983980694004e+03
1.890986685753488928e+03
1.924489944196216356e+03
1.957797577192277004e+03
1.990910422096618959e+03
2.023829334873125163e+03
2.056555189247897943e+03
2.089088875878737326e+03
2.121431301541098037e+03
2.153583388330778234e+03
2.185546072883520992e+03
2.217320305611690401e+03
2.248907049958152129e+03
2.280307281667430289e+03
2.311521988074221554e+03
2.342552167409254707e+03
2.373398828122525174e+03
2.404062988223838147e+03
2.434545674640645302e+03
2.464847922593030944e+03
2.494970774985822118e+03
2.524915281817612140e+03
2.554682499606635702e+03
2.584273490833259075e+03
2.613689323398979468e+03
2.642931070101675232e+03
2.671999808126943208e+03
2.700896618555298119e+03
2.729622585884989803e+03
2.758178797570209099e+03
2.786566343574442726e+03
2.814786315938698863e+03
2.842839808364361488e+03
2.870727915810402010e+03
2.898451734104653042e+03
2.926012359568899683e+03
2.953410888657480427e+03
2.980648417609129865e+03
3.007726042111752122e+03
3.034644856979888118e+03
3.061405955844510117e+03
3.088010430854952574e+03
3.114459372392578643e+03
3.140753868796015013e+03
3.166895006097548958e+03
3.192883867770514826e+03
3.218721534487280223e+03
3.244409083887650468e+03
3.269947590357331137e+03
3.295338124816228628e+03
3.320581754516293586e+03
3.345679542848632536e+03
3.370632549159639893e+03
3.395441828575879299e+03
3.420108431837462831e+03
3.444633405139657498e+03
3.469017789982503473e+03
3.493262623028165763e+03
3.517368935965795572e+03
3.541337755383673539e+03
3.565170102648381089e+03
3.588866993790802098e+03
3.612429439398712020e+03
3.635858444515738483e+03
3.659155008546509180e+03
3.682320125167730112e+03
3.705354782245063689e+03
3.728259961755514723e+03
3.751036639715229740e+03
3.773685786112455844e+03
3.796208364845499091e+03
3.818605333665499984e+03
3.840877644123854679e+03
3.863026241524121360e+03
3.885052064878225792e+03
3.906956046866818724e+03
3.928739113803631426e+03
3.950402185603681573e+03
3.971946175755158492e+03
3.993371991294876352e+03
4.014680532787135235e+03
4.035872694305860023e+03
4.056949363419894325e+03
4.077911421181309379e+03
4.098759742116613779e+03
4.119495194220744452e+03
4.140118638953716982e+03
4.160630931239828897e+03
4.181032919469304943e+03
4.201325445502288858e+03
4.221509344675046123e+03
4.241585445808338591e+03
4.261554571217808189e+03
4.281417536726328763e+03
4.301175151678214206e+03
4.320828218955202829e+03
4.340377534994128837e+03
4.359823889806189982e+03
4.379168066997786809e+03
4.398410843792769811e+03
4.417552991056120845e+03
4.436595273318896943e+03
4.455538448804463769e+03
4.474383269455895970e+03
4.493130480964483468e+03
4.511780822799318230e+03
4.530335028237863298e+03
4.548793824397474054e+03
4.567157932267803517e+03
4.585428066744047101e+03
4.603604936660971362e+03
4.621689244827683979e+03
4.639681688063093134e+03
4.657582957232008084e+03
4.675393737281843642e+03
4.693114707279889444e+03
4.710746540451116743e+03
4.728289904216410832e+03
4.745745460231329162e+03
4.763113864425204156e+03
4.780395767040647115e+03
4.797591812673407730e+03
4.814702640312522817e+03
4.831728883380754269e+03
4.848671169775285307e+03
4.865530121908639558e+03
4.882306356749794759e+03
4.899000485865464725e+03
4.915613115461551388e+03
4.932144846424687785e+03
4.948596274363925659e+03
4.964967989652453980e+03
4.981260577469433883e+03
4.997474617841825420e+03
5.013610685686271609e+03
5.029669350850961564e+03
5.045651178157499089e+03
5.061556727442739430e+03
5.077386553600573279e+03
5.093141206623660764e+03
5.108821231645079934e+03
5.124427168979912494e+03
5.139959554166699490e+03
5.155418918008803303e+03
5.170805786615646866e+03
5.186120681443816466e+03
5.201364119338012642e+03
5.216536612571853766e+03
5.231638668888522261e+03
5.246670791541209837e+03
5.261633479333426294e+03
5.276527226659077314e+03
5.291352523542365816e+03
5.306109855677488667e+03
5.320799704468127857e+03
5.335422547066702464e+03
5.349978856413418725e+03
5.364469101275097273e+03
5.378893746283748442e+03
5.393253251974915656e+03
5.407548074825784170e+03
5.421778667293038779e+03
5.435945477850458701e+03
5.450048951026285977e+03
5.464089527440308302e+03
5.478067643840699020e+03
5.491983733140583354e+03
5.505838224454339070e+03
5.519631543133647938e+03
5.533364110803250696e+03
5.547036345396438264e+03
5.560648661190275561e+03
5.574201468840546113e+03
5.587695175416419261e+03
5.601130184434845432e+03
5.614506895894644003e+03
5.627825706310365604e+03
5.641087008745820640e+03
5.654291192847355887e+03
5.667438644876837316e+03
5.680529747744373708e+03
5.693564877913789132e+03
5.706544417836636967e+03
5.719468737537064953e+03
5.732338206839461236e+03
5.745153192375768413e+03
5.757914057616490027e+03
5.770621162901434218e+03
5.783274865470168152e+03
5.795875519492225067e+03
5.808423476096979357e+03
5.820919083403298828e+03
5.833362686548892270e+03
5.845754627719388736e+03
5.858095246177142144e+03
5.870384878289769404e+03
5.882623857558413874e+03
5.894812514645737792e+03
5.906951177403643669e+03
5.919040170900742851e+03
5.931079817449549410e+03
5.943070436633399368e+03
5.955012345333124358e+03
5.966905857753463351e+03
5.978751285449204261e+03
5.990548937351081804e+03
6.002299119791400699e+03
6.014002136529426934e+03
6.025658288776518020e+03
6.037267875220987662e+03
6.048831192052753067e+03
6.060348532987707586e+03
6.071820189291860515e+03
6.083246449805219527e+03
6.094627600965479360e+03
6.105963926831393110e+03
6.117255709105979804e+03
6.128503227159438211e+03
6.139706758051895122e+03
6.150866576555825304e+03
6.161982955178345946e+03
6.173056164183210967e+03
6.184086471612604328e+03
6.195074143308709608e+03
6.206019442935056759e+03
6.216922631997659664e+03
6.227783969865889048e+03
6.238603713793207135e+03
6.249382118937608539e+03
6.260119438381915643e+03
6.270815923153808399e+03
6.281471822245684052e+03
6.292087382634296773e+03
6.302662849300189009e+03
6.313198465246922751e+03
6.323694471520128900e+03
6.334151107226303793e+03
6.344568609551499321e+03
6.354947213779720187e+03
6.365287153311191105e+03
6.375588659680419369e+03
6.385851962574057325e+03
6.396077289848580222e+03
6.406264867547803078e+03
6.416414919920167449e+03
6.426527669435892676e+03
6.436603336803917045e+03
6.446642140988681604e+03
6.456644299226712064e+03
6.466610027043061564e+03
6.476539538267544231e+03
6.486433045050825967e+03
6.496290757880331512e+03
6.506112885595986882e+03
6.515899635405802655e+03
6.525651212901277177e+03
6.535367822072658782e+03
6.545049665324038870e+03
6.554696943488275792e+03
6.564309855841775061e+03
6.573888600119112198e+03
6.583433372527500978e+03
6.592944367761104331e+03
6.602421779015186985e+03
6.611865798000170798e+03
6.621276614955454534e+03
6.630654418663164506e+03
6.639999396461729702e+03
6.649311734259315926e+03
6.658591616547117155e+03
6.667839226412515018e+03
6.677054745552096392e+03
6.686238354284538218e+03
6.695390231563348607e+03
6.704510554989474258e+03
6.713599500823793278e+03
6.722657243999466118e+03
6.731683958134136446e+03
6.740679815542051074e+03
6.749644987246007986e+03
6.758579642989203421e+03
6.767483951246953438e+03
6.776358079238289974e+03
6.785202192937427753e+03
6.794016457085128422e+03
6.802801035199932812e+03
6.811556089589290423e+03
6.820281781360554305e+03
6.828978270431873170e+03
6.837645715542968901e+03
6.846284274265808563e+03
6.854894103015143628e+03
6.863475357058980080e+03
6.872028190528891173e+03
6.880552756430259251e+03
6.889049206652406610e+03
6.897517691978589028e+03
6.905958362095958364e+03
6.914371365605323263e+03
6.922756850030907117e+03
6.931114961829932327e+03
6.939445846402142706e+03
6.947749648099229489e+03
6.956026510234136367e+03
6.964276575090294500e+03
6.972499983930734743e+03
6.980696877007150761e+03
6.988867393568818443e+03
6.997011671871460749e+03
7.005129849185994317e+03
7.013222061807222417e+03
7.021288445062398750e+03
7.029329133319743960e+03
7.037344259996825713e+03
7.045333957568914229e+03
7.053298357577198658e+03
7.061237590636955247e+03
7.069151786445608195e+03
7.077041073790746850e+03
7.084905580558005568e+03
7.092745433738899919e+03
7.100560759438601053e+03
7.108351682883584544e+03
7.116118328429231951e+03
7.123860819567351427e+03
7.131579278933628302e+03
7.139273828314980165e+03
7.146944588656869200e+03
7.154591680070507209e+03
7.162215221840002414e+03
7.169815332429471709e+03
7.177392129489994659e+03
7.184945729866594775e+03
7.192476249605091652e+03
7.199983803958889439e+03
7.207468507395735287e+03
7.214930473604349572e+03
7.222369815501065204e+03
7.229786645236317781e+03
7.237181074201153933e+03
7.244553213033608699e+03
7.251903171625056530e+03
7.259231059126496802e+03
7.266536983954751122e+03
7.273821053798644243e+03
7.281083375625079498e+03
7.288324055685083295e+03
7.295543199519777772e+03
7.302740911966297972e+03
7.309917297163658077e+03
7.317072458558533981e+03
7.324206498911034942e+03
7.331319520300380645e+03
