# h
# unit = 1.0/Mpc
2.295342183877497667e-04
2.305580920993191487e-04
2.315977830901022291e-04
2.326532799153707590e-04
2.337245681310074223e-04
2.348116303706361411e-04
2.359144464235889236e-04
2.370329933135674970e-04
2.381672453778588315e-04
2.393171743469690849e-04
2.404827494245430450e-04
2.416639373674390470e-04
2.428607025658367411e-04
2.440730071232556316e-04
2.453008109363701375e-04
2.465440717745088248e-04
2.478027453587335928e-04
2.490767854403958675e-04
2.503661438790752338e-04
2.516707707198093244e-04
2.529906142695285010e-04
2.543256211726159640e-04
2.556757364855171788e-04
2.570409037503286888e-04
2.584210650673007207e-04
2.598161611661947094e-04
2.612261314764386050e-04
2.626509141960313366e-04
2.640904463591510032e-04
2.655446639024236413e-04
2.670135017298191221e-04
2.684968937761402418e-04
2.699947730690775206e-04
2.715070717898069425e-04
2.730337213321094945e-04
2.745746523599975958e-04
2.761297948638351913e-04
2.776990782149441365e-04
2.792824312186880905e-04
2.808797821660360874e-04
2.824910588836005267e-04
2.841161887821579851e-04
2.857550989036551268e-04
2.874077159667095247e-04
2.890739664106154209e-04
2.907537764378672739e-04
2.924470720552154054e-04
2.941537791132704956e-04
2.958738233446752525e-04
2.976071304008617380e-04
2.993536258874176636e-04
3.011132353980806821e-04
3.028858845473879433e-04
3.046714990020024899e-04
3.064700045107423502e-04
3.082813269333405191e-04
3.101053922679596238e-04
3.119421266774910365e-04
3.137914565146653219e-04
3.156533083460025886e-04
3.175276089746310957e-04
3.194142854620031177e-04
3.213132651485370696e-04
3.232244756732152204e-04
3.251478449921653999e-04
3.270833013962560825e-04
3.290307735277341202e-04
3.309901903959327715e-04
3.329614813920807109e-04
3.349445763032372794e-04
3.369394053253848761e-04
3.389458990757041328e-04
3.409639886040609813e-04
3.429936054037302810e-04
3.450346814213844644e-04
3.470871490663730071e-04
3.491509412193165188e-04
3.512259912400434283e-04
3.533122329748906217e-04
3.554096007633957346e-04
3.575180294444007764e-04
3.596374543615936501e-04
3.617678113685074089e-04
3.639090368330005591e-04
3.660610676412393884e-04
3.682238412012037339e-04
3.703972954457336987e-04
3.725813688351434466e-04
3.747760003594113442e-04
3.769811295399758881e-04
3.791966964311467938e-04
3.814226416211536361e-04
3.836589062328471110e-04
3.859054319240703751e-04
3.881621608877141227e-04
3.904290358514750803e-04
3.927060000773268072e-04
3.949929973607238369e-04
3.972899720295473445e-04
3.995968689428087669e-04
4.019136334891235162e-04
4.042402115849685050e-04
4.065765496727324251e-04
4.089225947185729307e-04
4.112782942100922713e-04
4.136435961538397778e-04
4.160184490726530197e-04
4.184028020028471729e-04
4.207966044912626294e-04
4.231998065921791408e-04
4.256123588641061461e-04
4.280342123664562229e-04
4.304653186561117981e-04
4.329056297838913543e-04
4.353550982909232606e-04
4.378136772049335190e-04
4.402813200364547432e-04
4.427579807749639049e-04
4.452436138849522637e-04
4.477381743019375089e-04
4.502416174284182759e-04
4.527538991297825298e-04
4.552749757301706836e-04
4.578048040082997937e-04
4.603433411932531688e-04
4.628905449602405977e-04
4.654463734263336941e-04
4.680107851461778228e-04
4.705837391076873833e-04
4.731651947277274871e-04
4.757551118477845752e-04
4.783534507296289054e-04
4.809601720509739482e-04
4.835752369011339408e-04
4.861986067766841508e-04
4.888302435771229833e-04
4.914701096005428703e-04
4.941181675393088030e-04
4.967743804757502549e-04
4.994387118778634586e-04
5.021111255950309752e-04
5.047915858537585032e-04
5.074800572534294684e-04
5.101765047620812968e-04
5.128808937122034811e-04
5.155931897965584151e-04
5.183133590640277063e-04
5.210413679154858113e-04
5.237771830996982821e-04
5.265207717092509117e-04
5.292721011765062029e-04
5.320311392695922532e-04
5.347978540884206974e-04
5.375722140607378267e-04
5.403541879382082330e-04
5.431437447925310889e-04
5.459408540115922052e-04
5.487454852956466641e-04
5.515576086535411331e-04
5.543771943989681634e-04
5.572042131467586524e-04
5.600386358092071569e-04
5.628804335924373226e-04
5.657295779928017904e-04
5.685860407933198335e-04
5.714497940601509897e-04
5.743208101391074002e-04
5.771990616522026853e-04
5.800845214942382255e-04
5.829771628294270645e-04
5.858769590880557590e-04
5.887838839631818989e-04
5.916979114073722852e-04
5.946190156294755853e-04
5.975471710914336942e-04
6.004823525051300676e-04
6.034245348292755677e-04
6.063736932663305219e-04
6.093298032594642944e-04
6.122928404895513956e-04
6.152627808722039128e-04
6.182396005548405861e-04
6.212232759137915547e-04
6.242137835514388828e-04
6.272111002933939469e-04
6.302152031857084346e-04
6.332260694921214468e-04
6.362436766913416196e-04
6.392680024743633985e-04
6.422990247418183330e-04
6.453367216013590046e-04
6.483810713650777586e-04
6.514320525469599133e-04
6.544896438603667842e-04
6.575538242155557888e-04
6.606245727172287401e-04
6.637018686621161357e-04
6.667856915365910457e-04
6.698760210143150928e-04
6.729728369539157663e-04
6.760761193966943099e-04
6.791858485643647268e-04
6.823020048568220579e-04
6.854245688499421016e-04
6.885535212934089985e-04
6.916888431085726303e-04
6.948305153863351853e-04
6.979785193850662371e-04
7.011328365285455794e-04
7.042934484039341421e-04
7.074603367597729871e-04
7.106334835040075673e-04
7.138128707020423422e-04
7.169984805748174034e-04
7.201902954969160000e-04
7.233882979946939639e-04
7.265924707444368922e-04
7.298027965705419394e-04
7.330192584437248728e-04
7.362418394792497869e-04
7.394705229351875497e-04
7.427052922106914873e-04
7.459461308443033180e-04
7.491930225122781688e-04
7.524459510269340939e-04
7.557049003350232779e-04
7.589698545161283928e-04
7.622407977810763012e-04
7.655177144703778896e-04
7.688005890526874173e-04
7.720894061232827900e-04
7.753841504025671925e-04
7.786848067345926222e-04
7.819913600856007695e-04
7.853037955425854746e-04
7.886220983118770846e-04
7.919462537177417725e-04
7.952762472010041668e-04
7.986120643176860276e-04
8.019536907376667145e-04
8.053011122433567735e-04
8.086543147283971117e-04
8.120132841963674953e-04
8.153780067595212859e-04
8.187484686375302596e-04
8.221246561562517603e-04
8.255065557465084310e-04
8.288941539428890852e-04
8.322874373825615065e-04
8.356863928041050873e-04
8.390910070463564793e-04
8.425012670472738913e-04
8.459171598428134225e-04
8.493386725658240433e-04
8.527657924449546113e-04
8.561985068035780173e-04
8.596368030587283422e-04
8.630806687200541678e-04
8.665300913887829474e-04
8.699850587567030478e-04
8.734455586051570681e-04
8.769115788040492522e-04
8.803831073108665632e-04
8.838601321697132007e-04
8.873426415103571538e-04
8.908306235472895473e-04
8.943240665787986245e-04
8.978229589860529459e-04
9.013272892321999834e-04
9.048370458614736055e-04
9.083522174983165234e-04
9.118727928465114119e-04
9.153987606883265578e-04
9.189301098836710497e-04
9.224668293692611350e-04
9.260089081577975272e-04
9.295563353371555067e-04
9.331091000695828286e-04
9.366671915909112901e-04
9.402305992097736119e-04
9.437993123068385334e-04
9.473733203340478594e-04
9.509526128138689029e-04
9.545371793385536499e-04
9.581270095694094163e-04
9.617220932360789377e-04
9.653224201358270732e-04
9.689279801328424700e-04
9.725387631575403138e-04
9.761547592058832925e-04
9.797759583387031027e-04
9.834023506810353997e-04
9.870339264214627716e-04
9.906706758114640007e-04
9.943125891647749265e-04
9.979596568567550546e-04
1.001611869323761105e-03
1.005269217062535088e-03
1.008931690629591297e-03
1.012599280640616092e-03
1.016271977769876581e-03
1.019949772749632324e-03
1.023632656369559413e-03
1.027320619476177355e-03
1.031013652972285512e-03
1.034711747816407981e-03
1.038414895022241524e-03
1.042123085658114333e-03
1.045836310846448916e-03
1.049554561763234306e-03
1.053277829637500876e-03
1.057006105750806424e-03
1.060739381436725300e-03
1.064477648080344035e-03
1.068220897117765859e-03
1.071969120035617820e-03
1.075722308370567672e-03
1.079480453708842264e-03
1.083243547685757433e-03
1.087011581985247461e-03
1.090784548339406674e-03
1.094562438528028222e-03
1.098345244378160857e-03
1.102132957763657254e-03
1.105925570604737946e-03
1.109723074867556992e-03
1.113525462563771549e-03
1.117332725750119467e-03
1.121144856527998401e-03
1.124961847043055982e-03
1.128783689484776521e-03
1.132610376086080070e-03
1.136441899122923220e-03
1.140278250913904015e-03
1.144119423819872942e-03
1.147965410243547606e-03
1.151816202629133258e-03
1.155671793461945929e-03
1.159532175268040326e-03
1.163397340613846415e-03
1.167267282105801437e-03
1.171141992389996460e-03
1.175021464151818160e-03
1.178905690115602091e-03
1.182794663044283573e-03
1.186688375739057902e-03
1.190586821039040779e-03
1.194489991820936329e-03
1.198397880998702944e-03
1.202310481523232149e-03
1.206227786382021386e-03
1.210149788598857646e-03
1.214076481233500879e-03
1.218007857381373264e-03
1.221943910173249777e-03
1.225884632774954398e-03
1.229830018387059786e-03
1.233780060244587390e-03
1.237734751616715798e-03
1.241694085806487567e-03
1.245658056150521263e-03
1.249626656018729565e-03
1.253599878814035205e-03
1.257577717972092543e-03
1.261560166961016955e-03
1.265547219281106407e-03
1.269538868464577122e-03
1.273535108075296877e-03
1.277535931708520664e-03
1.281541332990631136e-03
1.285551305578881438e-03
1.289565843161140628e-03
1.293584939455644104e-03
1.297608588210739456e-03
1.301636783204647083e-03
1.305669518245211906e-03
1.309706787169664195e-03
1.313748583844382128e-03
1.317794902164655217e-03
1.321845736054450774e-03
1.325901079466185141e-03
1.329960926380493189e-03
1.334025270806005843e-03
1.338094106779124997e-03
1.342167428363801908e-03
1.346245229651321217e-03
1.350327504760083031e-03
1.354414247835390413e-03
1.358505453049235366e-03
1.362601114600093264e-03
1.366701226712713170e-03
1.370805783637913354e-03
1.374914779652379416e-03
1.379028209058463274e-03
1.383146066183984536e-03
1.387268345382034265e-03
1.391395041030780251e-03
1.395526147533275325e-03
1.399661659317266325e-03
1.403801570835005660e-03
1.407945876563066129e-03
