# mu
-inf
3.321254800274440555e+01
3.473423865585152015e+01
3.563099580511359932e+01
3.627175510335330699e+01
3.677214001467314120e+01
3.718365468393931650e+01
3.753377492108853630e+01
3.783890295127815762e+01
3.810961992396440223e+01
3.835315176693782746e+01
3.857465348598951493e+01
3.877793227187582659e+01
3.896588017238033785e+01
3.914074596296135411e+01
3.930431299452251892e+01
3.945801952668706747e+01
3.960304251690478594e+01
3.974035742415247796e+01
3.987078182234448320e+01
3.999500781422331386e+01
4.011362652901777892e+01
4.022714691630897477e+01
4.033601035914221455e+01
4.044060217510119060e+01
4.054126076831379777e+01
4.063828498566579839e+01
4.073194008418948187e+01
4.082246261289778033e+01
4.091006443777727952e+01
4.099493608433559189e+01
4.107724953204112950e+01
4.115716056511823240e+01
4.123481076164526371e+01
4.131032918576873669e+01
4.138383383468831767e+01
4.145543288187617748e+01
4.152522575003819583e+01
4.159330404106675871e+01
4.165975234527806492e+01
4.172464894827461279e+01
4.178806645060225833e+01
4.185007231281161211e+01
4.191072933645595811e+01
4.197009608986257945e+01
4.202822728612376579e+01
4.208517411960798427e+01
4.214098456634309287e+01
4.219570365283444602e+01
4.224937369722219671e+01
4.230203452612980897e+01
4.235372367009114924e+01
4.240447654005096467e+01
4.245432658710093676e+01
4.250330544733051852e+01
4.255144307343049093e+01
4.259876785448041403e+01
4.264530672517396681e+01
4.269108526558355265e+01
4.273612779243353543e+01
4.278045744273773465e+01
4.282409625055758795e+01
4.286706521755139221e+01
4.290938437791001547e+01
4.295107285820874665e+01
4.299214893264747417e+01
4.303263007410114938e+01
4.307253300135769791e+01
4.311187372288181052e+01
4.315066757740836323e+01
4.318892927163835793e+01
4.322667291528375699e+01
4.326391205368288695e+01
4.330065969818702598e+01
4.333692835449974723e+01
4.337273004913321017e+01
4.340807635413069221e+01
4.344297841019098172e+01
4.347744694831769152e+01
4.351149231010605689e+01
4.354512446676950788e+01
4.357835303699958729e+01
4.361118730374474239e+01
4.364363622998622816e+01
4.367570847358284425e+01
4.370741240125030203e+01
4.373875610173558925e+01
4.376974739824186145e+01
4.380039386015492653e+01
4.383070281411848157e+01
4.386068135450125283e+01
4.389033635329633398e+01
4.391967446948950737e+01
4.394870215793081059e+01
4.397742567774093914e+01
4.400585110028178804e+01
4.403398431671834601e+01
4.406183104519698901e+01
4.408939683766369200e+01
4.411668708634380209e+01
4.414370702990360940e+01
4.417046175931254481e+01
4.419695622342339902e+01
4.422319523428704002e+01
4.424918347221674253e+01
4.427492549061629745e+01
4.430042572058536621e+01
4.432568847531416623e+01
4.435071795427938923e+01
4.437551824725199623e+01
4.440009333812713521e+01
4.442444710858571000e+01
4.444858334159646063e+01
4.447250572476698238e+01
4.449621785355158465e+01
4.451972323432321588e+01
4.454302528731662392e+01
4.456612734944904020e+01
4.458903267702471851e+01
4.461174444832899155e+01
4.463426576611730212e+01
4.465659966000444570e+01
4.467874908875870688e+01
4.470071694250552952e+01
4.472250604484504777e+01
4.474411915488754232e+01
4.476555896921058775e+01
4.478682812374158573e+01
4.480792919556921561e+01
4.482886470468675810e+01
4.484963711567077382e+01
4.487024883929764485e+01
4.489070223410108440e+01
4.491099960787298073e+01
4.493114321911015452e+01
4.495113527840946688e+01
4.497097794981330310e+01
4.499067335210779106e+01
4.501022356007554492e+01
4.502963060570505149e+01
4.504889647935833352e+01
4.506802313089876577e+01
4.508701247078064256e+01
4.510586637110195340e+01
4.512458666662212181e+01
4.514317515574575879e+01
4.516163360147417194e+01
4.517996373232562490e+01
4.519816724322569002e+01
4.521624579636893770e+01
4.523420102205290760e+01
4.525203451948557642e+01
4.526974785756731734e+01
4.528734257564821775e+01
4.530482018426185675e+01
4.532218216583627424e+01
4.533942997538306230e+01
4.535656504116541043e+01
4.537358876534576524e+01
4.539050252461404966e+01
4.540730767079688945e+01
4.542400553144879893e+01
4.544059741042573819e+01
4.545708458844188726e+01
4.547346832361004942e+01
4.548974985196631593e+01
4.550593038797968859e+01
4.552201112504687330e+01
4.553799323597311854e+01
4.555387787343925510e+01
4.556966617045567602e+01
4.558535924080345580e+01
4.560095817946326946e+01
4.561646406303236034e+01
4.563187795013000425e+01
4.564720088179189617e+01
4.566243388185371543e+01
4.567757795732438098e+01
4.569263409874916704e+01
4.570760328056313426e+01
4.572248646143509632e+01
4.573728458460250579e+01
4.575199857819747251e+01
4.576662935556425538e+01
4.578117781556846921e+01
4.579564484289825543e+01
4.581003130835767223e+01
4.582433806915260277e+01
4.583856596916928083e+01
4.585271583924581051e+01
4.586678849743679365e+01
4.588078474927127104e+01
4.589470538800428301e+01
4.590855119486211322e+01
4.592232293928145737e+01
4.593602137914273698e+01
4.594964726099765784e+01
4.596320132029124039e+01
4.597668428157842158e+01
4.599009685873547681e+01
4.600343975516631900e+01
4.601671366400387342e+01
4.602991926830667069e+01
4.604305724125075017e+01
4.605612824631708691e+01
4.606913293747454219e+01
4.608207195935865741e+01
4.609494594744614204e+01
4.610775552822545365e+01
4.612050131936338460e+01
4.613318392986784033e+01
4.614580396024687303e+01
4.615836200266418388e+01
4.617085864109100157e+01
4.618329445145464263e+01
4.619567000178363969e+01
4.620798585234970801e+01
4.622024255580654994e+01
4.623244065732554020e+01
4.624458069472846944e+01
4.625666319861737463e+01
4.626868869250147043e+01
4.628065769292143727e+01
4.629257070957091003e+01
4.630442824541539437e+01
4.631623079680866795e+01
4.632797885360659507e+01
4.633967289927862510e+01
4.635131341101685365e+01
4.636290085865024224e+01
4.637443570948192217e+01
4.638591842134776044e+01
4.639734944737617184e+01
4.640872923493027713e+01
4.642005822570399687e+01
4.643133685581620540e+01
4.644256555590292379e+01
4.645374475120764401e+01
4.646487486166979863e+01
4.647595630201145411e+01
4.648698948182226331e+01
4.649797480564267715e+01
4.650891267304551491e+01
4.651980347871590027e+01
4.653064761252963422e+01
4.654144545962994073e+01
4.655219740050281985e+01
4.656290381105077358e+01
4.657356506266525997e+01
4.658418152229755549e+01
4.659475355252839535e+01
4.660528151163615718e+01
4.661576575366379416e+01
4.662620662848447495e+01
4.663660448186592333e+01
4.664695965553359258e+01
4.665727248723260345e+01
4.666754331078851692e+01
4.667777245616697002e+01
4.668796024953216772e+01
4.669810701330434455e+01
4.670821306621604663e+01
4.671827872336747589e+01
4.672830429628075422e+01
4.673829009295317860e+01
4.674823641790955264e+01
4.675814357225348772e+01
4.676801185371780889e+01
4.677784155671407973e+01
4.678763297238112528e+01
4.679738638863278766e+01
4.680710209020477208e+01
4.681678035870064036e+01
4.682642147263702270e+01
4.683602570748796268e+01
4.684559333572858719e+01
4.685512462687785273e+01
4.686461984754066634e+01
4.687407926144918946e+01
4.688350312950348098e+01
4.689289170981134447e+01
4.690224525772761410e+01
4.691156402589258789e+01
4.692084826426995647e+01
4.693009822018397870e+01
4.693931413835608168e+01
4.694849626094077166e+01
4.695764482756099767e+01
4.696676007534286157e+01
4.697584223894976674e+01
4.698489155061600542e+01
4.699390824017972790e+01
4.700289253511543563e+01
4.701184466056583489e+01
4.702076483937326401e+01
4.702965329211052392e+01
4.703851023711119694e+01
4.704733589049953935e+01
4.705613046621981255e+01
4.706489417606512404e+01
4.707362722970587043e+01
4.708232983471765465e+01
4.709100219660875553e+01
4.709964451884717107e+01
4.710825700288724249e+01
4.711683984819578086e+01
4.712539325227787401e+01
4.713391741070215346e+01
4.714241251712580549e+01
4.715087876331907069e+01
4.715931633918940236e+01
4.716772543280521290e+01
4.717610623041932172e+01
4.718445891649191992e+01
4.719278367371327931e+01
4.720108068302603499e+01
4.720935012364719796e+01
4.721759217308970591e+01
4.722580700718376789e+01
4.723399480009781826e+01
4.724215572435915078e+01
4.725028995087420469e+01
4.725839764894863038e+01
4.726647898630697142e+01
4.727453412911206954e+01
4.728256324198417104e+01
4.729056648801974916e+01
4.729854402881008468e+01
4.730649602445944879e+01
4.731442263360316502e+01
4.732232401342528760e+01
4.733020031967605235e+01
4.733805170668911444e+01
4.734587832739843094e+01
4.735368033335498694e+01
4.736145787474323754e+01
4.736921110039728688e+01
4.737694015781689671e+01
4.738464519318316093e+01
4.739232635137406646e+01
4.739998377597973445e+01
4.740761760931748370e+01
4.741522799244666686e+01
4.742281506518331469e+01
4.743037896611451743e+01
4.743791983261267120e+01
4.744543780084946150e+01
4.745293300580965479e+01
4.746040558130475517e+01
4.746785565998636969e+01
4.747528337335945281e+01
4.748268885179537335e+01
4.749007222454473975e+01
4.749743361975008327e+01
4.750477316445837062e+01
4.751209098463330349e+01
4.751938720516753278e+01
4.752666194989454596e+01
4.753391534160058995e+01
4.754114750203626727e+01
4.754835855192801830e+01
4.755554861098954689e+01
4.756271779793289056e+01
4.756986623047953344e+01
4.757699402537124911e+01
4.758410129838085112e+01
4.759118816432277299e+01
4.759825473706349896e+01
4.760530112953189530e+01
4.761232745372934971e+01
4.761933382073983978e+01
4.762632034073975973e+01
4.763328712300774725e+01
4.764023427593429716e+01
4.764716190703124710e+01
4.765407012294117806e+01
4.766095902944665852e+01
4.766782873147940336e+01
4.767467933312924089e+01
4.768151093765304438e+01
4.768832364748352148e+01
4.769511756423781890e+01
4.770189278872614835e+01
4.770864942096018524e+01
4.771538756016140326e+01
4.772210730476932383e+01
4.772880875244958077e+01
4.773549200010201332e+01
4.774215714386849641e+01
4.774880427914081338e+01
4.775543350056834413e+01
4.776204490206565367e+01
4.776863857682004522e+01
4.777521461729897112e+01
4.778177311525736570e+01
4.778831416174483593e+01
4.779483784711288052e+01
4.780134426102186751e+01
4.780783349244807567e+01
4.781430562969050868e+01
4.782076076037773049e+01
