# bin_1_1
7.739384109079671781e+00
7.743990696033999477e+00
7.738882316183560484e+00
7.743172223529642295e+00
7.738309966077459912e+00
7.742296888842966851e+00
7.737661908213200768e+00
7.741358383954855427e+00
7.736932528735620096e+00
7.740349982143385432e+00
7.736115733910353676e+00
7.739264519628553884e+00
7.735204936365499329e+00
7.738094380723210541e+00
7.734193045212264472e+00
7.736831487634098004e+00
7.733072461312585411e+00
7.735467296277565907e+00
7.731835079160200408e+00
7.733992799686082442e+00
7.730472297092113365e+00
7.732398540818172350e+00
7.728975037754217681e+00
7.730674636809588662e+00
7.727333780987907019e+00
7.728810816930390182e+00
7.725538611500073038e+00
7.726796476676800474e+00
7.723579283825411146e+00
7.724620750571370209e+00
7.721445307180267115e+00
7.722272606223497426e+00
7.719126052725294507e+00
7.719740962098392778e+00
7.716610885538791820e+00
7.717014831064913594e+00
7.713889323099418327e+00
7.714083491153733263e+00
7.710951221243485421e+00
7.710936683904247246e+00
7.707786987286273650e+00
7.707564839151317848e+00
7.704387818160007839e+00
7.703959322928673359e+00
7.700745958906517252e+00
7.700112702280827115e+00
7.696854973559275059e+00
7.696019017024077868e+00
7.692710016247578331e+00
7.691674043855087461e+00
7.688308085255271429e+00
7.687075532638941056e+00
7.683648236789087704e+00
7.682223388386593577e+00
7.678731728600769912e+00
7.677119765642363092e+00
7.673562056801932485e+00
7.671769035366057921e+00
7.668144842971657660e+00
7.666177578853559993e+00
7.662487524182693299e+00
7.660353360250141463e+00
7.656598797540204338e+00
7.654305230703204899e+00
7.650487775502507581e+00
7.648041925753405579e+00
7.644162821407836539e+00
7.641570736116635842e+00
7.637630059393878845e+00
7.634895863741287592e+00
7.630891592292531556e+00
7.628016522645220121e+00
7.623943517255900026e+00
7.620924908789348251e+00
7.616773901816587866e+00
7.613604243444022757e+00
7.609360968888251087e+00
7.606027183433682559e+00
7.601671827814908688e+00
7.598154975322898963e+00
7.593662161484832751e+00
7.589937785610752385e+00
7.585277308181433753e+00
7.581316631672316397e+00
7.576455122994084412e+00
7.572227226782749732e+00
7.567130823770278347e+00
7.562605794531823911e+00
7.557243682979413180e+00
7.552396475169813606e+00
7.546744907019965254e+00
7.541559349336264262e+00
7.535605389865996706e+00
7.530077424081228266e+00
7.523821366803663757e+00
7.517960344353430635e+00
7.511415566240438935e+00
7.505242406451933412e+00
7.498431607378076791e+00
7.491973032737203830e+00
7.484920494307709227e+00
7.478199552788795224e+00
7.470920347833843067e+00
7.463944992049248661e+00
7.456433815289607026e+00
7.449187088336439722e+00
7.441411002863229207e+00
7.433847597178159461e+00
7.425747507511364809e+00
7.417800972753517463e+00
7.409304861787934016e+00
7.400906491960991929e+00
7.391952709709202374e+00
7.383057088209073804e+00
7.373619126655590605e+00
7.364224489001832907e+00
7.354323053492594298e+00
7.344471593795019793e+00
7.334160783086118407e+00
7.323910275023077787e+00
7.313236765505549464e+00
7.302612363197801493e+00
7.291567590522153530e+00
7.280524011451627864e+00
7.269026156801488447e+00
7.257457209984970348e+00
7.245391376698367303e+00
7.233197104174321268e+00
7.220497880459403994e+00
7.207664054228674289e+00
7.194369814124845774e+00
7.180976944330157430e+00
7.167182448028238007e+00
7.153306195285111357e+00
7.139033406996534659e+00
7.124624073786356426e+00
7.109754495625676185e+00
7.094656761243326670e+00
7.079046633937894129e+00
7.063180744878660100e+00
7.046843479855421144e+00
7.030308781295027565e+00
7.013378299309333208e+00
6.996270079068277248e+00
6.978738513047304082e+00
6.960931190498085286e+00
6.942604113012657230e+00
6.923932224203619867e+00
6.904763238703355732e+00
6.885324639105443900e+00
6.865484322912976722e+00
6.845392226638659317e+00
6.824832553776068345e+00
6.803888732730543509e+00
6.782394223713708925e+00
6.760529628764267329e+00
6.738228532422000150e+00
6.715644343574251884e+00
6.692602698085506674e+00
6.669138285281975165e+00
6.645105454117572030e+00
6.620669588669548133e+00
6.595803984660324026e+00
6.570608161145157666e+00
6.544895767810419152e+00
6.518691748670947916e+00
6.491955097032886535e+00
6.464866329686821622e+00
6.437339644036424779e+00
6.409344163932142457e+00
6.380763861636175704e+00
6.351767602777529831e+00
6.322354718901354254e+00
6.292495725576786825e+00
6.262046440959160520e+00
6.231160044134476550e+00
6.199864186213402739e+00
6.168102556900168842e+00
6.135762331569853067e+00
6.103024857648994939e+00
6.069866285449989185e+00
6.036185651020804954e+00
6.002006534631025403e+00
5.967482082600714222e+00
5.932442217881892965e+00
5.896920819488616239e+00
5.861039575264487489e+00
5.824694145795379363e+00
5.787866898172887353e+00
5.750724337003835451e+00
5.713090104782780898e+00
5.675069428275323347e+00
5.636710624939168746e+00
5.597882763158234631e+00
5.558769632374785274e+00
5.519246451951834054e+00
5.479388597011100259e+00
5.439225609305608167e+00
5.398691364479869748e+00
5.357919499406731845e+00
5.316788788004809696e+00
5.275451000477397123e+00
5.233795361160721527e+00
5.191950668955406911e+00
5.149836225895229269e+00
5.107552286097088334e+00
5.065044964138786021e+00
5.022392456150795326e+00
4.979559563559711854e+00
4.936609399551013411e+00
4.893518767920856050e+00
4.850340390521674649e+00
4.807058574554702979e+00
4.763718325025418920e+00
4.720308500716769551e+00
4.676867774633727493e+00
4.633387524665737445e+00
4.589900732635348923e+00
4.546399796669253313e+00
4.502912241628015622e+00
4.459430322907753208e+00
4.415976144483950705e+00
4.372540908446826968e+00
4.329141277694087186e+00
4.285766725427995638e+00
4.242428507479763411e+00
4.199113948670006202e+00
4.155829081689627280e+00
4.112558962124174045e+00
4.069304819556817776e+00
4.026049669004405196e+00
3.982790667407940521e+00
3.939509413596756104e+00
3.896200087092228870e+00
3.852843917313761857e+00
3.809433587792919518e+00
3.765951417671792978e+00
3.722390434346603438e+00
3.678735852617046831e+00
3.634983147329616138e+00
3.591122442686444760e+00
3.547153851405754565e+00
3.503074403570597184e+00
3.458890860700559955e+00
3.414608826023322052e+00
3.370243194018251121e+00
3.325809099693568971e+00
3.281330132681492540e+00
3.236830811225730908e+00
3.192342682786161845e+00
3.147898058847202751e+00
3.103534149279182586e+00
3.059287874777369964e+00
3.015198244543954242e+00
2.971302176092112557e+00
2.927635421220076584e+00
2.884229458278532832e+00
2.841111381466161045e+00
2.798302061383246997e+00
2.755815499938567559e+00
2.713658534416416135e+00
2.671830169363682561e+00
2.630323067124693104e+00
2.589123237816206125e+00
2.548213360975227992e+00
2.507572906070177243e+00
2.467182953135488965e+00
2.427026354681080633e+00
2.387093243013252764e+00
2.347380362881795079e+00
2.307896064449364459e+00
2.268657686190686196e+00
2.229694827750688280e+00
2.191043947536107872e+00
2.152749357445507439e+00
2.114855193802473110e+00
2.077404889339830696e+00
2.040432164861037734e+00
2.003961220154668599e+00
1.967999591131745163e+00
1.932541923029121200e+00
1.897567270528279115e+00
1.863047964563915970e+00
1.828951430689599533e+00
1.795252219047630327e+00
1.761934508593778093e+00
1.729001786458244982e+00
1.696473903177685205e+00
1.664388851399821290e+00
1.632791145900715613e+00
1.601726102616879643e+00
1.571224503766315506e+00
1.541298432685313191e+00
1.511933736811254869e+00
1.483098176302579674e+00
1.454748017970430185e+00
1.426846987382516474e+00
1.399376380477927784e+00
1.372346821024644559e+00
1.345791980750877803e+00
1.319759039938082079e+00
1.294285341885284213e+00
1.269383748438478676e+00
1.245031736159959879e+00
1.221182951970923414e+00
1.197786191909015363e+00
1.174813987660998205e+00
1.152274724557063701e+00
1.130209086391436024e+00
1.108661127429871662e+00
1.087648641973855357e+00
1.067144629117676269e+00
1.047092555281922355e+00
1.027441358369244107e+00
1.008181897604586430e+00
9.893493055955269178e-01
9.709898805920464948e-01
9.531130497602209317e-01
9.356751823032466442e-01
9.186121125319572922e-01
9.018958517619029003e-01
8.855565442535110465e-01
8.696419451212207274e-01
8.541533723450690507e-01
8.390322520428358244e-01
8.242214489710122383e-01
8.097279856337371573e-01
7.956040137856735805e-01
7.818606061733168744e-01
7.684385524150952884e-01
7.552831661347464420e-01
7.424193374989506156e-01
7.298956080132179558e-01
7.176871905311273947e-01
7.057220440963875019e-01
6.940009423306023884e-01
6.825785836860952527e-01
6.714394163593457865e-01
6.605097494577187867e-01
6.498016519367237898e-01
6.393659873313467523e-01
6.291587846838908593e-01
6.191250109672110646e-01
6.093189751338902171e-01
5.997434011459766845e-01
5.903266558159261379e-01
5.810952907724814542e-01
5.720811365149787164e-01
5.632083752663055165e-01
5.545043663921274124e-01
5.459883214866453338e-01
5.375960257526899433e-01
5.293684233249172921e-01
5.212946174482678829e-01
5.133260716420752212e-01
5.055300463974925496e-01
4.978320088373983654e-01
4.902690862368285218e-01
4.828223578416082074e-01
4.754805652800749294e-01
4.682650771911425203e-01
4.611290462565306725e-01
4.541133690573222470e-01
4.471776896068759832e-01
4.403506132080599600e-01
4.335935536757688502e-01
4.269339490588947572e-01
4.203494239508873132e-01
4.138507802653622614e-01
4.074163830880152548e-01
4.010626688411957352e-01
3.947771010061345009e-01
3.885615473769875039e-01
3.824031585569210856e-01
3.763141634011421544e-01
3.702850107052638728e-01
3.643143211830929817e-01
3.583946227417865726e-01
3.525364853398901821e-01
3.467311604018363247e-01
3.409750879496162845e-01
3.352651679820758401e-01
3.296126626450004982e-01
3.240080487374705220e-01
3.184456573285867065e-01
3.129266416372727955e-01
3.074621949067955495e-01
3.020426583119698027e-01
2.966599144395265508e-01
2.913192777991800986e-01
2.860311682736055849e-01
2.807853989439953457e-01
2.755730959228721022e-01
2.704033245597170509e-01
2.652849854481605374e-01
2.602066083123044105e-01
2.551606909275980772e-01
2.501595830316822311e-01
2.452091265475990489e-01
2.402963449942018548e-01
2.354171961414670000e-01
2.305860441532057992e-01
2.258046868041563848e-01
2.210599502912476422e-01
2.163519670942898876e-01
2.116952290623201338e-01
2.070879827463734113e-01
2.025162111315959856e-01
1.979845040171911985e-01
1.935088804539929208e-01
1.890834134278429890e-01
1.846921251059384650e-01
1.803448754126203146e-01
1.760577023713488232e-01
1.718227334966841713e-01
1.676207633212565828e-01
1.634673285322767455e-01
1.593760895321635340e-01
1.553380913547143249e-01
1.513328832637431121e-01
1.473810453891255812e-01
1.434928953448920130e-01
1.396577423313496713e-01
1.358573060873975724e-01
1.321155300448406955e-01
1.284377016847734754e-01
1.248112626108388024e-01
1.212233838759960436e-01
1.176992595130681440e-01
1.142384029210154611e-01
1.108281344108371230e-01
1.074619512693182344e-01
1.041628401885395933e-01
1.009258537267117284e-01
9.773901683238721272e-02
9.460146004827901800e-02
9.153376621678398217e-02
8.852785765844427279e-02
8.557058178145483807e-02
8.266649890199571915e-02
7.983347777686262969e-02
7.706229589616915565e-02
7.433728259075117473e-02
7.166911005803144885e-02
6.906961742397285664e-02
6.653179187291591301e-02
6.403771759252682716e-02
6.160307081294374987e-02
5.923403856918928179e-02
5.692475053559832576e-02
5.465872724204220295e-02
5.245392631498150410e-02
5.031191385241007286e-02
4.822679982670550342e-02
4.618633921964653000e-02
4.420816964945332994e-02
4.228966524689693751e-02
4.042503582932728545e-02
3.860709089008936001e-02
3.685006927533449050e-02
3.514856826945475521e-02
3.349776547455042552e-02
3.189410399037083399e-02
3.034747679956100591e-02
2.885298787306291718e-02
2.740530972241755556e-02
2.600368349321046518e-02
2.465563031659631990e-02
2.335664297917456472e-02
2.210059057770956750e-02
2.089030812251068889e-02
1.972804481096041701e-02
1.861248986669215150e-02
1.753523999858209309e-02
1.650204952871614852e-02
1.551109503937491384e-02
1.456324430355697939e-02
1.365071580484311480e-02
1.278017516337524861e-02
1.194831937725280777e-02
1.115680420556653882e-02
1.039953480741845349e-02
9.681671309897242617e-03
8.998662761774186419e-03
8.351552845130609526e-03
7.735449777051517893e-03
7.152990874928125305e-03
6.599907601714301124e-03
6.077798017458349578e-03
5.583855687878474215e-03
5.119758980309723449e-03
4.683978899617547223e-03
4.278966243925704654e-03
3.903200504218715290e-03
3.557126541720760995e-03
3.240778319836974328e-03
2.956935770529518174e-03
2.706103466237660959e-03
2.489438949515868343e-03
2.311496913965575221e-03
2.175937566797057389e-03
2.081002786498323265e-03
2.018428469803010359e-03
1.979168879287140394e-03
1.947033753311149277e-03
1.898371253125696228e-03
1.807541724636016088e-03
1.658925982326746968e-03
1.443915000853408315e-03
1.160391912089361703e-03
8.163953937298378287e-04
4.327346600320537457e-04
3.294241725636296275e-05
-3.618979280106819933e-04
-7.300728049450924727e-04
-1.051202086581887489e-03
-1.315010324796993908e-03
-1.522815099713540439e-03
-1.678902347098917879e-03
-1.788165068694542656e-03
-1.857097159454483299e-03
-1.892248028939924696e-03
-1.895796276878676610e-03
-1.871428436608625623e-03
-1.829230762601450136e-03
-1.781453925534227066e-03
-1.732209866828130504e-03
-1.678215322029278506e-03
-1.617375563035521307e-03
-1.550340535302690290e-03
-1.480081616975306843e-03
-1.410989461716633973e-03
-1.349916388571434844e-03
-1.295128840321249858e-03
-1.238971877869218027e-03
-1.174746959803956532e-03
-1.108570106861758503e-03
-1.048221614380884497e-03
-9.967339745459347002e-04
-9.472473392246991315e-04
-8.948307213642600969e-04
-8.373880908422109233e-04
-7.816822327018241876e-04
-7.362003771263652980e-04
-7.029926836336893112e-04
-6.703793633195185946e-04
-6.307530753137122539e-04
-5.863285923248561567e-04
-5.481279378599308080e-04
-5.228283132941983396e-04
-5.014614446928777110e-04
-4.718882108526568464e-04
-4.358858912406723051e-04
-4.020386779981320992e-04
-3.810737806695705483e-04
-3.675429562471613687e-04
-3.471826642901715602e-04
-3.198022574055121056e-04
-2.932676063253334699e-04
-2.777444413136053044e-04
-2.693120036679070282e-04
-2.551398608901482698e-04
-2.340208821386589801e-04
-2.173414337138884712e-04
-2.058255908073222565e-04
-1.983628436343000281e-04
-1.911077053790288804e-04
-1.724740614471212516e-04
-1.559501704169240037e-04
-1.551813628214184480e-04
-1.521653668982825118e-04
-1.407889514869702487e-04
-1.286088310750344466e-04
-1.200595645643873292e-04
-1.161049218900472364e-04
-1.181602616411128758e-04
-1.090730644143338699e-04
-9.303800453942378135e-05
-9.256077335190765368e-05
-9.105406545865872927e-05
-8.565021931768362418e-05
-7.680171754005196455e-05
-6.927335810871475936e-05
-6.363651912305220146e-05
-6.255195741120275841e-05
-6.235073841241951852e-05
-4.967247950732288082e-05
-4.635359552837133522e-05
-4.797584689623150903e-05
-4.679269788083871849e-05
-3.978068637421121957e-05
-3.768133456411310175e-05
-3.727177171103367452e-05
-3.446214766299844965e-05
-3.408908826081616839e-05
-3.062954225767107187e-05
-2.605990424606824342e-05
-2.594143789231847269e-05
-2.746870707019154266e-05
-2.146779007700063527e-05
-1.736928424508528288e-05
-1.946861314831107209e-05
-1.964417500346682353e-05
-1.346768512766481305e-05
-1.241161337680758252e-05
-1.295724052293640132e-05
-1.256425180018561858e-05
-8.899136361643589325e-06
-8.250331005065644359e-06
-8.067194239113943284e-06
-6.543701689141150639e-06
-6.583387839369849287e-06
-4.838804514400402017e-06
-4.756010118201746665e-06
-2.917301929114488480e-06
-4.428715042239527983e-06
-2.587879115797049508e-06
-2.003613627553290134e-06
-1.199622388143018150e-06
-2.182663436428836484e-06
-1.051908651951264141e-06
-3.432405503065448020e-07
-7.442006460972457559e-07
-1.092666788519156815e-06
-7.559663042763649324e-07
-4.330037383273402565e-07
-8.994329731372214411e-07
-9.175789095673607216e-07
-9.896645059634096817e-07
-1.001825743913296528e-06
-9.018915346521983136e-07
-1.144201587947255290e-06
-1.572390616490296787e-06
-1.711713119339082646e-06
-1.177391647151888494e-06
-1.522179863425855259e-06
-1.862753095405486297e-06
-1.816809124561414258e-06
-1.121307756377974622e-06
-1.380325904406586287e-06
-1.786263483039814086e-06
-1.299181880047501721e-06
-6.720840646735410041e-07
-7.919580468476552632e-07
-1.180550912346959511e-06
-4.821488984980843166e-07
-6.276798440502384336e-08
-2.460835170004944456e-07
-5.186345837420877698e-07
6.998393927601478181e-08
2.675800567819905140e-07
-8.596052383358205222e-08
-3.217800587141600126e-07
2.071196385193877206e-08
6.681948762954003670e-08
-3.412528323891668702e-07
-4.612568242865260029e-07
-2.546994494063899281e-07
-2.471576859667117321e-07
-5.132434098411197442e-07
-4.380154254770155261e-07
-1.943004469887709567e-07
-1.713377150931247814e-07
-2.776209930773684354e-07
-1.241269992742042387e-07
9.054169885542693199e-08
1.477217996830368069e-08
-5.534710055357068461e-08
-4.746754563283158535e-08
7.837437079152857530e-08
-1.125136018237626024e-07
-1.574384207082692023e-07
-1.946717940729807871e-07
-4.698188632585750572e-08
-1.728107608646646008e-07
-1.038933020160829318e-07
-8.563411092626315153e-08
8.077899056430493168e-08
-4.019856897162756578e-08
9.275196882429506119e-09
-2.979098631249820852e-08
1.733206672503292622e-08
-1.123657746950618850e-07
-7.073489252475462879e-08
-7.466057452346919286e-08
-6.614117667932891850e-09
-4.242635472842819035e-08
1.296931914263183759e-08
5.609203767865159407e-09
1.152602623500686439e-08
-5.419223707329200656e-08
-3.979390697724785361e-08
-3.590908846875323670e-08
-1.213695757157238263e-08
-1.389165691096982881e-08
6.646200057947098525e-09
8.154291908235173770e-09
-1.834250799710589310e-08
-3.396465108057656145e-08
-2.648786224344665029e-08
4.241254977596555867e-09
2.048850973123592803e-09
-1.985619470384042154e-10
-1.531657097364086375e-08
-1.165485394660559958e-08
-1.623800386658812279e-08
2.143181091309140273e-10
2.609688919872821455e-09
-6.156574552946414832e-10
-1.693659810106922424e-08
-9.035240888751988305e-09
1.553726694216172989e-09
4.393542008680565620e-09
-8.788601459052722191e-09
-9.647475503759401546e-09
-1.056320632585247376e-09
3.309758813478060619e-09
-4.427903827016043013e-09
-7.785051802765807284e-09
-1.001153676173524531e-10
1.547194962423020132e-09
-4.058246537844865302e-09
-5.149161222378078177e-09
2.328516182211412031e-09
-1.725947440161228866e-09
-3.541872716096319220e-09
-1.131392923891737067e-09
1.594188459694417994e-09
-4.647151531966224049e-09
7.042538520250486818e-10
-6.867903038168408432e-10
-1.713021223156948457e-09
-8.810169389525643930e-10
6.315599321800861382e-10
-2.831802407524955527e-09
1.505049186658422762e-09
-2.136771770096230140e-09
3.517499083894231120e-10
-7.915818824028136510e-10
-4.214851554244621847e-10
-2.902067998693855314e-10
-4.288494833830129704e-10
-3.106917462120986233e-10
-2.093773953652865326e-10
-3.908207264527621872e-10
-4.331006941911853978e-11
-4.061019337064218815e-10
4.640455429018016885e-11
-3.768989227876191973e-10
9.463205735002701327e-11
-3.326731493200371373e-10
1.246229940273527834e-10
-2.871610160792815251e-10
1.460011724790487443e-10
-2.447033786489791971e-10
1.622803047166839928e-10
-2.062147201469417748e-10
1.749105452371874665e-10
-1.716261202869049222e-10
1.846887833397187990e-10
-1.406322897592371923e-10
1.921684563973628395e-10
-1.128885542510325553e-10
1.977768884694574914e-10
-8.806044012466298086e-11
2.018566861634686746e-10
-6.583690866889253342e-11
2.046867340629563623e-10
-4.593407743077850991e-11
2.064960121105331817e-10
-2.809572670053634948e-11
2.074736793514651838e-10
-1.209233654632288670e-11
2.077767014030257437e-10
2.280631520420514285e-12
2.075357319914476567e-10
1.520480882919464525e-11
2.068597242395194708e-10
2.684110532451940670e-11
2.058396034903472844e-10
3.733186030090909714e-11
2.045512347616227577e-10
4.680287624080087316e-11
2.030578498605903731e-10
5.536529501044128430e-11
2.014120523888519718e-10
6.311730060721827207e-11
1.996574873284604856e-10
7.014564789129177501e-11
1.978302397025014552e-10
7.652702464934063957e-11
1.959600118844969663e-10
8.232925898562213435e-11
1.940711178862571542e-10
8.761238550631657640e-11
1.921833253262350728e-10
9.242958454307041583e-11
1.903125695581435722e-10
9.682800781915121861e-11
1.884715602153929382e-10
1.008495035583832158e-10
1.866702966542621790e-10
1.045312525951217726e-10
1.849165061762456983e-10
1.079063262144958210e-10
1.832160165730078004e-10
1.110041751614670943e-10
1.815730727418178374e-10
1.138510582751795733e-10
1.799906056348087466e-10
1.164704182407771626e-10
1.784704605117289650e-10
1.188832110543616956e-10
1.770135904738811836e-10
1.211081949302592208e-10
1.756202203356590692e-10
1.231621838391591874e-10
1.742899851682954380e-10
1.250602700222358490e-10
1.730220472431424125e-10
1.268160194292989998e-10
1.718151944788673796e-10
1.284416434763060770e-10
1.706679231884295336e-10
1.299481500791377192e-10
1.695785073748930088e-10
1.313454765693674310e-10
1.685450566062778340e-10
1.326426067698012508e-10
1.675655641370734380e-10
1.338476741634451731e-10
1.666379467860680778e-10
1.349680529438357361e-10
1.657600777509119143e-10
1.360104383959597640e-10
1.649298134981374267e-10
1.369809179490293390e-10
1.641450155867576671e-10
1.378850340591454471e-10
1.634035682398487386e-10
1.387278398831393504e-10
1.627033923224510660e-10
1.395139486747205460e-10
1.620424562990878941e-10
1.402475776147229403e-10
1.614187846488760857e-10
1.409325867666890283e-10
1.608304641797683562e-10
1.415725137594200498e-10
1.602756485508824191e-10
1.421706046695843253e-10
1.597525613599333385e-10
1.427298415824600165e-10
1.592594980027117910e-10
1.432529672074074315e-10
1.587948265543306502e-10
1.437425068948518951e-10
1.583569878348231495e-10
1.442007883547179940e-10
1.579444948315750054e-10
1.446299593469196309e-10
1.575559315941960230e-10
1.450320035620980371e-10
1.571899517317576577e-10
1.454087549057742574e-10
1.568452765767334260e-10
1.457619103661399177e-10
1.565206931261586908e-10
1.460930416142742238e-10
1.562150517984546435e-10
1.464036054853621701e-10
1.559272640712004715e-10
1.466949534510470049e-10
1.556563000468857525e-10
1.469683402055566915e-10
1.554011859686147778e-10
1.472249314483436726e-10
1.551610017387613252e-10
1.474658109473070968e-10
1.549348784404140803e-10
1.476919869720321181e-10
1.547219958945813613e-10
1.479043981420331605e-10
1.545215802692947820e-10
1.481039187636096476e-10
1.543329017430943035e-10
1.482913637009406801e-10
1.541552722416275204e-10
1.484674928272266813e-10
1.539880432460136382e-10
1.486330150994122174e-10
1.538306036858146633e-10
1.487885922925772196e-10
1.536823779087786212e-10
1.489348424217321028e-10
1.535428237436530533e-10
1.490723428882792778e-10
1.534114306393424244e-10
1.492016333697028866e-10
1.532877178963317891e-10
1.493232184812220835e-10
1.531712329793013888e-10
1.494375702256381039e-10
1.530615499114061540e-10
1.495451302523144981e-10
1.529582677509153571e-10
1.496463119444284671e-10
1.528610091448725516e-10
1.497415023444104443e-10
1.527694189585599188e-10
1.498310639341720959e-10
1.526831629783094179e-10
1.499153362841894349e-10
1.526019266836207115e-10
1.499946375783590219e-10
1.525254140851690923e-10
1.500692660284823436e-10
1.524533466294952061e-10
1.501395011846267135e-10
1.523854621624203326e-10
1.502056051499728664e-10
1.523215139499584216e-10
1.502678237111740944e-10
1.522612697568637741e-10
1.503263873853747114e-10
1.522045109739348166e-10
1.503815123948982433e-10
1.521510317985000312e-10
1.504334015711364018e-10
1.521006384568445015e-10
1.504822451970281442e-10
1.520531484751414512e-10
1.505282217892753937e-10
1.520083899893487457e-10
1.505714988264068388e-10
1.519662010939195511e-10
1.506122334247583565e-10
1.519264292291538830e-10
1.506505729692788021e-10
1.518889306003589203e-10
1.506866556988297498e-10
1.518535696315481420e-10
1.507206112498329933e-10
1.518202184479048168e-10
1.507525611631694099e-10
1.517887563869545534e-10
1.507826193535523110e-10
1.517590695354489516e-10
1.508108925459577562e-10
1.517310502916963518e-10
1.508374806800413750e-10
1.517045969496201136e-10
1.508624772842835312e-10
1.516796133039409401e-10
1.508859698226703082e-10
1.516560082752389388e-10
1.509080400136881380e-10
1.516336955517238507e-10
1.509287641246175767e-10
1.516125932484626426e-10
1.509482132413386311e-10
1.515926235802848149e-10
1.509664535146265255e-10
1.515737125486883620e-10
1.509835463849750755e-10
1.515557896400503701e-10
1.509995487855392221e-10
1.515387875350586307e-10
1.510145133239362498e-10
1.515226418264351969e-10
1.510284884449872135e-10
1.515072907451669488e-10
1.510415185729246923e-10
1.514926748928603470e-10
1.510536442342805502e-10
1.514787369793745272e-10
1.510649021623381168e-10
1.514654215643168646e-10
1.510753253819916120e-10
1.514526748009210501e-10
1.510849432762330885e-10
1.514404441812912559e-10
1.510937816336268344e-10
1.514286782816879180e-10
1.511018626764681006e-10
1.514173265058344637e-10
1.511092050703476096e-10
1.514063388260128303e-10
1.511158239135181996e-10
1.513956655196526068e-10
1.511217307069040482e-10
1.513852569005757360e-10
1.511269333035468822e-10
1.513750630432327481e-10
1.511314358372015248e-10
1.513650334988300650e-10
1.511352386296342549e-10
1.513551170017983424e-10
1.511383380761424064e-10
1.513452611653425193e-10
1.511407265082100232e-10
1.513354121649666769e-10
1.511423920333847435e-10
1.513255144084027636e-10
1.511433183514645932e-10
1.513155101914069378e-10
1.511434845467088724e-10
1.513053393379518478e-10
1.511428648556878220e-10
1.512949388244627515e-10
1.511414284108143703e-10
1.512842423874258593e-10
1.511391389596382729e-10
1.512731801144458777e-10
1.511359545605712134e-10
1.512616780188443398e-10
1.511318272558878577e-10
1.512496575987991702e-10
1.511267027237344862e-10
1.512370353827851312e-10
1.511205199114561384e-10
1.512237224632982378e-10
1.511132106536132922e-10
1.512096240228047781e-10
