# bin_3
0.000000000000000000e+00
0.000000000000000000e+00
0.000000000000000000e+00
3.731295070546025976e-03
8.794253752841684965e-03
1.338256005867212439e-02
1.853781225861382553e-02
2.493243455265914746e-02
3.294878579962727538e-02
4.258686599951848339e-02
5.465094723467597143e-02
6.393303815221736131e-02
8.003166458732956234e-02
9.573474737538924251e-02
1.127167546222561240e-01
1.216296714692128855e-01
1.301470446691134764e-01
1.390072223631285964e-01
1.510185644453461151e-01
1.556332403276468046e-01
1.678159846569194924e-01
1.776254671038670352e-01
1.881469281155119799e-01
1.956227030448410842e-01
2.042587393388577699e-01
2.127761125387645780e-01
2.216626598092490685e-01
2.253280309386187230e-01
2.333971213385298837e-01
2.392511673149343432e-01
2.404509830443307128e-01
2.438922127737031820e-01
2.422177446678408785e-01
2.235348997386398529e-01
2.072516862682396155e-01
2.021096188565284779e-01
2.001187158330267890e-01
1.957941052918933111e-01
1.936845391742740841e-01
1.944492568919143627e-01
1.909289184331255662e-01
1.902433094449016149e-01
1.930648541272203533e-01
1.956358878330778650e-01
2.079504800446976553e-01
2.318808706914872175e-01
2.631420035970180038e-01
2.916738853378678664e-01
3.195728972434297432e-01
3.490672685254542773e-01
3.696750925369770013e-01
3.952272121366974256e-01
4.218341147952085479e-01
4.498781593713682692e-01
4.674139277241122770e-01
4.893402305591552648e-01
5.530227577349007273e-01
6.361528475574874664e-01
7.474060906856496711e-01
8.829061593782170370e-01
1.050722144035134198e+00
1.253596480609308284e+00
1.473136389512702094e+00
1.670275343204580265e+00
1.879834367414100926e+00
2.051777190790166738e+00
2.207871898707760572e+00
2.337570660577124038e+00
2.440016465164380755e+00
2.560143070774969054e+00
2.683157145009038569e+00
2.817562876278338457e+00
2.971126104853316630e+00
3.089182698710946084e+00
3.069049527075899952e+00
2.994502734394246080e+00
2.908485175948027024e+00
2.818630844125370682e+00
2.717806768491067171e+00
2.595188237904026529e+00
2.480150960552232942e+00
2.359787028753407512e+00
2.253412157272096206e+00
2.152205722778945951e+00
2.032131856321330421e+00
1.932032944039916211e+00
1.822955190970393602e+00
1.724899920865511360e+00
1.639066949454569100e+00
1.546404257737792554e+00
1.453042772244701686e+00
1.350728815539719241e+00
1.245830640340709117e+00
1.141591704553567954e+00
1.029494634978179501e+00
9.105942146734469222e-01
8.057883329920332294e-01
7.125982497460544574e-01
6.608479559229369915e-01
6.185907096292283525e-01
5.864989350648580624e-01
5.728790488179619222e-01
5.575187705238978664e-01
5.299493783242719136e-01
4.884436649599334657e-01
4.300350530781245073e-01
3.704398102552121652e-01
3.248863669027213241e-01
2.901971890559563727e-01
2.658844395503606739e-01
2.450920285034711155e-01
2.264091835742291225e-01
2.046674677744949045e-01
1.853517530099702826e-01
1.716395732454249201e-01
1.558705665160972642e-01
1.452699967750154253e-01
1.340761115634448442e-01
1.286835331751807754e-01
1.217878889281770322e-01
1.142725596342049066e-01
1.134419179753944767e-01
1.101457209165271345e-01
9.988795566960363692e-02
8.695367841097169370e-02
7.458634704630542900e-02
6.815217038757917511e-02
6.569979977586820619e-02
6.302328776405398403e-02
5.678688292886611977e-02
5.558706719945914060e-02
4.949569503482801475e-02
4.463050817599951287e-02
4.041137594076780332e-02
3.652186341143338899e-02
3.500561276436923303e-02
3.348936211726277062e-02
3.263235088203553236e-02
3.412223195261944453e-02
3.372668830558498559e-02
3.471554742319229309e-02
3.263235088199327449e-02
3.157756782324875472e-02
3.126113290557042818e-02
3.157756782322759803e-02
3.157756782322759803e-02
3.135342642323012130e-02
3.130068727029079040e-02
3.019316505850121526e-02
3.036456730553820094e-02
3.043049124680227355e-02
3.050959997615839900e-02
3.049641518793943032e-02
3.015361069382314907e-02
3.024590421146170632e-02
2.930978424673027355e-02
2.874283835270112497e-02
2.705518545857882665e-02
2.633002210562590539e-02
2.603995676444896198e-02
2.523568468209760884e-02
2.590810888211119573e-02
2.423364077625016558e-02
2.449733654092571197e-02
2.369306445857435536e-02
2.308656419976137797e-02
2.209770508215406701e-02
2.097699808216667641e-02
2.208452029389274332e-02
2.075285668210574350e-02
2.079241104691071859e-02
2.070011752920870862e-02
2.023864994099478301e-02
1.993539981153541474e-02
1.956622574100234935e-02
1.864329056446873203e-02
1.799723594104115504e-02
1.785220327035750079e-02
1.707430076459215060e-02
1.732481174098526519e-02
1.517569125875480041e-02
1.557123490566235217e-02
1.542620223516906822e-02
1.566352842334321413e-02
1.451645184693903246e-02
1.388358201162466325e-02
1.456919099985721881e-02
1.385721243516557094e-02
1.384402764690429583e-02
1.360670145868784695e-02
1.271013585869793482e-02
1.265739670580089994e-02
1.264421191753962309e-02
1.260465755279810592e-02
1.168172237634909801e-02
1.141802661163125385e-02
1.140484182343343492e-02
1.161579843521194297e-02
1.139165703515100832e-02
1.048190664696327726e-02
1.066649368221923508e-02
9.941330329393241808e-03
1.073241762335638144e-02
1.023139567050669607e-02
9.994069482184496714e-03
9.361199647060525555e-03
9.084319093975628048e-03
8.912916846959779982e-03
9.202982188157860996e-03
8.952471211637842707e-03
9.334830070537928487e-03
8.873362482281715521e-03
8.385525317566382489e-03
8.148199129328792534e-03
8.253677435186309794e-03
8.003166458750895704e-03
8.464634046943640341e-03
7.752655482357781978e-03
7.805394635191358066e-03
7.554883658734789890e-03
8.570112352885746188e-03
7.225263952858633140e-03
7.251633529296573968e-03
7.225263952900938709e-03
6.856089882262138453e-03
7.515329294056725430e-03
6.750611576489226259e-03
7.014307341016669771e-03
6.236404835230193247e-03
6.816535517668654773e-03
6.631948482264640038e-03
6.157296105747126803e-03
6.144111317633916408e-03
5.432132752899962100e-03
5.880415552894918164e-03
5.682643729335390068e-03
5.577165423435551626e-03
5.735382882359303484e-03
5.168436988139811505e-03
5.616719788261659990e-03
5.761752458712660931e-03
4.812447705825724335e-03
5.036589105823192393e-03
5.221176141142598592e-03
5.168436988224420041e-03
4.706969399925896302e-03
4.957480376361304321e-03
4.496012788253159545e-03
4.917926011704392211e-03
4.192762658772637187e-03
4.575121517566962948e-03
3.968621258838625314e-03
4.245501811733110899e-03
4.324610541089236350e-03
4.271871388192204078e-03
3.678555917640533024e-03
3.876327741115434804e-03
3.876327741157739072e-03
3.652186341139108689e-03
3.085240447046504360e-03
3.151164388204810880e-03
3.493968882299940213e-03
3.559892823500551869e-03
3.507153670518910627e-03
3.335751423481931894e-03
3.072055658827533946e-03
3.111610023505610115e-03
3.375305788244596216e-03
3.190718752840582349e-03
3.098425235328931826e-03
3.243457905843362063e-03
3.085240447004200526e-03
2.663327223510660990e-03
2.663327223468338074e-03
2.874283835267998043e-03
2.887468623529272291e-03
2.676512011750775081e-03
2.716066376428828699e-03
2.531479341172892129e-03
2.992946929386797791e-03
2.966577352843097377e-03
2.267783576476176902e-03
2.544664129412994077e-03
2.149120482315072887e-03
2.030457388175120354e-03
2.149120482357371950e-03
2.544664129391842160e-03
2.280968364631697637e-03
2.412816247054070697e-03
2.109566117637021870e-03
2.070011752916640132e-03
2.056826964739992200e-03
2.465555399951105571e-03
1.938163870536588904e-03
2.280968364716299667e-03
1.911794294119788717e-03
2.188674847035441181e-03
1.687652894122320443e-03
1.898609505795044840e-03
1.740392047103951059e-03
1.964533447059114632e-03
1.885424717576077679e-03
1.661283317620900661e-03
1.542620223523262805e-03
1.779946411760853194e-03
1.819500776460067403e-03
1.595359376420287054e-03
1.779946411697381397e-03
1.437141917644574763e-03
1.463511494124819208e-03
1.476696282386094541e-03
1.252554882325160757e-03
1.371217976443967011e-03
1.503065858845188587e-03
1.489881070562762205e-03
1.463511494103668159e-03
1.371217976486257184e-03
1.186630941124546933e-03
1.173446152905577170e-03
1.081152635245869516e-03
1.147076576509941910e-03
1.199815729449278234e-03
1.107522211768423217e-03
1.041598270567805490e-03
9.624895411482177823e-04
8.833808117709412815e-04
1.054783058807920882e-03
7.779025059134157816e-04
7.251633529317715043e-04
6.987937764092230081e-04
9.756743293883317651e-04
7.779025058711114054e-04
6.987937764515384431e-04
9.493047529715549970e-04
6.065002587918355602e-04
8.042720823513481530e-04
7.779025058922636477e-04
5.669458940502981100e-04
5.273915294145403027e-04
5.933154705939988486e-04
6.724242000135860139e-04
6.856089882325425502e-04
3.691740705542195301e-04
4.614675882139224129e-04
5.669458941137563547e-04
3.955436470133181300e-04
5.142067411532652956e-04
2.636957646967051433e-04
3.691740705753716639e-04
4.087284352534367748e-04
4.350980117336811118e-04
2.109566117362130541e-04
3.032501293959101365e-04
2.241413999763158696e-04
0.000000000000000000e+00
0.000000000000000000e+00
0.000000000000000000e+00
0.000000000000000000e+00
0.000000000000000000e+00
0.000000000000000000e+00
0.000000000000000000e+00
0.000000000000000000e+00
0.000000000000000000e+00
0.000000000000000000e+00
0.000000000000000000e+00
0.000000000000000000e+00
0.000000000000000000e+00
0.000000000000000000e+00
0.000000000000000000e+00
0.000000000000000000e+00
0.000000000000000000e+00
0.000000000000000000e+00
0.000000000000000000e+00
0.000000000000000000e+00
0.000000000000000000e+00
0.000000000000000000e+00
0.000000000000000000e+00
0.000000000000000000e+00
0.000000000000000000e+00
0.000000000000000000e+00
0.000000000000000000e+00
0.000000000000000000e+00
0.000000000000000000e+00
0.000000000000000000e+00
0.000000000000000000e+00
0.000000000000000000e+00
0.000000000000000000e+00
0.000000000000000000e+00
0.000000000000000000e+00
0.000000000000000000e+00
0.000000000000000000e+00
0.000000000000000000e+00
0.000000000000000000e+00
0.000000000000000000e+00
0.000000000000000000e+00
0.000000000000000000e+00
0.000000000000000000e+00
0.000000000000000000e+00
0.000000000000000000e+00
0.000000000000000000e+00
0.000000000000000000e+00
