# bin_2
1.312291377585984679e-02
1.759976853454998241e-02
2.802942509614502267e-02
3.851432582946998778e-02
5.341571425663715206e-02
7.009654653110740374e-02
9.167971060618862467e-02
1.168495921465960152e-01
1.450171969003519745e-01
1.795945101404930466e-01
2.202006378408749299e-01
2.580942628636573311e-01
3.040265379277250490e-01
3.519289115370219378e-01
3.956126518920806689e-01
4.426887166871290025e-01
5.037289573819269117e-01
5.659402637521427915e-01
6.252495203993986284e-01
6.792387217720861070e-01
7.413607236541697176e-01
8.075688558522789995e-01
8.741384981566241441e-01
9.431118849857829112e-01
1.012188837329868196e+00
1.072065489004073502e+00
1.125282794994816760e+00
1.156782634036858104e+00
1.158950448565116975e+00
1.118058823415843062e+00
1.075493535239314680e+00
1.079798426937136346e+00
1.089232165385307427e+00
1.094475515719675718e+00
1.095261672128404529e+00
1.114628561875461443e+00
1.137548524141157147e+00
1.179504603406366758e+00
1.240756405741276991e+00
1.308291921083583054e+00
1.418660914980778953e+00
1.571815343001973675e+00
1.724124493658099277e+00
1.866320914842787282e+00
1.991143805529515420e+00
2.115115326762686987e+00
2.253492146530067242e+00
2.360117828579369803e+00
2.464071714182927586e+00
2.572701001267623688e+00
2.694983629250722768e+00
2.865764271010645015e+00
3.066162434733290532e+00
3.209133381974773602e+00
3.318930411777169187e+00
3.401715256908685703e+00
3.372888321964954361e+00
3.193396823512800076e+00
2.910908589730643037e+00
2.582771363028179668e+00
2.263159876582812480e+00
1.993877907432165975e+00
1.775955434005981548e+00
1.576146264535360553e+00
1.397811986101539894e+00
1.239654983723405657e+00
1.099193008000487470e+00
9.597175353442455314e-01
8.166615757682501586e-01
6.856754292911317883e-01
5.757954640028204452e-01
4.825410868172922974e-01
4.152441321466493473e-01
3.588034187321460511e-01
3.137450815425230632e-01
2.763829912948166934e-01
2.408699885494383353e-01
2.139350626450763071e-01
1.947406897851312324e-01
1.775842591900718137e-01
1.631158244596537243e-01
1.527369814594786712e-01
1.417703903164815038e-01
1.326915160591208009e-01
1.278442899736651761e-01
1.237846048626307371e-01
1.225970628553215563e-01
1.199432657637647670e-01
1.145748891458942126e-01
1.059666287725712225e-01
9.553558764522455948e-02
8.388695943470816929e-02
7.372687781636398652e-02
6.685209370882937152e-02
6.571799593776982140e-02
6.643838547538032102e-02
6.784828873537149252e-02
6.963977830434835148e-02
7.362026625686959869e-02
7.874551313642647044e-02
8.194427529053914527e-02
8.221800393085207381e-02
7.865787012709896109e-02
7.550313716255621643e-02
7.473124178061905931e-02
7.826977635932130806e-02
8.034260968000254965e-02
7.972066276419889630e-02
7.968771010040745506e-02
7.858158055663641561e-02
7.653228485294762129e-02
7.612799166633257841e-02
7.712474051918470630e-02
7.792668097701140051e-02
7.728742698981212744e-02
7.811415117380739181e-02
7.712321749691218586e-02
7.156058631038865470e-02
6.140313536683886936e-02
4.677755242860500567e-02
3.442348799010309934e-02
2.520795709735449558e-02
2.173186643214312236e-02
2.049655690787117665e-02
1.922538713175291070e-02
1.910936052550008674e-02
1.838218661590867650e-02
1.654666785747041166e-02
1.475670131078282016e-02
1.265285371814741516e-02
1.269812901683030522e-02
1.224011468074582415e-02
1.223969931102804332e-02
1.254111926559309600e-02
1.260356317902253456e-02
1.314022084721178270e-02
1.351834574192184793e-02
1.282564751850476074e-02
1.328324648486016966e-02
1.415676898968837999e-02
1.508359727428069084e-02
1.460190686465451422e-02
1.405278810508100475e-02
1.436929982579785402e-02
1.458709201160629521e-02
1.484309821085846685e-02
1.562759314080127207e-02
1.629204622384334417e-02
1.619304977572847901e-02
1.646220934927767818e-02
1.755850847648550081e-02
1.649890034056296709e-02
1.629204622382353362e-02
1.632084519052590110e-02
1.558051790674280443e-02
1.643977938484085521e-02
1.690554728879166066e-02
1.601097938521798061e-02
1.575372707676154019e-02
1.563077764193273808e-02
1.580827896562302451e-02
1.578086456459520254e-02
1.567951435486130210e-02
1.549232107117210280e-02
1.581727864266981032e-02
1.629246159352915405e-02
1.599824138069171064e-02
1.601236395092514933e-02
1.540052436474563524e-02
1.569945210103168565e-02
1.513025713866441961e-02
1.483049866299093744e-02
1.456729272198142855e-02
1.419927515689341398e-02
1.426199598344276252e-02
1.384856466319959317e-02
1.360266579355355956e-02
1.279615626889228468e-02
1.235697202649388253e-02
1.210235039286292752e-02
1.256853366661281508e-02
1.247881380876011796e-02
1.284184693724522465e-02
1.216770189423998713e-02
1.180051506863104976e-02
1.207175149074188325e-02
1.200723072877022540e-02
1.168919598574190075e-02
1.187389705116789242e-02
1.119407528871216827e-02
1.132103996409343158e-02
1.150574102951092831e-02
1.098472895376203726e-02
1.146005036115195150e-02
1.106281845967286431e-02
1.074644519547080998e-02
1.093682298027429979e-02
1.097199094929078751e-02
1.050954600294818318e-02
1.053529892508482668e-02
1.048199314535991009e-02
1.051425352633694223e-02
1.023581736253589836e-02
1.023512507969821968e-02
1.025783195735485535e-02
9.547826662460659822e-03
9.626469994718502357e-03
9.951981392511889679e-03
9.788325725886518058e-03
9.888568283120386868e-03
9.732943097602638621e-03
9.449799410368159638e-03
9.786387333884408526e-03
9.237407030907857433e-03
9.317850298424449132e-03
9.185347360272606843e-03
9.265513714742698581e-03
9.090227696182551914e-03
8.907188109636421380e-03
9.307604512224515111e-03
9.081228019070013147e-03
8.877281490329199873e-03
8.192752204554083068e-03
7.841072514856153516e-03
7.907254755641116364e-03
7.711477164614371181e-03
8.096801801010444430e-03
8.411513586282131152e-03
7.791228149374035579e-03
7.301922628361824132e-03
7.705108162351891055e-03
7.787905191616864217e-03
7.798704804222447370e-03
7.429579586562769233e-03
7.052700800968628517e-03
7.259278004539671675e-03
7.084822725362753537e-03
6.944704675815902700e-03
7.044808776445205499e-03
6.833385592873174146e-03
6.266959761953744788e-03
6.363325535198237695e-03
6.391293762480394075e-03
6.650069093193559412e-03
6.279005483617031667e-03
6.009430540420248115e-03
6.256575519105436051e-03
6.044598509318825814e-03
5.931756404164116939e-03
5.526909391285097194e-03
5.594199284684434233e-03
5.385822145685640813e-03
5.566092600797286835e-03
5.218705064771886337e-03
4.927669353110451442e-03
5.123446944099788181e-03
5.445912297396125756e-03
5.331824083081560493e-03
5.129539033208995250e-03
5.042034480471521869e-03
4.917838936557520670e-03
4.922823373157611364e-03
4.933069159333695539e-03
4.948714751812851448e-03
4.887932317216946501e-03
4.849995216911536650e-03
4.973775391125786864e-03
4.927669353056861497e-03
4.631926117897647126e-03
4.802781526283540076e-03
4.295892020726159444e-03
4.318183528603399511e-03
4.627218594521424061e-03
4.707523405564654692e-03
4.628880073378402460e-03
4.498453983752030705e-03
4.261693247782602154e-03
4.181388436709645301e-03
4.289523018458835969e-03
4.363181914077359641e-03
4.099975973160648046e-03
4.321783399410614873e-03
4.094576166850461343e-03
4.240924762164968373e-03
4.390873228270181401e-03
4.245632285538927624e-03
4.014271355781978343e-03
3.975503516064065636e-03
3.869584239392292579e-03
4.057331349305138592e-03
3.780141294680709405e-03
3.755357568504737176e-03
3.601116948694720998e-03
3.536457730103580686e-03
3.534657794718675059e-03
3.737081301206122714e-03
3.329880526582481518e-03
3.541995992982294519e-03
3.789279428340558333e-03
3.900044684908792521e-03
3.676575779790543837e-03
3.483705776664405233e-03
3.585194443015966240e-03
3.336664898587849565e-03
3.300666190191254949e-03
3.209007940302197916e-03
3.068336064396599231e-03
3.189485563898149245e-03
3.361863994452181717e-03
3.238914559567540163e-03
2.964216723219299104e-03
3.047013752551259048e-03
2.869512428898765739e-03
2.936248495919952482e-03
2.837390504413255920e-03
2.660996833268358935e-03
2.567677104591680783e-03
2.813022147977509244e-03
2.577369064551809572e-03
2.397513979145206309e-03
2.548570097854888691e-03
2.793776684604193632e-03
2.345038938834617930e-03
2.250196187904517347e-03
2.357361573620877018e-03
2.292979268206027377e-03
2.247011686766364844e-03
2.085709781833716518e-03
1.785535936443030094e-03
2.121708490205921789e-03
2.327870323999881291e-03
2.084325216075585529e-03
1.822642297386872908e-03
1.827211364228743329e-03
1.796335548951772092e-03
1.575635775130559274e-03
1.534652630216737151e-03
1.649017757633636184e-03
1.699000579738392698e-03
1.545729155873300838e-03
1.638771971403955559e-03
1.329459992377694843e-03
1.324337099236021177e-03
1.305922375368022198e-03
1.273800450927004783e-03
1.214817951776429135e-03
1.171065675389899169e-03
1.172865610807741557e-03
9.901029374085963588e-04
6.582225372888007723e-04
1.606096220504325193e-04
0.000000000000000000e+00
0.000000000000000000e+00
0.000000000000000000e+00
0.000000000000000000e+00
0.000000000000000000e+00
0.000000000000000000e+00
0.000000000000000000e+00
0.000000000000000000e+00
0.000000000000000000e+00
0.000000000000000000e+00
0.000000000000000000e+00
0.000000000000000000e+00
0.000000000000000000e+00
0.000000000000000000e+00
0.000000000000000000e+00
0.000000000000000000e+00
0.000000000000000000e+00
0.000000000000000000e+00
0.000000000000000000e+00
0.000000000000000000e+00
0.000000000000000000e+00
0.000000000000000000e+00
0.000000000000000000e+00
0.000000000000000000e+00
0.000000000000000000e+00
0.000000000000000000e+00
0.000000000000000000e+00
0.000000000000000000e+00
0.000000000000000000e+00
0.000000000000000000e+00
0.000000000000000000e+00
0.000000000000000000e+00
0.000000000000000000e+00
0.000000000000000000e+00
0.000000000000000000e+00
0.000000000000000000e+00
0.000000000000000000e+00
0.000000000000000000e+00
0.000000000000000000e+00
0.000000000000000000e+00
0.000000000000000000e+00
0.000000000000000000e+00
0.000000000000000000e+00
0.000000000000000000e+00
0.000000000000000000e+00
0.000000000000000000e+00
0.000000000000000000e+00
0.000000000000000000e+00
0.000000000000000000e+00
0.000000000000000000e+00
