# bin_4
0.000000000000000000e+00
0.000000000000000000e+00
0.000000000000000000e+00
3.585152512130060885e-03
1.597969696265971393e-02
2.634607831236020561e-02
3.768804439253165689e-02
5.007543098648328111e-02
6.583715565578400486e-02
8.194488488784380797e-02
1.016025997714547352e-01
1.224274187306725048e-01
1.490158060487604685e-01
1.774463766811107124e-01
1.993896262912064066e-01
2.041236459052272745e-01
1.937572645555261930e-01
1.895829893259076138e-01
1.966152410815581175e-01
1.980415840497524171e-01
1.941233733589333710e-01
1.961708315513929213e-01
1.968988166864817924e-01
1.951412828065306748e-01
1.912569318894387915e-01
1.897544044303629274e-01
1.873429536703374865e-01
1.856002334413953125e-01
1.814164351504155559e-01
1.786494567662710864e-01
1.770749772880286788e-01
1.813762266691167080e-01
1.860996651038537564e-01
1.879926380787213247e-01
1.779923655324504583e-01
1.697824285219120544e-01
1.625851103693512767e-01
1.553391187920607208e-01
1.508579893630498936e-01
1.476963329914156575e-01
1.465101827930864187e-01
1.420216465385779336e-01
1.397858433547526091e-01
1.363564831470988337e-01
1.367871371441738426e-01
1.428871870044405024e-01
1.547433983980718020e-01
1.664281946872177564e-01
1.742402793564891972e-01
1.761808676381450278e-01
1.698490899514419894e-01
1.651436395215017117e-01
1.654854116125455965e-01
1.686544748096836521e-01
1.717484116338636735e-01
1.638421544689239173e-01
1.580288545673924905e-01
1.619163798382711461e-01
1.690015374903708345e-01
1.795594381852053112e-01
1.905829107687596891e-01
2.015693492247936647e-01
2.201393188774268539e-01
2.358629513012502343e-01
2.591235577328228068e-01
2.778670587258238456e-01
3.011837454076502496e-01
3.141393413294323866e-01
3.265510646357426272e-01
3.456511513707972716e-01
3.728151548422129480e-01
4.109931078358178280e-01
4.699747174300477615e-01
5.710546069445646689e-01
6.759786388948769709e-01
7.783631878157601935e-01
8.627565575911028128e-01
9.329764377084706073e-01
1.011347000232386550e+00
1.096818592177678742e+00
1.176757285473128301e+00
1.266644403535852836e+00
1.351173212406215463e+00
1.429087726102840961e+00
1.497806136879167305e+00
1.554080022693372420e+00
1.609737025754991890e+00
1.674752023780061494e+00
1.725181924272767064e+00
1.750972490672473958e+00
1.808281215821070820e+00
1.842836173024708257e+00
1.885215912311465347e+00
1.937720782061833846e+00
1.971890584340568742e+00
2.008435861369784359e+00
2.023004029015240235e+00
2.026539201015782332e+00
2.004886933836162122e+00
1.986218559216087476e+00
1.947822633929141345e+00
1.912612701726246867e+00
1.870075302865534139e+00
1.815011903962159723e+00
1.751665557911194604e+00
1.695584249560245782e+00
1.629266708364811134e+00
1.547121839188571268e+00
1.456276066282765846e+00
1.364975302667477797e+00
1.293129095293470421e+00
1.223434041668942873e+00
1.159369233544226052e+00
1.100444762318221636e+00
1.032468092210271804e+00
9.886376732404272838e-01
9.366015497316848570e-01
8.815836498992923875e-01
8.408725625839262863e-01
8.053716479505524939e-01
7.854822052405064925e-01
7.662286914058075160e-01
7.661747273913748213e-01
7.814486596954788311e-01
7.666254856291710995e-01
7.243071171796826579e-01
6.812501824158839758e-01
6.413146955423632001e-01
6.029050147223418143e-01
5.668634018273553954e-01
5.311476892543529615e-01
4.936014326644021510e-01
4.503423973761451204e-01
4.097339474998273889e-01
3.773132141575872289e-01
3.570227447524755293e-01
3.410673845022219042e-01
3.249638877419147587e-01
3.145255543730745562e-01
3.006007224283902546e-01
2.949852905796123137e-01
2.849056591886277578e-01
2.725002845899513471e-01
2.623920840148813438e-01
2.514733651063396080e-01
2.478926940348297192e-01
2.404890428861837237e-01
2.331689830538318242e-01
2.227031386188874640e-01
2.131483337206430684e-01
2.056875442037991442e-01
2.022359635196426253e-01
1.968321552566054400e-01
1.880042773756281371e-01
1.822216628940320493e-01
1.740466437751229389e-01
1.690375134996006112e-01
1.631755401733681610e-01
1.542429086173608410e-01
1.457070712847389482e-01
1.421771898738368733e-01
1.366559305207477593e-01
1.342444797606837104e-01
1.276714511862013790e-01
1.207926265302364383e-01
1.166162350647839407e-01
1.119245401679365842e-01
1.077100564570596941e-01
1.030649187490687985e-01
1.015147759831524638e-01
9.910226710520694815e-02
9.425714510869001583e-02
9.124679960086948260e-02
8.690745797436598419e-02
8.377754514057991764e-02
7.731773518448326055e-02
7.571151216840270315e-02
7.442060829510403763e-02
7.081242615747192215e-02
6.810046990564408431e-02
6.464571486771372721e-02
6.257921055251913778e-02
6.030743135903916113e-02
5.859857090392173867e-02
5.678178241994365910e-02
5.392592212973985194e-02
5.256729870898927542e-02
5.052724734203093565e-02
4.755076160799113355e-02
4.695609933192346208e-02
4.517740309339239591e-02
4.538373608951913607e-02
4.406320491424255831e-02
4.230143856259133833e-02
3.995135864246814744e-02
3.837053045659395006e-02
3.689974653542890670e-02
3.540568401977293306e-02
3.390421467861113453e-02
3.388411043796413918e-02
3.367037061636082851e-02
3.254347502199816250e-02
3.169698067891889293e-02
2.972253262350045208e-02
2.832687507526475412e-02
2.730261692004998242e-02
2.776501445500568696e-02
2.770575985103388914e-02
2.624978958074377852e-02
2.728568703319494970e-02
2.529642532681485034e-02
2.401927698662347302e-02
2.412191442569677075e-02
2.384257129246951379e-02
2.332620974315314719e-02
2.217391931859282600e-02
2.144805041927210984e-02
2.124065930525293952e-02
2.053172029286105815e-02
1.999419638500734772e-02
2.003334674829055501e-02
1.963549440711079286e-02
1.995822037538756005e-02
1.954132191137510771e-02
1.775521884736301625e-02
1.698596711305128126e-02
1.712458056174285051e-02
1.586753646217679489e-02
1.639342107280580135e-02
1.639024671908531627e-02
1.587282705178808678e-02
1.537762786104839886e-02
1.514272568085520652e-02
1.494379951024303946e-02
1.509405225608401180e-02
1.427295274330622928e-02
1.351110783445489717e-02
1.339894733398785780e-02
1.268789208574381926e-02
1.332382096104319305e-02
1.261170759485710259e-02
1.167738946360209404e-02
1.190276858248413318e-02
1.157369390655675449e-02
1.162871603890106194e-02
1.137053526425637652e-02
1.096739233329070175e-02
1.059070235060584862e-02
1.054202892587190361e-02
9.690243993119927735e-03
9.759021658488461343e-03
8.861737654753809937e-03
9.971703362176629129e-03
9.578083492633907015e-03
8.869144480279268425e-03
8.870202598165857766e-03
8.170786647132608979e-03
8.177135354747389756e-03
8.494570733423127684e-03
7.826898320254233390e-03
8.054393674994166433e-03
6.833325584976274354e-03
7.406825502479627912e-03
7.201550624252631497e-03
7.317943596468434037e-03
7.225887336627991389e-03
6.183641176640900829e-03
6.495785965657128493e-03
6.250302606171237452e-03
6.070422558233963192e-03
5.776265773995832749e-03
5.224986333032530413e-03
5.360425427978784615e-03
5.770975184349457811e-03
5.369948489280452347e-03
5.713836816226783993e-03
5.450365451900699570e-03
5.337146833467398474e-03
4.901202246787264571e-03
4.801739161457082260e-03
4.090683913213817406e-03
4.264215253566139459e-03
4.451502127005540176e-03
4.490652490382275076e-03
4.537209679229737939e-03
4.529802853718096524e-03
4.744600793301522422e-03
4.331934801026129066e-03
4.058940375329679259e-03
3.679076038899531907e-03
3.812398897949825002e-03
3.948896110696509601e-03
3.384919254633631143e-03
3.723516991901386179e-03
3.466394335145554784e-03
3.292862994806303005e-03
3.059018932533337162e-03
3.190225555722026214e-03
3.052670224936064516e-03
2.848453464693588219e-03
3.025159158795662738e-03
2.471763481975891141e-03
2.315162028490095648e-03
2.327859443633502161e-03
2.187129759064958354e-03
2.504565137783040449e-03
2.076027376553964479e-03
2.186071641154247683e-03
1.953285696801488822e-03
1.851706375627936796e-03
1.912019097538284569e-03
2.152211867418026957e-03
1.940588281667567994e-03
1.710976691091540668e-03
1.726848460012388219e-03
1.424226732332923694e-03
1.242230448552316367e-03
1.236939858935170002e-03
1.363914010380175594e-03
1.241172330605075456e-03
1.089861466802224824e-03
9.374924850280281054e-04
1.120546886695941756e-03
1.150174188749844215e-03
8.962258857977044519e-04
1.101500764029797593e-03
1.049652985514056957e-03
1.105733235736230686e-03
8.761216451704176289e-04
9.745266125329102172e-04
6.898928896373937017e-04
6.824860641388718913e-04
8.348550458984673340e-04
7.523218474612160256e-04
5.936041581087430751e-04
6.158246346407399759e-04
6.147665166927671196e-04
4.676881245970820672e-04
5.438726154830890143e-04
6.824860641337529392e-04
5.533956768125205617e-04
5.026060162440082598e-04
5.227102568990580310e-04
4.285377612196289367e-04
4.168984640008140271e-04
3.428302089859237498e-04
3.576438599682992534e-04
2.899243125324263144e-04
3.650506854850558806e-04
3.565857420626965301e-04
4.042010488574082194e-04
3.428302089859319897e-04
2.169141754414027424e-04
1.650663969073777138e-04
3.809224543898594211e-05
0.000000000000000000e+00
0.000000000000000000e+00
0.000000000000000000e+00
0.000000000000000000e+00
0.000000000000000000e+00
0.000000000000000000e+00
0.000000000000000000e+00
0.000000000000000000e+00
0.000000000000000000e+00
0.000000000000000000e+00
0.000000000000000000e+00
0.000000000000000000e+00
0.000000000000000000e+00
0.000000000000000000e+00
0.000000000000000000e+00
0.000000000000000000e+00
0.000000000000000000e+00
0.000000000000000000e+00
0.000000000000000000e+00
0.000000000000000000e+00
0.000000000000000000e+00
0.000000000000000000e+00
0.000000000000000000e+00
0.000000000000000000e+00
0.000000000000000000e+00
0.000000000000000000e+00
0.000000000000000000e+00
0.000000000000000000e+00
0.000000000000000000e+00
0.000000000000000000e+00
0.000000000000000000e+00
0.000000000000000000e+00
0.000000000000000000e+00
0.000000000000000000e+00
0.000000000000000000e+00
0.000000000000000000e+00
0.000000000000000000e+00
0.000000000000000000e+00
0.000000000000000000e+00
0.000000000000000000e+00
0.000000000000000000e+00
0.000000000000000000e+00
0.000000000000000000e+00
0.000000000000000000e+00
0.000000000000000000e+00
0.000000000000000000e+00
