# bin_1
7.312311461540145670e-03
1.770412892855129094e-02
3.882715004296027200e-02
6.330271257180632161e-02
9.304444586117260885e-02
1.267284271033449483e-01
1.646925953968295386e-01
2.035145442140600391e-01
2.431307342569856977e-01
2.871855378753700450e-01
3.422909781296892273e-01
4.150436149769039518e-01
5.032559815651606039e-01
6.191661403062209690e-01
7.834589441904958873e-01
9.619672602778915893e-01
1.131598911509001493e+00
1.326409837052428875e+00
1.508018083672718168e+00
1.647486702331383945e+00
1.778466217736973221e+00
1.897410377960217831e+00
2.006528157624296593e+00
2.112884086427161634e+00
2.184377745500024393e+00
2.231430563741195972e+00
2.286093618661424021e+00
2.374379364704432671e+00
2.501810097854313852e+00
2.588696011308737610e+00
2.534846596780409467e+00
2.377490119409443992e+00
2.290743655033922632e+00
2.319583608241360562e+00
2.372923864943220273e+00
2.433330057080381525e+00
2.509257690798921470e+00
2.587515333068967749e+00
2.657868377398858506e+00
2.711601537503528281e+00
2.762171227777553195e+00
2.867710985863301421e+00
2.966782808898585699e+00
2.875853012730586578e+00
2.646445782843565908e+00
2.412561281621960152e+00
2.239900127265430196e+00
2.137250423224997142e+00
2.035631545893918481e+00
1.926917212657200063e+00
1.813363912037813330e+00
1.745997214716185963e+00
1.739366495357823839e+00
1.634906905338496141e+00
1.417717214101059442e+00
1.195913754497567760e+00
1.000014085892593885e+00
8.308104814803891625e-01
6.744567160844122666e-01
5.396032715285433712e-01
4.332105124231134807e-01
3.542976562848980104e-01
2.995100530943630157e-01
2.574476000761355410e-01
2.208658332361634613e-01
1.855620216144678869e-01
1.558377194598697668e-01
1.341154327975362381e-01
1.158104920106939051e-01
9.662865268128034701e-02
8.340657459164185772e-02
7.558435282104766784e-02
7.047520284796612855e-02
6.354042264506251647e-02
5.634403484565633086e-02
4.897460086050123285e-02
4.237213680942505251e-02
3.746442890297204537e-02
3.279386877488237734e-02
3.070297603307436257e-02
2.903928666915835469e-02
2.556458673700017989e-02
2.376172944150566763e-02
2.276492155983509194e-02
2.091258233305853462e-02
2.032161063172012797e-02
2.074951687793735386e-02
2.136691642892229667e-02
2.171511740522855463e-02
2.107761581965027914e-02
1.965655660715618508e-02
1.735100787391927885e-02
1.436255226030493104e-02
1.209228751781482938e-02
1.095799858856047297e-02
1.048426532656905261e-02
1.144874126455838227e-02
1.210620431097416891e-02
1.302766470641265363e-02
1.478413269142533036e-02
1.720045347523983456e-02
1.948477558451264247e-02
2.214049332542886508e-02
2.301584555772213589e-02
2.368118072956081760e-02
2.542485651073481817e-02
2.885850893177404480e-02
3.149946643748473274e-02
3.309652388264408551e-02
3.591193331062566413e-02
3.878033901160467950e-02
3.972878955137158080e-02
4.124304910595420065e-02
4.288396553555431229e-02
4.534203669881765875e-02
4.959635819523596639e-02
5.330483213773971884e-02
5.567349844802889358e-02
5.249133231942371136e-02
4.333028693231007200e-02
2.999982654445923491e-02
2.025230781326222210e-02
1.353949343260293231e-02
1.035999820379818366e-02
9.593731138066231498e-03
8.972254950702704748e-03
8.788103445233182154e-03
8.286255449544595308e-03
7.617827656956697134e-03
6.712533233304105763e-03
5.947390756960969915e-03
5.675661856202526660e-03
5.672709809139333398e-03
5.956246898070362977e-03
5.946125593952227700e-03
6.263259789523726098e-03
6.604150935074385581e-03
7.114433350920169527e-03
7.312501649452400609e-03
7.088146074933922812e-03
6.876160983178248969e-03
7.154356272659674956e-03
7.729443149532573727e-03
8.132608430141827910e-03
8.696871134541260193e-03
8.773202636427151341e-03
9.054490546580371349e-03
9.044650389847473312e-03
9.159499076822659111e-03
9.746675289158403602e-03
1.051462923890008651e-02
1.089403756953784101e-02
1.078298437161116265e-02
1.073476760334954143e-02
1.083527777622105698e-02
1.103854730051373988e-02
1.050436736107215364e-02
1.072056966289044663e-02
1.097177480810774750e-02
1.126894754278527991e-02
1.111979888077557592e-02
1.120484595006508884e-02
1.115676975549773249e-02
1.106652146048191579e-02
1.111473822869971442e-02
1.182702500581847040e-02
1.149077279131987400e-02
1.177740250090719351e-02
1.249207903037053216e-02
1.184375327229393766e-02
1.199051218203175430e-02
1.214092600704397978e-02
1.117560662700013176e-02
1.127963114159115897e-02
1.120189390303824584e-02
1.075754053765388615e-02
1.060979761230773123e-02
1.004511318685892378e-02
9.627047097486567118e-03
1.006648038443489282e-02
1.019693274858330875e-02
9.795032631054195402e-03
9.294730945664447103e-03
9.408595616964266634e-03
9.966391932639420345e-03
9.626625376472089379e-03
9.731352759286208964e-03
9.666829445580579425e-03
9.535111918428538710e-03
9.519367667592088314e-03
9.601743837186845279e-03
9.286437099191819505e-03
8.880600918963792861e-03
9.038746295783916737e-03
9.225849848214350696e-03
9.002056568384719099e-03
8.698979739578411446e-03
8.653012150023734611e-03
9.035513101421888474e-03
9.377388262628372564e-03
9.225287553566795251e-03
9.061940951024033061e-03
8.756755517217102228e-03
8.778966156827855416e-03
8.935846370582808257e-03
9.064190129713973684e-03
9.423636999504910253e-03
9.364877206092411116e-03
9.374576789242269545e-03
9.337465340847592860e-03
9.110017145598307484e-03
9.384135798715597179e-03
9.132227785128352662e-03
8.998682800291512782e-03
9.073889712838649133e-03
8.677753115682492954e-03
8.438496732284184870e-03
8.490227842163775712e-03
8.451991804411128698e-03
8.548565914556324058e-03
8.377628333915808009e-03
8.172812499277181883e-03
8.083126498910716065e-03
8.656807639075348934e-03
8.381986117593973745e-03
7.906706545255872895e-03
7.742797648082689992e-03
8.086640840605239036e-03
8.001312623957331990e-03
7.719743566437507407e-03
7.488359308497342243e-03
7.597725622385278349e-03
7.726772249860093360e-03
7.761353372256490739e-03
7.345958182493403724e-03
7.000568679575241114e-03
7.213818934350053370e-03
7.353268013246446085e-03
6.722795111101548260e-03
6.453737110085520749e-03
6.729823794495096677e-03
6.768340979600642217e-03
6.663332449432153061e-03
6.393009285361739291e-03
6.454299404746597496e-03
6.425481802758237736e-03
5.909435866510472091e-03
5.814408066744648947e-03
5.919838317987004966e-03
5.754101963080093286e-03
5.714179041273558142e-03
5.526091473179620822e-03
5.542257445033294157e-03
5.410118196826771246e-03
5.282899027064680113e-03
5.236790863872007630e-03
4.832219846614895821e-03
4.626419996265634764e-03
4.424134487646132381e-03
3.982452021938991463e-03
4.081134737072721584e-03
4.233516593475545285e-03
4.038540915614724849e-03
4.303522280245393461e-03
4.316314484061774086e-03
3.954337288266687039e-03
3.850172200120393576e-03
3.953634419967780311e-03
3.935781564048716763e-03
3.367161075948475399e-03
3.316273408071532518e-03
3.821916892796742207e-03
3.899232410352539147e-03
3.871820545028786201e-03
3.920740181546407063e-03
3.499159750421087199e-03
3.536833493531470977e-03
3.297295962843097353e-03
3.336656589939786602e-03
3.475402800495257152e-03
3.471466737793022731e-03
3.536974067203816317e-03
3.183150144200230791e-03
3.362240997590964110e-03
3.205360783771551113e-03
2.851958581777691917e-03
3.090512096859558255e-03
3.004762159139639632e-03
2.923791726224862168e-03
3.110895278729825918e-03
3.017132641966725065e-03
2.847038503357741425e-03
2.572498129215209164e-03
2.593303032118215133e-03
2.561111662134732056e-03
2.404372022025095396e-03
2.479157213526132601e-03
2.649110778478127107e-03
2.323823310095595070e-03
1.975341186411929979e-03
2.017935007922722155e-03
2.088362415756206663e-03
2.112119365689517272e-03
2.245102055847572348e-03
2.026931722754515570e-03
1.760966342341997726e-03
1.561351733392388154e-03
1.773196251512981769e-03
1.754781100966623479e-03
1.615332022047956482e-03
1.834908091836362845e-03
1.487550557567639438e-03
1.332357227825863152e-03
1.300025284123997125e-03
1.267833914113479900e-03
1.204716337030296239e-03
1.236064265028117984e-03
1.055427101312815400e-03
9.709423267406226514e-04
1.063158653085816575e-03
1.101113543486268061e-03
1.081995524624750201e-03
9.293325209061157124e-04
9.454984927590590537e-04
9.954021449931217246e-04
9.544952075198007970e-04
8.188416176445204378e-04
9.570255335524415060e-04
7.893211473017321730e-04
7.606441189878947228e-04
8.444260252801750978e-04
9.158374487256502449e-04
8.351481631718277957e-04
7.055392410419614917e-04
6.632265668855351999e-04
6.883892534559352475e-04
4.733115410030707066e-04
5.236369143159037625e-04
6.722232816760496769e-04
5.014262746963825228e-04
4.529283591625757224e-04
4.644553999539470881e-04
3.676001424896477841e-04
3.545267913514207263e-04
3.868587350620565396e-04
3.722390735742343902e-04
4.648771209596580761e-04
4.530689327956617771e-04
2.722911954277304480e-04
2.759461107744798705e-04
1.994740352332311493e-04
5.313684659336787909e-05
0.000000000000000000e+00
0.000000000000000000e+00
0.000000000000000000e+00
0.000000000000000000e+00
0.000000000000000000e+00
0.000000000000000000e+00
0.000000000000000000e+00
0.000000000000000000e+00
0.000000000000000000e+00
0.000000000000000000e+00
0.000000000000000000e+00
0.000000000000000000e+00
0.000000000000000000e+00
0.000000000000000000e+00
0.000000000000000000e+00
0.000000000000000000e+00
0.000000000000000000e+00
0.000000000000000000e+00
0.000000000000000000e+00
0.000000000000000000e+00
0.000000000000000000e+00
0.000000000000000000e+00
0.000000000000000000e+00
0.000000000000000000e+00
0.000000000000000000e+00
0.000000000000000000e+00
0.000000000000000000e+00
0.000000000000000000e+00
0.000000000000000000e+00
0.000000000000000000e+00
0.000000000000000000e+00
0.000000000000000000e+00
0.000000000000000000e+00
0.000000000000000000e+00
0.000000000000000000e+00
0.000000000000000000e+00
0.000000000000000000e+00
0.000000000000000000e+00
0.000000000000000000e+00
0.000000000000000000e+00
0.000000000000000000e+00
0.000000000000000000e+00
0.000000000000000000e+00
0.000000000000000000e+00
0.000000000000000000e+00
0.000000000000000000e+00
0.000000000000000000e+00
0.000000000000000000e+00
0.000000000000000000e+00
