# ee
4.882569611072540283e-02
7.660372555255889893e-02
8.231516927480697632e-02
6.926133483648300171e-02
4.817642271518707275e-02
2.888203784823417664e-02
1.619162410497665405e-02
1.006788387894630432e-02
7.983860559761524200e-03
7.328471634536981583e-03
6.614094600081443787e-03
5.769504234194755554e-03
5.028046667575836182e-03
4.620917607098817825e-03
4.689821973443031311e-03
5.020663142204284668e-03
5.366805475205183029e-03
5.707265809178352356e-03
6.096397992223501205e-03
6.664255633950233459e-03
7.526321336627006531e-03
8.664108812808990479e-03
1.003171224147081375e-02
1.160753518342971802e-02
1.337686739861965179e-02
1.532822847366333008e-02
1.745469495654106140e-02
1.976438052952289581e-02
2.226171828806400299e-02
2.492140233516693115e-02
2.772472240030765533e-02
3.070905432105064392e-02
3.392293676733970642e-02
3.740347549319267273e-02
4.117139056324958801e-02
4.519334062933921814e-02
4.943677410483360291e-02
5.392634868621826172e-02
5.870101973414421082e-02
6.378994137048721313e-02
6.918302923440933228e-02
7.486037909984588623e-02
8.080208301544189453e-02
8.698824793100357056e-02
9.340666979551315308e-02
1.000759750604629517e-01
1.070224568247795105e-01
1.142724305391311646e-01
1.218522042036056519e-01
1.297809034585952759e-01
1.380487829446792603e-01
1.466389149427413940e-01
1.555344015359878540e-01
1.647182703018188477e-01
1.741774529218673706e-01
1.839140951633453369e-01
1.939342021942138672e-01
2.042437195777893066e-01
2.148486524820327759e-01
2.257528752088546753e-01
2.369516193866729736e-01
2.484380453824996948e-01
2.602052688598632812e-01
2.722464799880981445e-01
2.845546305179595947e-01
2.971219122409820557e-01
3.099404573440551758e-01
3.230022788047790527e-01
3.362994194030761719e-01
3.498238921165466309e-01
3.635671436786651611e-01
3.775206804275512695e-01
3.916758000850677490e-01
4.060239791870117188e-01
4.205560386180877686e-01
4.352608323097229004e-01
4.501266181468963623e-01
4.651417136192321777e-01
4.802942574024200439e-01
4.955726861953735352e-01
5.109658241271972656e-01
5.264623761177062988e-01
5.420512557029724121e-01
5.577213764190673828e-01
5.734608173370361328e-01
5.892552733421325684e-01
6.050898432731628418e-01
6.209494471549987793e-01
6.368192434310913086e-01
6.526842117309570312e-01
6.685295701026916504e-01
6.843403577804565430e-01
7.001020312309265137e-01
7.157996892929077148e-01
7.314184904098510742e-01
7.469437718391418457e-01
7.623606324195861816e-01
7.776542901992797852e-01
7.928099632263183594e-01
8.078128695487976074e-01
8.226482272148132324e-01
8.373012542724609375e-01
8.517571687698364258e-01
8.660011291503906250e-01
8.800182342529296875e-01
8.937940001487731934e-01
9.073134064674377441e-01
9.205617308616638184e-01
9.335241913795471191e-01
9.461865425109863281e-01
9.585379362106323242e-01
9.705677628517150879e-01
9.822656512260437012e-01
9.936211705207824707e-01
1.004623889923095703e+00
1.015263319015502930e+00
1.025528907775878906e+00
1.035410642623901367e+00
1.044897794723510742e+00
1.053980112075805664e+00
1.062646865844726562e+00
1.070887923240661621e+00
1.078692793846130371e+00
1.086050987243652344e+00
1.092952132225036621e+00
1.099385619163513184e+00
1.105341315269470215e+00
1.110808610916137695e+00
1.115777134895324707e+00
1.120238542556762695e+00
1.124192118644714355e+00
1.127639651298522949e+00
1.130582451820373535e+00
1.133022189140319824e+00
1.134960293769836426e+00
1.136398434638977051e+00
1.137338042259216309e+00
1.137780547142028809e+00
1.137727499008178711e+00
1.137180685997009277e+00
1.136141300201416016e+00
1.134611129760742188e+00
1.132591485977172852e+00
1.130083918571472168e+00
1.127090096473693848e+00
1.123611450195312500e+00
1.119649529457092285e+00
1.115205764770507812e+00
1.110281825065612793e+00
1.104882001876831055e+00
1.099021792411804199e+00
1.092719793319702148e+00
1.085994124412536621e+00
1.078863382339477539e+00
1.071345806121826172e+00
1.063459992408752441e+00
1.055224299430847168e+00
1.046656847000122070e+00
1.037776350975036621e+00
1.028601050376892090e+00
1.019149422645568848e+00
1.009439826011657715e+00
9.994905591011047363e-01
9.893200993537902832e-01
9.789468646049499512e-01
9.683893322944641113e-01
9.576656818389892578e-01
9.467944502830505371e-01
9.357939958572387695e-01
9.246827363967895508e-01
9.134790301322937012e-01
9.022012948989868164e-01
8.908678889274597168e-01
8.794972896575927734e-01
8.681110143661499023e-01
8.567430973052978516e-01
8.454310297966003418e-01
8.342120051383972168e-01
8.231233954429626465e-01
8.122025132179260254e-01
8.014866113662719727e-01
7.910130023956298828e-01
7.808191180229187012e-01
7.709421515464782715e-01
7.614194154739379883e-01
7.522882819175720215e-01
7.435860633850097656e-01
7.353500127792358398e-01
7.276174426078796387e-01
7.204257249832153320e-01
7.138121724128723145e-01
7.078140377998352051e-01
7.024685740470886230e-01
6.978132724761962891e-01
6.938852667808532715e-01
6.907220482826232910e-01
6.883607506752014160e-01
6.868388056755065918e-01
6.861934661865234375e-01
6.864613890647888184e-01
6.876767277717590332e-01
6.898728609085083008e-01
6.930832862854003906e-01
6.973414421081542969e-01
7.026808857917785645e-01
7.091348171234130859e-01
7.167369127273559570e-01
7.255205512046813965e-01
7.355191111564636230e-01
7.467662096023559570e-01
7.592951655387878418e-01
7.731394171714782715e-01
7.883324623107910156e-01
8.049077391624450684e-01
8.228987455368041992e-01
8.423389196395874023e-01
8.632615804672241211e-01
8.857004046440124512e-01
9.096887111663818359e-01
9.352598190307617188e-01
9.624474048614501953e-01
9.912849068641662598e-01
1.021805644035339355e+00
1.054043173789978027e+00
1.088030815124511719e+00
1.123802185058593750e+00
1.161390542984008789e+00
1.200829505920410156e+00
1.242152452468872070e+00
1.285392880439758301e+00
1.330584168434143066e+00
1.377759933471679688e+00
1.426953434944152832e+00
1.478198051452636719e+00
1.531527519226074219e+00
1.586974978446960449e+00
1.644574165344238281e+00
1.704358458518981934e+00
1.766361355781555176e+00
1.830615758895874023e+00
1.897156000137329102e+00
1.966014981269836426e+00
2.037226200103759766e+00
2.110823154449462891e+00
2.186839342117309570e+00
2.265308380126953125e+00
2.346263170242309570e+00
2.429737806320190430e+00
2.515765428543090820e+00
2.604369640350341797e+00
2.695536136627197266e+00
2.789240360260009766e+00
2.885457754135131836e+00
2.984163999557495117e+00
3.085334539413452148e+00
3.188945293426513672e+00
3.294971466064453125e+00
3.403388977050781250e+00
3.514173507690429688e+00
3.627300262451171875e+00
3.742745161056518555e+00
3.860483407974243164e+00
3.980491399765014648e+00
4.102743625640869141e+00
4.227216720581054688e+00
4.353885650634765625e+00
4.482726097106933594e+00
4.613713741302490234e+00
4.746824741363525391e+00
4.882033348083496094e+00
5.019316196441650391e+00
5.158648490905761719e+00
5.300006866455078125e+00
5.443365097045898438e+00
5.588699817657470703e+00
5.735986709594726562e+00
5.885201454162597656e+00
6.036318778991699219e+00
6.189315319061279297e+00
6.344166278839111328e+00
6.500846862792968750e+00
6.659333229064941406e+00
6.819600582122802734e+00
6.981624603271484375e+00
7.145381927490234375e+00
7.310846328735351562e+00
7.477993488311767578e+00
7.646801471710205078e+00
7.817243576049804688e+00
7.989295005798339844e+00
8.162934303283691406e+00
8.338133811950683594e+00
8.514870643615722656e+00
8.693120002746582031e+00
8.872858047485351562e+00
9.054059982299804688e+00
9.236701011657714844e+00
9.420757293701171875e+00
9.606204986572265625e+00
9.793009757995605469e+00
9.981101036071777344e+00
1.017040157318115234e+01
1.036083126068115234e+01
1.055231189727783203e+01
1.074476432800292969e+01
1.093811035156250000e+01
1.113226985931396484e+01
1.132716369628906250e+01
1.152271461486816406e+01
1.171884250640869141e+01
1.191546916961669922e+01
1.211251544952392578e+01
1.230990123748779297e+01
1.250754928588867188e+01
1.270538043975830078e+01
1.290331554412841797e+01
1.310127639770507812e+01
1.329918193817138672e+01
1.349695491790771484e+01
1.369451713562011719e+01
1.389178848266601562e+01
1.408868885040283203e+01
1.428514289855957031e+01
1.448106861114501953e+01
1.467638874053955078e+01
1.487102317810058594e+01
1.506489467620849609e+01
1.525792121887207031e+01
1.545002746582031250e+01
1.564113235473632812e+01
1.583115863800048828e+01
1.602002525329589844e+01
1.620765495300292969e+01
1.639396858215332031e+01
1.657888793945312500e+01
1.676233100891113281e+01
1.694422149658203125e+01
1.712448120117187500e+01
1.730303001403808594e+01
1.747978973388671875e+01
1.765468025207519531e+01
1.782762336730957031e+01
1.799853897094726562e+01
1.816734886169433594e+01
1.833397674560546875e+01
1.849834060668945312e+01
1.866036415100097656e+01
1.881996536254882812e+01
1.897706604003906250e+01
1.913159370422363281e+01
1.928350448608398438e+01
1.943275070190429688e+01
1.957929611206054688e+01
1.972309875488281250e+01
1.986411666870117188e+01
2.000230789184570312e+01
2.013763236999511719e+01
2.027005004882812500e+01
2.039951515197753906e+01
2.052599143981933594e+01
2.064943504333496094e+01
2.076980590820312500e+01
2.088706207275390625e+01
2.100116348266601562e+01
2.111206817626953125e+01
2.121973609924316406e+01
2.132412338256835938e+01
2.142518997192382812e+01
2.152289581298828125e+01
2.161719894409179688e+01
2.170805740356445312e+01
2.179543113708496094e+01
2.187927818298339844e+01
2.195956039428710938e+01
2.203623008728027344e+01
2.210925292968750000e+01
2.217858314514160156e+01
2.224418258666992188e+01
2.230600738525390625e+01
2.236401557922363281e+01
2.241817092895507812e+01
2.246842765808105469e+01
2.251474571228027344e+01
2.255708503723144531e+01
2.259540176391601562e+01
2.262965774536132812e+01
2.265981101989746094e+01
2.268582153320312500e+01
2.270764541625976562e+01
2.272524070739746094e+01
2.273857116699218750e+01
2.274758911132812500e+01
2.275225830078125000e+01
2.275253677368164062e+01
2.274838256835937500e+01
2.273975372314453125e+01
2.272660827636718750e+01
2.270890808105468750e+01
2.268661117553710938e+01
2.265969085693359375e+01
2.262819480895996094e+01
2.259218215942382812e+01
2.255171775817871094e+01
2.250686073303222656e+01
2.245767402648925781e+01
2.240422058105468750e+01
2.234655952453613281e+01
2.228475189208984375e+01
2.221886444091796875e+01
2.214895439147949219e+01
2.207508468627929688e+01
2.199731826782226562e+01
2.191571426391601562e+01
2.183033943176269531e+01
2.174124908447265625e+01
2.164850997924804688e+01
2.155218124389648438e+01
2.145232582092285156e+01
2.134900474548339844e+01
2.124227905273437500e+01
2.113221359252929688e+01
2.101886749267578125e+01
2.090230369567871094e+01
2.078258132934570312e+01
2.065976715087890625e+01
2.053391838073730469e+01
2.040509986877441406e+01
2.027337074279785156e+01
2.013879203796386719e+01
2.000143051147460938e+01
1.986134338378906250e+01
1.971859359741210938e+01
1.957324409484863281e+01
1.942535591125488281e+01
1.927499008178710938e+01
1.912220764160156250e+01
1.896707153320312500e+01
1.880964469909667969e+01
1.864999008178710938e+01
1.848816490173339844e+01
1.832423210144042969e+01
1.815825462341308594e+01
1.799029731750488281e+01
1.782041549682617188e+01
1.764867591857910156e+01
1.747513771057128906e+01
1.729986190795898438e+01
1.712291526794433594e+01
1.694435501098632812e+01
1.676425170898437500e+01
1.658271026611328125e+01
1.639984321594238281e+01
1.621576309204101562e+01
1.603058052062988281e+01
1.584441184997558594e+01
1.565736484527587891e+01
1.546955585479736328e+01
1.528109550476074219e+01
1.509209632873535156e+01
1.490267086029052734e+01
1.471293067932128906e+01
1.452299022674560547e+01
1.433296012878417969e+01
1.414295291900634766e+01
1.395308303833007812e+01
1.376345920562744141e+01
1.357419872283935547e+01
1.338541030883789062e+01
1.319720745086669922e+01
1.300970363616943359e+01
1.282300949096679688e+01
1.263723850250244141e+01
1.245250225067138672e+01
1.226891517639160156e+01
1.208658695220947266e+01
1.190563297271728516e+01
1.172616386413574219e+01
1.154829120635986328e+01
1.137213039398193359e+01
1.119779014587402344e+01
1.102538681030273438e+01
1.085502910614013672e+01
1.068683242797851562e+01
1.052090740203857422e+01
1.035736751556396484e+01
1.019632530212402344e+01
1.003789138793945312e+01
9.882180213928222656e+00
9.729303359985351562e+00
9.579373359680175781e+00
9.432502746582031250e+00
9.288805007934570312e+00
9.148389816284179688e+00
9.011372566223144531e+00
8.877863883972167969e+00
8.747976303100585938e+00
8.621822357177734375e+00
8.499516487121582031e+00
8.381169319152832031e+00
8.266880035400390625e+00
8.156700134277343750e+00
8.050666809082031250e+00
7.948819160461425781e+00
7.851193904876708984e+00
7.757828712463378906e+00
7.668762207031250000e+00
7.584031105041503906e+00
7.503674030303955078e+00
7.427728176116943359e+00
7.356232643127441406e+00
7.289223194122314453e+00
7.226739406585693359e+00
7.168818950653076172e+00
7.115499019622802734e+00
7.066817283630371094e+00
7.022811889648437500e+00
6.983520507812500000e+00
6.948981761932373047e+00
6.919231891632080078e+00
6.894309520721435547e+00
6.874252796173095703e+00
6.859099864959716797e+00
6.848886966705322266e+00
6.843653202056884766e+00
6.843436717987060547e+00
6.848273754119873047e+00
6.858202934265136719e+00
6.873262882232666016e+00
6.893490314483642578e+00
6.918923377990722656e+00
6.949600219726562500e+00
6.985558032989501953e+00
7.026835441589355469e+00
7.073469161987304688e+00
7.125497341156005859e+00
7.182958602905273438e+00
7.245890617370605469e+00
7.314330101013183594e+00
7.388315677642822266e+00
7.467885494232177734e+00
7.553075790405273438e+00
7.643927097320556641e+00
7.740474224090576172e+00
7.842757225036621094e+00
7.950812816619873047e+00
8.064679145812988281e+00
8.184392929077148438e+00
8.309994697570800781e+00
8.441519737243652344e+00
8.578984260559082031e+00
8.722320556640625000e+00
8.871436119079589844e+00
9.026240348815917969e+00
9.186641693115234375e+00
9.352549552917480469e+00
9.523871421813964844e+00
9.700518608093261719e+00
9.882397651672363281e+00
1.006941795349121094e+01
1.026148891448974609e+01
1.045851993560791016e+01
1.066041755676269531e+01
1.086709308624267578e+01
1.107845401763916016e+01
1.129440975189208984e+01
1.151486968994140625e+01
1.173974037170410156e+01
1.196893405914306641e+01
1.220235633850097656e+01
1.243991851806640625e+01
1.268152713775634766e+01
1.292709350585937500e+01
1.317652416229248047e+01
1.342973136901855469e+01
1.368661975860595703e+01
1.394709968566894531e+01
1.421108150482177734e+01
1.447847270965576172e+01
1.474918365478515625e+01
1.502311992645263672e+01
1.530019378662109375e+01
1.558031272888183594e+01
1.586338615417480469e+01
1.614932060241699219e+01
1.643802642822265625e+01
1.672941398620605469e+01
1.702339172363281250e+01
1.731986618041992188e+01
1.761874771118164062e+01
1.791994667053222656e+01
1.822336959838867188e+01
1.852892494201660156e+01
1.883652496337890625e+01
1.914607429504394531e+01
1.945748329162597656e+01
1.977066421508789062e+01
2.008552169799804688e+01
2.040196418762207031e+01
2.071990394592285156e+01
2.103923988342285156e+01
2.135984802246093750e+01
2.168159294128417969e+01
2.200434684753417969e+01
2.232797241210937500e+01
2.265233802795410156e+01
2.297731208801269531e+01
2.330275917053222656e+01
2.362854957580566406e+01
2.395454597473144531e+01
2.428062057495117188e+01
2.460663986206054688e+01
2.493246650695800781e+01
2.525797080993652344e+01
2.558302307128906250e+01
2.590748405456542969e+01
2.623122406005859375e+01
2.655411148071289062e+01
2.687601280212402344e+01
2.719679260253906250e+01
2.751631927490234375e+01
2.783446311950683594e+01
2.815109062194824219e+01
2.846606254577636719e+01
2.877925491333007812e+01
2.909052658081054688e+01
2.939975166320800781e+01
2.970679283142089844e+01
3.001152038574218750e+01
3.031380081176757812e+01
3.061350059509277344e+01
3.091048431396484375e+01
3.120462226867675781e+01
3.149578285217285156e+01
3.178383064270019531e+01
3.206863403320312500e+01
3.235005569458007812e+01
3.262797164916992188e+01
3.290224075317382812e+01
3.317273712158203125e+01
3.343932342529296875e+01
3.370186614990234375e+01
3.396023559570312500e+01
3.421429824829101562e+01
3.446391677856445312e+01
3.470896148681640625e+01
3.494930267333984375e+01
3.518480682373046875e+01
3.541534042358398438e+01
3.564076232910156250e+01
3.586096954345703125e+01
3.607590484619140625e+01
3.628553771972656250e+01
3.648983001708984375e+01
3.668876266479492188e+01
3.688228988647460938e+01
3.707038497924804688e+01
3.725300979614257812e+01
3.743013763427734375e+01
3.760173416137695312e+01
3.776776504516601562e+01
3.792820358276367188e+01
3.808300399780273438e+01
3.823215103149414062e+01
3.837559509277343750e+01
3.851331710815429688e+01
3.864527511596679688e+01
3.877144241333007812e+01
3.889178085327148438e+01
3.900626373291015625e+01
3.911485290527343750e+01
3.921751785278320312e+01
3.931422805786132812e+01
3.940494918823242188e+01
3.948964309692382812e+01
3.956829071044921875e+01
3.964084243774414062e+01
3.970727920532226562e+01
3.976755905151367188e+01
3.982165527343750000e+01
3.986953735351562500e+01
3.991115951538085938e+01
3.994650650024414062e+01
3.997553634643554688e+01
3.999821090698242188e+01
4.001450729370117188e+01
4.002439117431640625e+01
4.002782440185546875e+01
4.002478027343750000e+01
4.001522445678710938e+01
3.999911880493164062e+01
3.997643661499023438e+01
3.994715118408203125e+01
3.991121292114257812e+01
3.986860275268554688e+01
3.981928634643554688e+01
3.976322174072265625e+01
3.970038986206054688e+01
3.963074493408203125e+01
3.955426406860351562e+01
3.947093200683593750e+01
3.938083648681640625e+01
3.928407669067382812e+01
3.918075942993164062e+01
3.907099151611328125e+01
3.895487213134765625e+01
3.883251571655273438e+01
3.870401382446289062e+01
3.856948471069335938e+01
3.842903137207031250e+01
3.828274536132812500e+01
3.813074874877929688e+01
3.797313690185546875e+01
3.781001663208007812e+01
3.764149475097656250e+01
3.746767425537109375e+01
3.728865814208984375e+01
3.710455322265625000e+01
3.691547012329101562e+01
3.672150421142578125e+01
3.652276611328125000e+01
3.631935882568359375e+01
3.611138534545898438e+01
3.589895629882812500e+01
3.568217468261718750e+01
3.546113967895507812e+01
3.523596572875976562e+01
3.500674819946289062e+01
3.477360153198242188e+01
3.453662109375000000e+01
3.429591751098632812e+01
3.405159378051757812e+01
3.380375671386718750e+01
3.355250930786132812e+01
3.329796218872070312e+01
3.304021072387695312e+01
3.277936553955078125e+01
3.251552963256835938e+01
3.224880981445312500e+01
3.197930717468261719e+01
3.170713233947753906e+01
3.143238830566406250e+01
3.115517997741699219e+01
3.087560844421386719e+01
3.059378433227539062e+01
3.030980682373046875e+01
3.002378463745117188e+01
2.973582267761230469e+01
2.944602584838867188e+01
2.915449523925781250e+01
2.886134910583496094e+01
2.856671524047851562e+01
2.827073097229003906e+01
2.797354125976562500e+01
2.767528343200683594e+01
2.737609481811523438e+01
2.707611465454101562e+01
2.677548599243164062e+01
2.647434425354003906e+01
2.617282867431640625e+01
2.587108039855957031e+01
2.556923866271972656e+01
2.526744079589843750e+01
2.496582794189453125e+01
2.466453933715820312e+01
2.436371231079101562e+01
2.406348609924316406e+01
2.376400375366210938e+01
2.346539878845214844e+01
2.316781425476074219e+01
2.287138938903808594e+01
2.257626152038574219e+01
2.228256988525390625e+01
2.199045753479003906e+01
2.170005989074707031e+01
2.141151618957519531e+01
2.112496757507324219e+01
2.084055137634277344e+01
2.055840682983398438e+01
2.027867698669433594e+01
2.000149726867675781e+01
1.972700500488281250e+01
1.945534515380859375e+01
1.918665313720703125e+01
1.892106819152832031e+01
1.865873146057128906e+01
1.839978027343750000e+01
1.814435577392578125e+01
1.789259719848632812e+01
1.764463996887207031e+01
1.740062713623046875e+01
1.716069602966308594e+01
1.692498779296875000e+01
1.669363975524902344e+01
1.646679115295410156e+01
1.624458312988281250e+01
1.602715110778808594e+01
1.581464099884033203e+01
1.560718536376953125e+01
1.540492725372314453e+01
1.520798683166503906e+01
1.501641654968261719e+01
1.483025074005126953e+01
1.464952564239501953e+01
1.447427558898925781e+01
1.430453395843505859e+01
1.414033794403076172e+01
1.398172187805175781e+01
1.382871818542480469e+01
1.368136501312255859e+01
1.353969478607177734e+01
1.340374374389648438e+01
1.327354621887207031e+01
1.314913654327392578e+01
1.303055000305175781e+01
1.291782188415527344e+01
1.281098651885986328e+01
1.271007823944091797e+01
1.261513423919677734e+01
1.252618598937988281e+01
1.244326972961425781e+01
1.236642074584960938e+01
1.229567337036132812e+01
1.223106384277343750e+01
1.217262554168701172e+01
1.212039279937744141e+01
1.207440185546875000e+01
1.203468608856201172e+01
1.200128173828125000e+01
1.197422313690185547e+01
1.195354461669921875e+01
1.193928146362304688e+01
1.193146896362304688e+01
1.193014144897460938e+01
1.193533325195312500e+01
1.194708061218261719e+01
1.196541690826416016e+01
1.199037742614746094e+01
1.202199649810791016e+01
1.206031131744384766e+01
1.210535335540771484e+01
1.215715980529785156e+01
1.221576499938964844e+01
1.228120326995849609e+01
1.235350990295410156e+01
1.243271827697753906e+01
1.251886653900146484e+01
1.261198616027832031e+01
1.271211338043212891e+01
1.281928348541259766e+01
1.293350696563720703e+01
1.305469894409179688e+01
1.318275260925292969e+01
1.331755924224853516e+01
1.345901203155517578e+01
1.360700130462646484e+01
1.376141929626464844e+01
1.392215919494628906e+01
1.408911228179931641e+01
1.426217174530029297e+01
1.444122600555419922e+01
1.462617206573486328e+01
1.481689739227294922e+01
1.501329898834228516e+01
1.521526336669921875e+01
1.542268657684326172e+01
1.563545703887939453e+01
1.585347175598144531e+01
1.607661819458007812e+01
1.630479049682617188e+01
1.653787994384765625e+01
1.677577972412109375e+01
1.701838111877441406e+01
1.726557540893554688e+01
1.751725387573242188e+01
1.777330970764160156e+01
1.803363800048828125e+01
1.829812622070312500e+01
1.856666755676269531e+01
1.883915519714355469e+01
1.911548042297363281e+01
1.939553451538085938e+01
1.967921066284179688e+01
1.996640014648437500e+01
2.025699615478515625e+01
2.055088996887207031e+01
2.084797096252441406e+01
2.114813613891601562e+01
2.145127487182617188e+01
2.175727844238281250e+01
2.206603813171386719e+01
2.237745094299316406e+01
2.269140434265136719e+01
2.300778961181640625e+01
2.332650375366210938e+01
2.364743423461914062e+01
2.397047424316406250e+01
2.429551506042480469e+01
2.462245178222656250e+01
2.495117378234863281e+01
2.528156852722167969e+01
2.561350059509277344e+01
2.594683074951171875e+01
2.628142166137695312e+01
2.661713218688964844e+01
2.695382118225097656e+01
2.729135131835937500e+01
2.762958145141601562e+01
2.796837043762207031e+01
2.830758476257324219e+01
2.864708137512207031e+01
2.898671722412109375e+01
2.932635307312011719e+01
2.966585731506347656e+01
3.000508308410644531e+01
3.034389114379882812e+01
3.068214416503906250e+01
3.101970291137695312e+01
3.135642623901367188e+01
3.169217681884765625e+01
3.202680587768554688e+01
3.236018753051757812e+01
3.269217681884765625e+01
3.302262878417968750e+01
3.335140991210937500e+01
3.367837905883789062e+01
3.400339508056640625e+01
3.432632064819335938e+01
3.464701461791992188e+01
3.496533584594726562e+01
3.528115081787109375e+01
3.559431457519531250e+01
3.590468978881835938e+01
3.621213150024414062e+01
3.651650619506835938e+01
3.681767272949218750e+01
3.711549377441406250e+01
3.740982818603515625e+01
3.770053100585937500e+01
3.798746871948242188e+01
3.827049636840820312e+01
3.854948043823242188e+01
3.882428359985351562e+01
3.909475708007812500e+01
3.936076736450195312e+01
3.962217330932617188e+01
3.987883377075195312e+01
4.013061141967773438e+01
4.037736511230468750e+01
4.061895751953125000e+01
4.085526275634765625e+01
4.108623504638671875e+01
4.131184005737304688e+01
4.153204345703125000e+01
4.174681472778320312e+01
4.195611953735351562e+01
4.215992736816406250e+01
4.235820388793945312e+01
4.255091857910156250e+01
4.273803329467773438e+01
4.291952514648437500e+01
4.309535217285156250e+01
4.326548767089843750e+01
4.342989349365234375e+01
4.358854675292968750e+01
4.374140167236328125e+01
4.388843536376953125e+01
4.402961349487304688e+01
4.416490554809570312e+01
4.429427337646484375e+01
4.441768646240234375e+01
4.453511047363281250e+01
4.464651489257812500e+01
4.475186920166015625e+01
4.485113906860351562e+01
4.494429016113281250e+01
4.503129196166992188e+01
4.511211395263671875e+01
4.518671417236328125e+01
4.525507354736328125e+01
4.531715011596679688e+01
4.537290954589843750e+01
4.542232894897460938e+01
4.546536636352539062e+01
4.550199890136718750e+01
4.553218460083007812e+01
4.555589294433593750e+01
4.557309341430664062e+01
4.558375549316406250e+01
4.558784103393554688e+01
4.558531951904296875e+01
4.557616043090820312e+01
4.556033325195312500e+01
4.553779983520507812e+01
4.550852584838867188e+01
4.547248840332031250e+01
4.542964553833007812e+01
4.537997055053710938e+01
4.532342529296875000e+01
4.525998306274414062e+01
4.518962860107421875e+01
4.511243057250976562e+01
4.502847671508789062e+01
4.493785858154296875e+01
4.484066390991210938e+01
4.473697662353515625e+01
4.462689208984375000e+01
4.451049804687500000e+01
4.438787841796875000e+01
4.425912475585937500e+01
4.412432861328125000e+01
4.398357391357421875e+01
4.383695602416992188e+01
4.368455886840820312e+01
4.352646636962890625e+01
4.336277770996093750e+01
4.319357681274414062e+01
4.301894760131835938e+01
4.283898544311523438e+01
4.265377807617187500e+01
4.246341323852539062e+01
4.226797866821289062e+01
4.206756591796875000e+01
4.186225891113281250e+01
4.165214920043945312e+01
4.143732452392578125e+01
4.121788024902343750e+01
4.099389266967773438e+01
4.076546096801757812e+01
4.053266906738281250e+01
4.029560852050781250e+01
4.005436706542968750e+01
3.980903244018554688e+01
3.955969238281250000e+01
3.930643463134765625e+01
3.904935455322265625e+01
3.878853607177734375e+01
3.852406692504882812e+01
3.825603866577148438e+01
3.798453903198242188e+01
3.770965194702148438e+01
3.743147659301757812e+01
3.715008926391601562e+01
3.686559295654296875e+01
3.657806396484375000e+01
3.628759765625000000e+01
3.599427795410156250e+01
3.569819641113281250e+01
3.539944458007812500e+01
3.509810638427734375e+01
3.479428100585937500e+01
3.448808670043945312e+01
3.417966079711914062e+01
3.386912536621093750e+01
3.355660629272460938e+01
3.324224472045898438e+01
3.292616271972656250e+01
3.260849380493164062e+01
3.228936386108398438e+01
3.196890258789062500e+01
3.164723777770996094e+01
3.132450485229492188e+01
3.100082778930664062e+01
3.067633819580078125e+01
3.035116767883300781e+01
3.002544021606445312e+01
2.969929122924804688e+01
2.937284469604492188e+01
2.904623413085937500e+01
2.871958923339843750e+01
2.839303588867187500e+01
2.806670570373535156e+01
2.774072837829589844e+01
2.741523170471191406e+01
2.709034919738769531e+01
2.676620674133300781e+01
2.644293212890625000e+01
2.612065887451171875e+01
2.579951477050781250e+01
2.547962951660156250e+01
2.516113281250000000e+01
2.484415245056152344e+01
2.452882003784179688e+01
2.421526336669921875e+01
2.390361404418945312e+01
2.359399986267089844e+01
2.328655052185058594e+01
2.298139381408691406e+01
2.267866325378417969e+01
2.237848472595214844e+01
2.208098983764648438e+01
2.178630447387695312e+01
2.149456214904785156e+01
2.120589447021484375e+01
2.092042350769042969e+01
2.063828277587890625e+01
2.035960197448730469e+01
2.008451080322265625e+01
1.981313705444335938e+01
1.954561042785644531e+01
1.928204917907714844e+01
1.902250671386718750e+01
1.876702499389648438e+01
1.851564788818359375e+01
1.826841545104980469e+01
1.802537345886230469e+01
1.778656196594238281e+01
1.755202293395996094e+01
1.732180023193359375e+01
1.709593391418457031e+01
1.687446784973144531e+01
1.665744400024414062e+01
1.644490242004394531e+01
1.623688888549804688e+01
1.603344345092773438e+01
1.583460998535156250e+01
1.564042949676513672e+01
1.545094299316406250e+01
1.526619529724121094e+01
1.508622741699218750e+01
1.491108226776123047e+01
1.474080085754394531e+01
1.457542514801025391e+01
1.441499996185302734e+01
1.425956439971923828e+01
1.410916328430175781e+01
1.396383571624755859e+01
1.382362747192382812e+01
1.368857955932617188e+01
1.355873394012451172e+01
1.343413257598876953e+01
1.331481742858886719e+01
1.320083236694335938e+01
1.309221744537353516e+01
1.298901653289794922e+01
1.289127159118652344e+01
1.279902362823486328e+01
1.271231651306152344e+01
1.263119220733642578e+01
1.255569267272949219e+01
1.248585891723632812e+01
1.242173480987548828e+01
1.236336231231689453e+01
1.231078338623046875e+01
1.226403999328613281e+01
1.222317504882812500e+01
1.218823146820068359e+01
1.215924930572509766e+01
1.213627243041992188e+01
1.211934280395507812e+01
1.210848236083984375e+01
1.210364055633544922e+01
1.210474395751953125e+01
1.211172103881835938e+01
1.212450122833251953e+01
1.214301204681396484e+01
1.216718006134033203e+01
1.219693660736083984e+01
1.223220729827880859e+01
1.227292156219482422e+01
1.231900691986083984e+01
1.237039184570312500e+01
1.242700576782226562e+01
1.248877429962158203e+01
1.255562877655029297e+01
1.262749576568603516e+01
1.270430278778076172e+01
1.278597927093505859e+01
1.287245273590087891e+01
1.296365165710449219e+01
1.305950450897216797e+01
1.315993881225585938e+01
1.326488399505615234e+01
1.337426662445068359e+01
1.348801708221435547e+01
1.360606193542480469e+01
1.372832870483398438e+01
1.385474777221679688e+01
1.398524570465087891e+01
1.411975288391113281e+01
1.425819492340087891e+01
1.440050029754638672e+01
1.454659748077392578e+01
1.469641590118408203e+01
1.484988403320312500e+01
1.500692844390869141e+01
1.516747856140136719e+01
1.533146190643310547e+01
1.549880695343017578e+01
1.566944026947021484e+01
1.584329414367675781e+01
1.602029228210449219e+01
1.620036697387695312e+01
1.638344383239746094e+01
1.656945037841796875e+01
1.675831604003906250e+01
1.694997024536132812e+01
1.714434051513671875e+01
1.734135437011718750e+01
1.754093933105468750e+01
1.774301910400390625e+01
1.794749069213867188e+01
1.815424537658691406e+01
1.836317825317382812e+01
1.857418060302734375e+01
1.878714179992675781e+01
1.900195503234863281e+01
1.921851348876953125e+01
1.943670845031738281e+01
1.965643310546875000e+01
1.987757873535156250e+01
2.010003471374511719e+01
2.032369613647460938e+01
2.054845619201660156e+01
2.077420234680175781e+01
2.100083160400390625e+01
2.122823333740234375e+01
2.145629882812500000e+01
2.168492507934570312e+01
2.191399574279785156e+01
2.214340972900390625e+01
2.237305641174316406e+01
2.260282897949218750e+01
2.283261871337890625e+01
2.306231689453125000e+01
2.329181671142578125e+01
2.352101135253906250e+01
2.374978828430175781e+01
2.397804641723632812e+01
2.420567321777343750e+01
2.443255996704101562e+01
2.465859985351562500e+01
2.488368797302246094e+01
2.510770988464355469e+01
2.533056449890136719e+01
2.555214118957519531e+01
2.577232933044433594e+01
2.599102592468261719e+01
2.620811843872070312e+01
2.642350196838378906e+01
2.663706779479980469e+01
2.684870529174804688e+01
2.705831146240234375e+01
2.726577568054199219e+01
2.747098922729492188e+01
2.767384338378906250e+01
2.787423515319824219e+01
2.807205009460449219e+01
2.826718521118164062e+01
2.845952987670898438e+01
2.864898872375488281e+01
2.883550643920898438e+01
2.901904106140136719e+01
2.919955253601074219e+01
2.937699508666992188e+01
2.955132865905761719e+01
2.972251319885253906e+01
2.989050102233886719e+01
3.005525016784667969e+01
3.021672248840332031e+01
3.037487411499023438e+01
3.052965736389160156e+01
3.068103981018066406e+01
3.082896804809570312e+01
3.097341156005859375e+01
3.111431503295898438e+01
3.125164604187011719e+01
3.138535881042480469e+01
3.151540946960449219e+01
3.164175605773925781e+01
3.176435852050781250e+01
3.188317489624023438e+01
3.199815750122070312e+01
3.210927200317382812e+01
3.221646499633789062e+01
3.231970596313476562e+01
3.241894149780273438e+01
3.251413726806640625e+01
3.260525131225585938e+01
3.269223785400390625e+01
3.277505111694335938e+01
3.285365295410156250e+01
3.292800140380859375e+01
3.299805450439453125e+01
3.306376647949218750e+01
3.312509536743164062e+01
3.318200302124023438e+01
3.323444366455078125e+01
3.328237533569335938e+01
3.332575607299804688e+01
3.336454391479492188e+01
3.339869689941406250e+01
3.342816925048828125e+01
3.345292282104492188e+01
3.347290802001953125e+01
3.348809432983398438e+01
3.349842834472656250e+01
3.350387191772460938e+01
3.350438690185546875e+01
3.349992370605468750e+01
3.349045944213867188e+01
3.347602844238281250e+01
3.345668792724609375e+01
3.343248748779296875e+01
3.340347671508789062e+01
3.336970901489257812e+01
3.333123779296875000e+01
3.328811645507812500e+01
3.324039840698242188e+01
3.318813323974609375e+01
3.313137435913085938e+01
3.307017135620117188e+01
3.300458145141601562e+01
3.293465423583984375e+01
3.286044692993164062e+01
3.278200149536132812e+01
3.269938278198242188e+01
3.261263275146484375e+01
3.252180480957031250e+01
3.242695999145507812e+01
3.232814407348632812e+01
3.222540664672851562e+01
3.211880874633789062e+01
3.200839233398437500e+01
3.189421844482421875e+01
3.177633666992187500e+01
3.165479850769042969e+01
3.152965736389160156e+01
3.140096473693847656e+01
3.126877403259277344e+01
3.113313293457031250e+01
3.099410057067871094e+01
3.085172843933105469e+01
3.070606422424316406e+01
3.055716514587402344e+01
3.040508079528808594e+01
3.024986457824707031e+01
3.009156799316406250e+01
2.993024444580078125e+01
2.976594352722167969e+01
2.959872245788574219e+01
2.942863082885742188e+01
2.925571823120117188e+01
2.908004379272460938e+01
2.890165328979492188e+01
2.872060394287109375e+01
2.853694343566894531e+01
2.835072898864746094e+01
2.816201210021972656e+01
2.797084045410156250e+01
2.777727890014648438e+01
2.758140563964843750e+01
2.738330841064453125e+01
2.718307304382324219e+01
2.698079299926757812e+01
2.677655220031738281e+01
2.657044219970703125e+01
2.636254501342773438e+01
2.615295219421386719e+01
2.594174957275390625e+01
2.572902870178222656e+01
2.551487541198730469e+01
2.529937744140625000e+01
2.508262252807617188e+01
2.486469841003417969e+01
2.464569282531738281e+01
2.442569351196289062e+01
2.420478820800781250e+01
2.398306655883789062e+01
2.376061439514160156e+01
2.353752136230468750e+01
2.331387138366699219e+01
2.308975791931152344e+01
2.286526679992675781e+01
2.264048385620117188e+01
2.241549873352050781e+01
2.219039726257324219e+01
2.196527099609375000e+01
2.174020385742187500e+01
2.151528739929199219e+01
2.129060554504394531e+01
2.106624984741210938e+01
2.084230613708496094e+01
2.061886215209960938e+01
2.039600563049316406e+01
2.017382621765136719e+01
1.995241165161132812e+01
1.973184585571289062e+01
1.951222229003906250e+01
1.929362487792968750e+01
1.907614135742187500e+01
1.885986328125000000e+01
1.864487457275390625e+01
1.843126678466796875e+01
1.821912193298339844e+01
1.800853538513183594e+01
1.779958915710449219e+01
1.759237289428710938e+01
1.738697624206542969e+01
1.718348312377929688e+01
1.698197746276855469e+01
1.678250694274902344e+01
1.658511161804199219e+01
1.638983345031738281e+01
1.619671058654785156e+01
1.600578689575195312e+01
1.581710243225097656e+01
1.563069915771484375e+01
1.544661521911621094e+01
1.526489353179931641e+01
1.508557510375976562e+01
1.490869998931884766e+01
1.473430919647216797e+01
1.456244373321533203e+01
1.439314460754394531e+01
1.422645378112792969e+01
1.406240940093994141e+01
1.390105533599853516e+01
1.374243164062500000e+01
1.358657741546630859e+01
1.343353366851806641e+01
1.328334426879882812e+01
1.313604831695556641e+01
1.299168586730957031e+01
1.285029888153076172e+01
1.271192932128906250e+01
1.257661533355712891e+01
1.244439983367919922e+01
1.231532382965087891e+01
1.218942642211914062e+01
1.206674957275390625e+01
1.194733524322509766e+01
1.183122253417968750e+01
1.171845340728759766e+01
1.160906887054443359e+01
1.150310897827148438e+01
1.140061473846435547e+01
1.130162811279296875e+01
1.120618915557861328e+01
1.111433887481689453e+01
1.102611827850341797e+01
1.094156742095947266e+01
1.086072826385498047e+01
1.078364181518554688e+01
1.071034812927246094e+01
1.064088916778564453e+01
1.057530403137207031e+01
1.051363563537597656e+01
1.045592403411865234e+01
1.040220928192138672e+01
1.035251998901367188e+01
1.030683422088623047e+01
1.026511669158935547e+01
1.022733116149902344e+01
1.019344043731689453e+01
1.016341209411621094e+01
1.013720893859863281e+01
1.011479568481445312e+01
1.009613704681396484e+01
1.008119678497314453e+01
1.006994056701660156e+01
1.006233119964599609e+01
1.005833530426025391e+01
1.005791568756103516e+01
1.006103706359863281e+01
1.006766510009765625e+01
1.007776260375976562e+01
1.009129524230957031e+01
1.010822772979736328e+01
1.012852287292480469e+01
1.015214729309082031e+01
1.017906284332275391e+01
1.020923805236816406e+01
1.024263286590576172e+01
1.027921390533447266e+01
1.031894683837890625e+01
1.036179447174072266e+01
1.040772151947021484e+01
1.045669269561767578e+01
1.050867271423339844e+01
1.056362533569335938e+01
1.062151622772216797e+01
1.068230915069580078e+01
1.074596786499023438e+01
1.081245803833007812e+01
1.088174438476562500e+01
1.095378971099853516e+01
1.102855968475341797e+01
1.110601806640625000e+01
1.118613147735595703e+01
1.126886177062988281e+01
1.135417461395263672e+01
1.144203376770019531e+01
1.153240585327148438e+01
1.162525272369384766e+01
1.172054100036621094e+01
1.181823253631591797e+01
1.191829395294189453e+01
1.202068996429443359e+01
1.212538337707519531e+01
1.223233413696289062e+01
1.234147930145263672e+01
1.245274734497070312e+01
1.256606960296630859e+01
1.268137645721435547e+01
1.279859924316406250e+01
1.291766834259033203e+01
1.303851413726806641e+01
1.316106605529785156e+01
1.328525638580322266e+01
1.341101360321044922e+01
1.353826999664306641e+01
1.366695499420166016e+01
1.379699993133544922e+01
1.392833614349365234e+01
1.406089115142822266e+01
1.419459915161132812e+01
1.432938766479492188e+01
1.446518898010253906e+01
1.460193252563476562e+01
1.473955059051513672e+01
1.487797164916992188e+01
1.501712703704833984e+01
1.515694713592529297e+01
1.529736232757568359e+01
1.543830394744873047e+01
1.557970237731933594e+01
1.572148799896240234e+01
1.586358928680419922e+01
1.600593948364257812e+01
1.614846992492675781e+01
1.629110717773437500e+01
1.643378639221191406e+01
1.657643318176269531e+01
1.671898078918457031e+01
1.686136054992675781e+01
1.700350189208984375e+01
1.714533615112304688e+01
1.728679275512695312e+01
1.742780303955078125e+01
1.756829643249511719e+01
1.770820426940917969e+01
1.784745788574218750e+01
1.798598670959472656e+01
1.812371826171875000e+01
1.826058959960937500e+01
1.839652824401855469e+01
1.853146362304687500e+01
1.866532516479492188e+01
1.879804611206054688e+01
1.892956352233886719e+01
1.905982971191406250e+01
1.918880844116210938e+01
1.931646347045898438e+01
1.944275283813476562e+01
1.956764221191406250e+01
1.969108963012695312e+01
1.981305885314941406e+01
1.993351364135742188e+01
2.005241203308105469e+01
2.016971778869628906e+01
2.028539276123046875e+01
2.039939880371093750e+01
2.051169776916503906e+01
2.062224960327148438e+01
2.073101806640625000e+01
2.083796691894531250e+01
2.094305229187011719e+01
2.104624176025390625e+01
2.114749526977539062e+01
2.124677085876464844e+01
2.134403610229492188e+01
2.143924903869628906e+01
2.153237342834472656e+01
2.162337112426757812e+01
2.171220207214355469e+01
2.179882812500000000e+01
2.188321304321289062e+01
2.196531677246093750e+01
2.204510498046875000e+01
2.212253379821777344e+01
2.219756889343261719e+01
2.227017211914062500e+01
2.234030151367187500e+01
2.240792274475097656e+01
2.247299766540527344e+01
2.253548622131347656e+01
2.259534835815429688e+01
2.265255165100097656e+01
2.270705413818359375e+01
2.275881767272949219e+01
2.280780410766601562e+01
2.285397529602050781e+01
2.289729499816894531e+01
2.293772125244140625e+01
2.297521972656250000e+01
2.300975036621093750e+01
2.304127502441406250e+01
2.306975555419921875e+01
2.309515380859375000e+01
2.311744117736816406e+01
2.313662910461425781e+01
2.315273666381835938e+01
2.316578865051269531e+01
2.317580032348632812e+01
2.318279647827148438e+01
2.318679428100585938e+01
2.318781661987304688e+01
2.318588256835937500e+01
2.318101501464843750e+01
2.317323303222656250e+01
2.316255950927734375e+01
2.314900970458984375e+01
2.313261032104492188e+01
2.311337852478027344e+01
2.309133529663085938e+01
2.306650161743164062e+01
2.303889846801757812e+01
2.300854682922363281e+01
2.297546577453613281e+01
2.293967628479003906e+01
2.290120124816894531e+01
2.286005783081054688e+01
2.281626892089843750e+01
2.276985549926757812e+01
2.272083663940429688e+01
2.266923332214355469e+01
2.261506652832031250e+01
2.255835723876953125e+01
2.249912452697753906e+01
2.243739128112792969e+01
2.237317848205566406e+01
2.230650329589843750e+01
2.223738861083984375e+01
2.216585540771484375e+01
2.209192276000976562e+01
2.201561355590820312e+01
2.193694686889648438e+01
2.185594177246093750e+01
2.177262306213378906e+01
2.168700599670410156e+01
2.159911727905273438e+01
2.150897407531738281e+01
2.141659545898437500e+01
2.132200431823730469e+01
2.122522163391113281e+01
2.112626838684082031e+01
2.102516365051269531e+01
2.092192649841308594e+01
2.081658172607421875e+01
2.070915222167968750e+01
2.059968566894531250e+01
2.048823356628417969e+01
2.037485122680664062e+01
2.025958633422851562e+01
2.014249610900878906e+01
2.002362823486328125e+01
1.990303802490234375e+01
1.978077507019042969e+01
1.965689277648925781e+01
1.953144645690917969e+01
1.940448379516601562e+01
1.927605819702148438e+01
1.914622116088867188e+01
1.901502990722656250e+01
1.888253021240234375e+01
1.874877738952636719e+01
1.861382484436035156e+01
1.847772026062011719e+01
1.834052085876464844e+01
1.820227813720703125e+01
1.806304168701171875e+01
1.792286491394042969e+01
1.778180122375488281e+01
1.763989830017089844e+01
1.749721527099609375e+01
1.735380172729492188e+01
1.720970726013183594e+01
1.706498527526855469e+01
1.691969108581542969e+01
1.677387428283691406e+01
1.662758636474609375e+01
1.648088073730468750e+01
1.633381080627441406e+01
1.618642616271972656e+01
1.603878021240234375e+01
1.589092540740966797e+01
1.574291419982910156e+01
1.559479713439941406e+01
1.544662952423095703e+01
1.529846191406250000e+01
1.515034675598144531e+01
1.500233459472656250e+01
1.485447978973388672e+01
1.470683383941650391e+01
1.455944824218750000e+01
1.441237831115722656e+01
1.426567173004150391e+01
1.411938381195068359e+01
1.397356510162353516e+01
1.382826709747314453e+01
1.368352413177490234e+01
1.353937339782714844e+01
1.339584732055664062e+01
1.325298118591308594e+01
1.311080932617187500e+01
1.296936511993408203e+01
1.282868576049804688e+01
1.268880176544189453e+01
1.254975128173828125e+01
1.241156578063964844e+01
1.227428054809570312e+01
1.213792991638183594e+01
1.200255012512207031e+01
1.186817264556884766e+01
1.173483371734619141e+01
1.160256671905517578e+01
1.147140693664550781e+01
1.134138870239257812e+01
1.121254539489746094e+01
1.108491230010986328e+01
1.095852279663085938e+01
1.083341312408447266e+01
1.070961570739746094e+01
1.058716583251953125e+01
1.046609878540039062e+01
1.034644699096679688e+01
1.022824573516845703e+01
1.011153030395507812e+01
9.996333122253417969e+00
9.882691383361816406e+00
9.770635604858398438e+00
9.660203933715820312e+00
9.551429748535156250e+00
9.444345474243164062e+00
9.338987350463867188e+00
9.235389709472656250e+00
9.133585929870605469e+00
9.033611297607421875e+00
8.935500144958496094e+00
8.839286804199218750e+00
8.745004653930664062e+00
8.652689933776855469e+00
8.562376022338867188e+00
8.474096298217773438e+00
8.387887001037597656e+00
8.303780555725097656e+00
8.221814155578613281e+00
8.142019271850585938e+00
8.064431190490722656e+00
7.989078521728515625e+00
7.915957450866699219e+00
7.845059871673583984e+00
7.776376724243164062e+00
7.709899425506591797e+00
7.645617961883544922e+00
7.583524227142333984e+00
7.523608684539794922e+00
7.465862274169921875e+00
7.410276889801025391e+00
7.356841564178466797e+00
7.305549621582031250e+00
7.256390094757080078e+00
7.209355354309082031e+00
7.164435386657714844e+00
7.121622085571289062e+00
7.080905437469482422e+00
7.042276859283447266e+00
7.005728244781494141e+00
6.971248149871826172e+00
6.938830852508544922e+00
6.908463954925537109e+00
6.880140781402587891e+00
6.853852272033691406e+00
6.829587459564208984e+00
6.807339668273925781e+00
6.787098407745361328e+00
6.768854618072509766e+00
6.752600193023681641e+00
6.738325595855712891e+00
6.726021766662597656e+00
6.715679645538330078e+00
6.707290649414062500e+00
6.700844764709472656e+00
6.696333885192871094e+00
6.693748950958251953e+00
6.693080425262451172e+00
6.694319725036621094e+00
6.697457790374755859e+00
6.702485561370849609e+00
6.709393501281738281e+00
6.718173503875732422e+00
6.728816032409667969e+00
6.741312026977539062e+00
6.755652427673339844e+00
6.771828174591064453e+00
6.789830684661865234e+00
6.809650421142578125e+00
6.831278800964355469e+00
6.854706287384033203e+00
6.879920005798339844e+00
6.906888008117675781e+00
6.935572624206542969e+00
6.965938091278076172e+00
6.997948646545410156e+00
7.031566143035888672e+00
7.066755294799804688e+00
7.103478908538818359e+00
7.141702175140380859e+00
7.181385993957519531e+00
7.222496032714843750e+00
7.264994144439697266e+00
7.308845043182373047e+00
7.354011535644531250e+00
7.400456428527832031e+00
7.448145389556884766e+00
7.497039794921875000e+00
7.547104358673095703e+00
7.598301887512207031e+00
7.650596141815185547e+00
7.703951835632324219e+00
7.758329868316650391e+00
7.813695430755615234e+00
7.870011806488037109e+00
7.927242279052734375e+00
7.985350608825683594e+00
8.044300079345703125e+00
8.104054450988769531e+00
8.164576530456542969e+00
8.225830078125000000e+00
8.287778854370117188e+00
8.350387573242187500e+00
8.413617134094238281e+00
8.477432250976562500e+00
8.541796684265136719e+00
8.606674194335937500e+00
8.672027587890625000e+00
8.737820625305175781e+00
8.804016113281250000e+00
8.870579719543457031e+00
8.937472343444824219e+00
9.004658699035644531e+00
9.072101593017578125e+00
9.139764785766601562e+00
9.207612991333007812e+00
9.275608062744140625e+00
9.343714714050292969e+00
9.411895751953125000e+00
9.480113983154296875e+00
9.548335075378417969e+00
9.616521835327148438e+00
9.684645652770996094e+00
9.752677917480468750e+00
9.820590972900390625e+00
9.888356208801269531e+00
9.955946922302246094e+00
1.002333354949951172e+01
1.009048748016357422e+01
1.015738201141357422e+01
1.022398853302001953e+01
1.029027938842773438e+01
1.035622501373291016e+01
1.042179965972900391e+01
1.048697280883789062e+01
1.055171775817871094e+01
1.061600589752197266e+01
1.067980957031250000e+01
1.074310016632080078e+01
1.080584907531738281e+01
1.086802959442138672e+01
1.092961311340332031e+01
1.099057006835937500e+01
1.105087471008300781e+01
1.111049652099609375e+01
1.116940975189208984e+01
1.122758388519287109e+01
1.128499317169189453e+01
1.134160804748535156e+01
1.139740085601806641e+01
1.145234394073486328e+01
1.150640773773193359e+01
1.155956649780273438e+01
1.161178874969482422e+01
1.166304969787597656e+01
1.171331882476806641e+01
1.176256942749023438e+01
1.181077289581298828e+01
1.185790157318115234e+01
1.190392684936523438e+01
1.194882011413574219e+01
1.199255466461181641e+01
1.203510093688964844e+01
1.207643222808837891e+01
1.211651897430419922e+01
1.215533351898193359e+01
1.219284915924072266e+01
1.222903633117675781e+01
1.226386642456054688e+01
1.229731273651123047e+01
1.232934570312500000e+01
1.235994338989257812e+01
1.238910293579101562e+01
1.241682529449462891e+01
1.244311332702636719e+01
1.246796798706054688e+01
1.249139118194580078e+01
1.251338672637939453e+01
1.253395366668701172e+01
1.255309677124023438e+01
1.257081604003906250e+01
1.258711338043212891e+01
1.260199356079101562e+01
1.261545372009277344e+01
1.262749958038330078e+01
1.263813209533691406e+01
1.264735221862792969e+01
1.265516281127929688e+01
1.266156578063964844e+01
1.266656303405761719e+01
1.267015647888183594e+01
1.267234706878662109e+01
1.267313766479492188e+01
1.267253112792968750e+01
1.267052841186523438e+01
1.266713047027587891e+01
1.266234111785888672e+01
1.265616130828857422e+01
1.264859294891357422e+01
1.263963794708251953e+01
1.262929725646972656e+01
1.261757564544677734e+01
1.260447311401367188e+01
1.258999061584472656e+01
1.257413291931152344e+01
1.255689811706542969e+01
1.253829193115234375e+01
1.251831436157226562e+01
1.249696731567382812e+01
1.247425365447998047e+01
1.245017433166503906e+01
1.242473220825195312e+01
1.239792823791503906e+01
1.236976528167724609e+01
1.234024429321289062e+01
1.230936717987060547e+01
1.227713775634765625e+01
1.224355602264404297e+01
1.220862388610839844e+01
1.217234420776367188e+01
1.213471889495849609e+01
1.209575271606445312e+01
1.205546760559082031e+01
1.201388645172119141e+01
1.197103595733642578e+01
1.192693710327148438e+01
1.188161659240722656e+01
1.183509922027587891e+01
1.178740692138671875e+01
1.173856544494628906e+01
1.168859958648681641e+01
1.163753318786621094e+01
1.158539104461669922e+01
1.153219604492187500e+01
1.147797489166259766e+01
1.142275047302246094e+01
1.136654663085937500e+01
1.130938911437988281e+01
1.125130081176757812e+01
1.119230747222900391e+01
1.113243293762207031e+01
1.107170200347900391e+01
1.101013755798339844e+01
1.094776439666748047e+01
1.088460826873779297e+01
1.082069301605224609e+01
1.075604152679443359e+01
1.069067955017089844e+01
1.062463092803955078e+01
1.055792045593261719e+01
1.049057197570800781e+01
1.042261028289794922e+01
1.035405921936035156e+01
1.028494453430175781e+01
1.021528816223144531e+01
1.014511680603027344e+01
1.007445335388183594e+01
1.000332260131835938e+01
9.931748390197753906e+00
9.859756469726562500e+00
9.787369728088378906e+00
9.714613914489746094e+00
9.641510963439941406e+00
9.568088531494140625e+00
9.494368553161621094e+00
9.420375823974609375e+00
9.346135139465332031e+00
9.271671295166015625e+00
9.197007179260253906e+00
9.122167587280273438e+00
9.047178268432617188e+00
8.972062110900878906e+00
8.896841049194335938e+00
8.821537971496582031e+00
8.746174812316894531e+00
8.670772552490234375e+00
8.595355033874511719e+00
8.519943237304687500e+00
8.444557189941406250e+00
8.369222640991210938e+00
8.293957710266113281e+00
8.218788146972656250e+00
8.143733978271484375e+00
8.068817138671875000e+00
7.994059085845947266e+00
7.919483661651611328e+00
7.845111370086669922e+00
7.770964145660400391e+00
7.697064876556396484e+00
7.623435974121093750e+00
7.550097465515136719e+00
7.477073669433593750e+00
7.404384136199951172e+00
7.332053184509277344e+00
7.260101318359375000e+00
7.188550949096679688e+00
7.117424011230468750e+00
7.046742916107177734e+00
6.976529598236083984e+00
6.906805038452148438e+00
6.837592124938964844e+00
6.768913269042968750e+00
6.700789451599121094e+00
6.633243560791015625e+00
6.566296577453613281e+00
6.499971389770507812e+00
6.434289932250976562e+00
6.369273662567138672e+00
6.304944992065429688e+00
6.241325855255126953e+00
6.178437709808349609e+00
6.116303443908691406e+00
6.054944515228271484e+00
5.994383335113525391e+00
5.934640884399414062e+00
5.875740528106689453e+00
5.817703723907470703e+00
5.760551929473876953e+00
5.704308032989501953e+00
5.648993015289306641e+00
5.594629764556884766e+00
5.541236400604248047e+00
5.488818645477294922e+00
5.437377452850341797e+00
5.386914730072021484e+00
5.337432384490966797e+00
5.288932800292968750e+00
5.241416931152343750e+00
5.194886684417724609e+00
5.149343967437744141e+00
5.104790210723876953e+00
5.061228275299072266e+00
5.018657684326171875e+00
4.977082729339599609e+00
4.936503887176513672e+00
4.896922588348388672e+00
4.858340740203857422e+00
4.820761203765869141e+00
4.784184455871582031e+00
4.748612880706787109e+00
4.714048385620117188e+00
4.680491447448730469e+00
4.647945880889892578e+00
4.616411685943603516e+00
4.585891246795654297e+00
4.556386470794677734e+00
4.527899265289306641e+00
4.500430583953857422e+00
4.473983287811279297e+00
4.448557853698730469e+00
4.424157619476318359e+00
4.400782585144042969e+00
4.378436088562011719e+00
4.357119083404541016e+00
4.336833000183105469e+00
4.317580223083496094e+00
4.299362182617187500e+00
4.282180786132812500e+00
4.266037940979003906e+00
4.250935077667236328e+00
4.236873626708984375e+00
4.223856449127197266e+00
4.211884498596191406e+00
4.200959205627441406e+00
4.191083431243896484e+00
4.182257652282714844e+00
4.174484729766845703e+00
4.167765617370605469e+00
4.162102699279785156e+00
4.157497406005859375e+00
4.153951168060302734e+00
4.151463985443115234e+00
4.150021076202392578e+00
4.149608612060546875e+00
4.150209903717041016e+00
4.151809215545654297e+00
4.154390335083007812e+00
4.157938480377197266e+00
4.162437438964843750e+00
4.167870998382568359e+00
4.174223899841308594e+00
4.181480407714843750e+00
4.189624309539794922e+00
4.198639869689941406e+00
4.208511829376220703e+00
4.219223499298095703e+00
4.230760097503662109e+00
4.243105888366699219e+00
4.256243705749511719e+00
4.270159721374511719e+00
4.284836769104003906e+00
4.300259113311767578e+00
4.316411972045898438e+00
4.333278179168701172e+00
4.350843429565429688e+00
4.369091033935546875e+00
4.388005256652832031e+00
4.407570362091064453e+00
4.427770614624023438e+00
4.448590278625488281e+00
4.470013618469238281e+00
4.492025375366210938e+00
4.514608860015869141e+00
4.537748813629150391e+00
4.561429023742675781e+00
4.585634231567382812e+00
4.610348224639892578e+00
4.635555744171142578e+00
4.661240577697753906e+00
4.687386989593505859e+00
4.713979244232177734e+00
4.741002082824707031e+00
4.768438816070556641e+00
4.796274662017822266e+00
4.824492454528808594e+00
4.853077888488769531e+00
4.882014274597167969e+00
4.911286354064941406e+00
4.940878391265869141e+00
4.970773696899414062e+00
5.000957489013671875e+00
5.031413555145263672e+00
5.062125205993652344e+00
5.093075275421142578e+00
5.124248027801513672e+00
5.155626296997070312e+00
5.187192916870117188e+00
5.218932151794433594e+00
5.250826835632324219e+00
5.282859325408935547e+00
5.315013885498046875e+00
5.347273826599121094e+00
5.379621982574462891e+00
5.412042140960693359e+00
5.444517135620117188e+00
5.477030754089355469e+00
5.509565353393554688e+00
5.542104721069335938e+00
5.574632644653320312e+00
5.607131004333496094e+00
5.639585018157958984e+00
5.671976566314697266e+00
5.704288959503173828e+00
5.736506462097167969e+00
5.768611431121826172e+00
5.800587177276611328e+00
5.832417964935302734e+00
5.864085674285888672e+00
5.895574569702148438e+00
5.926867485046386719e+00
5.957947731018066406e+00
5.988798618316650391e+00
6.019403457641601562e+00
6.049746036529541016e+00
6.079808712005615234e+00
6.109575271606445312e+00
6.139029026031494141e+00
6.168153285980224609e+00
6.196930885314941406e+00
6.225345611572265625e+00
6.253380298614501953e+00
6.281018733978271484e+00
6.308243751525878906e+00
6.335039138793945312e+00
6.361387252807617188e+00
6.387272357940673828e+00
6.412677288055419922e+00
6.437584877014160156e+00
6.461979389190673828e+00
6.485843658447265625e+00
6.509160995483398438e+00
6.531916141510009766e+00
6.554104328155517578e+00
6.575720787048339844e+00
6.596761226654052734e+00
6.617223262786865234e+00
6.637101650238037109e+00
6.656393527984619141e+00
6.675094127655029297e+00
6.693200111389160156e+00
6.710707664489746094e+00
6.727612495422363281e+00
6.743911266326904297e+00
6.759598731994628906e+00
6.774672985076904297e+00
6.789129734039306641e+00
6.802963256835937500e+00
6.816171646118164062e+00
6.828750610351562500e+00
6.840695381164550781e+00
6.852003097534179688e+00
6.862669944763183594e+00
6.872691631317138672e+00
6.882063865661621094e+00
6.890783309936523438e+00
6.898845672607421875e+00
6.906248092651367188e+00
6.912985324859619141e+00
6.919054508209228516e+00
6.924451828002929688e+00
6.929172515869140625e+00
6.933212757110595703e+00
6.936569213867187500e+00
6.939238548278808594e+00
6.941215515136718750e+00
6.942497253417968750e+00
6.943078994750976562e+00
6.942958354949951172e+00
6.942130088806152344e+00
6.940591335296630859e+00
6.938336849212646484e+00
6.935363769531250000e+00
6.931668281555175781e+00
6.927246093750000000e+00
6.922093391418457031e+00
6.916206359863281250e+00
6.909581184387207031e+00
6.902214050292968750e+00
6.894101142883300781e+00
6.885238647460937500e+00
6.875621795654296875e+00
6.865249633789062500e+00
6.854129314422607422e+00
6.842270851135253906e+00
6.829682826995849609e+00
6.816374301910400391e+00
6.802355766296386719e+00
6.787635803222656250e+00
6.772223949432373047e+00
6.756130218505859375e+00
6.739363193511962891e+00
6.721932411193847656e+00
6.703848361968994141e+00
6.685118675231933594e+00
6.665753841400146484e+00
6.645763397216796875e+00
6.625156402587890625e+00
6.603941917419433594e+00
6.582130432128906250e+00
6.559730052947998047e+00
6.536751270294189453e+00
6.513202190399169922e+00
6.489093780517578125e+00
6.464434146881103516e+00
6.439233303070068359e+00
6.413500785827636719e+00
6.387245655059814453e+00
6.360477447509765625e+00
6.333205699920654297e+00
6.305439472198486328e+00
6.277188777923583984e+00
6.248462200164794922e+00
6.219269275665283203e+00
6.189620494842529297e+00
6.159523963928222656e+00
6.128989219665527344e+00
6.098026275634765625e+00
6.066644668579101562e+00
6.034852981567382812e+00
6.002661705017089844e+00
5.970078468322753906e+00
5.937114715576171875e+00
5.903778553009033203e+00
5.870079994201660156e+00
5.836028099060058594e+00
5.801631927490234375e+00
5.766901969909667969e+00
5.731846809387207031e+00
5.696475505828857422e+00
5.660799026489257812e+00
5.624825000762939453e+00
5.588563919067382812e+00
5.552027702331542969e+00
5.515228748321533203e+00
5.478178024291992188e+00
5.440888881683349609e+00
5.403373241424560547e+00
5.365642070770263672e+00
5.327709197998046875e+00
5.289586067199707031e+00
5.251284122467041016e+00
5.212816238403320312e+00
5.174194812774658203e+00
5.135430812835693359e+00
5.096537590026855469e+00
5.057526111602783203e+00
5.018409729003906250e+00
4.979199886322021484e+00
4.939908981323242188e+00
4.900548934936523438e+00
4.861131668090820312e+00
4.821670055389404297e+00
4.782175540924072266e+00
4.742660045623779297e+00
4.703136444091796875e+00
4.663616657257080078e+00
4.624112606048583984e+00
4.584636211395263672e+00
4.545200347900390625e+00
4.505816459655761719e+00
4.466497421264648438e+00
4.427254199981689453e+00
4.388099670410156250e+00
4.349046230316162109e+00
4.310105323791503906e+00
4.271289825439453125e+00
4.232610702514648438e+00
4.194081783294677734e+00
4.155713558197021484e+00
4.117518901824951172e+00
4.079510211944580078e+00
4.041698455810546875e+00
4.004097461700439453e+00
3.966718196868896484e+00
3.929573059082031250e+00
3.892674446105957031e+00
3.856034040451049805e+00
3.819664001464843750e+00
3.783577203750610352e+00
3.747784852981567383e+00
3.712299346923828125e+00
3.677131652832031250e+00
3.642287731170654297e+00
3.607772588729858398e+00
3.573590517044067383e+00
3.539746046066284180e+00
3.506244659423828125e+00
3.473090410232543945e+00
3.440288305282592773e+00
3.407843112945556641e+00
3.375759601593017578e+00
3.344042062759399414e+00
3.312695741653442383e+00
3.281724929809570312e+00
3.251134634017944336e+00
3.220929145812988281e+00
3.191113948822021484e+00
3.161693096160888672e+00
3.132671356201171875e+00
3.104053735733032227e+00
3.075844764709472656e+00
3.048049449920654297e+00
3.020672082901000977e+00
2.993717908859252930e+00
2.967190980911254883e+00
2.941096544265747070e+00
2.915439128875732422e+00
2.890223264694213867e+00
2.865453958511352539e+00
2.841135978698730469e+00
2.817273855209350586e+00
2.793872356414794922e+00
2.770936012268066406e+00
2.748470067977905273e+00
2.726478576660156250e+00
2.704967021942138672e+00
2.683939218521118164e+00
2.663400650024414062e+00
2.643355369567871094e+00
2.623808860778808594e+00
2.604765415191650391e+00
2.586229324340820312e+00
2.568206310272216797e+00
2.550700187683105469e+00
2.533716201782226562e+00
2.517259120941162109e+00
2.501332998275756836e+00
2.485943317413330078e+00
2.471094369888305664e+00
2.456790924072265625e+00
2.443037748336791992e+00
2.429837942123413086e+00
2.417187213897705078e+00
2.405079841613769531e+00
2.393510103225708008e+00
2.382472038269042969e+00
2.371959686279296875e+00
2.361967325210571289e+00
2.352489233016967773e+00
2.343519449234008789e+00
2.335052251815795898e+00
2.327081680297851562e+00
2.319602251052856445e+00
2.312607765197753906e+00
2.306092262268066406e+00
2.300050497055053711e+00
2.294476270675659180e+00
2.289363622665405273e+00
2.284706830978393555e+00
2.280500173568725586e+00
2.276737928390502930e+00
2.273413896560668945e+00
2.270522594451904297e+00
2.268058061599731445e+00
2.266014337539672852e+00
2.264385938644409180e+00
2.263166666030883789e+00
2.262350797653198242e+00
2.261932611465454102e+00
2.261906147003173828e+00
2.262265682220458984e+00
2.263005256652832031e+00
2.264119386672973633e+00
2.265601873397827148e+00
2.267446994781494141e+00
2.269649028778076172e+00
2.272201776504516602e+00
2.275099992752075195e+00
2.278337240219116211e+00
2.281908273696899414e+00
2.285806894302368164e+00
2.290027379989624023e+00
2.294563770294189453e+00
2.299410343170166016e+00
2.304561376571655273e+00
2.310010671615600586e+00
2.315752983093261719e+00
2.321782112121582031e+00
2.328092336654663086e+00
2.334677696228027344e+00
2.341532468795776367e+00
2.348650932312011719e+00
2.356027364730834961e+00
2.363656997680664062e+00
2.371534585952758789e+00
2.379654407501220703e+00
2.388011693954467773e+00
2.396600484848022461e+00
2.405416250228881836e+00
2.414453268051147461e+00
2.423706531524658203e+00
2.433170557022094727e+00
2.442840337753295898e+00
2.452710151672363281e+00
2.462774991989135742e+00
2.473029851913452148e+00
2.483469009399414062e+00
2.494087219238281250e+00
2.504879713058471680e+00
2.515840530395507812e+00
2.526965141296386719e+00
2.538247585296630859e+00
2.549683094024658203e+00
2.561266183853149414e+00
2.572991371154785156e+00
2.584853887557983398e+00
2.596848011016845703e+00
2.608968734741210938e+00
2.621210575103759766e+00
2.633568525314331055e+00
2.646037101745605469e+00
2.658611059188842773e+00
2.671285152435302734e+00
2.684054136276245117e+00
2.696913003921508789e+00
2.709855794906616211e+00
2.722877740859985352e+00
2.735973834991455078e+00
2.749137878417968750e+00
2.762365579605102539e+00
2.775651454925537109e+00
2.788989543914794922e+00
2.802375316619873047e+00
2.815803289413452148e+00
2.829267978668212891e+00
2.842764377593994141e+00
2.856287479400634766e+00
2.869831085205078125e+00
2.883390903472900391e+00
2.896960973739624023e+00
2.910536527633666992e+00
