# te
3.320767402648925781e+00
4.072901248931884766e+00
4.116543769836425781e+00
3.755684375762939453e+00
3.218785047531127930e+00
2.648256540298461914e+00
2.128051042556762695e+00
1.698192000389099121e+00
1.377178788185119629e+00
1.168572902679443359e+00
1.065377354621887207e+00
1.039834856986999512e+00
1.062149286270141602e+00
1.114448070526123047e+00
1.182560682296752930e+00
1.255199790000915527e+00
1.322968125343322754e+00
1.381146073341369629e+00
1.428183317184448242e+00
1.470530748367309570e+00
1.515146136283874512e+00
1.563014388084411621e+00
1.613963603973388672e+00
1.669169068336486816e+00
1.729085445404052734e+00
1.789942383766174316e+00
1.847299456596374512e+00
1.898263096809387207e+00
1.940496087074279785e+00
1.972336769104003906e+00
1.992187619209289551e+00
1.998031020164489746e+00
1.989227056503295898e+00
1.971066594123840332e+00
1.948384284973144531e+00
1.918257594108581543e+00
1.876949787139892578e+00
1.825220346450805664e+00
1.764953613281250000e+00
1.697367787361145020e+00
1.621018052101135254e+00
1.533793807029724121e+00
1.433584213256835938e+00
1.318278789520263672e+00
1.186359643936157227e+00
1.038679838180541992e+00
8.766853809356689453e-01
7.018219828605651855e-01
5.155357718467712402e-01
3.188664019107818604e-01
1.112293824553489685e-01
-1.083660572767257690e-01
-3.409106135368347168e-01
-5.873949527740478516e-01
-8.486236929893493652e-01
-1.124656796455383301e+00
-1.415367960929870605e+00
-1.720631003379821777e+00
-2.040319919586181641e+00
-2.374293565750122070e+00
-2.722350358963012695e+00
-3.084273815155029297e+00
-3.459848403930664062e+00
-3.848857641220092773e+00
-4.251053333282470703e+00
-4.666063308715820312e+00
-5.093482971191406250e+00
-5.532908439636230469e+00
-5.983935356140136719e+00
-6.446287155151367188e+00
-6.920198440551757812e+00
-7.406033515930175781e+00
-7.904152393341064453e+00
-8.414920806884765625e+00
-8.938523292541503906e+00
-9.474448204040527344e+00
-1.002200794219970703e+01
-1.058051204681396484e+01
-1.114927291870117188e+01
-1.172763538360595703e+01
-1.231507110595703125e+01
-1.291108608245849609e+01
-1.351518726348876953e+01
-1.412687778472900391e+01
-1.474570465087890625e+01
-1.537137699127197266e+01
-1.600364303588867188e+01
-1.664225769042968750e+01
-1.728696632385253906e+01
-1.793747329711914062e+01
-1.859329986572265625e+01
-1.925392532348632812e+01
-1.991882133483886719e+01
-2.058746719360351562e+01
-2.125933456420898438e+01
-2.193390274047851562e+01
-2.261064338684082031e+01
-2.328903770446777344e+01
-2.396855735778808594e+01
-2.464867782592773438e+01
-2.532888031005859375e+01
-2.600863265991210938e+01
-2.668741607666015625e+01
-2.736470222473144531e+01
-2.803997421264648438e+01
-2.871269798278808594e+01
-2.938235855102539062e+01
-3.004842567443847656e+01
-3.071037673950195312e+01
-3.136767387390136719e+01
-3.201974487304687500e+01
-3.266599273681640625e+01
-3.330583572387695312e+01
-3.393868255615234375e+01
-3.456394195556640625e+01
-3.518102645874023438e+01
-3.578934478759765625e+01
-3.638831329345703125e+01
-3.697733306884765625e+01
-3.755582427978515625e+01
-3.812319564819335938e+01
-3.867885589599609375e+01
-3.922221374511718750e+01
-3.975268554687500000e+01
-4.026967620849609375e+01
-4.077260208129882812e+01
-4.126087188720703125e+01
-4.173389816284179688e+01
-4.219108581542968750e+01
-4.263187408447265625e+01
-4.305578613281250000e+01
-4.346236419677734375e+01
-4.385115814208984375e+01
-4.422171401977539062e+01
-4.457358169555664062e+01
-4.490630340576171875e+01
-4.521942138671875000e+01
-4.551248931884765625e+01
-4.578505706787109375e+01
-4.603665924072265625e+01
-4.626684570312500000e+01
-4.647517013549804688e+01
-4.666117477416992188e+01
-4.682440567016601562e+01
-4.696440505981445312e+01
-4.708072280883789062e+01
-4.717290878295898438e+01
-4.724050903320312500e+01
-4.728306579589843750e+01
-4.730017471313476562e+01
-4.729165267944335938e+01
-4.725734710693359375e+01
-4.719712829589843750e+01
-4.711084747314453125e+01
-4.699836349487304688e+01
-4.685953903198242188e+01
-4.669422912597656250e+01
-4.650229263305664062e+01
-4.628359222412109375e+01
-4.603798294067382812e+01
-4.576532363891601562e+01
-4.546547698974609375e+01
-4.513829803466796875e+01
-4.478364562988281250e+01
-4.440137863159179688e+01
-4.399135971069335938e+01
-4.355344390869140625e+01
-4.308749008178710938e+01
-4.259335708618164062e+01
-4.207090377807617188e+01
-4.151998901367187500e+01
-4.094047546386718750e+01
-4.033221435546875000e+01
-3.969507217407226562e+01
-3.902895355224609375e+01
-3.833398437500000000e+01
-3.761034393310546875e+01
-3.685820388793945312e+01
-3.607774353027343750e+01
-3.526913452148437500e+01
-3.443255615234375000e+01
-3.356818389892578125e+01
-3.267618942260742188e+01
-3.175675964355468750e+01
-3.081005859375000000e+01
-2.983626556396484375e+01
-2.883556175231933594e+01
-2.780811882019042969e+01
-2.675410842895507812e+01
-2.567371368408203125e+01
-2.456711006164550781e+01
-2.343446922302246094e+01
-2.227597045898437500e+01
-2.109178733825683594e+01
-1.988209724426269531e+01
-1.864707756042480469e+01
-1.738689994812011719e+01
-1.610174560546875000e+01
-1.479178428649902344e+01
-1.345728778839111328e+01
-1.209887218475341797e+01
-1.071725177764892578e+01
-9.313134193420410156e+00
-7.887232303619384766e+00
-6.440255165100097656e+00
-4.972914218902587891e+00
-3.485919475555419922e+00
-1.979981303215026855e+00
-4.558107554912567139e-01
1.085881710052490234e+00
2.644385576248168945e+00
4.218990325927734375e+00
5.808985233306884766e+00
7.413660049438476562e+00
9.032303810119628906e+00
1.066420650482177734e+01
1.230865764617919922e+01
1.396494579315185547e+01
1.563236045837402344e+01
1.731019210815429688e+01
1.899772834777832031e+01
2.069426155090332031e+01
2.239907836914062500e+01
2.411146926879882812e+01
2.583072471618652344e+01
2.755613327026367188e+01
2.928698539733886719e+01
3.102256393432617188e+01
3.276216888427734375e+01
3.450508499145507812e+01
3.625059890747070312e+01
3.799800491333007812e+01
3.974658584594726562e+01
4.149563980102539062e+01
4.324444961547851562e+01
4.499230575561523438e+01
4.673850250244140625e+01
4.848232269287109375e+01
5.022306060791015625e+01
5.196000289916992188e+01
5.369244003295898438e+01
5.541966247558593750e+01
5.714095306396484375e+01
5.885560989379882812e+01
6.056291961669921875e+01
6.226217269897460938e+01
6.395265579223632812e+01
6.563365936279296875e+01
6.730447387695312500e+01
6.896440124511718750e+01
7.061280059814453125e+01
7.224905395507812500e+01
7.387252807617187500e+01
7.548259735107421875e+01
7.707863616943359375e+01
7.866002655029296875e+01
8.022613525390625000e+01
8.177633666992187500e+01
8.331000518798828125e+01
8.482652282714843750e+01
8.632525634765625000e+01
8.780558013916015625e+01
8.926687622070312500e+01
9.070850372314453125e+01
9.212985229492187500e+01
9.353028869628906250e+01
9.490919494628906250e+01
9.626593017578125000e+01
9.759988403320312500e+01
9.891042327880859375e+01
1.001969223022460938e+02
1.014587631225585938e+02
1.026953125000000000e+02
1.039059448242187500e+02
1.050900344848632812e+02
1.062469635009765625e+02
1.073760910034179688e+02
1.084768066406250000e+02
1.095484848022460938e+02
1.105904769897460938e+02
1.116021804809570312e+02
1.125829772949218750e+02
1.135322189331054688e+02
1.144492950439453125e+02
1.153335571289062500e+02
1.161844100952148438e+02
1.170012130737304688e+02
1.177833480834960938e+02
1.185301666259765625e+02
1.192410736083984375e+02
1.199154205322265625e+02
1.205525970458984375e+02
1.211519699096679688e+02
1.217129211425781250e+02
1.222348022460937500e+02
1.227170181274414062e+02
1.231589279174804688e+02
1.235598983764648438e+02
1.239193267822265625e+02
1.242367095947265625e+02
1.245121231079101562e+02
1.247458114624023438e+02
1.249379730224609375e+02
1.250888519287109375e+02
1.251986541748046875e+02
1.252675933837890625e+02
1.252959213256835938e+02
1.252838363647460938e+02
1.252315521240234375e+02
1.251393203735351562e+02
1.250073394775390625e+02
1.248358306884765625e+02
1.246250381469726562e+02
1.243751602172851562e+02
1.240864181518554688e+02
1.237590484619140625e+02
1.233932723999023438e+02
1.229892959594726562e+02
1.225473556518554688e+02
1.220676651000976562e+02
1.215504531860351562e+02
1.209959411621093750e+02
1.204043350219726562e+02
1.197758789062500000e+02
1.191107864379882812e+02
1.184092636108398438e+02
1.176715545654296875e+02
1.168978652954101562e+02
1.160884323120117188e+02
1.152434768676757812e+02
1.143631973266601562e+02
1.134478378295898438e+02
1.124976119995117188e+02
1.115127487182617188e+02
1.104934616088867188e+02
1.094399642944335938e+02
1.083525009155273438e+02
1.072312774658203125e+02
1.060765228271484375e+02
1.048884506225585938e+02
1.036672897338867188e+02
1.024132614135742188e+02
1.011265869140625000e+02
9.980747985839843750e+01
9.845616912841796875e+01
9.707287597656250000e+01
9.565782928466796875e+01
9.421124267578125000e+01
9.273332977294921875e+01
9.122442626953125000e+01
8.968530273437500000e+01
8.811679840087890625e+01
8.651978302001953125e+01
8.489511871337890625e+01
8.324366760253906250e+01
8.156628417968750000e+01
7.986383819580078125e+01
7.813719177246093750e+01
7.638719940185546875e+01
7.461472320556640625e+01
7.282062530517578125e+01
7.100578308105468750e+01
6.917103576660156250e+01
6.731725311279296875e+01
6.544528961181640625e+01
6.355601882934570312e+01
6.165029907226562500e+01
5.972898864746093750e+01
5.779294967651367188e+01
5.584304428100585938e+01
5.388013458251953125e+01
5.190507888793945312e+01
4.991874313354492188e+01
4.792198944091796875e+01
4.591566848754882812e+01
4.390065383911132812e+01
4.187780380249023438e+01
3.984797668457031250e+01
3.781203460693359375e+01
3.577084350585937500e+01
3.372525787353515625e+01
3.167614555358886719e+01
2.962436485290527344e+01
2.757077789306640625e+01
2.551624488830566406e+01
2.346162986755371094e+01
2.140779113769531250e+01
1.935559082031250000e+01
1.730589294433593750e+01
1.525955677032470703e+01
1.321744537353515625e+01
1.118041801452636719e+01
9.149336814880371094e+00
7.125063896179199219e+00
5.108460903167724609e+00
3.100388765335083008e+00
1.101708531379699707e+00
-8.867177963256835938e-01
-2.864028930664062500e+00
-4.829410552978515625e+00
-6.782237052917480469e+00
-8.721928596496582031e+00
-1.064790725708007812e+01
-1.255959320068359375e+01
-1.445640850067138672e+01
-1.633777427673339844e+01
-1.820311164855957031e+01
-2.005183982849121094e+01
-2.188338279724121094e+01
-2.369716262817382812e+01
-2.549259376525878906e+01
-2.726910400390625000e+01
-2.902611541748046875e+01
-3.076304244995117188e+01
-3.247930908203125000e+01
-3.417433929443359375e+01
-3.584755325317382812e+01
-3.749836730957031250e+01
-3.912621307373046875e+01
-4.073049926757812500e+01
-4.231064987182617188e+01
-4.386609268188476562e+01
-4.539624786376953125e+01
-4.690052795410156250e+01
-4.837836456298828125e+01
-4.982917022705078125e+01
-5.125237655639648438e+01
-5.264738845825195312e+01
-5.401364517211914062e+01
-5.535055541992187500e+01
-5.665754318237304688e+01
-5.793403244018554688e+01
-5.917944335937500000e+01
-6.039319229125976562e+01
-6.157470703125000000e+01
-6.272340393066406250e+01
-6.383871078491210938e+01
-6.492003631591796875e+01
-6.596681976318359375e+01
-6.697846221923828125e+01
-6.795439910888671875e+01
-6.889405059814453125e+01
-6.979683685302734375e+01
-7.066217041015625000e+01
-7.148947143554687500e+01
-7.227818298339843750e+01
-7.302770233154296875e+01
-7.373745727539062500e+01
-7.440687561035156250e+01
-7.503551483154296875e+01
-7.562355804443359375e+01
-7.617129516601562500e+01
-7.667904663085937500e+01
-7.714710998535156250e+01
-7.757582092285156250e+01
-7.796546173095703125e+01
-7.831636047363281250e+01
-7.862882995605468750e+01
-7.890316772460937500e+01
-7.913969421386718750e+01
-7.933870697021484375e+01
-7.950053405761718750e+01
-7.962547302246093750e+01
-7.971383666992187500e+01
-7.976594543457031250e+01
-7.978209686279296875e+01
-7.976261138916015625e+01
-7.970778656005859375e+01
-7.961795043945312500e+01
-7.949340057373046875e+01
-7.933444976806640625e+01
-7.914140319824218750e+01
-7.891458129882812500e+01
-7.865429687500000000e+01
-7.836084747314453125e+01
-7.803455352783203125e+01
-7.767572021484375000e+01
-7.728466796875000000e+01
-7.686169433593750000e+01
-7.640711975097656250e+01
-7.592124176025390625e+01
-7.540438079833984375e+01
-7.485684967041015625e+01
-7.427895355224609375e+01
-7.367100524902343750e+01
-7.303330993652343750e+01
-7.236618804931640625e+01
-7.166993713378906250e+01
-7.094487762451171875e+01
-7.019132232666015625e+01
-6.940957641601562500e+01
-6.859993743896484375e+01
-6.776274108886718750e+01
-6.689828491210937500e+01
-6.600687408447265625e+01
-6.508882904052734375e+01
-6.414446258544921875e+01
-6.317407608032226562e+01
-6.217797470092773438e+01
-6.115657806396484375e+01
-6.011061859130859375e+01
-5.904093551635742188e+01
-5.794837951660156250e+01
-5.683378219604492188e+01
-5.569799041748046875e+01
-5.454183197021484375e+01
-5.336614990234375000e+01
-5.217179107666015625e+01
-5.095958328247070312e+01
-4.973037338256835938e+01
-4.848499679565429688e+01
-4.722429275512695312e+01
-4.594910430908203125e+01
-4.466026687622070312e+01
-4.335862350463867188e+01
-4.204500579833984375e+01
-4.072026062011718750e+01
-3.938522720336914062e+01
-3.804073715209960938e+01
-3.668763351440429688e+01
-3.532675552368164062e+01
-3.395894622802734375e+01
-3.258504104614257812e+01
-3.120587921142578125e+01
-2.982229804992675781e+01
-2.843514442443847656e+01
-2.704524803161621094e+01
-2.565345001220703125e+01
-2.426059532165527344e+01
-2.286751556396484375e+01
-2.147505760192871094e+01
-2.008405494689941406e+01
-1.869534873962402344e+01
-1.730977630615234375e+01
-1.592818069458007812e+01
-1.455139636993408203e+01
-1.318026638031005859e+01
-1.181562709808349609e+01
-1.045831966400146484e+01
-9.109182357788085938e+00
-7.769054889678955078e+00
-6.438775539398193359e+00
-5.119184017181396484e+00
-3.811119079589843750e+00
-2.515420198440551758e+00
-1.232926845550537109e+00
3.552228584885597229e-02
1.289087891578674316e+00
2.526930809020996094e+00
3.748276233673095703e+00
4.952604293823242188e+00
6.139461517333984375e+00
7.308392047882080078e+00
8.458940505981445312e+00
9.590654373168945312e+00
1.070307636260986328e+01
1.179575157165527344e+01
1.286822605133056641e+01
1.392004489898681641e+01
1.495075511932373047e+01
1.595989894866943359e+01
1.694702148437500000e+01
1.791166877746582031e+01
1.885338592529296875e+01
1.977171897888183594e+01
2.066621208190917969e+01
2.153640937805175781e+01
2.238185882568359375e+01
2.320210266113281250e+01
2.399668884277343750e+01
2.476515960693359375e+01
2.550706100463867188e+01
2.622193717956542969e+01
2.690933609008789062e+01
2.756880187988281250e+01
2.819987869262695312e+01
2.880211257934570312e+01
2.937504577636718750e+01
2.991822624206542969e+01
3.043120002746582031e+01
3.091351127624511719e+01
3.136470603942871094e+01
3.178432273864746094e+01
3.217191696166992188e+01
3.252702713012695312e+01
3.284919738769531250e+01
3.313797760009765625e+01
3.339291000366210938e+01
3.361354446411132812e+01
3.379941940307617188e+01
3.395008087158203125e+01
3.406507873535156250e+01
3.414395141601562500e+01
3.418624877929687500e+01
3.419152069091796875e+01
3.415929794311523438e+01
3.408913803100585938e+01
3.398058319091796875e+01
3.383317947387695312e+01
3.364660644531250000e+01
3.342113494873046875e+01
3.315716552734375000e+01
3.285509490966796875e+01
3.251533508300781250e+01
3.213828277587890625e+01
3.172433853149414062e+01
3.127391052246093750e+01
3.078740310668945312e+01
3.026521110534667969e+01
2.970774459838867188e+01
2.911540412902832031e+01
2.848859405517578125e+01
2.782771492004394531e+01
2.713316917419433594e+01
2.640536308288574219e+01
2.564469718933105469e+01
2.485157394409179688e+01
2.402639770507812500e+01
2.316957092285156250e+01
2.228149604797363281e+01
2.136257362365722656e+01
2.041321182250976562e+01
1.943381118774414062e+01
1.842477226257324219e+01
1.738650131225585938e+01
1.631939888000488281e+01
1.522386837005615234e+01
1.410031318664550781e+01
1.294913673400878906e+01
1.177074050903320312e+01
1.056552886962890625e+01
9.333903312683105469e+00
8.076267242431640625e+00
6.793023586273193359e+00
5.484575271606445312e+00
4.151325225830078125e+00
2.793676137924194336e+00
1.412031054496765137e+00
6.792897824198007584e-03
-1.421635627746582031e+00
-2.872851371765136719e+00
-4.346451759338378906e+00
-5.842033863067626953e+00
-7.359194278717041016e+00
-8.897530555725097656e+00
-1.045664024353027344e+01
-1.203612041473388672e+01
-1.363556766510009766e+01
-1.525457954406738281e+01
-1.689267921447753906e+01
-1.854911422729492188e+01
-2.022305107116699219e+01
-2.191366004943847656e+01
-2.362011718750000000e+01
-2.534158706665039062e+01
-2.707724189758300781e+01
-2.882625770568847656e+01
-3.058779716491699219e+01
-3.236103820800781250e+01
-3.414514541625976562e+01
-3.593929290771484375e+01
-3.774265289306640625e+01
-3.955439376831054688e+01
-4.137368774414062500e+01
-4.319970321655273438e+01
-4.503160858154296875e+01
-4.686858367919921875e+01
-4.870979309082031250e+01
-5.055440521240234375e+01
-5.240159988403320312e+01
-5.425054168701171875e+01
-5.610039901733398438e+01
-5.795034790039062500e+01
-5.979955291748046875e+01
-6.164718627929687500e+01
-6.349242782592773438e+01
-6.533443450927734375e+01
-6.717239379882812500e+01
-6.900546264648437500e+01
-7.083280944824218750e+01
-7.265361785888671875e+01
-7.446705627441406250e+01
-7.627228546142578125e+01
-7.806848144531250000e+01
-7.985482025146484375e+01
-8.163046264648437500e+01
-8.339459228515625000e+01
-8.514636993408203125e+01
-8.688496398925781250e+01
-8.860955810546875000e+01
-9.031930541992187500e+01
-9.201338958740234375e+01
-9.369097900390625000e+01
-9.535124969482421875e+01
-9.699336242675781250e+01
-9.861649322509765625e+01
-1.002198028564453125e+02
-1.018024826049804688e+02
-1.033636856079101562e+02
-1.049026565551757812e+02
-1.064189147949218750e+02
-1.079120559692382812e+02
-1.093816604614257812e+02
-1.108273086547851562e+02
-1.122486114501953125e+02
-1.136451339721679688e+02
-1.150164794921875000e+02
-1.163622283935546875e+02
-1.176819686889648438e+02
-1.189752883911132812e+02
-1.202417831420898438e+02
-1.214810333251953125e+02
-1.226926422119140625e+02
-1.238761825561523438e+02
-1.250312271118164062e+02
-1.261574020385742188e+02
-1.272542648315429688e+02
-1.283214263916015625e+02
-1.293584594726562500e+02
-1.303649597167968750e+02
-1.313405151367187500e+02
-1.322846984863281250e+02
-1.331971282958984375e+02
-1.340773620605468750e+02
-1.349250030517578125e+02
-1.357396392822265625e+02
-1.365208587646484375e+02
-1.372682342529296875e+02
-1.379813995361328125e+02
-1.386598815917968750e+02
-1.393033142089843750e+02
-1.399112701416015625e+02
-1.404833221435546875e+02
-1.410190887451171875e+02
-1.415181274414062500e+02
-1.419800567626953125e+02
-1.424044342041015625e+02
-1.427908782958984375e+02
-1.431389617919921875e+02
-1.434482879638671875e+02
-1.437184143066406250e+02
-1.439489440917968750e+02
-1.441394653320312500e+02
-1.442895812988281250e+02
-1.443988647460937500e+02
-1.444668884277343750e+02
-1.444932708740234375e+02
-1.444776000976562500e+02
-1.444194335937500000e+02
-1.443185272216796875e+02
-1.441751098632812500e+02
-1.439896240234375000e+02
-1.437624511718750000e+02
-1.434939880371093750e+02
-1.431846313476562500e+02
-1.428347930908203125e+02
-1.424448852539062500e+02
-1.420152587890625000e+02
-1.415463867187500000e+02
-1.410386047363281250e+02
-1.404923553466796875e+02
-1.399080200195312500e+02
-1.392860107421875000e+02
-1.386266937255859375e+02
-1.379305114746093750e+02
-1.371978607177734375e+02
-1.364291076660156250e+02
-1.356246948242187500e+02
-1.347850036621093750e+02
-1.339104156494140625e+02
-1.330013580322265625e+02
-1.320582427978515625e+02
-1.310814361572265625e+02
-1.300713500976562500e+02
-1.290283966064453125e+02
-1.279529800415039062e+02
-1.268454666137695312e+02
-1.257062988281250000e+02
-1.245358428955078125e+02
-1.233345260620117188e+02
-1.221027374267578125e+02
-1.208408737182617188e+02
-1.195493316650390625e+02
-1.182285308837890625e+02
-1.168788528442382812e+02
-1.155007171630859375e+02
-1.140945129394531250e+02
-1.126606292724609375e+02
-1.111994857788085938e+02
-1.097114715576171875e+02
-1.081969985961914062e+02
-1.066564559936523438e+02
-1.050902557373046875e+02
-1.034987792968750000e+02
-1.018824462890625000e+02
-1.002416458129882812e+02
-9.857679748535156250e+01
-9.688827514648437500e+01
-9.517649078369140625e+01
-9.344190979003906250e+01
-9.168527984619140625e+01
-8.990740203857421875e+01
-8.810908508300781250e+01
-8.629113006591796875e+01
-8.445435333251953125e+01
-8.259954833984375000e+01
-8.072753906250000000e+01
-7.883911132812500000e+01
-7.693508911132812500e+01
-7.501627349853515625e+01
-7.308346557617187500e+01
-7.113748168945312500e+01
-6.917912292480468750e+01
-6.720919036865234375e+01
-6.522850036621093750e+01
-6.323785400390625000e+01
-6.123805999755859375e+01
-5.922993087768554688e+01
-5.721425628662109375e+01
-5.519186019897460938e+01
-5.316354370117187500e+01
-5.113011169433593750e+01
-4.909236907958984375e+01
-4.705112838745117188e+01
-4.500719070434570312e+01
-4.296136474609375000e+01
-4.091445541381835938e+01
-3.886727523803710938e+01
-3.682062530517578125e+01
-3.477531433105468750e+01
-3.273215103149414062e+01
-3.069193267822265625e+01
-2.865547561645507812e+01
-2.662358474731445312e+01
-2.459706497192382812e+01
-2.257672309875488281e+01
-2.056336784362792969e+01
-1.855780220031738281e+01
-1.656083297729492188e+01
-1.457327270507812500e+01
-1.259592151641845703e+01
-1.062958812713623047e+01
-8.675080299377441406e+00
-6.733203411102294922e+00
-4.804764747619628906e+00
-2.890570640563964844e+00
-9.914276003837585449e-01
8.918574452400207520e-01
2.758477926254272461e+00
4.607690334320068359e+00
6.439003467559814453e+00
8.251988410949707031e+00
1.004621791839599609e+01
1.182126235961914062e+01
1.357669639587402344e+01
1.531208896636962891e+01
1.702700996398925781e+01
1.872103881835937500e+01
2.039373970031738281e+01
2.204468536376953125e+01
2.367345046997070312e+01
2.527960777282714844e+01
2.686272239685058594e+01
2.842237663269042969e+01
2.995812988281250000e+01
3.146956253051757812e+01
3.295624542236328125e+01
3.441774368286132812e+01
3.585364151000976562e+01
3.726350021362304688e+01
3.864689254760742188e+01
4.000339126586914062e+01
4.133257293701171875e+01
4.263400650024414062e+01
4.390726089477539062e+01
4.515190887451171875e+01
4.636752700805664062e+01
4.755367660522460938e+01
4.870994186401367188e+01
4.983588790893554688e+01
5.093108367919921875e+01
5.199510574340820312e+01
5.302753067016601562e+01
5.402791976928710938e+01
5.499584960937500000e+01
5.593088912963867188e+01
5.683261489868164062e+01
5.770059204101562500e+01
5.853440093994140625e+01
5.933361053466796875e+01
6.009778976440429688e+01
6.082650756835937500e+01
6.151934814453125000e+01
6.217586898803710938e+01
6.279564285278320312e+01
6.337825393676757812e+01
6.392326736450195312e+01
6.443025207519531250e+01
6.489878082275390625e+01
6.532854461669921875e+01
6.571972656250000000e+01
6.607260894775390625e+01
6.638749694824218750e+01
6.666468048095703125e+01
6.690444946289062500e+01
6.710710906982421875e+01
6.727294158935546875e+01
6.740225982666015625e+01
6.749534606933593750e+01
6.755249786376953125e+01
6.757400512695312500e+01
6.756016540527343750e+01
6.751127624511718750e+01
6.742763519287109375e+01
6.730953216552734375e+01
6.715726470947265625e+01
6.697112274169921875e+01
6.675140380859375000e+01
6.649839782714843750e+01
6.621241760253906250e+01
6.589373016357421875e+01
6.554265594482421875e+01
6.515947723388671875e+01
6.474449920654296875e+01
6.429799652099609375e+01
6.382027816772460938e+01
6.331163406372070312e+01
6.277236938476562500e+01
6.220276641845703125e+01
6.160312652587890625e+01
6.097373962402343750e+01
6.031490707397460938e+01
5.962691116333007812e+01
5.891006851196289062e+01
5.816464996337890625e+01
5.739096450805664062e+01
5.658931350708007812e+01
5.575996780395507812e+01
5.490324783325195312e+01
5.401943206787109375e+01
5.310882186889648438e+01
5.217171096801757812e+01
5.120839309692382812e+01
5.021916198730468750e+01
4.920431518554687500e+01
4.816415023803710938e+01
4.709895324707031250e+01
4.600902938842773438e+01
4.489466476440429688e+01
4.375621795654296875e+01
4.259429550170898438e+01
4.140955352783203125e+01
4.020266723632812500e+01
3.897428512573242188e+01
3.772507858276367188e+01
3.645571517944335938e+01
3.516685485839843750e+01
3.385915756225585938e+01
3.253328704833984375e+01
3.118991470336914062e+01
2.982969856262207031e+01
2.845330047607421875e+01
2.706138610839843750e+01
2.565462112426757812e+01
2.423366737365722656e+01
2.279918670654296875e+01
2.135184288024902344e+01
1.989230155944824219e+01
1.842122650146484375e+01
1.693927955627441406e+01
1.544712543487548828e+01
1.394542598724365234e+01
1.243484687805175781e+01
1.091605091094970703e+01
9.389700889587402344e+00
7.856461524963378906e+00
6.316995620727539062e+00
4.771966934204101562e+00
3.222039222717285156e+00
1.667875766754150391e+00
1.101402416825294495e-01
-1.450503826141357422e+00
-3.013392686843872070e+00
-4.577863216400146484e+00
-6.143250942230224609e+00
-7.708893775939941406e+00
-9.274127006530761719e+00
-1.083828639984130859e+01
-1.240071010589599609e+01
-1.396073341369628906e+01
-1.551769351959228516e+01
-1.707092666625976562e+01
-1.861976814270019531e+01
-2.016355705261230469e+01
-2.170162773132324219e+01
-2.323331642150878906e+01
-2.475796127319335938e+01
-2.627489662170410156e+01
-2.778345680236816406e+01
-2.928303146362304688e+01
-3.077316474914550781e+01
-3.225345230102539062e+01
-3.372349929809570312e+01
-3.518289947509765625e+01
-3.663124847412109375e+01
-3.806814193725585938e+01
-3.949318313598632812e+01
-4.090596389770507812e+01
-4.230607986450195312e+01
-4.369313430786132812e+01
-4.506671905517578125e+01
-4.642643356323242188e+01
-4.777187347412109375e+01
-4.910263824462890625e+01
-5.041831970214843750e+01
-5.171852111816406250e+01
-5.300283813476562500e+01
-5.427086257934570312e+01
-5.552219772338867188e+01
-5.675643539428710938e+01
-5.797318267822265625e+01
-5.917202377319335938e+01
-6.035256576538085938e+01
-6.151439666748046875e+01
-6.265712356567382812e+01
-6.378033447265625000e+01
-6.488362884521484375e+01
-6.596661376953125000e+01
-6.702886962890625000e+01
-6.806999969482421875e+01
-6.908960723876953125e+01
-7.008728790283203125e+01
-7.106262969970703125e+01
-7.201524353027343750e+01
-7.294470977783203125e+01
-7.385064697265625000e+01
-7.473262786865234375e+01
-7.559026336669921875e+01
-7.642314910888671875e+01
-7.723088073730468750e+01
-7.801306152343750000e+01
-7.876927947998046875e+01
-7.949913787841796875e+01
-8.020222473144531250e+01
-8.087815093994140625e+01
-8.152649688720703125e+01
-8.214688110351562500e+01
-8.273888397216796875e+01
-8.330210113525390625e+01
-8.383624267578125000e+01
-8.434136962890625000e+01
-8.481768035888671875e+01
-8.526535797119140625e+01
-8.568457031250000000e+01
-8.607550048828125000e+01
-8.643833160400390625e+01
-8.677324676513671875e+01
-8.708042144775390625e+01
-8.736003875732421875e+01
-8.761228179931640625e+01
-8.783733367919921875e+01
-8.803536224365234375e+01
-8.820655822753906250e+01
-8.835109710693359375e+01
-8.846916961669921875e+01
-8.856094360351562500e+01
-8.862660980224609375e+01
-8.866633605957031250e+01
-8.868032073974609375e+01
-8.866873168945312500e+01
-8.863174438476562500e+01
-8.856956481933593750e+01
-8.848233795166015625e+01
-8.837027740478515625e+01
-8.823354339599609375e+01
-8.807231903076171875e+01
-8.788679504394531250e+01
-8.767714691162109375e+01
-8.744355010986328125e+01
-8.718618774414062500e+01
-8.690523529052734375e+01
-8.660089111328125000e+01
-8.627331542968750000e+01
-8.592270660400390625e+01
-8.554923248291015625e+01
-8.515306854248046875e+01
-8.473442077636718750e+01
-8.429344177246093750e+01
-8.383032989501953125e+01
-8.334526062011718750e+01
-8.283840942382812500e+01
-8.230995941162109375e+01
-8.176009368896484375e+01
-8.118899536132812500e+01
-8.059683990478515625e+01
-7.998381042480468750e+01
-7.935009002685546875e+01
-7.869585418701171875e+01
-7.802128601074218750e+01
-7.732661437988281250e+01
-7.661230468750000000e+01
-7.587886810302734375e+01
-7.512680816650390625e+01
-7.435664367675781250e+01
-7.356887817382812500e+01
-7.276403045654296875e+01
-7.194261169433593750e+01
-7.110512542724609375e+01
-7.025208282470703125e+01
-6.938400268554687500e+01
-6.850139617919921875e+01
-6.760475921630859375e+01
-6.669461822509765625e+01
-6.577149200439453125e+01
-6.483586120605468750e+01
-6.388826370239257812e+01
-6.292920684814453125e+01
-6.195918655395507812e+01
-6.097872924804687500e+01
-5.998833847045898438e+01
-5.898853302001953125e+01
-5.797981643676757812e+01
-5.696270370483398438e+01
-5.593770217895507812e+01
-5.490532302856445312e+01
-5.386608123779296875e+01
-5.282048416137695312e+01
-5.176905059814453125e+01
-5.071228027343750000e+01
-4.965068817138671875e+01
-4.858479309082031250e+01
-4.751509475708007812e+01
-4.644211196899414062e+01
-4.536635208129882812e+01
-4.428832626342773438e+01
-4.320854949951171875e+01
-4.212752532958984375e+01
-4.104577255249023438e+01
-3.996379852294921875e+01
-3.888211441040039062e+01
-3.780123138427734375e+01
-3.672166061401367188e+01
-3.564391326904296875e+01
-3.456850051879882812e+01
-3.349593734741210938e+01
-3.242672729492187500e+01
-3.136138343811035156e+01
-3.030041885375976562e+01
-2.924434471130371094e+01
-2.819364356994628906e+01
-2.714866828918457031e+01
-2.610974693298339844e+01
-2.507720756530761719e+01
-2.405137443542480469e+01
-2.303257751464843750e+01
-2.202114295959472656e+01
-2.101739692687988281e+01
-2.002166557312011719e+01
-1.903427505493164062e+01
-1.805555534362792969e+01
-1.708583068847656250e+01
-1.612542724609375000e+01
-1.517467308044433594e+01
-1.423389720916748047e+01
-1.330342197418212891e+01
-1.238357639312744141e+01
-1.147468757629394531e+01
-1.057708072662353516e+01
-9.691085815429687500e+00
-8.817026138305664062e+00
-7.955230236053466797e+00
-7.106024265289306641e+00
-6.269735336303710938e+00
-5.446690082550048828e+00
-4.637215614318847656e+00
-3.841638565063476562e+00
-3.060285806655883789e+00
-2.293483734130859375e+00
-1.541559338569641113e+00
-8.048394918441772461e-01
-8.365094661712646484e-02
6.216795444488525391e-01
1.310825228691101074e+00
1.983459234237670898e+00
2.639254808425903320e+00
3.277885198593139648e+00
3.899023771286010742e+00
4.502342700958251953e+00
5.087516784667968750e+00
5.654218673706054688e+00
6.202121257781982422e+00
6.730897903442382812e+00
7.240221500396728516e+00
7.729766845703125000e+00
8.199205398559570312e+00
8.648209571838378906e+00
9.076455116271972656e+00
9.483613967895507812e+00
9.869359016418457031e+00
1.023343849182128906e+01
1.057590103149414062e+01
1.089686775207519531e+01
1.119645977020263672e+01
1.147480106353759766e+01
1.173201370239257812e+01
1.196821880340576172e+01
1.218354034423828125e+01
1.237809944152832031e+01
1.255201721191406250e+01
1.270541858673095703e+01
1.283842277526855469e+01
1.295115470886230469e+01
1.304373550415039062e+01
1.311628627777099609e+01
1.316893100738525391e+01
1.320179176330566406e+01
1.321498966217041016e+01
1.320864677429199219e+01
1.318288707733154297e+01
1.313783168792724609e+01
1.307360267639160156e+01
1.299032306671142578e+01
1.288811302185058594e+01
1.276709842681884766e+01
1.262739753723144531e+01
1.246913528442382812e+01
1.229243373870849609e+01
1.209741306304931641e+01
1.188419818878173828e+01
1.165290927886962891e+01
1.140366935729980469e+01
1.113660144805908203e+01
1.085182571411132812e+01
1.054946613311767578e+01
1.022964477539062500e+01
9.892482757568359375e+00
9.538103103637695312e+00
9.166629791259765625e+00
8.778181076049804688e+00
8.372882843017578125e+00
7.950854301452636719e+00
7.512220382690429688e+00
7.057102203369140625e+00
6.585621833801269531e+00
6.097901821136474609e+00
5.594064235687255859e+00
5.074231147766113281e+00
4.538524627685546875e+00
3.987067461013793945e+00
3.420026302337646484e+00
2.837749004364013672e+00
2.240626811981201172e+00
1.629052042961120605e+00
1.003416657447814941e+00
3.641125857830047607e-01
-2.884680032730102539e-01
-9.539331793785095215e-01
-1.631890892982482910e+00
-2.321949005126953125e+00
-3.023715734481811523e+00
-3.736799001693725586e+00
-4.460806846618652344e+00
-5.195346832275390625e+00
-5.940027713775634766e+00
-6.694456577301025391e+00
-7.458242416381835938e+00
-8.230992317199707031e+00
-9.012314796447753906e+00
-9.801817893981933594e+00
-1.059910869598388672e+01
-1.140379619598388672e+01
-1.221548843383789062e+01
-1.303379249572753906e+01
-1.385831737518310547e+01
-1.468867015838623047e+01
-1.552445793151855469e+01
-1.636529159545898438e+01
-1.721077728271484375e+01
-1.806052207946777344e+01
-1.891413688659667969e+01
-1.977122879028320312e+01
-2.063140296936035156e+01
-2.149427032470703125e+01
-2.235943603515625000e+01
-2.322651100158691406e+01
-2.409510231018066406e+01
-2.496481895446777344e+01
-2.583526420593261719e+01
-2.670605278015136719e+01
-2.757678794860839844e+01
-2.844707870483398438e+01
-2.931653404235839844e+01
-3.018476295471191406e+01
-3.105136871337890625e+01
-3.191596603393554688e+01
-3.277815628051757812e+01
-3.363755416870117188e+01
-3.449376296997070312e+01
-3.534638977050781250e+01
-3.619506454467773438e+01
-3.703950119018554688e+01
-3.787942123413085938e+01
-3.871455764770507812e+01
-3.954463958740234375e+01
-4.036940002441406250e+01
-4.118856430053710938e+01
-4.200186538696289062e+01
-4.280902862548828125e+01
-4.360979080200195312e+01
-4.440387344360351562e+01
-4.519100952148437500e+01
-4.597092819213867188e+01
-4.674336242675781250e+01
-4.750803756713867188e+01
-4.826468658447265625e+01
-4.901303482055664062e+01
-4.975281524658203125e+01
-5.048375320434570312e+01
-5.120558929443359375e+01
-5.191803741455078125e+01
-5.262083816528320312e+01
-5.331371688842773438e+01
-5.399640655517578125e+01
-5.466863250732421875e+01
-5.533012771606445312e+01
-5.598062133789062500e+01
-5.661984252929687500e+01
-5.724752044677734375e+01
-5.786338424682617188e+01
-5.846716308593750000e+01
-5.905858993530273438e+01
-5.963738632202148438e+01
-6.020329666137695312e+01
-6.075603103637695312e+01
-6.129533767700195312e+01
-6.182093048095703125e+01
-6.233255004882812500e+01
-6.282992553710937500e+01
-6.331278228759765625e+01
-6.378084945678710938e+01
-6.423386383056640625e+01
-6.467153930664062500e+01
-6.509362030029296875e+01
-6.549983215332031250e+01
-6.588990783691406250e+01
-6.626356506347656250e+01
-6.662055206298828125e+01
-6.696057891845703125e+01
-6.728338623046875000e+01
-6.758876800537109375e+01
-6.787671661376953125e+01
-6.814732360839843750e+01
-6.840065002441406250e+01
-6.863677978515625000e+01
-6.885576629638671875e+01
-6.905769348144531250e+01
-6.924264526367187500e+01
-6.941065979003906250e+01
-6.956184387207031250e+01
-6.969625091552734375e+01
-6.981395721435546875e+01
-6.991502380371093750e+01
-6.999954223632812500e+01
-7.006757354736328125e+01
-7.011919403076171875e+01
-7.015446472167968750e+01
-7.017346191406250000e+01
-7.017626953125000000e+01
-7.016294097900390625e+01
-7.013356781005859375e+01
-7.008820343017578125e+01
-7.002693176269531250e+01
-6.994982147216796875e+01
-6.985693359375000000e+01
-6.974835968017578125e+01
-6.962415313720703125e+01
-6.948440551757812500e+01
-6.932917022705078125e+01
-6.915853118896484375e+01
-6.897254943847656250e+01
-6.877130889892578125e+01
-6.855487060546875000e+01
-6.832331085205078125e+01
-6.807669830322265625e+01
-6.781511688232421875e+01
-6.753862762451171875e+01
-6.724729919433593750e+01
-6.694120788574218750e+01
-6.662042999267578125e+01
-6.628503417968750000e+01
-6.593509674072265625e+01
-6.557067871093750000e+01
-6.519185638427734375e+01
-6.479870605468750000e+01
-6.439129638671875000e+01
-6.396969604492187500e+01
-6.353398132324218750e+01
-6.308422470092773438e+01
-6.262049484252929688e+01
-6.214289855957031250e+01
-6.165171051025390625e+01
-6.114722061157226562e+01
-6.062972640991210938e+01
-6.009953689575195312e+01
-5.955693817138671875e+01
-5.900224304199218750e+01
-5.843575286865234375e+01
-5.785775756835937500e+01
-5.726855850219726562e+01
-5.666846084594726562e+01
-5.605776214599609375e+01
-5.543676376342773438e+01
-5.480575942993164062e+01
-5.416505432128906250e+01
-5.351494598388671875e+01
-5.285573959350585938e+01
-5.218772888183593750e+01
-5.151121902465820312e+01
-5.082649993896484375e+01
-5.013388442993164062e+01
-4.943366622924804688e+01
-4.872614288330078125e+01
-4.801161956787109375e+01
-4.729039001464843750e+01
-4.656275939941406250e+01
-4.582902908325195312e+01
-4.508949279785156250e+01
-4.434445190429687500e+01
-4.359420776367187500e+01
-4.283906173706054688e+01
-4.207931137084960938e+01
-4.131525802612304688e+01
-4.054719924926757812e+01
-3.977543640136718750e+01
-3.900027084350585938e+01
-3.822200012207031250e+01
-3.744092559814453125e+01
-3.665734481811523438e+01
-3.587156295776367188e+01
-3.508387756347656250e+01
-3.429458236694335938e+01
-3.350398254394531250e+01
-3.271238327026367188e+01
-3.192007064819335938e+01
-3.112735748291015625e+01
-3.033453750610351562e+01
-2.954191589355468750e+01
-2.874978637695312500e+01
-2.795844841003417969e+01
-2.716819763183593750e+01
-2.637927055358886719e+01
-2.559190750122070312e+01
-2.480633926391601562e+01
-2.402279853820800781e+01
-2.324151992797851562e+01
-2.246273803710937500e+01
-2.168668556213378906e+01
-2.091359519958496094e+01
-2.014370155334472656e+01
-1.937723922729492188e+01
-1.861443710327148438e+01
-1.785553550720214844e+01
-1.710076332092285156e+01
-1.635035514831542969e+01
-1.560454463958740234e+01
-1.486356639862060547e+01
-1.412765312194824219e+01
-1.339703845977783203e+01
-1.267195701599121094e+01
-1.195264053344726562e+01
-1.123932361602783203e+01
-1.053223991394042969e+01
-9.831624031066894531e+00
-9.137706756591796875e+00
-8.450724601745605469e+00
-7.770908832550048828e+00
-7.098494529724121094e+00
-6.433714389801025391e+00
-5.776802539825439453e+00
-5.127992630004882812e+00
-4.487518310546875000e+00
-3.855612754821777344e+00
-3.232509613037109375e+00
-2.618442773818969727e+00
-2.013645410537719727e+00
-1.418351650238037109e+00
-8.327946066856384277e-01
-2.572080492973327637e-01
3.081744611263275146e-01
8.631193041801452637e-01
1.407392978668212891e+00
1.940761685371398926e+00
2.462992191314697266e+00
2.973850488662719727e+00
3.473103523254394531e+00
3.960517406463623047e+00
4.435858249664306641e+00
4.898892402648925781e+00
5.349387168884277344e+00
5.787150859832763672e+00
6.212160587310791016e+00
6.624436855316162109e+00
7.023999214172363281e+00
7.410869121551513672e+00
7.785063743591308594e+00
8.146606445312500000e+00
8.495513916015625000e+00
8.831808090209960938e+00
9.155508995056152344e+00
9.466636657714843750e+00
9.765209197998046875e+00
1.005124855041503906e+01
1.032477378845214844e+01
1.058580589294433594e+01
1.083436393737792969e+01
1.107046794891357422e+01
1.129413700103759766e+01
1.150539302825927734e+01
1.170425510406494141e+01
1.189074325561523438e+01
1.206487655639648438e+01
1.222667694091796875e+01
1.237616348266601562e+01
1.251335430145263672e+01
1.263827228546142578e+01
1.275093555450439453e+01
1.285136413574218750e+01
1.293957996368408203e+01
1.301560115814208984e+01
1.307944679260253906e+01
1.313113975524902344e+01
1.317069816589355469e+01
1.319814109802246094e+01
1.321349048614501953e+01
1.321676540374755859e+01
1.320798587799072266e+01
1.318717288970947266e+01
1.315434455871582031e+01
1.310952091217041016e+01
1.305272388458251953e+01
1.298397159576416016e+01
1.290328598022460938e+01
1.281068515777587891e+01
1.270618820190429688e+01
1.258981895446777344e+01
1.246159458160400391e+01
1.232153415679931641e+01
1.216966056823730469e+01
1.200599193572998047e+01
1.183057975769042969e+01
1.164360141754150391e+01
1.144526576995849609e+01
1.123578262329101562e+01
1.101535797119140625e+01
1.078420352935791016e+01
1.054252624511718750e+01
1.029053592681884766e+01
1.002844142913818359e+01
9.756449699401855469e+00
9.474771499633789062e+00
9.183613777160644531e+00
8.883186340332031250e+00
8.573698997497558594e+00
8.255358695983886719e+00
7.928374290466308594e+00
7.592955589294433594e+00
7.249310493469238281e+00
6.897648334503173828e+00
6.538177967071533203e+00
6.171107292175292969e+00
5.796645641326904297e+00
5.415001392364501953e+00
5.026383876800537109e+00
4.631001472473144531e+00
4.229062557220458984e+00
3.820776700973510742e+00
3.406352281570434570e+00
2.985997676849365234e+00
2.559921979904174805e+00
2.128333806991577148e+00
1.691442012786865234e+00
1.249455451965332031e+00
8.025826215744018555e-01
3.510324358940124512e-01
-1.049864515662193298e-01
-5.652652382850646973e-01
-1.029595255851745605e+00
-1.497767686843872070e+00
-1.969573855400085449e+00
-2.444804906845092773e+00
-2.923252105712890625e+00
-3.404707193374633789e+00
-3.888960361480712891e+00
-4.375803947448730469e+00
-4.865028381347656250e+00
-5.356425762176513672e+00
-5.849786281585693359e+00
-6.344902038574218750e+00
-6.841564178466796875e+00
-7.339567661285400391e+00
-7.838723182678222656e+00
-8.338843345642089844e+00
-8.839743614196777344e+00
-9.341237068176269531e+00
-9.843139648437500000e+00
-1.034526443481445312e+01
-1.084742450714111328e+01
-1.134943485260009766e+01
-1.185110950469970703e+01
-1.235226154327392578e+01
-1.285270786285400391e+01
-1.335225868225097656e+01
-1.385073089599609375e+01
-1.434793758392333984e+01
-1.484369277954101562e+01
-1.533781242370605469e+01
-1.583010768890380859e+01
-1.632039451599121094e+01
-1.680848503112792969e+01
-1.729419517517089844e+01
-1.777733802795410156e+01
-1.825772857666015625e+01
-1.873518180847167969e+01
-1.920951080322265625e+01
-1.968052673339843750e+01
-2.014804840087890625e+01
-2.061188697814941406e+01
-2.107185745239257812e+01
-2.152777290344238281e+01
-2.197944831848144531e+01
-2.242669868469238281e+01
-2.286933708190917969e+01
-2.330717849731445312e+01
-2.374003601074218750e+01
-2.416772270202636719e+01
-2.459005355834960938e+01
-2.500684356689453125e+01
-2.541790580749511719e+01
-2.582305526733398438e+01
-2.622210502624511719e+01
-2.661487007141113281e+01
-2.700116348266601562e+01
-2.738080024719238281e+01
-2.775359535217285156e+01
-2.811935997009277344e+01
-2.847790908813476562e+01
-2.882905769348144531e+01
-2.917262268066406250e+01
-2.950841140747070312e+01
-2.983627319335937500e+01
-3.015616416931152344e+01
-3.046806907653808594e+01
-3.077197837829589844e+01
-3.106787872314453125e+01
-3.135575866699218750e+01
-3.163560104370117188e+01
-3.190740013122558594e+01
-3.217113876342773438e+01
-3.242680358886718750e+01
-3.267438125610351562e+01
-3.291386795043945312e+01
-3.314523696899414062e+01
-3.336848831176757812e+01
-3.358360290527343750e+01
-3.379056549072265625e+01
-3.398937225341796875e+01
-3.418000411987304688e+01
-3.436244964599609375e+01
-3.453669738769531250e+01
-3.470273208618164062e+01
-3.486054229736328125e+01
-3.501011276245117188e+01
-3.515143585205078125e+01
-3.528450012207031250e+01
-3.540928649902343750e+01
-3.552578735351562500e+01
-3.563398742675781250e+01
-3.573387527465820312e+01
-3.582543945312500000e+01
-3.590866088867187500e+01
-3.598353195190429688e+01
-3.605004119873046875e+01
-3.610817718505859375e+01
-3.615792083740234375e+01
-3.619926452636718750e+01
-3.623219299316406250e+01
-3.625669479370117188e+01
-3.627276229858398438e+01
-3.628037261962890625e+01
-3.627951812744140625e+01
-3.627019119262695312e+01
-3.625237274169921875e+01
-3.622604751586914062e+01
-3.619121170043945312e+01
-3.614784622192382812e+01
-3.609593582153320312e+01
-3.603548049926757812e+01
-3.596645355224609375e+01
-3.588885116577148438e+01
-3.580267715454101562e+01
-3.570805358886718750e+01
-3.560510635375976562e+01
-3.549397277832031250e+01
-3.537479019165039062e+01
-3.524769210815429688e+01
-3.511281204223632812e+01
-3.497028732299804688e+01
-3.482025527954101562e+01
-3.466284179687500000e+01
-3.449819183349609375e+01
-3.432643890380859375e+01
-3.414771270751953125e+01
-3.396215057373046875e+01
-3.376989364624023438e+01
-3.357107162475585938e+01
-3.336581802368164062e+01
-3.315427017211914062e+01
-3.293656539916992188e+01
-3.271283340454101562e+01
-3.248321151733398438e+01
-3.224783706665039062e+01
-3.200684738159179688e+01
-3.176037216186523438e+01
-3.150854873657226562e+01
-3.125151062011718750e+01
-3.098939323425292969e+01
-3.072233581542968750e+01
-3.045046997070312500e+01
-3.017392730712890625e+01
-2.989285087585449219e+01
-2.960736846923828125e+01
-2.931762313842773438e+01
-2.902374267578125000e+01
-2.872586250305175781e+01
-2.842412185668945312e+01
-2.811865615844726562e+01
-2.780959701538085938e+01
-2.749707984924316406e+01
-2.718124198913574219e+01
-2.686221694946289062e+01
-2.654014015197753906e+01
-2.621514701843261719e+01
-2.588737106323242188e+01
-2.555694961547851562e+01
-2.522401809692382812e+01
-2.488871002197265625e+01
-2.455116271972656250e+01
-2.421150779724121094e+01
-2.386988067626953125e+01
-2.352642059326171875e+01
-2.318125915527343750e+01
-2.283453941345214844e+01
-2.248639678955078125e+01
-2.213696861267089844e+01
-2.178638839721679688e+01
-2.143479919433593750e+01
-2.108233642578125000e+01
-2.072913551330566406e+01
-2.037533569335937500e+01
-2.002107429504394531e+01
-1.966648864746093750e+01
-1.931171798706054688e+01
-1.895689582824707031e+01
-1.860216140747070312e+01
-1.824765205383300781e+01
-1.789350509643554688e+01
-1.753985977172851562e+01
-1.718684959411621094e+01
-1.683461570739746094e+01
-1.648329353332519531e+01
-1.613302230834960938e+01
-1.578393459320068359e+01
-1.543617343902587891e+01
-1.508987426757812500e+01
-1.474517250061035156e+01
-1.440220832824707031e+01
-1.406111812591552734e+01
-1.372203922271728516e+01
-1.338510894775390625e+01
-1.305046463012695312e+01
-1.271824359893798828e+01
-1.238858222961425781e+01
-1.206162071228027344e+01
-1.173749351501464844e+01
-1.141633987426757812e+01
-1.109829711914062500e+01
-1.078350162506103516e+01
-1.047209167480468750e+01
-1.016420364379882812e+01
-9.859975814819335938e+00
-9.559544563293457031e+00
-9.263048171997070312e+00
-8.970624923706054688e+00
-8.682410240173339844e+00
-8.398542404174804688e+00
-8.119158744812011719e+00
-7.844397544860839844e+00
-7.574394226074218750e+00
-7.309288024902343750e+00
-7.049196243286132812e+00
-6.794160366058349609e+00
-6.544201850891113281e+00
-6.299343585968017578e+00
-6.059607505798339844e+00
-5.825015068054199219e+00
-5.595589160919189453e+00
-5.371350765228271484e+00
-5.152323246002197266e+00
-4.938527584075927734e+00
-4.729986190795898438e+00
-4.526721477508544922e+00
-4.328754901885986328e+00
-4.136108875274658203e+00
-3.948804616928100586e+00
-3.766865730285644531e+00
-3.590313196182250977e+00
-3.419169187545776367e+00
-3.253455638885498047e+00
-3.093194961547851562e+00
-2.938409090042114258e+00
-2.789119958877563477e+00
-2.645349979400634766e+00
-2.507120609283447266e+00
-2.374454259872436523e+00
-2.247372865676879883e+00
-2.125898361206054688e+00
-2.010053396224975586e+00
-1.899859309196472168e+00
-1.795338392257690430e+00
-1.696512937545776367e+00
-1.603404641151428223e+00
-1.516035676002502441e+00
-1.434428215026855469e+00
-1.358604073524475098e+00
-1.288585543632507324e+00
-1.224394559860229492e+00
-1.166052937507629395e+00
-1.113583207130432129e+00
-1.067007064819335938e+00
-1.026346683502197266e+00
-9.916240572929382324e-01
-9.628613591194152832e-01
-9.400805234909057617e-01
-9.233034849166870117e-01
-9.125525951385498047e-01
-9.078496098518371582e-01
-9.092167615890502930e-01
-9.166760444641113281e-01
-9.302494525909423828e-01
-9.499408602714538574e-01
-9.756804108619689941e-01
-1.007380366325378418e+00
-1.044952750205993652e+00
-1.088309407234191895e+00
-1.137362599372863770e+00
-1.192024230957031250e+00
-1.252206444740295410e+00
-1.317821264266967773e+00
-1.388780593872070312e+00
-1.464996695518493652e+00
-1.546381473541259766e+00
-1.632846951484680176e+00
-1.724305391311645508e+00
-1.820668697357177734e+00
-1.921848773956298828e+00
-2.027757883071899414e+00
-2.138308048248291016e+00
-2.253411054611206055e+00
-2.372979164123535156e+00
-2.496924400329589844e+00
-2.625159025192260742e+00
-2.757594585418701172e+00
-2.894143819808959961e+00
-3.034717798233032227e+00
-3.179229497909545898e+00
-3.327590465545654297e+00
-3.479712724685668945e+00
-3.635509014129638672e+00
-3.794890165328979492e+00
-3.957769632339477539e+00
-4.124058246612548828e+00
-4.293668270111083984e+00
-4.466512203216552734e+00
-4.642502307891845703e+00
-4.821549415588378906e+00
-5.003567218780517578e+00
-5.188466548919677734e+00
-5.376159667968750000e+00
-5.566558837890625000e+00
-5.759575843811035156e+00
-5.955122947692871094e+00
-6.153112411499023438e+00
-6.353456020355224609e+00
-6.556066036224365234e+00
-6.760854244232177734e+00
-6.967732429504394531e+00
-7.176613330841064453e+00
-7.387407779693603516e+00
-7.600029468536376953e+00
-7.814387321472167969e+00
-8.030382156372070312e+00
-8.247914314270019531e+00
-8.466880798339843750e+00
-8.687182426452636719e+00
-8.908716201782226562e+00
-9.131382942199707031e+00
-9.355081558227539062e+00
-9.579710006713867188e+00
-9.805166244506835938e+00
-1.003135204315185547e+01
-1.025816535949707031e+01
-1.048550319671630859e+01
-1.071326637268066406e+01
-1.094135379791259766e+01
-1.116966438293457031e+01
-1.139809608459472656e+01
-1.162654876708984375e+01
-1.185492134094238281e+01
-1.208311367034912109e+01
-1.231102275848388672e+01
-1.253854846954345703e+01
-1.276558971405029297e+01
-1.299204635620117188e+01
-1.321781539916992188e+01
-1.344279861450195312e+01
-1.366689205169677734e+01
-1.388999652862548828e+01
-1.411201000213623047e+01
-1.433283138275146484e+01
-1.455236053466796875e+01
-1.477049636840820312e+01
-1.498713779449462891e+01
-1.520218276977539062e+01
-1.541553020477294922e+01
-1.562708091735839844e+01
-1.583673286437988281e+01
-1.604438400268554688e+01
-1.624993515014648438e+01
-1.645328330993652344e+01
-1.665432739257812500e+01
-1.685297012329101562e+01
-1.704910659790039062e+01
-1.724263763427734375e+01
-1.743346023559570312e+01
-1.762147521972656250e+01
-1.780657958984375000e+01
-1.798867607116699219e+01
-1.816765975952148438e+01
-1.834343147277832031e+01
-1.851590156555175781e+01
-1.868503189086914062e+01
-1.885079574584960938e+01
-1.901316833496093750e+01
-1.917212295532226562e+01
-1.932763290405273438e+01
-1.947966957092285156e+01
-1.962821006774902344e+01
-1.977322578430175781e+01
-1.991469192504882812e+01
-2.005258369445800781e+01
-2.018686866760253906e+01
-2.031752777099609375e+01
-2.044453048706054688e+01
-2.056785202026367188e+01
-2.068746566772460938e+01
-2.080334472656250000e+01
-2.091546249389648438e+01
-2.102379417419433594e+01
-2.112831497192382812e+01
-2.122899246215820312e+01
-2.132580566406250000e+01
-2.141872787475585938e+01
-2.150773239135742188e+01
-2.159279060363769531e+01
-2.167387771606445312e+01
-2.175096893310546875e+01
-2.182403564453125000e+01
-2.189305496215820312e+01
-2.195799636840820312e+01
-2.201883506774902344e+01
-2.207554435729980469e+01
-2.212809944152832031e+01
-2.217647361755371094e+01
-2.222064018249511719e+01
-2.226057243347167969e+01
-2.229624557495117188e+01
-2.232763099670410156e+01
-2.235470390319824219e+01
-2.237743759155273438e+01
-2.239580535888671875e+01
-2.240978240966796875e+01
-2.241934204101562500e+01
-2.242445755004882812e+01
-2.242510032653808594e+01
-2.242124748229980469e+01
-2.241287422180175781e+01
-2.239994812011718750e+01
-2.238244628906250000e+01
-2.236034393310546875e+01
-2.233362579345703125e+01
-2.230233573913574219e+01
-2.226652908325195312e+01
-2.222626113891601562e+01
-2.218158912658691406e+01
-2.213257026672363281e+01
-2.207925796508789062e+01
-2.202171134948730469e+01
-2.195998001098632812e+01
-2.189412689208984375e+01
-2.182420539855957031e+01
-2.175027084350585938e+01
-2.167238235473632812e+01
-2.159058952331542969e+01
-2.150495529174804688e+01
-2.141553115844726562e+01
-2.132237434387207031e+01
-2.122554016113281250e+01
-2.112508773803710938e+01
-2.102107048034667969e+01
-2.091354370117187500e+01
-2.080256462097167969e+01
-2.068819046020507812e+01
-2.057047271728515625e+01
-2.044947242736816406e+01
-2.032524299621582031e+01
-2.019784355163574219e+01
-2.006732368469238281e+01
-1.993374633789062500e+01
-1.979716300964355469e+01
-1.965763092041015625e+01
-1.951520729064941406e+01
-1.936994552612304688e+01
-1.922190475463867188e+01
-1.907113838195800781e+01
-1.891770362854003906e+01
-1.876165580749511719e+01
-1.860305213928222656e+01
-1.844194793701171875e+01
-1.827839851379394531e+01
-1.811246109008789062e+01
-1.794419097900390625e+01
-1.777364349365234375e+01
-1.760087585449218750e+01
-1.742594337463378906e+01
-1.724890327453613281e+01
-1.706980895996093750e+01
-1.688871955871582031e+01
-1.670568656921386719e+01
-1.652077293395996094e+01
-1.633403205871582031e+01
-1.614553642272949219e+01
-1.595536231994628906e+01
-1.576358604431152344e+01
-1.557028102874755859e+01
-1.537552356719970703e+01
-1.517938804626464844e+01
-1.498194980621337891e+01
-1.478328323364257812e+01
-1.458346462249755859e+01
-1.438256740570068359e+01
-1.418066883087158203e+01
-1.397784137725830078e+01
-1.377416419982910156e+01
-1.356970882415771484e+01
-1.336455249786376953e+01
-1.315876865386962891e+01
-1.295243358612060547e+01
-1.274562072753906250e+01
-1.253840827941894531e+01
-1.233086967468261719e+01
-1.212307834625244141e+01
-1.191511154174804688e+01
-1.170704460144042969e+01
-1.149895191192626953e+01
-1.129090785980224609e+01
-1.108298873901367188e+01
-1.087526988983154297e+01
-1.066782474517822266e+01
-1.046072959899902344e+01
-1.025405883789062500e+01
-1.004788970947265625e+01
-9.842294692993164062e+00
-9.637350082397460938e+00
-9.433132171630859375e+00
-9.229713439941406250e+00
-9.027171134948730469e+00
-8.825579643249511719e+00
-8.625014305114746094e+00
-8.425549507141113281e+00
-8.227261543273925781e+00
-8.030223846435546875e+00
-7.834513187408447266e+00
-7.640204906463623047e+00
-7.447372913360595703e+00
-7.256092071533203125e+00
-7.066438674926757812e+00
-6.878487586975097656e+00
-6.692313194274902344e+00
-6.507991313934326172e+00
-6.325589656829833984e+00
-6.145143508911132812e+00
-5.966681957244873047e+00
-5.790233612060546875e+00
-5.615827083587646484e+00
-5.443490505218505859e+00
-5.273252964019775391e+00
-5.105142593383789062e+00
-4.939188480377197266e+00
-4.775418758392333984e+00
-4.613861560821533203e+00
-4.454546451568603516e+00
-4.297501564025878906e+00
-4.142755508422851562e+00
-3.990336894989013672e+00
-3.840273857116699219e+00
-3.692594766616821289e+00
-3.547329187393188477e+00
-3.404505252838134766e+00
-3.264151334762573242e+00
-3.126296043395996094e+00
-2.990967988967895508e+00
-2.858195543289184570e+00
-2.728007555007934570e+00
-2.600432634353637695e+00
-2.475499153137207031e+00
-2.353235483169555664e+00
-2.233670711517333984e+00
-2.116832733154296875e+00
-2.002750635147094727e+00
-1.891452789306640625e+00
-1.782968044281005859e+00
-1.677324295043945312e+00
-1.574550747871398926e+00
-1.474675655364990234e+00
-1.377727627754211426e+00
-1.283735275268554688e+00
-1.192727088928222656e+00
-1.104731559753417969e+00
-1.019777536392211914e+00
-9.378932714462280273e-01
-8.591074943542480469e-01
-7.834486961364746094e-01
-7.109454870223999023e-01
-6.416263580322265625e-01
-5.755199790000915527e-01
-5.126547813415527344e-01
-4.530594646930694580e-01
-3.967624604701995850e-01
-3.437924087047576904e-01
-2.941679060459136963e-01
-2.478679269552230835e-01
-2.048614770174026489e-01
-1.651176214218139648e-01
-1.286053359508514404e-01
-9.529370069503784180e-02
-6.515169888734817505e-02
-3.814838826656341553e-02
-1.425278000533580780e-02
6.566093768924474716e-03
2.433920465409755707e-02
3.909752890467643738e-02
5.087203904986381531e-02
5.969370156526565552e-02
6.559349596500396729e-02
6.860239058732986450e-02
6.875136494636535645e-02
6.607138365507125854e-02
6.059342622756958008e-02
5.234845727682113647e-02
4.136745631694793701e-02
2.768139168620109558e-02
1.132124196738004684e-02
-7.682024501264095306e-03
-2.929743565618991852e-02
-5.349401384592056274e-02
-8.024079352617263794e-02
-1.095068007707595825e-01
-1.412610411643981934e-01
-1.754725873470306396e-01
-2.121104151010513306e-01
-2.511436045169830322e-01
-2.925411462783813477e-01
-3.362720906734466553e-01
-3.823054134845733643e-01
-4.306102097034454346e-01
-4.811554849147796631e-01
-5.339102149009704590e-01
-5.888434648513793945e-01
-6.459243297576904297e-01
-7.051217555999755859e-01
-7.664047479629516602e-01
-8.297424316406250000e-01
-8.951037526130676270e-01
-9.624577164649963379e-01
-1.031773447990417480e+00
-1.103019952774047852e+00
-1.176166057586669922e+00
-1.251181244850158691e+00
-1.328034043312072754e+00
-1.406690239906311035e+00
-1.487101316452026367e+00
-1.569215536117553711e+00
-1.652980923652648926e+00
-1.738345384597778320e+00
-1.825257182121276855e+00
-1.913664460182189941e+00
-2.003515243530273438e+00
-2.094757556915283203e+00
-2.187339305877685547e+00
-2.281208992004394531e+00
-2.376314640045166016e+00
-2.472604036331176758e+00
-2.570025444030761719e+00
-2.668527126312255859e+00
-2.768057107925415039e+00
-2.868562936782836914e+00
-2.969993352890014648e+00
-3.072296380996704102e+00
-3.175420045852661133e+00
-3.279312133789062500e+00
-3.383920907974243164e+00
-3.489194869995117188e+00
-3.595081567764282227e+00
-3.701529026031494141e+00
-3.808485746383666992e+00
-3.915899991989135742e+00
-4.023718833923339844e+00
-4.131891250610351562e+00
-4.240365505218505859e+00
-4.349089622497558594e+00
-4.458010196685791016e+00
-4.567077636718750000e+00
-4.676238536834716797e+00
-4.785440921783447266e+00
-4.894633769989013672e+00
-5.003764629364013672e+00
-5.112781524658203125e+00
-5.221632957458496094e+00
-5.330266475677490234e+00
-5.438630580902099609e+00
-5.546673297882080078e+00
-5.654342174530029297e+00
-5.761586189270019531e+00
-5.868352890014648438e+00
-5.974590778350830078e+00
-6.080247402191162109e+00
-6.185271263122558594e+00
-6.289609909057617188e+00
-6.393211841583251953e+00
-6.496029853820800781e+00
-6.598032951354980469e+00
-6.699193954467773438e+00
-6.799488067626953125e+00
-6.898887634277343750e+00
-6.997367382049560547e+00
-7.094900131225585938e+00
-7.191460132598876953e+00
-7.287020683288574219e+00
-7.381556034088134766e+00
-7.475038528442382812e+00
-7.567443370819091797e+00
-7.658743381500244141e+00
-7.748911857604980469e+00
-7.837923526763916016e+00
-7.925751686096191406e+00
-8.012370109558105469e+00
-8.097751617431640625e+00
-8.181870460510253906e+00
-8.264700889587402344e+00
-8.346215248107910156e+00
-8.426388740539550781e+00
-8.505192756652832031e+00
-8.582603454589843750e+00
-8.658594131469726562e+00
-8.733137130737304688e+00
-8.806206703186035156e+00
-8.877777099609375000e+00
-8.947821617126464844e+00
-9.016313552856445312e+00
-9.083227157592773438e+00
-9.148534774780273438e+00
-9.212211608886718750e+00
-9.274230957031250000e+00
-9.334566116333007812e+00
-9.393191337585449219e+00
-9.450078964233398438e+00
-9.505204200744628906e+00
-9.558540344238281250e+00
-9.610060691833496094e+00
-9.659738540649414062e+00
-9.707549095153808594e+00
-9.753463745117187500e+00
-9.797457695007324219e+00
-9.839505195617675781e+00
-9.879578590393066406e+00
-9.917652130126953125e+00
-9.953698158264160156e+00
-9.987692832946777344e+00
-1.001960754394531250e+01
-1.004942512512207031e+01
-1.007715225219726562e+01
-1.010280418395996094e+01
-1.012639617919921875e+01
-1.014794445037841797e+01
-1.016746425628662109e+01
-1.018496894836425781e+01
-1.020047569274902344e+01
-1.021399879455566406e+01
-1.022555541992187500e+01
-1.023515701293945312e+01
-1.024282264709472656e+01
-1.024856662750244141e+01
-1.025240230560302734e+01
-1.025434589385986328e+01
-1.025441455841064453e+01
-1.025262069702148438e+01
-1.024898147583007812e+01
-1.024351215362548828e+01
-1.023622608184814453e+01
-1.022714138031005859e+01
-1.021627044677734375e+01
-1.020363044738769531e+01
-1.018923568725585938e+01
-1.017310237884521484e+01
-1.015524482727050781e+01
-1.013567924499511719e+01
-1.011441898345947266e+01
-1.009148120880126953e+01
-1.006688213348388672e+01
-1.004063320159912109e+01
-1.001275348663330078e+01
-9.983256340026855469e+00
-9.952157020568847656e+00
-9.919470787048339844e+00
-9.885213851928710938e+00
-9.849400520324707031e+00
-9.812047004699707031e+00
-9.773167610168457031e+00
-9.732777595520019531e+00
-9.690893173217773438e+00
-9.647528648376464844e+00
-9.602699279785156250e+00
-9.556421279907226562e+00
-9.508709907531738281e+00
-9.459578514099121094e+00
-9.409044265747070312e+00
-9.357121467590332031e+00
-9.303826332092285156e+00
-9.249173164367675781e+00
-9.193181037902832031e+00
-9.135877609252929688e+00
-9.077295303344726562e+00
-9.017466545104980469e+00
-8.956422805786132812e+00
-8.894197463989257812e+00
-8.830820083618164062e+00
-8.766323089599609375e+00
-8.700739860534667969e+00
-8.634101867675781250e+00
-8.566440582275390625e+00
-8.497787475585937500e+00
-8.428174972534179688e+00
-8.357635498046875000e+00
-8.286199569702148438e+00
-8.213899612426757812e+00
-8.140769004821777344e+00
-8.066838264465332031e+00
-7.992139339447021484e+00
-7.916705131530761719e+00
-7.840565681457519531e+00
-7.763754367828369141e+00
-7.686303138732910156e+00
-7.608243465423583984e+00
-7.529607295989990234e+00
-7.450426578521728516e+00
-7.370733261108398438e+00
-7.290559291839599609e+00
-7.209937095642089844e+00
-7.128897666931152344e+00
-7.047472953796386719e+00
-6.965695381164550781e+00
-6.883596420288085938e+00
-6.801208496093750000e+00
-6.718563556671142578e+00
-6.635693073272705078e+00
-6.552628993988037109e+00
-6.469403743743896484e+00
-6.386048793792724609e+00
-6.302595615386962891e+00
-6.219077587127685547e+00
-6.135525226593017578e+00
-6.051970958709716797e+00
-5.968446731567382812e+00
-5.884984016418457031e+00
-5.801615238189697266e+00
-5.718372821807861328e+00
-5.635287284851074219e+00
-5.552392005920410156e+00
-5.469717979431152344e+00
-5.387296199798583984e+00
-5.305155277252197266e+00
-5.223322391510009766e+00
-5.141824722290039062e+00
-5.060689926147460938e+00
-4.979944229125976562e+00
-4.899616718292236328e+00
-4.819733142852783203e+00
-4.740321636199951172e+00
-4.661408901214599609e+00
-4.583022594451904297e+00
-4.505190372467041016e+00
-4.427938461303710938e+00
-4.351295471191406250e+00
-4.275287628173828125e+00
-4.199943065643310547e+00
-4.125288486480712891e+00
-4.051351547241210938e+00
-3.978159427642822266e+00
-3.905739068984985352e+00
-3.834117889404296875e+00
-3.763324022293090820e+00
-3.693383455276489258e+00
-3.624325037002563477e+00
-3.556174516677856445e+00
-3.488960027694702148e+00
-3.422708749771118164e+00
-3.357448101043701172e+00
-3.293205261230468750e+00
-3.230007171630859375e+00
-3.167881727218627930e+00
-3.106855630874633789e+00
-3.046957015991210938e+00
-2.988212347030639648e+00
-2.930649280548095703e+00
-2.874295234680175781e+00
-2.819177389144897461e+00
-2.765322685241699219e+00
-2.712759017944335938e+00
-2.661513328552246094e+00
-2.611613035202026367e+00
-2.563085317611694336e+00
-2.515957832336425781e+00
-2.470257520675659180e+00
-2.426011800765991211e+00
-2.383247852325439453e+00
-2.341993093490600586e+00
-2.302274942398071289e+00
-2.264120340347290039e+00
-2.227556943893432617e+00
-2.192602157592773438e+00
-2.159232854843139648e+00
-2.127417564392089844e+00
-2.097123622894287109e+00
-2.068318367004394531e+00
-2.040969848632812500e+00
-2.015045166015625000e+00
-1.990512609481811523e+00
-1.967339396476745605e+00
-1.945493102073669434e+00
-1.924941539764404297e+00
-1.905652403831481934e+00
-1.887593150138854980e+00
-1.870731472969055176e+00
-1.855035185813903809e+00
-1.840471744537353516e+00
-1.827008605003356934e+00
-1.814613819122314453e+00
-1.803254723548889160e+00
-1.792898893356323242e+00
-1.783514022827148438e+00
-1.775067925453186035e+00
-1.767528176307678223e+00
-1.760862350463867188e+00
-1.755038022994995117e+00
-1.750022888183593750e+00
-1.745784640312194824e+00
-1.742290616035461426e+00
-1.739508986473083496e+00
-1.737406730651855469e+00
-1.735952019691467285e+00
-1.735112309455871582e+00
-1.734855175018310547e+00
-1.735148191452026367e+00
-1.735959291458129883e+00
-1.737255811691284180e+00
-1.739005446434020996e+00
-1.741175889968872070e+00
-1.743734717369079590e+00
-1.746649503707885742e+00
-1.749888181686401367e+00
-1.753418087959289551e+00
-1.757206797599792480e+00
-1.761222124099731445e+00
-1.765431761741638184e+00
-1.769803166389465332e+00
-1.774303913116455078e+00
-1.778901934623718262e+00
-1.783564567565917969e+00
-1.788259744644165039e+00
