# tt
1.133274414062500000e+03
1.064252075195312500e+03
9.983165893554687500e+02
9.476312255859375000e+02
9.113165283203125000e+02
8.866663208007812500e+02
8.706287231445312500e+02
8.612049560546875000e+02
8.569270019531250000e+02
8.561912841796875000e+02
8.591046752929687500e+02
8.643384399414062500e+02
8.704955444335937500e+02
8.779498901367187500e+02
8.873108520507812500e+02
8.983608398437500000e+02
9.106558837890625000e+02
9.236768188476562500e+02
9.370004882812500000e+02
9.506652221679687500e+02
9.647919311523437500e+02
9.793700561523437500e+02
9.943504638671875000e+02
1.009660705566406250e+03
1.025245239257812500e+03
1.041136840820312500e+03
1.057366088867187500e+03
1.073864868164062500e+03
1.090569824218750000e+03
1.107537475585937500e+03
1.124832031250000000e+03
1.142429565429687500e+03
1.160266479492187500e+03
1.178210449218750000e+03
1.196178466796875000e+03
1.214351806640625000e+03
1.232914306640625000e+03
1.251795043945312500e+03
1.270859375000000000e+03
1.290001464843750000e+03
1.309231201171875000e+03
1.328587646484375000e+03
1.348109375000000000e+03
1.367835571289062500e+03
1.387796020507812500e+03
1.407984497070312500e+03
1.428385864257812500e+03
1.448985229492187500e+03
1.469767333984375000e+03
1.490721191406250000e+03
1.511851440429687500e+03
1.533166992187500000e+03
1.554676757812500000e+03
1.576389404296875000e+03
1.598312500000000000e+03
1.620447631835937500e+03
1.642795166015625000e+03
1.665355468750000000e+03
1.688129028320312500e+03
1.711116577148437500e+03
1.734321289062500000e+03
1.757746215820312500e+03
1.781394897460937500e+03
1.805270996093750000e+03
1.829376953125000000e+03
1.853711669921875000e+03
1.878273437500000000e+03
1.903060546875000000e+03
1.928070922851562500e+03
1.953305786132812500e+03
1.978778564453125000e+03
2.004505371093750000e+03
2.030502441406250000e+03
2.056786132812500000e+03
2.083367187500000000e+03
2.110235351562500000e+03
2.137375000000000000e+03
2.164770996093750000e+03
2.192406982421875000e+03
2.220271728515625000e+03
2.248368164062500000e+03
2.276704101562500000e+03
2.305286132812500000e+03
2.334121826171875000e+03
2.363215576171875000e+03
2.392562255859375000e+03
2.422154296875000000e+03
2.451983398437500000e+03
2.482042236328125000e+03
2.512323730468750000e+03
2.542824707031250000e+03
2.573543212890625000e+03
2.604477294921875000e+03
2.635624267578125000e+03
2.666982910156250000e+03
2.698550048828125000e+03
2.730324462890625000e+03
2.762303466796875000e+03
2.794485351562500000e+03
2.826867919921875000e+03
2.859448486328125000e+03
2.892225830078125000e+03
2.925197265625000000e+03
2.958360595703125000e+03
2.991714111328125000e+03
3.025255615234375000e+03
3.058982666015625000e+03
3.092893554687500000e+03
3.126986083984375000e+03
3.161256347656250000e+03
3.195696777343750000e+03
3.230297607421875000e+03
3.265049316406250000e+03
3.299942138671875000e+03
3.334966796875000000e+03
3.370113525390625000e+03
3.405373291015625000e+03
3.440735839843750000e+03
3.476191894531250000e+03
3.511732421875000000e+03
3.547347656250000000e+03
3.583027587890625000e+03
3.618762939453125000e+03
3.654544189453125000e+03
3.690362060546875000e+03
3.726207031250000000e+03
3.762068847656250000e+03
3.797938964843750000e+03
3.833807128906250000e+03
3.869663818359375000e+03
3.905500732421875000e+03
3.941307128906250000e+03
3.977075439453125000e+03
4.012794921875000000e+03
4.048457763671875000e+03
4.084053466796875000e+03
4.119573730468750000e+03
4.155009277343750000e+03
4.190350097656250000e+03
4.225587890625000000e+03
4.260712890625000000e+03
4.295715820312500000e+03
4.330588378906250000e+03
4.365319824218750000e+03
4.399902343750000000e+03
4.434325683593750000e+03
4.468582031250000000e+03
4.502660644531250000e+03
4.536552734375000000e+03
4.570249023437500000e+03
4.603740722656250000e+03
4.637018554687500000e+03
4.670072265625000000e+03
4.702892578125000000e+03
4.735471191406250000e+03
4.767797363281250000e+03
4.799862304687500000e+03
4.831656738281250000e+03
4.863171386718750000e+03
4.894396484375000000e+03
4.925323242187500000e+03
4.955941894531250000e+03
4.986242675781250000e+03
5.016216796875000000e+03
5.045854492187500000e+03
5.075146972656250000e+03
5.104084472656250000e+03
5.132657226562500000e+03
5.160856445312500000e+03
5.188672363281250000e+03
5.216095703125000000e+03
5.243117675781250000e+03
5.269728027343750000e+03
5.295917968750000000e+03
5.321677734375000000e+03
5.346999511718750000e+03
5.371874511718750000e+03
5.396294433593750000e+03
5.420251464843750000e+03
5.443736816406250000e+03
5.466742187500000000e+03
5.489259277343750000e+03
5.511279785156250000e+03
5.532795898437500000e+03
5.553798339843750000e+03
5.574279296875000000e+03
5.594231445312500000e+03
5.613644531250000000e+03
5.632511230468750000e+03
5.650823730468750000e+03
5.668573242187500000e+03
5.685750976562500000e+03
5.702349609375000000e+03
5.718359863281250000e+03
5.733773437500000000e+03
5.748583007812500000e+03
5.762779785156250000e+03
5.776354980468750000e+03
5.789300781250000000e+03
5.801610839843750000e+03
5.813283203125000000e+03
5.824319335937500000e+03
5.834719726562500000e+03
5.844485351562500000e+03
5.853617187500000000e+03
5.862116210937500000e+03
5.869981933593750000e+03
5.877216308593750000e+03
5.883819335937500000e+03
5.889792480468750000e+03
5.895136230468750000e+03
5.899851074218750000e+03
5.903938476562500000e+03
5.907397949218750000e+03
5.910231445312500000e+03
5.912439453125000000e+03
5.914021972656250000e+03
5.914981445312500000e+03
5.915316406250000000e+03
5.915029296875000000e+03
5.914120117187500000e+03
5.912590332031250000e+03
5.910439941406250000e+03
5.907669921875000000e+03
5.904281250000000000e+03
5.900274414062500000e+03
5.895650390625000000e+03
5.890409667968750000e+03
5.884553710937500000e+03
5.878082519531250000e+03
5.870997070312500000e+03
5.863297851562500000e+03
5.854986328125000000e+03
5.846062988281250000e+03
5.836528320312500000e+03
5.826382812500000000e+03
5.815627929687500000e+03
5.804264160156250000e+03
5.792292968750000000e+03
5.779713378906250000e+03
5.766527832031250000e+03
5.752736328125000000e+03
5.738339355468750000e+03
5.723338867187500000e+03
5.707733886718750000e+03
5.691526367187500000e+03
5.674717285156250000e+03
5.657306640625000000e+03
5.639295410156250000e+03
5.620686035156250000e+03
5.601488281250000000e+03
5.581711425781250000e+03
5.561366699218750000e+03
5.540465332031250000e+03
5.519017578125000000e+03
5.497034179687500000e+03
5.474525878906250000e+03
5.451502929687500000e+03
5.427976074218750000e+03
5.403956542968750000e+03
5.379454589843750000e+03
5.354481445312500000e+03
5.329046875000000000e+03
5.303162597656250000e+03
5.276838378906250000e+03
5.250084960937500000e+03
5.222913574218750000e+03
5.195334960937500000e+03
5.167358886718750000e+03
5.138996582031250000e+03
5.110258789062500000e+03
5.081156250000000000e+03
5.051699707031250000e+03
5.021899414062500000e+03
4.991766601562500000e+03
4.961311035156250000e+03
4.930544433593750000e+03
4.899477050781250000e+03
4.868119628906250000e+03
4.836481933593750000e+03
4.804576171875000000e+03
4.772412597656250000e+03
4.740000976562500000e+03
4.707352539062500000e+03
4.674478515625000000e+03
4.641388671875000000e+03
4.608094238281250000e+03
4.574605957031250000e+03
4.540934082031250000e+03
4.507089843750000000e+03
4.473083007812500000e+03
4.438925292968750000e+03
4.404626464843750000e+03
4.370198242187500000e+03
4.335650390625000000e+03
4.300994140625000000e+03
4.266239257812500000e+03
4.231397949218750000e+03
4.196479492187500000e+03
4.161495117187500000e+03
4.126454589843750000e+03
4.091366943359375000e+03
4.056242431640625000e+03
4.021090576171875000e+03
3.985920898437500000e+03
3.950742919921875000e+03
3.915566162109375000e+03
3.880401123046875000e+03
3.845256103515625000e+03
3.810141845703125000e+03
3.775067382812500000e+03
3.740042480468750000e+03
3.705076904296875000e+03
3.670179931640625000e+03
3.635361816406250000e+03
3.600631347656250000e+03
3.565998779296875000e+03
3.531473388671875000e+03
3.497065185546875000e+03
3.462783203125000000e+03
3.428637695312500000e+03
3.394637939453125000e+03
3.360793457031250000e+03
3.327114257812500000e+03
3.293609863281250000e+03
3.260289550781250000e+03
3.227163085937500000e+03
3.194240722656250000e+03
3.161531005859375000e+03
3.129044433593750000e+03
3.096790039062500000e+03
3.064777832031250000e+03
3.033017578125000000e+03
3.001518310546875000e+03
2.970290039062500000e+03
2.939342529296875000e+03
2.908685058593750000e+03
2.878327392578125000e+03
2.848279296875000000e+03
2.818550292968750000e+03
2.789149658203125000e+03
2.760087646484375000e+03
2.731373779296875000e+03
2.703017089843750000e+03
2.675027587890625000e+03
2.647415039062500000e+03
2.620189208984375000e+03
2.593359130859375000e+03
2.566934814453125000e+03
2.540924560546875000e+03
2.515330322265625000e+03
2.490153564453125000e+03
2.465394775390625000e+03
2.441055175781250000e+03
2.417135742187500000e+03
2.393637451171875000e+03
2.370560791015625000e+03
2.347907470703125000e+03
2.325677734375000000e+03
2.303873046875000000e+03
2.282494384765625000e+03
2.261541992187500000e+03
2.241017578125000000e+03
2.220921630859375000e+03
2.201255615234375000e+03
2.182020019531250000e+03
2.163216064453125000e+03
2.144844482421875000e+03
2.126906494140625000e+03
2.109402587890625000e+03
2.092334228515625000e+03
2.075702148437500000e+03
2.059507324218750000e+03
2.043750610351562500e+03
2.028433105468750000e+03
2.013555541992187500e+03
1.999119262695312500e+03
1.985124877929687500e+03
1.971573486328125000e+03
1.958466064453125000e+03
1.945803466796875000e+03
1.933586547851562500e+03
1.921816650390625000e+03
1.910494384765625000e+03
1.899620849609375000e+03
1.889196777343750000e+03
1.879223266601562500e+03
1.869701538085937500e+03
1.860632080078125000e+03
1.852016235351562500e+03
1.843854736328125000e+03
1.836148681640625000e+03
1.828898681640625000e+03
1.822106079101562500e+03
1.815771850585937500e+03
1.809896606445312500e+03
1.804481445312500000e+03
1.799527343750000000e+03
1.795035400390625000e+03
1.791005004882812500e+03
1.787431030273437500e+03
1.784306274414062500e+03
1.781624267578125000e+03
1.779378417968750000e+03
1.777561767578125000e+03
1.776167236328125000e+03
1.775188720703125000e+03
1.774619018554687500e+03
1.774451660156250000e+03
1.774679565429687500e+03
1.775296264648437500e+03
1.776294921875000000e+03
1.777668579101562500e+03
1.779410766601562500e+03
1.781514770507812500e+03
1.783973510742187500e+03
1.786780517578125000e+03
1.789928710937500000e+03
1.793411987304687500e+03
1.797222656250000000e+03
1.801354858398437500e+03
1.805801391601562500e+03
1.810555419921875000e+03
1.815610473632812500e+03
1.820959716796875000e+03
1.826596191406250000e+03
1.832513427734375000e+03
1.838704345703125000e+03
1.845162597656250000e+03
1.851881225585937500e+03
1.858853393554687500e+03
1.866072509765625000e+03
1.873531494140625000e+03
1.881224121093750000e+03
1.889143066406250000e+03
1.897282104492187500e+03
1.905634155273437500e+03
1.914192504882812500e+03
1.922950683593750000e+03
1.931901489257812500e+03
1.941038330078125000e+03
1.950354492187500000e+03
1.959843383789062500e+03
1.969497924804687500e+03
1.979311767578125000e+03
1.989277832031250000e+03
1.999389160156250000e+03
2.009639648437500000e+03
2.020022094726562500e+03
2.030529907226562500e+03
2.041156127929687500e+03
2.051893798828125000e+03
2.062736328125000000e+03
2.073676757812500000e+03
2.084708007812500000e+03
2.095823730468750000e+03
2.107016601562500000e+03
2.118279541015625000e+03
2.129606445312500000e+03
2.140990234375000000e+03
2.152423583984375000e+03
2.163900146484375000e+03
2.175412841796875000e+03
2.186954833984375000e+03
2.198519287109375000e+03
2.210099121093750000e+03
2.221687988281250000e+03
2.233278564453125000e+03
2.244864257812500000e+03
2.256437988281250000e+03
2.267992919921875000e+03
2.279522460937500000e+03
2.291019531250000000e+03
2.302477539062500000e+03
2.313889160156250000e+03
2.325248046875000000e+03
2.336546630859375000e+03
2.347779052734375000e+03
2.358937500000000000e+03
2.370015869140625000e+03
2.381006835937500000e+03
2.391903564453125000e+03
2.402699462890625000e+03
2.413387451171875000e+03
2.423960693359375000e+03
2.434412353515625000e+03
2.444735595703125000e+03
2.454923828125000000e+03
2.464969726562500000e+03
2.474866699218750000e+03
2.484607666015625000e+03
2.494186279296875000e+03
2.503595214843750000e+03
2.512827392578125000e+03
2.521876708984375000e+03
2.530735839843750000e+03
2.539397705078125000e+03
2.547856201171875000e+03
2.556103515625000000e+03
2.564134765625000000e+03
2.571947753906250000e+03
2.579541992187500000e+03
2.586917236328125000e+03
2.594072753906250000e+03
2.601008300781250000e+03
2.607723144531250000e+03
2.614216552734375000e+03
2.620488281250000000e+03
2.626537841796875000e+03
2.632364746093750000e+03
2.637968261718750000e+03
2.643347656250000000e+03
2.648503417968750000e+03
2.653433593750000000e+03
2.658138671875000000e+03
2.662617919921875000e+03
2.666870605468750000e+03
2.670896484375000000e+03
2.674694824218750000e+03
2.678265136718750000e+03
2.681607177734375000e+03
2.684719970703125000e+03
2.687603271484375000e+03
2.690256347656250000e+03
2.692679199218750000e+03
2.694870605468750000e+03
2.696830322265625000e+03
2.698557861328125000e+03
2.700052978515625000e+03
2.701314697265625000e+03
2.702342773437500000e+03
2.703136718750000000e+03
2.703695556640625000e+03
2.704019287109375000e+03
2.704107177734375000e+03
2.703958740234375000e+03
2.703573486328125000e+03
2.702950683593750000e+03
2.702090087890625000e+03
2.700991210937500000e+03
2.699653076171875000e+03
2.698075683593750000e+03
2.696258544921875000e+03
2.694200439453125000e+03
2.691901611328125000e+03
2.689360839843750000e+03
2.686578369140625000e+03
2.683553222656250000e+03
2.680284912109375000e+03
2.676773681640625000e+03
2.673023681640625000e+03
2.669039306640625000e+03
2.664825439453125000e+03
2.660386474609375000e+03
2.655727294921875000e+03
2.650852783203125000e+03
2.645767089843750000e+03
2.640475341796875000e+03
2.634982177734375000e+03
2.629291992187500000e+03
2.623409667968750000e+03
2.617339599609375000e+03
2.611087158203125000e+03
2.604656250000000000e+03
2.598052001953125000e+03
2.591279052734375000e+03
2.584341796875000000e+03
2.577245605468750000e+03
2.569994140625000000e+03
2.562593017578125000e+03
2.555046386718750000e+03
2.547358886718750000e+03
2.539535400390625000e+03
2.531580810546875000e+03
2.523499267578125000e+03
2.515295898437500000e+03
2.506975097656250000e+03
2.498541992187500000e+03
2.490000732421875000e+03
2.481356201171875000e+03
2.472613281250000000e+03
2.463776123046875000e+03
2.454849853515625000e+03
2.445839111328125000e+03
2.436748535156250000e+03
2.427582763671875000e+03
2.418346435546875000e+03
2.409044189453125000e+03
2.399680908203125000e+03
2.390261230468750000e+03
2.380789550781250000e+03
2.371270996093750000e+03
2.361709716796875000e+03
2.352110839843750000e+03
2.342478759765625000e+03
2.332818603515625000e+03
2.323134521484375000e+03
2.313431396484375000e+03
2.303713867187500000e+03
2.293986816406250000e+03
2.284254150390625000e+03
2.274520996093750000e+03
2.264790771484375000e+03
2.255068359375000000e+03
2.245358154296875000e+03
2.235664306640625000e+03
2.225991210937500000e+03
2.216343261718750000e+03
2.206724853515625000e+03
2.197140380859375000e+03
2.187594238281250000e+03
2.178090332031250000e+03
2.168633300781250000e+03
2.159227783203125000e+03
2.149877929687500000e+03
2.140587646484375000e+03
2.131361816406250000e+03
2.122204833984375000e+03
2.113120849609375000e+03
2.104114257812500000e+03
2.095189208984375000e+03
2.086350341796875000e+03
2.077602050781250000e+03
2.068948486328125000e+03
2.060394042968750000e+03
2.051943115234375000e+03
2.043600097656250000e+03
2.035369018554687500e+03
2.027254638671875000e+03
2.019261230468750000e+03
2.011392944335937500e+03
2.003654296875000000e+03
1.996049682617187500e+03
1.988583496093750000e+03
1.981259887695312500e+03
1.974083251953125000e+03
1.967057983398437500e+03
1.960188476562500000e+03
1.953479003906250000e+03
1.946933959960937500e+03
1.940557739257812500e+03
1.934354736328125000e+03
1.928329223632812500e+03
1.922485351562500000e+03
1.916827758789062500e+03
1.911360839843750000e+03
1.906088745117187500e+03
1.901015991210937500e+03
1.896146728515625000e+03
1.891484497070312500e+03
1.887030029296875000e+03
1.882782470703125000e+03
1.878741699218750000e+03
1.874906738281250000e+03
1.871277954101562500e+03
1.867854125976562500e+03
1.864635131835937500e+03
1.861620483398437500e+03
1.858809936523437500e+03
1.856202636718750000e+03
1.853798461914062500e+03
1.851596801757812500e+03
1.849597167968750000e+03
1.847799194335937500e+03
1.846202514648437500e+03
1.844806640625000000e+03
1.843610961914062500e+03
1.842615234375000000e+03
1.841818847656250000e+03
1.841221557617187500e+03
1.840822387695312500e+03
1.840621704101562500e+03
1.840618408203125000e+03
1.840812377929687500e+03
1.841203002929687500e+03
1.841789794921875000e+03
1.842572265625000000e+03
1.843550292968750000e+03
1.844723266601562500e+03
1.846090576171875000e+03
1.847651977539062500e+03
1.849406982421875000e+03
1.851354980468750000e+03
1.853495483398437500e+03
1.855828491210937500e+03
1.858353027343750000e+03
1.861068969726562500e+03
1.863975708007812500e+03
1.867072875976562500e+03
1.870359863281250000e+03
1.873836547851562500e+03
1.877502075195312500e+03
1.881356323242187500e+03
1.885398803710937500e+03
1.889628784179687500e+03
1.894046142578125000e+03
1.898650390625000000e+03
1.903440917968750000e+03
1.908417114257812500e+03
1.913578247070312500e+03
1.918920654296875000e+03
1.924439819335937500e+03
1.930131469726562500e+03
1.935991333007812500e+03
1.942015014648437500e+03
1.948198242187500000e+03
1.954536865234375000e+03
1.961026489257812500e+03
1.967662475585937500e+03
1.974441040039062500e+03
1.981357666015625000e+03
1.988407958984375000e+03
1.995587524414062500e+03
2.002892456054687500e+03
2.010317993164062500e+03
2.017859863281250000e+03
2.025514160156250000e+03
2.033276245117187500e+03
2.041141845703125000e+03
2.049106689453125000e+03
2.057166503906250000e+03
2.065316894531250000e+03
2.073553466796875000e+03
2.081872070312500000e+03
2.090268310546875000e+03
2.098738037109375000e+03
2.107276855468750000e+03
2.115880371093750000e+03
2.124544189453125000e+03
2.133264160156250000e+03
2.142036132812500000e+03
2.150855468750000000e+03
2.159718017578125000e+03
2.168619628906250000e+03
2.177555419921875000e+03
2.186521728515625000e+03
2.195514160156250000e+03
2.204528076171875000e+03
2.213559082031250000e+03
2.222603271484375000e+03
2.231656250000000000e+03
2.240713623046875000e+03
2.249771240234375000e+03
2.258824218750000000e+03
2.267868896484375000e+03
2.276900878906250000e+03
2.285915527343750000e+03
2.294908447265625000e+03
2.303875976562500000e+03
2.312813476562500000e+03
2.321717041015625000e+03
2.330583251953125000e+03
2.339408203125000000e+03
2.348188476562500000e+03
2.356919677734375000e+03
2.365598876953125000e+03
2.374221923828125000e+03
2.382785400390625000e+03
2.391285644531250000e+03
2.399718505859375000e+03
2.408080810546875000e+03
2.416368408203125000e+03
2.424577880859375000e+03
2.432705322265625000e+03
2.440747314453125000e+03
2.448699951171875000e+03
2.456559326171875000e+03
2.464322265625000000e+03
2.471984863281250000e+03
2.479542968750000000e+03
2.486993408203125000e+03
2.494332519531250000e+03
2.501556396484375000e+03
2.508661132812500000e+03
2.515643310546875000e+03
2.522499267578125000e+03
2.529224853515625000e+03
2.535816894531250000e+03
2.542271484375000000e+03
2.548585205078125000e+03
2.554753906250000000e+03
2.560773681640625000e+03
2.566641845703125000e+03
2.572353759765625000e+03
2.577906005859375000e+03
2.583294921875000000e+03
2.588516601562500000e+03
2.593567871093750000e+03
2.598444580078125000e+03
2.603143066406250000e+03
2.607659667968750000e+03
2.611990722656250000e+03
2.616132568359375000e+03
2.620081542968750000e+03
2.623833740234375000e+03
2.627385498046875000e+03
2.630733154296875000e+03
2.633873291015625000e+03
2.636801757812500000e+03
2.639515869140625000e+03
2.642014648437500000e+03
2.644299316406250000e+03
2.646369384765625000e+03
2.648225585937500000e+03
2.649867919921875000e+03
2.651296630859375000e+03
2.652512207031250000e+03
2.653514892578125000e+03
2.654304931640625000e+03
2.654882568359375000e+03
2.655248046875000000e+03
2.655401611328125000e+03
2.655343750000000000e+03
2.655074462890625000e+03
2.654594482421875000e+03
2.653903564453125000e+03
2.653002197265625000e+03
2.651890625000000000e+03
2.650569335937500000e+03
2.649038330078125000e+03
2.647298095703125000e+03
2.645348876953125000e+03
2.643190917968750000e+03
2.640824218750000000e+03
2.638249511718750000e+03
2.635466796875000000e+03
2.632476562500000000e+03
2.629278808593750000e+03
2.625874023437500000e+03
2.622262451171875000e+03
2.618444091796875000e+03
2.614419921875000000e+03
2.610189453125000000e+03
2.605753662109375000e+03
2.601112060546875000e+03
2.596265380859375000e+03
2.591214111328125000e+03
2.585957763671875000e+03
2.580497558593750000e+03
2.574833251953125000e+03
2.568965087890625000e+03
2.562893554687500000e+03
2.556618896484375000e+03
2.550141113281250000e+03
2.543460693359375000e+03
2.536578125000000000e+03
2.529493408203125000e+03
2.522206787109375000e+03
2.514718750000000000e+03
2.507030273437500000e+03
2.499144042968750000e+03
2.491063964843750000e+03
2.482793457031250000e+03
2.474336669921875000e+03
2.465697021484375000e+03
2.456878173828125000e+03
2.447884033203125000e+03
2.438718261718750000e+03
2.429384033203125000e+03
2.419885498046875000e+03
2.410226318359375000e+03
2.400409912109375000e+03
2.390440185546875000e+03
2.380321044921875000e+03
2.370055664062500000e+03
2.359647949218750000e+03
2.349101562500000000e+03
2.338420410156250000e+03
2.327607910156250000e+03
2.316667724609375000e+03
2.305603515625000000e+03
2.294419433593750000e+03
2.283118652343750000e+03
2.271704833984375000e+03
2.260182128906250000e+03
2.248553710937500000e+03
2.236823486328125000e+03
2.224995361328125000e+03
2.213072509765625000e+03
2.201059082031250000e+03
2.188958251953125000e+03
2.176774414062500000e+03
2.164510498046875000e+03
2.152170654296875000e+03
2.139758544921875000e+03
2.127277832031250000e+03
2.114731933593750000e+03
2.102125000000000000e+03
2.089460205078125000e+03
2.076741455078125000e+03
2.063972412109375000e+03
2.051156738281250000e+03
2.038298461914062500e+03
2.025400756835937500e+03
2.012467529296875000e+03
1.999502441406250000e+03
1.986509277343750000e+03
1.973491455078125000e+03
1.960452880859375000e+03
1.947397216796875000e+03
1.934327514648437500e+03
1.921247436523437500e+03
1.908160156250000000e+03
1.895068847656250000e+03
1.881976806640625000e+03
1.868887451171875000e+03
1.855804077148437500e+03
1.842730102539062500e+03
1.829668334960937500e+03
1.816622802734375000e+03
1.803596191406250000e+03
1.790591796875000000e+03
1.777613525390625000e+03
1.764663818359375000e+03
1.751746704101562500e+03
1.738865112304687500e+03
1.726022460937500000e+03
1.713221923828125000e+03
1.700467041015625000e+03
1.687760742187500000e+03
1.675106689453125000e+03
1.662507812500000000e+03
1.649967773437500000e+03
1.637489624023437500e+03
1.625076782226562500e+03
1.612732543945312500e+03
1.600460083007812500e+03
1.588262817382812500e+03
1.576143920898437500e+03
1.564106811523437500e+03
1.552154785156250000e+03
1.540291015625000000e+03
1.528518798828125000e+03
1.516841674804687500e+03
1.505262695312500000e+03
1.493785278320312500e+03
1.482412597656250000e+03
1.471148071289062500e+03
1.459994873046875000e+03
1.448956542968750000e+03
1.438036010742187500e+03
1.427236816406250000e+03
1.416562255859375000e+03
1.406015502929687500e+03
1.395599975585937500e+03
1.385318969726562500e+03
1.375175659179687500e+03
1.365173461914062500e+03
1.355315673828125000e+03
1.345604858398437500e+03
1.336042114257812500e+03
1.326627441406250000e+03
1.317361450195312500e+03
1.308244018554687500e+03
1.299275634765625000e+03
1.290456665039062500e+03
1.281787231445312500e+03
1.273267578125000000e+03
1.264898193359375000e+03
1.256679199218750000e+03
1.248610839843750000e+03
1.240693481445312500e+03
1.232927368164062500e+03
1.225312622070312500e+03
1.217849853515625000e+03
1.210539062500000000e+03
1.203380615234375000e+03
1.196374755859375000e+03
1.189521850585937500e+03
1.182822021484375000e+03
1.176275756835937500e+03
1.169883056640625000e+03
1.163644531250000000e+03
1.157560180664062500e+03
1.151630371093750000e+03
1.145855346679687500e+03
1.140235595703125000e+03
1.134770996093750000e+03
1.129462158203125000e+03
1.124309204101562500e+03
1.119312500000000000e+03
1.114472167968750000e+03
1.109788818359375000e+03
1.105262329101562500e+03
1.100893188476562500e+03
1.096681518554687500e+03
1.092627807617187500e+03
1.088732177734375000e+03
1.084994995117187500e+03
1.081416381835937500e+03
1.077996948242187500e+03
1.074736572265625000e+03
1.071635742187500000e+03
1.068694702148437500e+03
1.065913818359375000e+03
1.063293212890625000e+03
1.060833129882812500e+03
1.058534057617187500e+03
1.056395996093750000e+03
1.054419067382812500e+03
1.052601196289062500e+03
1.050940307617187500e+03
1.049433715820312500e+03
1.048079467773437500e+03
1.046875000000000000e+03
1.045818115234375000e+03
1.044906494140625000e+03
1.044137817382812500e+03
1.043509765625000000e+03
1.043020141601562500e+03
1.042666381835937500e+03
1.042446289062500000e+03
1.042357666015625000e+03
1.042398193359375000e+03
1.042565429687500000e+03
1.042857055664062500e+03
1.043270751953125000e+03
1.043804443359375000e+03
1.044455566406250000e+03
1.045221923828125000e+03
1.046101074218750000e+03
1.047090820312500000e+03
1.048188964843750000e+03
1.049392944335937500e+03
1.050700561523437500e+03
1.052109619140625000e+03
1.053617553710937500e+03
1.055222290039062500e+03
1.056921386718750000e+03
1.058712524414062500e+03
1.060593505859375000e+03
1.062561889648437500e+03
1.064615478515625000e+03
1.066751831054687500e+03
1.068968750000000000e+03
1.071263916015625000e+03
1.073634887695312500e+03
1.076079467773437500e+03
1.078595336914062500e+03
1.081180175781250000e+03
1.083831665039062500e+03
1.086547485351562500e+03
1.089325317382812500e+03
1.092162963867187500e+03
1.095057861328125000e+03
1.098007934570312500e+03
1.101010742187500000e+03
1.104063964843750000e+03
1.107165405273437500e+03
1.110312744140625000e+03
1.113503417968750000e+03
1.116734985351562500e+03
1.120004882812500000e+03
1.123310913085937500e+03
1.126650390625000000e+03
1.130020751953125000e+03
1.133419921875000000e+03
1.136845092773437500e+03
1.140293945312500000e+03
1.143763793945312500e+03
1.147252563476562500e+03
1.150757446289062500e+03
1.154276123046875000e+03
1.157806030273437500e+03
1.161344848632812500e+03
1.164890014648437500e+03
1.168438964843750000e+03
1.171989501953125000e+03
1.175538940429687500e+03
1.179084838867187500e+03
1.182624755859375000e+03
1.186156250000000000e+03
1.189676757812500000e+03
1.193183959960937500e+03
1.196675292968750000e+03
1.200148315429687500e+03
1.203600585937500000e+03
1.207029663085937500e+03
1.210432861328125000e+03
1.213807983398437500e+03
1.217152343750000000e+03
1.220463745117187500e+03
1.223739379882812500e+03
1.226977050781250000e+03
1.230174194335937500e+03
1.233328369140625000e+03
1.236437011718750000e+03
1.239497802734375000e+03
1.242508178710937500e+03
1.245465698242187500e+03
1.248367797851562500e+03
1.251212158203125000e+03
1.253996337890625000e+03
1.256717651367187500e+03
1.259373779296875000e+03
1.261962280273437500e+03
1.264480712890625000e+03
1.266926391601562500e+03
1.269297119140625000e+03
1.271590698242187500e+03
1.273806152343750000e+03
1.275943359375000000e+03
1.278001708984375000e+03
1.279980834960937500e+03
1.281880371093750000e+03
1.283699829101562500e+03
1.285438842773437500e+03
1.287097045898437500e+03
1.288673950195312500e+03
1.290169189453125000e+03
1.291582153320312500e+03
1.292912719726562500e+03
1.294160278320312500e+03
1.295324462890625000e+03
1.296404785156250000e+03
1.297401000976562500e+03
1.298312622070312500e+03
1.299139160156250000e+03
1.299880249023437500e+03
1.300535400390625000e+03
1.301104370117187500e+03
1.301586425781250000e+03
1.301981567382812500e+03
1.302289062500000000e+03
1.302508666992187500e+03
1.302639892578125000e+03
1.302682250976562500e+03
1.302635498046875000e+03
1.302499145507812500e+03
1.302272705078125000e+03
1.301955810546875000e+03
1.301547851562500000e+03
1.301048828125000000e+03
1.300458007812500000e+03
1.299775146484375000e+03
1.298999755859375000e+03
1.298131225585937500e+03
1.297169555664062500e+03
1.296114013671875000e+03
1.294964233398437500e+03
1.293719848632812500e+03
1.292380371093750000e+03
1.290945434570312500e+03
1.289414794921875000e+03
1.287787597656250000e+03
1.286063964843750000e+03
1.284243041992187500e+03
1.282324584960937500e+03
1.280308227539062500e+03
1.278193847656250000e+03
1.275982421875000000e+03
1.273675781250000000e+03
1.271275390625000000e+03
1.268782592773437500e+03
1.266199096679687500e+03
1.263526367187500000e+03
1.260765747070312500e+03
1.257918823242187500e+03
1.254987426757812500e+03
1.251972656250000000e+03
1.248876220703125000e+03
1.245699707031250000e+03
1.242444458007812500e+03
1.239112182617187500e+03
1.235704101562500000e+03
1.232222167968750000e+03
1.228667480468750000e+03
1.225041870117187500e+03
1.221346557617187500e+03
1.217583251953125000e+03
1.213753540039062500e+03
1.209858764648437500e+03
1.205900512695312500e+03
1.201880249023437500e+03
1.197799682617187500e+03
1.193660156250000000e+03
1.189463134765625000e+03
1.185210327148437500e+03
1.180903076171875000e+03
1.176542968750000000e+03
1.172131591796875000e+03
1.167670288085937500e+03
1.163160766601562500e+03
1.158604370117187500e+03
1.154002807617187500e+03
1.149357421875000000e+03
1.144669921875000000e+03
1.139941650390625000e+03
1.135174194335937500e+03
1.130369018554687500e+03
1.125527709960937500e+03
1.120651733398437500e+03
1.115742553710937500e+03
1.110801879882812500e+03
1.105831054687500000e+03
1.100831665039062500e+03
1.095805297851562500e+03
1.090753295898437500e+03
1.085677246093750000e+03
1.080578735351562500e+03
1.075459472656250000e+03
1.070321044921875000e+03
1.065165283203125000e+03
1.059993652343750000e+03
1.054808105468750000e+03
1.049609985351562500e+03
1.044401367187500000e+03
1.039183715820312500e+03
1.033958984375000000e+03
1.028728515625000000e+03
1.023494201660156250e+03
1.018257690429687500e+03
1.013020568847656250e+03
1.007784851074218750e+03
1.002551818847656250e+03
9.973234863281250000e+02
9.921014404296875000e+02
9.868873291015625000e+02
9.816828002929687500e+02
9.764897460937500000e+02
9.713096313476562500e+02
9.661443481445312500e+02
9.609953613281250000e+02
9.558646240234375000e+02
9.507536010742187500e+02
9.456641845703125000e+02
9.405979614257812500e+02
9.355565795898437500e+02
9.305418090820312500e+02
9.255552978515625000e+02
9.205986938476562500e+02
9.156738281250000000e+02
9.107823486328125000e+02
9.059258422851562500e+02
9.011062011718750000e+02
8.963249511718750000e+02
8.915837402343750000e+02
8.868844604492187500e+02
8.822285766601562500e+02
8.776179809570312500e+02
8.730542602539062500e+02
8.685391235351562500e+02
8.640743408203125000e+02
8.596614990234375000e+02
8.553023681640625000e+02
8.509985351562500000e+02
8.467517700195312500e+02
8.425637817382812500e+02
8.384362182617187500e+02
8.343705444335937500e+02
8.303673095703125000e+02
8.264268188476562500e+02
8.225493774414062500e+02
8.187351684570312500e+02
8.149846191406250000e+02
8.112979736328125000e+02
8.076755371093750000e+02
8.041175537109375000e+02
8.006243286132812500e+02
7.971962280273437500e+02
7.938334960937500000e+02
7.905363769531250000e+02
7.873052978515625000e+02
7.841404418945312500e+02
7.810421142578125000e+02
7.780106811523437500e+02
7.750463256835937500e+02
7.721494140625000000e+02
7.693202514648437500e+02
7.665590820312500000e+02
7.638662719726562500e+02
7.612420043945312500e+02
7.586867065429687500e+02
7.562005615234375000e+02
7.537839355468750000e+02
7.514370727539062500e+02
7.491602783203125000e+02
7.469538574218750000e+02
7.448180541992187500e+02
7.427532958984375000e+02
7.407597656250000000e+02
7.388377685546875000e+02
7.369876098632812500e+02
7.352096557617187500e+02
7.335040893554687500e+02
7.318712158203125000e+02
7.303114624023437500e+02
7.288248901367187500e+02
7.274119873046875000e+02
7.260729980468750000e+02
7.248082275390625000e+02
7.236179199218750000e+02
7.225023803710937500e+02
7.214619140625000000e+02
7.204968872070312500e+02
7.196074218750000000e+02
7.187940063476562500e+02
7.180568237304687500e+02
7.173961181640625000e+02
7.168121337890625000e+02
7.163038330078125000e+02
7.158701171875000000e+02
7.155098876953125000e+02
7.152219848632812500e+02
7.150053710937500000e+02
7.148588256835937500e+02
7.147813720703125000e+02
7.147717285156250000e+02
7.148288574218750000e+02
7.149515380859375000e+02
7.151388549804687500e+02
7.153894653320312500e+02
7.157023925781250000e+02
7.160764160156250000e+02
7.165105590820312500e+02
7.170035400390625000e+02
7.175542602539062500e+02
7.181616821289062500e+02
7.188247070312500000e+02
7.195421142578125000e+02
7.203128662109375000e+02
7.211356811523437500e+02
7.220096435546875000e+02
7.229335327148437500e+02
7.239061889648437500e+02
7.249265747070312500e+02
7.259935302734375000e+02
7.271059570312500000e+02
7.282626342773437500e+02
7.294625854492187500e+02
7.307046508789062500e+02
7.319876708984375000e+02
7.333104858398437500e+02
7.346720581054687500e+02
7.360712280273437500e+02
7.375068969726562500e+02
7.389779663085937500e+02
7.404831542968750000e+02
7.420215454101562500e+02
7.435919189453125000e+02
7.451931762695312500e+02
7.468241577148437500e+02
7.484838256835937500e+02
7.501709594726562500e+02
7.518845214843750000e+02
7.536233520507812500e+02
7.553862915039062500e+02
7.571723022460937500e+02
7.589801635742187500e+02
7.608088378906250000e+02
7.626569824218750000e+02
7.645232543945312500e+02
7.664064941406250000e+02
7.683052368164062500e+02
7.702181396484375000e+02
7.721441040039062500e+02
7.740816650390625000e+02
7.760296020507812500e+02
7.779865112304687500e+02
7.799511718750000000e+02
7.819222412109375000e+02
7.838983764648437500e+02
7.858783569335937500e+02
7.878608398437500000e+02
7.898444824218750000e+02
7.918279418945312500e+02
7.938100585937500000e+02
7.957894287109375000e+02
7.977647094726562500e+02
7.997347412109375000e+02
8.016979980468750000e+02
8.036533813476562500e+02
8.055994873046875000e+02
8.075349731445312500e+02
8.094586181640625000e+02
8.113690185546875000e+02
8.132649536132812500e+02
8.151451416015625000e+02
8.170081787109375000e+02
8.188527832031250000e+02
8.206776733398437500e+02
8.224815673828125000e+02
8.242631225585937500e+02
8.260209960937500000e+02
8.277539062500000000e+02
8.294606323242187500e+02
8.311397705078125000e+02
8.327900390625000000e+02
8.344100952148437500e+02
8.359987182617187500e+02
8.375545043945312500e+02
8.390762939453125000e+02
8.405625610351562500e+02
8.420122070312500000e+02
8.434237670898437500e+02
8.447960815429687500e+02
8.461276855468750000e+02
8.474174194335937500e+02
8.486638183593750000e+02
8.498659667968750000e+02
8.510231323242187500e+02
8.521351928710937500e+02
8.532015991210937500e+02
8.542222290039062500e+02
8.551966552734375000e+02
8.561245117187500000e+02
8.570056152343750000e+02
8.578394775390625000e+02
8.586259155273437500e+02
8.593644409179687500e+02
8.600548095703125000e+02
8.606967163085937500e+02
8.612898559570312500e+02
8.618338012695312500e+02
8.623283691406250000e+02
8.627730712890625000e+02
8.631676635742187500e+02
8.635117797851562500e+02
8.638051147460937500e+02
8.640473632812500000e+02
8.642382202148437500e+02
8.643773193359375000e+02
8.644642944335937500e+02
8.644988403320312500e+02
8.644806518554687500e+02
8.644093627929687500e+02
8.642846679687500000e+02
8.641063232421875000e+02
8.638739013671875000e+02
8.635870361328125000e+02
8.632454833984375000e+02
8.628488769531250000e+02
8.623969116210937500e+02
8.618892822265625000e+02
8.613256835937500000e+02
8.607056274414062500e+02
8.600289306640625000e+02
8.592952270507812500e+02
8.585042114257812500e+02
8.576554565429687500e+02
8.567488403320312500e+02
8.557838134765625000e+02
8.547601318359375000e+02
8.536774902343750000e+02
8.525355834960937500e+02
8.513340454101562500e+02
8.500724487304687500e+02
8.487506713867187500e+02
8.473682861328125000e+02
8.459251098632812500e+02
8.444217529296875000e+02
8.428589477539062500e+02
8.412375488281250000e+02
8.395582275390625000e+02
8.378217163085937500e+02
8.360289306640625000e+02
8.341804809570312500e+02
8.322771606445312500e+02
8.303197631835937500e+02
8.283090820312500000e+02
8.262457275390625000e+02
8.241306762695312500e+02
8.219645385742187500e+02
8.197481079101562500e+02
8.174821166992187500e+02
8.151674804687500000e+02
8.128046875000000000e+02
8.103947753906250000e+02
8.079383544921875000e+02
8.054362182617187500e+02
8.028890991210937500e+02
8.002977905273437500e+02
7.976630249023437500e+02
7.949856567382812500e+02
7.922662963867187500e+02
7.895058593750000000e+02
7.867049560546875000e+02
7.838645019531250000e+02
7.809851074218750000e+02
7.780676269531250000e+02
7.751128540039062500e+02
7.721213989257812500e+02
7.690942382812500000e+02
7.660319824218750000e+02
7.629353637695312500e+02
7.598052368164062500e+02
7.566423339843750000e+02
7.534473876953125000e+02
7.502212524414062500e+02
7.469645996093750000e+02
7.436781616210937500e+02
7.403628540039062500e+02
7.370192260742187500e+02
7.336481933593750000e+02
7.302504272460937500e+02
7.268268432617187500e+02
7.233779907226562500e+02
7.199047851562500000e+02
7.164078979492187500e+02
7.128881225585937500e+02
7.093465576171875000e+02
7.057841186523437500e+02
7.022017211914062500e+02
6.986005859375000000e+02
6.949815063476562500e+02
6.913455810546875000e+02
6.876938476562500000e+02
6.840272827148437500e+02
6.803468627929687500e+02
6.766536254882812500e+02
6.729484863281250000e+02
6.692326049804687500e+02
6.655069580078125000e+02
6.617723999023437500e+02
6.580301513671875000e+02
6.542810058593750000e+02
6.505261230468750000e+02
6.467664184570312500e+02
6.430029296875000000e+02
6.392367553710937500e+02
6.354687500000000000e+02
6.316999511718750000e+02
6.279314575195312500e+02
6.241641845703125000e+02
6.203991699218750000e+02
6.166373901367187500e+02
6.128798828125000000e+02
6.091276855468750000e+02
6.053817138671875000e+02
6.016430664062500000e+02
5.979126586914062500e+02
5.941915893554687500e+02
5.904808349609375000e+02
5.867813110351562500e+02
5.830941162109375000e+02
5.794202880859375000e+02
5.757607421875000000e+02
5.721165161132812500e+02
5.684886474609375000e+02
5.648781127929687500e+02
5.612858886718750000e+02
5.577130126953125000e+02
5.541605224609375000e+02
5.506293334960937500e+02
5.471206054687500000e+02
5.436351928710937500e+02
5.401741943359375000e+02
5.367384643554687500e+02
5.333292236328125000e+02
5.299472656250000000e+02
5.265929565429687500e+02
5.232669067382812500e+02
5.199692993164062500e+02
5.167006225585937500e+02
5.134611206054687500e+02
5.102512512207031250e+02
5.070713500976562500e+02
5.039218139648437500e+02
5.008029174804687500e+02
4.977152099609375000e+02
4.946589050292968750e+02
4.916344604492187500e+02
4.886421508789062500e+02
4.856824645996093750e+02
4.827556762695312500e+02
4.798621826171875000e+02
4.770024108886718750e+02
4.741766052246093750e+02
4.713852539062500000e+02
4.686286621093750000e+02
4.659072570800781250e+02
4.632213439941406250e+02
4.605713500976562500e+02
4.579575805664062500e+02
4.553804321289062500e+02
4.528403015136718750e+02
4.503375244140625000e+02
4.478725280761718750e+02
4.454455871582031250e+02
4.430570983886718750e+02
4.407074890136718750e+02
4.383970947265625000e+02
4.361262817382812500e+02
4.338954162597656250e+02
4.317048645019531250e+02
4.295550231933593750e+02
4.274461975097656250e+02
4.253788452148437500e+02
4.233532714843750000e+02
4.213698730468750000e+02
4.194290161132812500e+02
4.175310668945312500e+02
4.156763916015625000e+02
4.138653564453125000e+02
4.120983581542968750e+02
4.103757019042968750e+02
4.086978454589843750e+02
4.070650634765625000e+02
4.054778137207031250e+02
4.039363098144531250e+02
4.024402160644531250e+02
4.009891357421875000e+02
3.995826416015625000e+02
3.982203063964843750e+02
3.969017333984375000e+02
3.956264953613281250e+02
3.943941040039062500e+02
3.932042236328125000e+02
3.920563659667968750e+02
3.909501647949218750e+02
3.898851318359375000e+02
3.888609008789062500e+02
3.878770141601562500e+02
3.869330444335937500e+02
3.860285949707031250e+02
3.851632385253906250e+02
3.843365173339843750e+02
3.835480346679687500e+02
3.827973632812500000e+02
3.820840759277343750e+02
3.814077453613281250e+02
3.807679443359375000e+02
3.801642761230468750e+02
3.795962829589843750e+02
3.790635986328125000e+02
3.785657043457031250e+02
3.781022644042968750e+02
3.776728210449218750e+02
3.772769165039062500e+02
3.769141845703125000e+02
3.765841674804687500e+02
3.762864379882812500e+02
3.760205993652343750e+02
3.757862243652343750e+02
3.755828552246093750e+02
3.754101257324218750e+02
3.752675476074218750e+02
3.751547241210937500e+02
3.750712585449218750e+02
3.750166625976562500e+02
3.749905700683593750e+02
3.749925537109375000e+02
3.750221862792968750e+02
3.750790100097656250e+02
3.751626281738281250e+02
3.752726135253906250e+02
3.754085083007812500e+02
3.755699768066406250e+02
3.757565307617187500e+02
3.759676818847656250e+02
3.762028198242187500e+02
3.764613037109375000e+02
3.767423706054687500e+02
3.770453796386718750e+02
3.773696289062500000e+02
3.777144775390625000e+02
3.780791625976562500e+02
3.784630737304687500e+02
3.788654785156250000e+02
3.792857055664062500e+02
3.797230834960937500e+02
3.801768798828125000e+02
3.806465148925781250e+02
3.811311950683593750e+02
3.816302795410156250e+02
3.821430969238281250e+02
3.826689453125000000e+02
3.832071228027343750e+02
3.837570190429687500e+02
3.843178405761718750e+02
3.848889465332031250e+02
3.854697265625000000e+02
3.860593872070312500e+02
3.866573181152343750e+02
3.872627563476562500e+02
3.878751220703125000e+02
3.884936523437500000e+02
3.891176757812500000e+02
3.897465515136718750e+02
3.903795471191406250e+02
3.910159912109375000e+02
3.916551818847656250e+02
3.922964782714843750e+02
3.929391784667968750e+02
3.935825805664062500e+02
3.942259826660156250e+02
3.948687744140625000e+02
3.955102233886718750e+02
3.961495971679687500e+02
3.967862854003906250e+02
3.974195861816406250e+02
3.980488281250000000e+02
3.986732482910156250e+02
3.992922668457031250e+02
3.999051208496093750e+02
4.005111999511718750e+02
4.011097412109375000e+02
4.017000732421875000e+02
4.022815856933593750e+02
4.028535766601562500e+02
4.034157104492187500e+02
4.039676513671875000e+02
4.045090637207031250e+02
4.050396423339843750e+02
4.055591125488281250e+02
4.060670776367187500e+02
4.065632934570312500e+02
4.070474243164062500e+02
4.075191040039062500e+02
4.079780578613281250e+02
4.084239501953125000e+02
4.088565063476562500e+02
4.092753601074218750e+02
4.096801757812500000e+02
4.100707092285156250e+02
4.104465942382812500e+02
4.108075256347656250e+02
4.111531677246093750e+02
4.114832153320312500e+02
4.117973632812500000e+02
4.120952453613281250e+02
4.123766174316406250e+02
4.126411132812500000e+02
4.128884277343750000e+02
4.131182556152343750e+02
4.133302612304687500e+02
4.135241088867187500e+02
4.136994934082031250e+02
4.138561706542968750e+02
4.139937133789062500e+02
4.141118469238281250e+02
4.142102355957031250e+02
4.142886352539062500e+02
4.143466186523437500e+02
4.143839416503906250e+02
4.144002685546875000e+02
4.143952941894531250e+02
4.143686828613281250e+02
4.143201293945312500e+02
4.142492980957031250e+02
4.141558837890625000e+02
4.140395812988281250e+02
4.139000244140625000e+02
4.137369384765625000e+02
4.135499877929687500e+02
4.133388977050781250e+02
4.131033020019531250e+02
4.128428955078125000e+02
4.125573425292968750e+02
4.122464599609375000e+02
4.119103393554687500e+02
4.115492248535156250e+02
4.111633911132812500e+02
4.107529602050781250e+02
4.103182373046875000e+02
4.098594360351562500e+02
4.093767395019531250e+02
4.088704528808593750e+02
4.083407287597656250e+02
4.077878417968750000e+02
4.072119750976562500e+02
4.066134033203125000e+02
4.059923095703125000e+02
4.053489685058593750e+02
4.046835632324218750e+02
4.039963073730468750e+02
4.032875061035156250e+02
4.025572814941406250e+02
4.018059387207031250e+02
4.010336914062500000e+02
4.002407226562500000e+02
3.994273071289062500e+02
3.985936584472656250e+02
3.977399902343750000e+02
3.968665161132812500e+02
3.959735107421875000e+02
3.950611572265625000e+02
3.941296997070312500e+02
3.931793518066406250e+02
3.922103576660156250e+02
3.912229614257812500e+02
3.902173461914062500e+02
3.891937255859375000e+02
3.881524047851562500e+02
3.870935058593750000e+02
3.860173645019531250e+02
3.849241333007812500e+02
3.838140258789062500e+02
3.826873474121093750e+02
3.815442504882812500e+02
3.803850097656250000e+02
3.792098083496093750e+02
3.780189208984375000e+02
3.768125305175781250e+02
3.755908813476562500e+02
3.743541870117187500e+02
3.731027221679687500e+02
3.718366699218750000e+02
3.705562438964843750e+02
3.692617492675781250e+02
3.679535522460937500e+02
3.666321411132812500e+02
3.652979125976562500e+02
3.639513244628906250e+02
3.625928344726562500e+02
3.612228698730468750e+02
3.598418884277343750e+02
3.584503479003906250e+02
3.570486145019531250e+02
3.556372375488281250e+02
3.542165832519531250e+02
3.527871398925781250e+02
3.513493041992187500e+02
3.499035644531250000e+02
3.484503479003906250e+02
3.469900817871093750e+02
3.455232543945312500e+02
3.440502624511718750e+02
3.425715637207031250e+02
3.410876159667968750e+02
3.395988464355468750e+02
3.381056823730468750e+02
3.366086120605468750e+02
3.351080322265625000e+02
3.336044006347656250e+02
3.320982055664062500e+02
3.305898132324218750e+02
3.290797119140625000e+02
3.275683593750000000e+02
3.260561828613281250e+02
3.245436096191406250e+02
3.230310668945312500e+02
3.215190734863281250e+02
3.200079956054687500e+02
3.184982910156250000e+02
3.169904479980468750e+02
3.154848632812500000e+02
3.139820251464843750e+02
3.124823303222656250e+02
3.109862365722656250e+02
3.094942016601562500e+02
3.080066223144531250e+02
3.065239868164062500e+02
3.050467529296875000e+02
3.035753173828125000e+02
3.021101684570312500e+02
3.006517028808593750e+02
2.992004089355468750e+02
2.977566833496093750e+02
2.963210144042968750e+02
2.948935546875000000e+02
2.934745788574218750e+02
2.920643615722656250e+02
2.906630249023437500e+02
2.892708740234375000e+02
2.878881530761718750e+02
2.865150146484375000e+02
2.851517333984375000e+02
2.837985229492187500e+02
2.824555969238281250e+02
2.811231994628906250e+02
2.798015441894531250e+02
2.784908752441406250e+02
2.771913757324218750e+02
2.759033203125000000e+02
2.746269226074218750e+02
2.733623657226562500e+02
2.721099548339843750e+02
2.708698425292968750e+02
2.696422729492187500e+02
2.684275207519531250e+02
2.672257385253906250e+02
2.660372009277343750e+02
2.648621215820312500e+02
2.637007141113281250e+02
2.625531921386718750e+02
2.614198303222656250e+02
2.603008117675781250e+02
2.591964111328125000e+02
2.581068115234375000e+02
2.570322265625000000e+02
2.559729156494140625e+02
2.549291076660156250e+02
2.539009857177734375e+02
2.528888092041015625e+02
2.518928070068359375e+02
2.509132080078125000e+02
2.499502105712890625e+02
2.490040435791015625e+02
2.480749664306640625e+02
2.471631622314453125e+02
2.462689056396484375e+02
2.453923645019531250e+02
2.445338134765625000e+02
2.436934509277343750e+02
2.428715209960937500e+02
2.420682373046875000e+02
2.412838287353515625e+02
2.405184936523437500e+02
2.397724456787109375e+02
2.390455780029296875e+02
2.383377685546875000e+02
2.376488494873046875e+02
2.369786834716796875e+02
2.363271179199218750e+02
2.356940460205078125e+02
2.350792846679687500e+02
2.344827270507812500e+02
2.339042053222656250e+02
2.333435821533203125e+02
2.328007202148437500e+02
2.322754669189453125e+02
2.317676696777343750e+02
2.312772216796875000e+02
2.308039703369140625e+02
2.303477630615234375e+02
2.299084320068359375e+02
2.294859008789062500e+02
2.290799560546875000e+02
2.286905059814453125e+02
2.283173828125000000e+02
2.279604644775390625e+02
2.276195831298828125e+02
2.272946014404296875e+02
2.269853668212890625e+02
2.266917724609375000e+02
2.264136657714843750e+02
2.261508636474609375e+02
2.259032745361328125e+02
2.256707611083984375e+02
2.254531097412109375e+02
2.252502593994140625e+02
2.250619964599609375e+02
2.248882598876953125e+02
2.247288208007812500e+02
2.245835876464843750e+02
2.244524078369140625e+02
2.243351287841796875e+02
2.242316436767578125e+02
2.241417694091796875e+02
2.240653686523437500e+02
2.240023193359375000e+02
2.239524536132812500e+02
2.239156646728515625e+02
2.238917541503906250e+02
2.238806457519531250e+02
2.238821411132812500e+02
2.238961486816406250e+02
2.239224700927734375e+02
2.239609832763671875e+02
2.240113677978515625e+02
2.240733337402343750e+02
2.241465606689453125e+02
2.242307128906250000e+02
2.243254852294921875e+02
2.244305725097656250e+02
2.245456695556640625e+02
2.246704406738281250e+02
2.248045959472656250e+02
2.249477844238281250e+02
2.250997161865234375e+02
2.252600555419921875e+02
2.254285125732421875e+02
2.256047821044921875e+02
2.257884979248046875e+02
2.259793853759765625e+02
2.261771392822265625e+02
2.263814239501953125e+02
2.265919189453125000e+02
2.268083190917968750e+02
2.270303039550781250e+02
2.272575988769531250e+02
2.274898223876953125e+02
2.277266998291015625e+02
2.279679107666015625e+02
2.282131195068359375e+02
2.284620513916015625e+02
2.287143707275390625e+02
2.289697418212890625e+02
2.292278900146484375e+02
2.294884796142578125e+02
2.297511901855468750e+02
2.300157318115234375e+02
2.302817535400390625e+02
2.305489501953125000e+02
2.308170318603515625e+02
2.310856781005859375e+02
2.313545684814453125e+02
2.316233673095703125e+02
2.318917541503906250e+02
2.321594696044921875e+02
2.324261627197265625e+02
2.326914978027343750e+02
2.329552001953125000e+02
2.332169342041015625e+02
2.334764099121093750e+02
2.337332611083984375e+02
2.339872436523437500e+02
2.342379760742187500e+02
2.344851989746093750e+02
2.347286987304687500e+02
2.349682922363281250e+02
2.352037811279296875e+02
2.354349975585937500e+02
2.356617279052734375e+02
2.358838043212890625e+02
2.361010437011718750e+02
2.363132476806640625e+02
2.365202484130859375e+02
2.367218475341796875e+02
2.369178619384765625e+02
2.371080780029296875e+02
2.372923736572265625e+02
2.374704742431640625e+02
2.376422576904296875e+02
2.378075103759765625e+02
2.379660797119140625e+02
2.381177520751953125e+02
2.382623291015625000e+02
2.383996429443359375e+02
2.385295104980468750e+02
2.386517181396484375e+02
2.387661132812500000e+02
2.388724822998046875e+02
2.389706878662109375e+02
2.390604553222656250e+02
2.391416931152343750e+02
2.392141418457031250e+02
2.392776641845703125e+02
2.393320465087890625e+02
2.393771057128906250e+02
2.394126586914062500e+02
2.394385528564453125e+02
2.394545288085937500e+02
2.394604644775390625e+02
2.394561309814453125e+02
2.394413604736328125e+02
2.394159698486328125e+02
2.393797607421875000e+02
2.393325653076171875e+02
2.392741851806640625e+02
2.392044219970703125e+02
2.391231384277343750e+02
2.390300598144531250e+02
2.389250793457031250e+02
2.388079833984375000e+02
2.386785736083984375e+02
2.385366973876953125e+02
2.383821105957031250e+02
2.382147369384765625e+02
2.380345458984375000e+02
2.378416442871093750e+02
2.376361236572265625e+02
2.374179992675781250e+02
2.371873931884765625e+02
2.369443359375000000e+02
2.366889495849609375e+02
2.364212493896484375e+02
2.361413726806640625e+02
2.358493347167968750e+02
2.355452117919921875e+02
2.352291259765625000e+02
2.349011077880859375e+02
2.345612487792968750e+02
2.342095947265625000e+02
2.338462371826171875e+02
2.334712524414062500e+02
2.330847015380859375e+02
2.326866760253906250e+02
2.322772216796875000e+02
2.318564300537109375e+02
2.314243774414062500e+02
2.309811096191406250e+02
2.305267028808593750e+02
2.300612640380859375e+02
2.295848541259765625e+02
2.290975189208984375e+02
2.285993347167968750e+02
2.280904083251953125e+02
2.275707702636718750e+02
2.270405120849609375e+02
2.264997253417968750e+02
2.259484558105468750e+02
2.253867645263671875e+02
2.248147735595703125e+02
2.242324981689453125e+02
2.236400451660156250e+02
2.230374755859375000e+02
2.224248809814453125e+02
2.218022918701171875e+02
2.211698150634765625e+02
2.205275115966796875e+02
2.198754730224609375e+02
2.192137603759765625e+02
2.185423889160156250e+02
2.178615264892578125e+02
2.171711883544921875e+02
2.164714660644531250e+02
2.157624206542968750e+02
2.150441589355468750e+02
2.143168640136718750e+02
2.135807495117187500e+02
2.128360443115234375e+02
2.120829620361328125e+02
2.113217010498046875e+02
2.105524902343750000e+02
2.097755432128906250e+02
2.089911041259765625e+02
2.081993255615234375e+02
2.074004974365234375e+02
2.065947723388671875e+02
2.057823944091796875e+02
2.049635925292968750e+02
2.041385650634765625e+02
2.033075256347656250e+02
2.024707031250000000e+02
2.016283111572265625e+02
2.007805480957031250e+02
1.999276428222656250e+02
1.990698242187500000e+02
1.982072753906250000e+02
1.973402557373046875e+02
1.964689483642578125e+02
1.955935668945312500e+02
1.947143554687500000e+02
1.938315124511718750e+02
1.929452514648437500e+02
1.920557861328125000e+02
1.911633605957031250e+02
1.902681427001953125e+02
1.893703918457031250e+02
1.884703063964843750e+02
1.875680847167968750e+02
1.866639709472656250e+02
1.857581787109375000e+02
1.848509063720703125e+02
1.839423828125000000e+02
1.830328369140625000e+02
1.821224365234375000e+02
1.812114562988281250e+02
1.803000793457031250e+02
1.793885192871093750e+02
1.784770050048828125e+02
1.775657501220703125e+02
1.766549682617187500e+02
1.757448883056640625e+02
1.748356781005859375e+02
1.739276275634765625e+02
1.730209045410156250e+02
1.721157226562500000e+02
1.712122344970703125e+02
1.703106231689453125e+02
1.694110107421875000e+02
1.685135650634765625e+02
1.676184234619140625e+02
1.667257690429687500e+02
1.658357238769531250e+02
1.649484558105468750e+02
1.640641174316406250e+02
1.631828308105468750e+02
1.623047943115234375e+02
1.614301452636718750e+02
1.605590057373046875e+02
1.596915740966796875e+02
1.588279876708984375e+02
1.579683685302734375e+02
1.571128997802734375e+02
1.562617340087890625e+02
1.554150085449218750e+02
1.545728912353515625e+02
1.537355194091796875e+02
1.529030456542968750e+02
1.520756530761718750e+02
1.512534484863281250e+02
1.504366149902343750e+02
1.496252899169921875e+02
1.488196411132812500e+02
1.480198059082031250e+02
1.472259368896484375e+02
1.464382019042968750e+02
1.456567382812500000e+02
1.448816986083984375e+02
1.441132354736328125e+02
1.433515167236328125e+02
1.425966796875000000e+02
1.418488769531250000e+02
1.411082763671875000e+02
1.403750000000000000e+02
1.396492309570312500e+02
1.389311065673828125e+02
1.382207794189453125e+02
1.375183868408203125e+02
1.368241271972656250e+02
1.361381072998046875e+02
1.354604949951171875e+02
1.347914581298828125e+02
1.341311187744140625e+02
1.334796600341796875e+02
1.328372039794921875e+02
1.322039031982421875e+02
1.315797424316406250e+02
1.309647216796875000e+02
1.303588104248046875e+02
1.297619934082031250e+02
1.291742553710937500e+02
1.285955810546875000e+02
1.280259399414062500e+02
1.274653167724609375e+02
1.269137039184570312e+02
1.263710556030273438e+02
1.258373870849609375e+02
1.253126602172851562e+02
1.247968750000000000e+02
1.242899780273437500e+02
1.237919769287109375e+02
1.233028564453125000e+02
1.228225784301757812e+02
1.223511352539062500e+02
1.218885040283203125e+02
1.214346694946289062e+02
1.209896087646484375e+02
1.205533142089843750e+02
1.201257476806640625e+02
1.197069091796875000e+02
1.192967758178710938e+02
1.188953247070312500e+02
1.185025405883789062e+02
1.181184082031250000e+02
1.177428970336914062e+02
1.173759765625000000e+02
1.170176773071289062e+02
1.166679306030273438e+02
1.163267364501953125e+02
1.159940719604492188e+02
1.156699295043945312e+02
1.153543014526367188e+02
1.150471191406250000e+02
1.147484130859375000e+02
1.144581527709960938e+02
1.141763000488281250e+02
1.139028625488281250e+02
1.136377944946289062e+02
1.133811035156250000e+02
1.131327590942382812e+02
1.128927307128906250e+02
1.126610260009765625e+02
1.124376068115234375e+02
1.122224578857421875e+02
1.120155563354492188e+02
1.118168792724609375e+02
1.116263046264648438e+02
1.114436874389648438e+02
1.112688980102539062e+02
1.111018218994140625e+02
1.109422988891601562e+02
1.107902069091796875e+02
1.106454162597656250e+02
1.105077819824218750e+02
1.103771896362304688e+02
1.102534713745117188e+02
1.101365280151367188e+02
1.100262069702148438e+02
1.099223709106445312e+02
1.098248977661132812e+02
1.097336425781250000e+02
1.096484909057617188e+02
1.095692901611328125e+02
1.094959106445312500e+02
1.094282073974609375e+02
1.093660736083984375e+02
1.093093566894531250e+02
1.092579193115234375e+02
1.092116317749023438e+02
1.091703643798828125e+02
1.091339874267578125e+02
1.091023559570312500e+02
1.090753479003906250e+02
1.090528030395507812e+02
1.090346221923828125e+02
1.090206527709960938e+02
1.090107498168945312e+02
1.090048065185546875e+02
1.090026702880859375e+02
1.090042037963867188e+02
1.090092773437500000e+02
1.090177764892578125e+02
1.090295486450195312e+02
1.090444564819335938e+02
1.090623779296875000e+02
1.090831604003906250e+02
1.091066818237304688e+02
1.091328277587890625e+02
1.091614303588867188e+02
1.091923675537109375e+02
1.092255096435546875e+02
1.092607269287109375e+02
1.092978820800781250e+02
1.093368225097656250e+02
1.093774414062500000e+02
1.094196014404296875e+02
1.094631729125976562e+02
1.095080718994140625e+02
1.095541534423828125e+02
1.096013183593750000e+02
1.096494827270507812e+02
1.096985092163085938e+02
1.097482910156250000e+02
1.097987213134765625e+02
1.098496780395507812e+02
1.099010696411132812e+02
1.099527664184570312e+02
1.100046768188476562e+02
1.100566635131835938e+02
1.101086578369140625e+02
1.101604995727539062e+02
1.102121047973632812e+02
1.102633743286132812e+02
1.103141632080078125e+02
1.103643875122070312e+02
1.104139251708984375e+02
1.104626770019531250e+02
1.105105133056640625e+02
1.105573348999023438e+02
1.106030349731445312e+02
1.106474914550781250e+02
1.106906127929687500e+02
1.107322692871093750e+02
1.107723464965820312e+02
1.108107452392578125e+02
1.108473587036132812e+02
1.108820724487304688e+02
1.109147644042968750e+02
1.109453430175781250e+02
1.109736709594726562e+02
1.109996643066406250e+02
1.110232009887695312e+02
1.110441589355468750e+02
1.110624542236328125e+02
1.110779647827148438e+02
1.110905532836914062e+02
1.111001434326171875e+02
1.111066207885742188e+02
1.111098556518554688e+02
1.111097335815429688e+02
1.111061782836914062e+02
1.110990524291992188e+02
1.110882492065429688e+02
1.110736694335937500e+02
1.110551834106445312e+02
1.110326995849609375e+02
1.110062103271484375e+02
1.109756851196289062e+02
1.109411087036132812e+02
1.109024887084960938e+02
1.108598098754882812e+02
1.108130493164062500e+02
1.107621994018554688e+02
1.107072448730468750e+02
1.106481933593750000e+02
1.105850143432617188e+02
1.105177001953125000e+02
1.104462432861328125e+02
1.103706207275390625e+02
1.102908554077148438e+02
1.102068939208984375e+02
1.101187515258789062e+02
1.100263977050781250e+02
1.099298324584960938e+02
1.098290481567382812e+02
1.097240295410156250e+02
1.096147689819335938e+02
1.095012512207031250e+02
1.093834533691406250e+02
1.092613754272460938e+02
1.091350173950195312e+02
1.090043411254882812e+02
1.088693618774414062e+02
1.087300643920898438e+02
1.085864105224609375e+02
1.084384231567382812e+02
1.082860641479492188e+02
1.081293411254882812e+02
1.079682312011718750e+02
1.078027343750000000e+02
1.076328201293945312e+02
1.074584960937500000e+02
1.072797470092773438e+02
1.070965576171875000e+02
1.069089202880859375e+02
1.067168121337890625e+02
1.065202331542968750e+02
1.063191757202148438e+02
1.061136169433593750e+02
1.059035491943359375e+02
1.056889648437500000e+02
1.054698486328125000e+02
1.052461929321289062e+02
1.050179824829101562e+02
1.047852172851562500e+02
1.045478820800781250e+02
1.043060760498046875e+02
1.040598907470703125e+02
1.038094177246093750e+02
1.035547714233398438e+02
1.032960357666015625e+02
1.030333175659179688e+02
1.027667083740234375e+02
1.024963150024414062e+02
1.022222213745117188e+02
1.019445419311523438e+02
1.016633682250976562e+02
1.013787918090820312e+02
1.010909271240234375e+02
1.007998580932617188e+02
1.005056838989257812e+02
1.002085189819335938e+02
9.990843963623046875e+01
9.960556030273437500e+01
9.929996490478515625e+01
9.899176788330078125e+01
9.868105316162109375e+01
9.836792755126953125e+01
9.805249023437500000e+01
9.773483276367187500e+01
9.741505432128906250e+01
9.709326171875000000e+01
9.676953887939453125e+01
9.644400787353515625e+01
9.611673736572265625e+01
9.578784942626953125e+01
9.545742797851562500e+01
9.512557983398437500e+01
9.479239654541015625e+01
9.445798492431640625e+01
9.412242889404296875e+01
9.378584289550781250e+01
9.344831848144531250e+01
9.310994720458984375e+01
9.277084350585937500e+01
9.243109130859375000e+01
9.209078979492187500e+01
9.175004577636718750e+01
9.140895080566406250e+01
9.106760406494140625e+01
9.072611236572265625e+01
9.038455963134765625e+01
9.004305267333984375e+01
8.970168304443359375e+01
8.936056518554687500e+01
8.901976013183593750e+01
8.867929840087890625e+01
8.833914947509765625e+01
8.799932861328125000e+01
8.765981292724609375e+01
8.732061004638671875e+01
8.698169708251953125e+01
8.664308166503906250e+01
8.630474853515625000e+01
8.596669769287109375e+01
8.562891387939453125e+01
8.529138946533203125e+01
8.495413208007812500e+01
8.461712646484375000e+01
8.428035736083984375e+01
8.394383239746093750e+01
8.360753631591796875e+01
8.327146148681640625e+01
8.293560791015625000e+01
8.259996795654296875e+01
8.226451873779296875e+01
8.192927551269531250e+01
8.159421539306640625e+01
8.125934600830078125e+01
8.092465209960937500e+01
8.059012603759765625e+01
8.025576019287109375e+01
7.992154693603515625e+01
7.958749389648437500e+01
7.925357818603515625e+01
7.891979980468750000e+01
7.858615112304687500e+01
7.825261688232421875e+01
7.791920471191406250e+01
7.758589935302734375e+01
7.725269317626953125e+01
7.691958618164062500e+01
7.658657073974609375e+01
7.625363159179687500e+01
7.592076110839843750e+01
7.558796691894531250e+01
7.525523376464843750e+01
7.492255401611328125e+01
7.458992004394531250e+01
7.425732421875000000e+01
7.392476654052734375e+01
7.359223175048828125e+01
7.325972747802734375e+01
7.292722320556640625e+01
7.259473419189453125e+01
