# k_h
1.048685771820601415e-05
1.158077884610975161e-05
1.278880972677143291e-05
1.412285473634255203e-05
1.559605880174786191e-05
1.722293745842762291e-05
1.901952236949000508e-05
2.100351593981031667e-05
2.319446502951904454e-05
2.561395922384688460e-05
2.828584001690617001e-05
3.123643546132372862e-05
3.449481664574705742e-05
3.809309055213818497e-05
4.206671292195095934e-05
4.645483568310738965e-05
5.130070348968732765e-05
5.665205753757615657e-05
6.256163032958281310e-05
6.908764771651471201e-05
7.629442552570252255e-05
8.425296255154540595e-05
9.304167906520894986e-05
1.027471807901747254e-04
1.134650956373661350e-04
1.253010268555953557e-04
1.383716153213754838e-04
1.528056454844772816e-04
1.687453332124279305e-04
1.863477373262868416e-04
2.057863166555763375e-04
2.272526035085320202e-04
2.509581099729985541e-04
2.771364233922215484e-04
3.060454910155385191e-04
3.379701520316301692e-04
3.732249897439031709e-04
4.121573874726891518e-04
4.551509628072381562e-04
5.026293219998479974e-04
5.550603382289408553e-04
6.129606044851244580e-04
6.769006722606720709e-04
7.475105230696497179e-04
8.254859130829569425e-04
9.115952416323123194e-04
1.006686943583190441e-03
1.111697871237993674e-03
1.227663015015423732e-03
1.355724758468568108e-03
1.497145160101353905e-03
1.653317478485404795e-03
1.825780840590595765e-03
2.016234211623669538e-03
2.226554788649082618e-03
2.458814298734069738e-03
2.715301932767034011e-03
2.998544368892906795e-03
3.311333013698457371e-03
3.656749613583087487e-03
4.038197919726373500e-03
4.459436517208815488e-03
4.924615379422903928e-03
5.438319407403470820e-03
6.005609408020972338e-03
6.632075179368258390e-03
7.323889993131163338e-03
8.087870664894579106e-03
8.931544609367849177e-03
9.863224811851978302e-03
1.089209225028753454e-02
1.202828343957662929e-02
1.328299567103385752e-02
1.466859132051468069e-02
1.619872264564037323e-02
1.788846775889396321e-02
1.975447684526443481e-02
2.181513421237469066e-02
2.409074641764164318e-02
2.660373598337173115e-02
2.937886305153369557e-02
3.244347497820854881e-02
3.582776710391045311e-02
3.956508636474608681e-02
4.369225725531578064e-02
4.806148260831832192e-02
5.243070796132087014e-02
5.679993331432342529e-02
6.116915866732598739e-02
6.553838402032853561e-02
6.990761309862136841e-02
7.427683472633363204e-02
7.864606380462647872e-02
8.301529288291929765e-02
8.738451451063156128e-02
9.175374358892442184e-02
9.830812364816667037e-02
1.048625037074088912e-01
1.114168837666511536e-01
1.179712638258934299e-01
1.245256513357162198e-01
1.310800313949585238e-01
1.376344114542007446e-01
1.441887915134430209e-01
1.507431715726852417e-01
1.572975516319274902e-01
1.638519316911697388e-01
1.704063117504120151e-01
1.769606918096542358e-01
1.835150867700576782e-01
1.900694668292999268e-01
1.966238468885421753e-01
2.031782269477844516e-01
2.097326070070267001e-01
2.162869870662688931e-01
2.228413671255111694e-01
2.293957471847533902e-01
2.359501272439956665e-01
2.425045073032379150e-01
2.490588873624801636e-01
2.556132674217224121e-01
2.621676623821258545e-01
2.687220275402068537e-01
2.752764225006103516e-01
2.818307876586914062e-01
2.883851826190948486e-01
2.949395477771759033e-01
3.014939427375793457e-01
3.080483376979827881e-01
3.146027028560638428e-01
3.211570978164672852e-01
3.277114629745483954e-01
3.342658579349517822e-01
3.408202230930328369e-01
3.473746180534362238e-01
3.539289832115173340e-01
3.604833781719207764e-01
3.670377433300018311e-01
3.735921382904052734e-01
3.801465034484863281e-01
3.867008984088897705e-01
3.932552933692932129e-01
3.998096585273742676e-01
4.063640534877777100e-01
4.129184186458587646e-01
4.194728136062622070e-01
4.260271787643432617e-01
4.325815737247467041e-01
4.391359388828277588e-01
4.456903338432312012e-01
4.522446990013122559e-01
4.587990939617156982e-01
4.653534889221191406e-01
4.719078540802001953e-01
4.784622490406036377e-01
4.850166141986846924e-01
4.915710091590881348e-01
4.981253743171691895e-01
5.046797394752502441e-01
5.112341642379760742e-01
5.177885293960571289e-01
5.243428945541381836e-01
6.203476786613464355e-01
8.657649755477905273e-01
1.208272337913513184e+00
1.686279892921447754e+00
2.353393077850341797e+00
3.284424781799316850e+00
4.583784103393554688e+00
6.397185802459716797e+00
8.927991867065429688e+00
1.246001720428466619e+01
1.738935470581054688e+01
2.426879882812499645e+01
3.386983871459961648e+01
4.726916503906250000e+01
6.596943664550782671e+01
9.206776428222653408e+01
9.285394780381689372e+01
9.364684469065988992e+01
9.444651226941252276e+01
9.525300835625436946e+01
9.606639126106823312e+01
9.688671979165562220e+01
9.771405325798868091e+01
9.854845147649808723e+01
9.938997477439821182e+01
1.002386839940484720e+02
1.010946404973524864e+02
1.019579061701941072e+02
1.028285434269123897e+02
1.037066152148137661e+02
1.045921850187233701e+02
1.054853168655746174e+02
1.063860753290389169e+02
1.072945255341940367e+02
1.082107331622327706e+02
1.091347644552114104e+02
1.100666862208395997e+02
1.110065658373101627e+02
1.119544712581706563e+02
1.129104710172365600e+02
1.138746342335458479e+02
1.148470306163569603e+02
1.158277304701883565e+02
1.168168046999017946e+02
1.178143248158283143e+02
1.188203629389391125e+02
1.198349918060594632e+02
1.208582847751278706e+02
1.218903158304993752e+02
1.229311595882953014e+02
1.239808913017976693e+02
1.250395868668899908e+02
1.261073228275448201e+02
1.271841763813573607e+02
1.282702253851275884e+02
1.293655483604888730e+02
1.304702244995852709e+02
1.315843336707968092e+02
1.327079564245144923e+02
1.338411739989639102e+02
1.349840683260787557e+02
1.361367220374242493e+02
1.372992184701720362e+02
1.384716416731249637e+02
1.396540764127942396e+02
1.408466081795274363e+02
1.420493231936902703e+02
1.432623084118998236e+02
1.444856515333118239e+02
1.457194410059607890e+02
1.469637660331555935e+02
1.482187165799283548e+02
1.494843833795392243e+02
1.507608579400362601e+02
1.520482325508712904e+02
1.533466002895729616e+02
1.546560550284759756e+02
1.559766914415081658e+02
1.573086050110350129e+02
1.586518920347638755e+02
1.600066496327057166e+02
1.613729757541971992e+02
1.627509691849820115e+02
1.641407295543536975e+02
1.655423573423585708e+02
1.669559538870605024e+02
1.683816213918676965e+02
1.698194629329217094e+02
1.712695824665505029e+02
1.727320848367842245e+02
1.742070757829350214e+02
1.756946619472427642e+02
1.771949508825848625e+02
1.787080510602525294e+02
1.802340718777932977e+02
1.817731236669199859e+02
1.833253177014885580e+02
1.848907662055427750e+02
1.864695823614281949e+02
1.880618803179746692e+02
1.896677751987503484e+02
1.912873831103844964e+02
1.929208211509623254e+02
1.945682074184905730e+02
1.962296610194370032e+02
1.979053020773411902e+02
1.995952517414996521e+02
2.012996321957251098e+02
2.030185666671797264e+02
2.047521794352856261e+02
2.065005958407095648e+02
2.082639422944248224e+02
2.100423462868516538e+02
2.118359363970741640e+02
2.136448423021368797e+02
2.154691947864206156e+02
2.173091257510973549e+02
2.191647682236679771e+02
2.210362563675793979e+02
2.229237254919249835e+02
2.248273120612267348e+02
2.267471537053027077e+02
2.286833892292171129e+02
2.306361586233162484e+02
2.326056030733489592e+02
2.345918649706758004e+02
2.365950879225629819e+02
2.386154167625655589e+02
2.406529975609990402e+02
2.427079776354995317e+02
2.447805055616760512e+02
2.468707311838518024e+02
2.489788056258983318e+02
2.511048813021610613e+02
2.532491119284799765e+02
2.554116525333027141e+02
2.575926594688934301e+02
2.597922904226361993e+02
2.620107044284374069e+02
2.642480618782227566e+02
2.665045245335340383e+02
2.687802555372248321e+02
2.710754194252547222e+02
2.733901821385866242e+02
2.757247110351839297e+02
2.780791749021095143e+02
2.804537439677307589e+02
2.828485899140259789e+02
2.852638858889973221e+02
2.876998065191899627e+02
2.901565279223161156e+02
2.926342277199904629e+02
2.951330850505709691e+02
2.976532805821100283e+02
3.001949965254194694e+02
3.027584166472407787e+02
3.053437262835344086e+02
3.079511123528785674e+02
3.105807633699826056e+02
3.132328694593185219e+02
3.159076223688655887e+02
3.186052154839743480e+02
3.213258438413486147e+02
3.240697041431453727e+02
3.268369947711984764e+02
3.296279158013604160e+02
3.324426690179673187e+02
3.352814579284296315e+02
3.381444877779446188e+02
3.410319655643358487e+02
3.439441000530196106e+02
3.468811017920974678e+02
3.498431831275807440e+02
3.528305582187418850e+02
3.558434430535988326e+02
3.588820554645309358e+02
3.619466151440273620e+02
3.650373436605726170e+02
3.681544644746650761e+02
3.712982029549724530e+02
3.744687863946277275e+02
3.776664440276613277e+02
3.808914070455749652e+02
3.841439086140575796e+02
3.874241838898414585e+02
3.907324700377064346e+02
3.940690062476258504e+02
3.974340337520591220e+02
4.008277958433948811e+02
4.042505378915396932e+02
4.077025073616588315e+02
4.111839538320681982e+02
4.146951290122778460e+02
4.182362867611923321e+02
4.218076831054638092e+02
4.254095762580027440e+02
4.290422266366476265e+02
4.327058968829911692e+02
4.364008518813722617e+02
4.401273587780255525e+02
4.438856870003952508e+02
4.476761082766170716e+02
4.514988966551627527e+02
4.553543285246541359e+02
4.592426826338466412e+02
4.631642401117812256e+02
4.671192844881123847e+02
4.711081017136064588e+02
4.751309801808140492e+02
4.791882107449256409e+02
4.832800867447945166e+02
4.874069040241499806e+02
4.915689609529850941e+02
4.957665584491278423e+02
4.999999999999998295e+02
