# ximinus_1_1
1.365676564538344218e-08
6.407792756851847521e-09
1.203840429971356373e-08
5.372599014243404873e-09
1.062745323475941843e-08
4.494508345564178942e-09
9.397754697756956241e-09
3.752306551409960350e-09
8.326761156355180518e-09
3.127866110389091817e-09
7.395083453185953472e-09
2.605759218133123404e-09
6.586104834980693568e-09
2.172929014146888638e-09
5.885652853448735918e-09
1.818411442768656780e-09
5.281722081405067184e-09
1.533102381087338700e-09
4.764241988458135394e-09
1.309564523961583690e-09
4.324884536656330430e-09
1.141869853934614721e-09
3.956907394046287859e-09
1.025473600567862268e-09
3.655028602762483300e-09
9.571166647597141974e-10
3.415329602102338163e-09
9.347528722377848095e-10
3.235182953195258601e-09
9.574983643699666245e-10
3.113201686798705816e-09
1.025599860538168309e-09
3.049206973928690602e-09
1.140418260085864843e-09
3.044210081333831344e-09
1.304423748775857361e-09
3.100404372185113386e-09
1.521197379740511572e-09
3.221161588938283409e-09
1.795433270472528746e-09
3.411025852488490442e-09
2.132933835354330485e-09
3.675696825127233050e-09
2.540588438359556803e-09
4.021991220780056692e-09
3.026324185758125796e-09
4.457770053065889125e-09
3.599014052171835089e-09
4.991815619740737364e-09
4.268325971506223849e-09
5.633640273007454338e-09
5.044493052438614018e-09
6.393206124290918131e-09
5.937983688943579412e-09
7.280533830145969858e-09
6.959049223914919397e-09
8.305178421245063210e-09
8.117128480818778857e-09
9.475553380351533749e-09
9.420093157258275015e-09
1.079809114734311266e-08
1.087332795306849792e-08
1.227624116904782230e-08
1.247865596864768258e-08
1.390932762838946485e-08
1.423314543723497196e-08
1.569131956699277775e-08
1.612786994325249381e-08
1.760960763806554568e-08
1.814674149867704931e-08
1.964393479655617527e-08
2.026559375929454844e-08
2.176568958914644553e-08
2.245175628159628508e-08
2.393783452315613794e-08
2.466442119843622527e-08
2.611579514460400683e-08
2.685614504628736839e-08
2.824965871818819644e-08
2.897582591932276370e-08
3.028799506605681203e-08
3.097341727344057833e-08
3.218348086310074392e-08
3.280644606377289154e-08
3.390024373443157075e-08
3.444805940679167650e-08
3.542241564225679087e-08
3.589581315031122020e-08
3.676279668628509671e-08
3.717976467104588154e-08
3.796984113324320016e-08
3.836774181809560518e-08
3.913053868914830191e-08
3.956514087742345266e-08
4.036644770321948394e-08
4.090658996413504870e-08
4.182052757527637488e-08
4.253772115995419199e-08
4.363394153986521362e-08
4.458751245805404212e-08
4.591494578636569823e-08
4.713529933068726517e-08
4.870618935623310319e-08
5.018109322805403669e-08
5.196123826577348251e-08
5.363176112168065700e-08
5.554381935714756717e-08
5.731629859856336702e-08
5.926114482187208169e-08
6.103773699972970970e-08
6.293289577081344328e-08
6.465521382664086462e-08
6.647966371914066561e-08
6.816944044355158328e-08
6.999402254359417870e-08
7.176698669400492984e-08
7.374634428300916061e-08
7.577883344171892994e-08
7.809261967597002874e-08
8.054163186666971770e-08
8.330259787188536588e-08
8.621574235040199223e-08
8.939866498933940985e-08
9.267977475896079818e-08
9.613831512841695932e-08
9.962253124378219425e-08
1.032179073306913754e-07
1.068351843784844658e-07
1.106022219851962046e-07
1.145047444787583773e-07
1.186996777834912921e-07
1.232015425485777648e-07
1.281303116853448262e-07
1.334551684641295861e-07
1.392051043275879689e-07
1.452879615791974380e-07
1.516818995282284324e-07
1.583210228702584376e-07
1.652465564711309498e-07
1.725126995165675934e-07
1.802569282754165224e-07
1.885957196546201918e-07
1.976281094497561775e-07
2.073705911166991006e-07
2.177768130067236567e-07
2.287769995072762869e-07
2.403311316631421559e-07
2.525045318859013730e-07
2.654318752320198346e-07
2.793071325237818845e-07
2.942345544729774909e-07
3.102417301413889428e-07
3.272233384096363828e-07
3.451331429162293813e-07
3.639920126508309057e-07
3.840113853175508026e-07
4.053725532789939447e-07
4.281996488076465800e-07
4.523834909341327487e-07
4.778371833671842245e-07
5.045419543761869569e-07
5.327380012333319469e-07
5.625994508058295973e-07
5.941730600964586980e-07
6.272391892820186337e-07
6.617390377794040325e-07
6.977839329195787398e-07
7.356292010534127762e-07
7.751812403298816749e-07
8.162124833069766864e-07
8.585823058259833310e-07
9.025223108368804893e-07
9.480441757076200212e-07
9.948725575133687479e-07
1.042699013446370593e-06
1.091683571551379779e-06
1.141804104757200317e-06
1.192679836719554645e-06
1.243982170736679996e-06
1.295879983693269652e-06
1.348142032301612405e-06
1.400277327114868872e-06
1.452201764067668920e-06
1.503973270770244478e-06
1.555010350345705061e-06
1.605174128046979900e-06
1.654554172688028977e-06
1.702679469156417528e-06
1.749400885388843884e-06
1.794915651067530848e-06
1.838718601984096534e-06
1.880983403560237870e-06
1.921751884647920401e-06
1.960720083322507616e-06
1.998330249304729769e-06
2.034319258058706930e-06
2.068951430650974261e-06
2.102346191663034232e-06
2.134456756739009037e-06
2.165657474663994607e-06
2.195740068986436440e-06
2.225101723685494119e-06
2.253491804189086153e-06
2.281203022055514562e-06
2.307976070081927127e-06
2.333977968169449080e-06
2.358949278927718565e-06
2.382972157675483787e-06
2.405813839849833474e-06
2.427541311918787737e-06
2.447994139501185290e-06
2.467291856195194689e-06
2.485382178670992287e-06
2.502468100700644985e-06
2.518596290005679147e-06
2.534022217129372237e-06
2.548823529898880859e-06
2.563224193987215486e-06
2.577236413239835605e-06
2.590970182738023080e-06
2.604316843514912598e-06
2.617265700794456768e-06
2.629633272622784978e-06
2.641386485046651846e-06
2.652396371405958618e-06
2.662739420434744947e-06
2.672436340286520043e-06
2.681699838640992322e-06
2.690639102268765549e-06
2.699463300787062181e-06
2.708187728744910972e-06
2.716853663898846725e-06
2.725299380295699049e-06
2.733440784041283627e-06
2.741105935350841825e-06
2.748321990679798522e-06
2.755115533347633345e-06
2.761704722094410441e-06
2.768209250544992343e-06
2.774778960625460571e-06
2.781333209900983895e-06
2.787787080213835955e-06
2.793932894807393229e-06
2.799747675280659176e-06
2.805251712613116560e-06
2.810665585514552643e-06
2.816098460103335422e-06
2.821622165589687029e-06
2.827063731075754226e-06
2.832298252715689036e-06
2.837221074042616050e-06
2.841994919101745971e-06
2.846772452472952302e-06
2.851687635591264875e-06
2.856592748171762453e-06
2.861347164151568517e-06
2.865858641898681795e-06
2.870317700521763942e-06
2.874853089807999736e-06
2.879480681706662894e-06
2.883975298660902762e-06
2.888296097737720883e-06
2.892553549138371309e-06
2.896947523044092166e-06
2.901357002511225000e-06
2.905627173817179239e-06
2.909743048356628558e-06
2.913940602009341786e-06
2.918189380445956793e-06
2.922334464980114989e-06
2.926339529489050535e-06
2.930443489351473388e-06
2.934588106905865824e-06
2.938629817762437406e-06
2.942624976140807759e-06
2.946755696672939839e-06
2.950813219497944803e-06
2.954779201952792534e-06
2.958819182445948307e-06
2.962866590644502895e-06
2.966752853401430605e-06
2.970733912845568827e-06
2.974711577466679621e-06
2.978601586728482414e-06
2.982555606386507635e-06
2.986490691930140348e-06
2.990362451110673373e-06
2.994342313346150956e-06
2.998186441541702758e-06
3.002089233172823343e-06
3.005949613549139261e-06
3.009809155177269843e-06
3.013659618772339774e-06
3.017494809001950324e-06
3.021340435478835366e-06
3.025136359779746261e-06
3.028967314539439650e-06
3.032710126996969939e-06
3.036517604291038799e-06
3.040273647248584417e-06
3.044002848315419560e-06
3.047738577941656400e-06
3.051425570604542580e-06
3.055107760250964817e-06
3.058781598138623080e-06
3.062386426213811650e-06
3.066023242294415718e-06
3.069600646118908840e-06
3.073127241572802948e-06
3.076662525227983600e-06
3.080120599280358831e-06
3.083570591643678279e-06
3.086978626324119716e-06
3.090301117626985653e-06
3.093627407934240825e-06
3.096878541285747759e-06
3.100063281814535970e-06
3.103222497587800177e-06
3.106274767973828977e-06
3.109287090084447064e-06
3.112227002210972554e-06
3.115057188471532825e-06
3.117843962107697748e-06
3.120514855821591695e-06
3.123084250461017212e-06
3.125578265164820349e-06
3.127928414187611546e-06
3.130186535511310675e-06
3.132316319786104247e-06
3.134290831079006667e-06
3.136158840798184472e-06
3.137859442187651364e-06
3.139401581269456512e-06
3.140791194110357056e-06
3.141977973291855982e-06
3.142998859748196071e-06
3.143821334787154883e-06
3.144425682375948486e-06
3.144837094549150976e-06
3.145007499585036501e-06
3.144945025604839453e-06
3.144646215882164875e-06
3.144068934308458337e-06
3.143238472243864640e-06
3.142119966246442711e-06
3.140704232705373839e-06
3.138999530626080723e-06
3.136978201218001090e-06
3.134635914822298809e-06
3.131964643935521211e-06
3.128933638279978762e-06
3.125562402809151485e-06
3.121821776994308811e-06
3.117700188489326346e-06
3.113200599517859275e-06
3.108303959766661400e-06
3.103007313266681902e-06
3.097299576155112192e-06
3.091164370602459672e-06
3.084615757931140735e-06
3.077629013262241484e-06
3.070203186884479182e-06
3.062336250786887136e-06
3.054014133912903972e-06
3.045238352773704750e-06
3.036003172925024664e-06
3.026293579343254849e-06
3.016121065931741625e-06
3.005469950708371439e-06
2.994338784970713674e-06
2.982725535404794323e-06
2.970621166127236950e-06
2.958026836481040422e-06
2.944941773758558852e-06
2.931357421141600219e-06
2.917284177836613270e-06
2.902711661811144605e-06
2.887647260195557898e-06
2.872090323644710808e-06
2.856039714710986451e-06
2.839500317383675293e-06
2.822475904190506098e-06
2.804963785834521487e-06
2.786974737390082712e-06
2.768504428086230724e-06
2.749558051412818325e-06
2.730139178105032029e-06
2.710258769565707847e-06
2.689920274085751422e-06
2.669127618754342569e-06
2.647887063801561534e-06
2.626211990810601241e-06
2.604103437771961111e-06
2.581574359821350310e-06
2.558631080920890021e-06
2.535285102099678473e-06
2.511548494453311231e-06
2.487434046447382625e-06
2.462947819927209795e-06
2.438105513186307850e-06
2.412915765191613808e-06
2.387392114377204720e-06
2.361545442655562476e-06
2.335392218906120327e-06
2.308948880480055393e-06
2.282233927230045122e-06
2.255258966669867371e-06
2.228040591256858147e-06
2.200589743867314630e-06
2.172925293015444946e-06
2.145063948530415942e-06
2.117022864726490154e-06
2.088815900773833938e-06
2.060461484751421614e-06
2.031980201290319116e-06
2.003394826252257242e-06
1.974716326561770942e-06
1.945964063208273819e-06
1.917155433089226927e-06
1.888310796051166483e-06
1.859448042870224215e-06
1.830584082409225925e-06
1.801733564651448631e-06
1.772917067931402906e-06
1.744153941636222183e-06
1.715464634192436315e-06
1.686868098645669286e-06
1.658384375248666684e-06
1.630024282244145867e-06
1.601800799236992298e-06
1.573729488915100190e-06
1.545829918084751350e-06
1.518117742280188235e-06
1.490609463809397039e-06
1.463319623806550237e-06
1.436261861221615317e-06
1.409446997415087778e-06
1.382888498185430039e-06
1.356595823769724515e-06
1.330587687357264871e-06
1.304876317501790103e-06
1.279469481340729093e-06
1.254374817797002555e-06
1.229603087767377890e-06
1.205165385745735032e-06
1.181068715782285667e-06
1.157318829834882819e-06
1.133924013806914321e-06
1.110887596036474011e-06
1.088219721517262566e-06
1.065924116531223972e-06
1.044003247196059015e-06
1.022461192611605852e-06
1.001302773605952600e-06
9.805279169058028627e-07
9.601402507247694857e-07
9.401385891184078110e-07
9.205260083409947349e-07
9.013008364556994036e-07
8.824620832173755618e-07
8.640139944141084273e-07
8.459536790991040521e-07
8.282768086464401044e-07
8.109788384188321102e-07
7.940524357882352935e-07
7.775060931330527234e-07
7.613320951432909538e-07
7.455230525037897611e-07
7.300796668966775908e-07
7.149957816188012747e-07
7.002664993158427196e-07
6.858850080074806836e-07
6.718433576554416260e-07
6.581481171563664635e-07
6.447816437842001077e-07
6.317371634269802526e-07
6.190155599239842269e-07
6.066039306822088136e-07
5.945016315917048942e-07
5.826994774222065954e-07
5.711850487894295232e-07
5.599648198231556215e-07
5.490197199229231969e-07
5.383422044677873814e-07
5.279376618076349965e-07
5.177865758081925126e-07
5.078916608339001946e-07
4.982411961936048293e-07
4.888195735527875106e-07
4.796393917855552827e-07
4.706808368614199526e-07
4.619364731072754885e-07
4.534094138331429533e-07
4.450795503618709721e-07
4.369516865328706835e-07
4.290140195368315574e-07
4.212542913453245245e-07
4.136851884136309724e-07
4.062830216206697011e-07
3.990451165318233818e-07
3.919754145521915588e-07
3.850533162617210395e-07
3.782881578660964488e-07
3.716680370127102771e-07
3.651775040049975375e-07
3.588344018107957340e-07
3.526157124682577068e-07
3.465216338988212859e-07
3.405547402231609457e-07
3.346965503757985331e-07
3.289579021667147867e-07
3.233256609303175713e-07
3.177889233097774714e-07
3.123666073859783665e-07
3.070340993042164988e-07
3.017956311641399995e-07
2.966530230910395845e-07
2.915879127788469292e-07
2.866162646861196185e-07
2.817236318114461287e-07
2.769004537381760846e-07
2.721661747929101087e-07
2.674979727000570428e-07
2.629022711235224815e-07
2.583801650968532722e-07
2.539152784609411522e-07
2.495257359553753685e-07
2.451957169301416722e-07
2.409177962263547469e-07
2.367115010328053995e-07
2.325542374207351799e-07
2.284560218509599916e-07
2.244147792381369675e-07
2.204163993615267360e-07
2.164807191411353605e-07
2.125913626918532726e-07
2.087423314745695452e-07
2.049503204393204822e-07
2.011947840882482930e-07
1.974864299261200629e-07
1.938211490802761018e-07
1.901862231538200663e-07
1.866010385005257413e-07
1.830487279778911492e-07
1.795274069962178234e-07
1.760506781422506231e-07
1.725997527417578402e-07
1.691879070578707198e-07
1.658113674753027804e-07
1.624603348851633604e-07
1.591537735823822086e-07
1.558777505755824004e-07
1.526337002007929842e-07
1.494325065236151945e-07
1.462602631805238061e-07
1.431308018495419704e-07
1.400407068938467596e-07
1.369826412168807988e-07
1.339720016125229626e-07
1.309971019490913787e-07
1.280622114692163595e-07
1.251730694761988697e-07
1.223199089584993430e-07
1.195128759169687414e-07
1.167488261915057183e-07
1.140231143240388775e-07
1.113457326777103502e-07
1.087069217998351596e-07
1.061109953406948739e-07
1.035604792663847409e-07
1.010486434948073813e-07
9.858149855207930083e-08
9.615588819168090395e-08
9.376943060319023615e-08
9.142782756000898828e-08
8.912404210742636108e-08
8.686079688848209478e-08
8.463815341979300189e-08
8.245248616696396363e-08
8.030751979006137463e-08
7.820106227096893663e-08
7.613140791182452493e-08
7.410036791570716551e-08
7.210463166586917749e-08
7.014568222268634766e-08
6.822294632466197564e-08
6.633538807633972715e-08
6.448336973477803743e-08
6.266591940836841179e-08
6.088285599625723641e-08
5.913381484946178007e-08
5.741784399426166440e-08
5.573574951798053233e-08
5.408739931506996989e-08
5.247215563007340675e-08
5.088887415370536418e-08
4.933809685766628022e-08
4.782007655586985012e-08
4.633370668992442463e-08
4.487946462536369380e-08
4.345626189095203832e-08
4.206408137720435300e-08
4.070400568608532843e-08
3.937431105430431682e-08
3.807596048542340201e-08
3.680885240796312368e-08
3.557079064288790271e-08
3.436356001980793287e-08
3.318600334426679504e-08
3.203782858829863725e-08
3.091961624244355210e-08
2.982915026708982050e-08
2.876858399666283326e-08
2.773694615613374676e-08
2.673226296016622942e-08
2.575673538270193813e-08
2.480813322297861979e-08
2.388631905292442053e-08
2.299232844304376971e-08
2.212364390789733890e-08
2.128143292579202864e-08
2.046522446656862407e-08
1.967358787112132885e-08
1.890740350409683341e-08
1.816491349030116315e-08
1.744611842377342644e-08
1.675129530470528663e-08
1.607882477713909525e-08
1.542936679485862236e-08
1.480161264036470466e-08
1.419490394588608576e-08
1.360956742654903692e-08
1.304462573274475202e-08
1.249947952542412465e-08
1.197392445865752388e-08
1.146686208675606921e-08
1.097883863201591981e-08
1.050888052236631025e-08
1.005613008295307743e-08
9.620634084840571688e-09
9.201416913599705919e-09
8.798169483815430326e-09
8.410680342692974185e-09
8.038221357599772332e-09
7.680867693644369612e-09
7.337743190643037262e-09
7.008178421747582083e-09
6.692047040413554647e-09
6.388982642207945822e-09
6.098554186306924820e-09
5.820097867995482071e-09
5.553177223107292464e-09
5.297486855185475219e-09
5.052536285724737088e-09
4.817900297309070803e-09
4.593068920954667641e-09
4.378144723772352091e-09
4.172287493030910593e-09
3.975032486890296172e-09
3.786747131579730729e-09
3.606507954263508035e-09
3.434420384771648701e-09
3.270108341227938080e-09
3.112921624831127915e-09
2.963502416901033574e-09
2.820686975544106972e-09
2.684265800588627702e-09
2.554696094025129550e-09
2.430426957760058134e-09
2.312012055543692907e-09
2.199177610239640999e-09
2.090793873167737422e-09
1.988009092357358373e-09
1.889778197510704903e-09
1.795997200520458256e-09
1.707273982586694884e-09
1.622537205324196196e-09
1.542317157582946889e-09
1.465979548776571956e-09
1.392808525984361283e-09
1.323616629350547731e-09
1.257239442910836458e-09
1.193795025919337445e-09
1.133656842788724020e-09
1.076232218181727021e-09
1.022206057098837869e-09
9.710596726561949578e-10
9.220541610387478307e-10
8.758580718013483226e-10
8.313829653527856569e-10
7.888619446363758313e-10
7.485973425555074179e-10
7.102658205447133848e-10
6.745095724180872906e-10
6.406732935544166977e-10
6.080351475006607573e-10
5.770680834477885530e-10
5.471131149875815438e-10
5.188519676463480497e-10
4.926454336755454750e-10
4.676994705590904088e-10
4.441170744984916246e-10
4.212015306977417825e-10
3.989750260875840670e-10
3.786843563511271957e-10
3.596160531898707898e-10
3.414647340129627299e-10
3.238124000022802076e-10
3.065929709259293500e-10
2.910855349154397954e-10
2.766091538278295978e-10
2.622542581374907187e-10
2.485917304631791327e-10
2.356537034403671577e-10
2.239291932027809897e-10
2.126239611012527138e-10
2.011936129860332786e-10
1.909647186167041456e-10
1.814914941524560896e-10
1.720064081751554979e-10
1.630820617418334753e-10
1.547364107390462331e-10
1.470323599466475231e-10
1.393681888962959408e-10
1.319776889427347481e-10
1.256020552717187904e-10
1.190491188347841472e-10
1.127487811137068052e-10
1.073305747500249671e-10
1.015808961026806695e-10
9.642628692032826941e-11
9.172177522412965801e-11
8.670391021785967961e-11
8.251653066155063573e-11
7.826831713589739554e-11
7.415660786012574787e-11
7.058885505965095708e-11
6.681730920141394177e-11
6.351822241265071824e-11
6.030342391225172442e-11
5.714087972414101071e-11
5.433386162501365192e-11
5.154785948323767052e-11
4.890556809921733821e-11
4.649615661605772656e-11
4.407545996644856005e-11
4.186065516434806478e-11
3.979569978505266543e-11
3.769754627842930596e-11
3.586874843878210058e-11
3.402996041324082300e-11
3.230156598368481902e-11
3.072159899419597465e-11
2.913145524852432153e-11
2.769342901105601417e-11
2.631973331334331555e-11
2.494465352280460808e-11
2.374551355220735922e-11
2.252866755421670844e-11
2.139442386927424474e-11
2.035007544749868929e-11
1.929876661796841735e-11
1.835466333571680295e-11
1.744888998359312537e-11
1.654622349033577885e-11
1.575348524944763181e-11
1.495009211495842619e-11
1.420225081791401026e-11
1.351133275296863724e-11
1.281242679834025153e-11
1.218983145311894266e-11
1.158962786542765890e-11
1.099536632932132130e-11
1.046720128802048967e-11
9.933530113119637490e-12
9.438609203580869970e-12
8.974788316184430677e-12
8.510624787513754177e-12
8.096869252280466249e-12
7.694762920628153657e-12
7.299410666644327010e-12
6.944850838477111054e-12
6.586359983005061990e-12
6.255494333499836261e-12
5.945843872429406447e-12
5.634877826464762254e-12
5.356543093197889740e-12
5.081383422759333986e-12
4.813746930396975857e-12
4.572494148536318860e-12
4.330376918014218817e-12
4.106065457508192698e-12
3.891558994008850234e-12
3.675715039775713589e-12
3.481903003999944591e-12
3.292393114420601956e-12
3.109307750101389119e-12
2.938714165794943194e-12
2.768388719379122098e-12
2.610968030967747644e-12
2.460265171840603056e-12
2.308894299194656398e-12
2.171008668203290458e-12
2.036125108324330204e-12
1.905436744565145645e-12
1.780755223031503657e-12
1.659178620476309797e-12
1.546403414827281242e-12
1.437397821552003509e-12
1.330843849037818920e-12
1.233252447558887848e-12
1.136029516591580519e-12
1.044561661361066500e-12
9.599072673311384027e-13
8.762639708718861036e-13
7.989733628503024063e-13
7.273585767625778234e-13
6.588095806717424468e-13
5.975677817210087565e-13
5.389708320059609372e-13
4.856183244661460409e-13
4.381670562595812466e-13
3.937387333220100086e-13
3.556333538276956730e-13
3.222969590768431032e-13
2.929020793360610106e-13
2.680618197533929644e-13
2.470368758119141108e-13
2.301655992015479116e-13
2.164133851837631400e-13
2.056806568562950538e-13
1.975495882880036500e-13
1.906797860170265739e-13
1.853325146619038709e-13
1.811956226472644808e-13
1.766126309979989982e-13
1.718763901479811948e-13
1.662027111665296594e-13
1.596530956071169560e-13
1.519845224769792870e-13
1.425927216628717507e-13
1.318000024439616187e-13
1.202425202776630860e-13
1.082865872325789149e-13
9.578197113846064054e-14
8.366283196169767437e-14
7.262651203795401558e-14
6.319108650502625262e-14
5.516509453521471570e-14
4.930306677826026713e-14
4.573930802977934228e-14
4.383840573390110721e-14
4.325575968758387828e-14
4.383097472416152122e-14
4.454495173790739209e-14
4.480865105123222155e-14
4.436128428445281266e-14
4.254243063319830758e-14
3.933034930130728603e-14
3.518348041689432666e-14
3.011052039803016222e-14
2.511101576014866234e-14
2.070821710076181560e-14
1.749441133528172272e-14
1.593685876186209691e-14
1.581863425287052329e-14
1.671865225249290301e-14
1.795568042620497304e-14
1.865075307593134401e-14
1.827731547252636273e-14
1.670462218551058318e-14
1.415544438871194428e-14
1.131164643200344930e-14
8.896941683283594331e-15
7.537226138836551167e-15
7.413910340755766360e-15
8.190099783479100967e-15
9.179487134096842730e-15
9.611592053379972445e-15
8.953205589410545182e-15
7.348005336929118434e-15
5.434353261075166775e-15
4.126309501184404324e-15
3.971947501484686552e-15
4.680366166804836310e-15
5.469804555349260893e-15
5.551751993194153788e-15
4.688298746449644234e-15
3.365396990930843609e-15
2.441672522028181931e-15
2.443695854008899817e-15
3.140069250858479753e-15
3.599934781728575713e-15
3.218978462841566100e-15
2.217399658181486447e-15
1.516047991948743427e-15
1.684528911156796459e-15
2.280025475317275636e-15
2.384165082088341559e-15
1.758136585438081707e-15
1.073048592627568087e-15
1.130519548533298884e-15
1.618165995004622483e-15
1.656819580821398900e-15
1.068222763649683642e-15
7.018741888526896125e-16
1.009688865861876936e-15
1.284157398729644648e-15
8.947646047111452949e-16
5.271073055349671985e-16
7.388697757373518920e-16
9.654869206144131892e-16
6.145930433877255275e-16
3.963340972050679570e-16
6.725109657766861979e-16
6.684338540579507804e-16
3.284749033107100308e-16
4.294017857508088782e-16
5.795740119334252436e-16
3.059605232791912952e-16
3.067873183673851465e-16
4.720374901597018659e-16
2.418357509654260971e-16
2.687907310819595536e-16
3.652186977015348158e-16
1.754548607812598200e-16
2.623480532153145834e-16
2.573941253420662348e-16
1.361644209629053597e-16
2.643906312639606958e-16
1.250589870577509832e-16
1.920714678048246201e-16
1.532102654617435645e-16
1.273345866146022688e-16
1.595317291802262589e-16
9.517392017056587599e-17
1.440395979739112881e-16
8.209789049478868681e-17
1.219869482182380524e-16
7.482981350565687635e-17
1.017428104099001032e-16
6.815917888707322982e-17
8.525502419315183338e-17
6.120116742571528617e-17
7.208175975666352383e-17
5.426033463122708881e-17
6.141054569165477393e-17
4.769125054430059661e-17
5.260057339969283245e-17
4.168625740356628543e-17
4.521545305807973710e-17
3.630927267349125781e-17
3.895947421347874960e-17
3.155292656411448328e-17
3.362349300899922833e-17
2.737636826904337716e-17
2.905177278283393042e-17
2.372572238109391937e-17
2.512314526937912759e-17
2.054429736017061723e-17
2.174023253724150203e-17
1.777741394260583162e-17
1.882300049724794130e-17
1.537451674883241348e-17
1.630466457060121945e-17
1.328993115229004529e-17
1.412892238676825630e-17
1.148295190824392269e-17
1.224797511962076428e-17
9.917611499714155088e-18
1.062104517283902715e-17
8.562306541720476086e-18
9.213224491238580295e-18
7.389374265839782323e-18
7.994554866513705634e-18
6.374666316354091697e-18
6.939278469893243949e-18
5.497143404857064863e-18
6.025218033380082008e-18
4.738501638645007998e-18
5.233258632766126157e-18
4.082834499581540549e-18
4.546911005815552769e-18
3.516330738611019757e-18
3.951941363519428529e-18
3.027006583369585000e-18
3.436056232399614505e-18
2.604469683826052084e-18
2.988633212572387244e-18
2.239711900593655193e-18
2.600490397130571745e-18
1.924927940352429933e-18
2.263688514959774829e-18
1.653356978093661032e-18
1.971360872492933596e-18
1.419144585121510644e-18
1.717567035978821859e-18
1.217222531194210999e-18
1.497166791575009719e-18
1.043204238059999140e-18
1.305711508499810896e-18
8.932939517126589364e-19
1.139350433110097595e-18
7.642078595532897250e-19
9.947498241311739943e-19
6.531056482832975678e-19
8.690231366173255914e-19
5.575311272520088930e-19
7.596707270363332155e-19
4.753607593360929196e-19
6.645277731062683757e-19
4.047590509731177097e-19
5.817192655443964727e-19
3.441399093510591452e-19
5.096211300991195253e-19
2.921331790476727409e-19
4.468266144683132602e-19
2.475556786772999032e-19
3.921172544568930652e-19
2.093861400581222570e-19
3.444377857060106974e-19
1.767435426095567089e-19
3.028744719540731938e-19
1.488683892687011834e-19
