# ximinus_4_2
9.778953747791110522e-09
1.890102380115336369e-08
8.472931429590070777e-09
1.729263951910824666e-08
7.460090367002257576e-09
1.598181434360332628e-08
6.719114346992583582e-09
1.495079272444192095e-08
6.235463770686740580e-09
1.418835264936663953e-08
6.001197872762619610e-09
1.368972987812434555e-08
6.014950860564802543e-09
1.345669227784002215e-08
6.282062936299358532e-09
1.349776427291112912e-08
6.814864222888764879e-09
1.382860476085748489e-08
7.633116742334710411e-09
1.447253925638009650e-08
8.764613912784897337e-09
1.546125136053712807e-08
1.024594222139444520e-08
1.683563295912969231e-08
1.212340322173474126e-08
1.864679401852452982e-08
1.445409425116021116e-08
2.095722526465033495e-08
1.730713764091391308e-08
2.384210045774982449e-08
2.076504062180533198e-08
2.739069589936917311e-08
2.492515521760691292e-08
3.170788661802711306e-08
2.990118971352225909e-08
3.691566156109586522e-08
3.582470048117999034e-08
4.315457230120136333e-08
4.284646284277204762e-08
5.058499513289642645e-08
5.113758074447366481e-08
5.938804619656380602e-08
6.089015086430049421e-08
6.976593660121949630e-08
7.231723933700549650e-08
8.194149718997713722e-08
8.565186797254389277e-08
9.615653502557075939e-08
1.011446383226991915e-07
1.126686163490440775e-07
1.190595543677829685e-07
1.317458043506469680e-07
1.396675440029490153e-07
1.536588300948519192e-07
1.632371426635493652e-07
1.786701545509472872e-07
1.900218052708585180e-07
2.070194135882610451e-07
2.202433849161985464e-07
2.389048566195371969e-07
2.540714927306314136e-07
2.744606330309914041e-07
2.915987749135497466e-07
3.137301944391030510e-07
3.328126613069489028e-07
3.566367127908319208e-07
3.775648979247653494e-07
4.029523090366744652e-07
4.255412105185001339e-07
4.522690616058224693e-07
4.762347559409895083e-07
5.039761940203427683e-07
5.289285419058115416e-07
5.572494187785324896e-07
5.826935711384698975e-07
6.110599105723238685e-07
6.364107825540166133e-07
6.642113950191220545e-07
6.888254201918749495e-07
7.154137626858495786e-07
7.386415453094963576e-07
7.633996385881564154e-07
7.846611226934759127e-07
8.070855055187571851e-07
8.259655081693221388e-07
8.457704193130286162e-07
8.621265333119840204e-07
8.793526475164338334e-07
8.934197540351983184e-07
9.085283719715004850e-07
9.209952988851598508e-07
9.349194615275809433e-07
9.469459136081880692e-07
9.610644656362263007e-07
9.742040030911654585e-07
9.902066624150892225e-07
1.006209289837776065e-06
1.025835662986844596e-06
1.046326723786411961e-06
1.070994335900445031e-06
1.097067604380424155e-06
1.127453370361664695e-06
1.159271544186364579e-06
1.194968568518549235e-06
1.231518373254234431e-06
1.270933082921502518e-06
1.310105371502394365e-06
1.350753136126405151e-06
1.389871450552257656e-06
1.429133421885664222e-06
1.465905799342694479e-06
1.502109157049175406e-06
1.535735707878411499e-06
1.569156670747296612e-06
1.601075406734360359e-06
1.634272053583963908e-06
1.667944079338372793e-06
1.704910248474963228e-06
1.744340646765589275e-06
1.788500521551599282e-06
1.835935804248698124e-06
1.887889204054483459e-06
1.942036445987829477e-06
1.998692730931293789e-06
2.055129831809867606e-06
2.111567382655363242e-06
2.165934527430582294e-06
2.219455787127664290e-06
2.271568523801915572e-06
2.324845244356674108e-06
2.379851581324528269e-06
2.439385823187927200e-06
2.503452294764247968e-06
2.573256244307016074e-06
2.646855567805566329e-06
2.723492513837240083e-06
2.800243965994767798e-06
2.876597736100619000e-06
2.951451644044142655e-06
3.026895621011047298e-06
3.104436227642571577e-06
3.187338528180854199e-06
3.276325805855155768e-06
3.371812969566438446e-06
3.471050446919741540e-06
3.571970049171061634e-06
3.672112049412916219e-06
3.772463754134469768e-06
3.875028009147013177e-06
3.983701596478942859e-06
4.099817830394099652e-06
4.222855452073146823e-06
4.349014400565005629e-06
4.475705097363499474e-06
4.602373746966681884e-06
4.732663456241086771e-06
4.870126031760306359e-06
5.016080665795658478e-06
5.166976051036910610e-06
5.318797851015819764e-06
5.470441549013915920e-06
5.626050020034005596e-06
5.789569223150532440e-06
5.960404642446239231e-06
6.133009084220953524e-06
6.304361358172488892e-06
6.477586288832667114e-06
6.657804770296376999e-06
6.843542117157649764e-06
7.028316948308443844e-06
7.210112507034060422e-06
7.394454680473417751e-06
7.583837082152388608e-06
7.771801620660707103e-06
7.953662019640048744e-06
8.134551961805639849e-06
8.317748556489055179e-06
8.495648207990204052e-06
8.664697375927413547e-06
8.831699813251446529e-06
8.996220497800172194e-06
9.149166302303645589e-06
9.294273299014085225e-06
9.436446911872114018e-06
9.567210978329824755e-06
9.686545447103213222e-06
9.802514657400759107e-06
9.906380553928811230e-06
9.999634534529583697e-06
1.008934362436019734e-05
1.016707936523114431e-05
1.023810207308196025e-05
1.030627570949909276e-05
1.036351744830797413e-05
1.042222998278911924e-05
1.047395005425942278e-05
1.052537399709732966e-05
1.057651463732448215e-05
1.062551434018575188e-05
1.067828708075889963e-05
1.072884719401146668e-05
1.078396812064551616e-05
1.083723446227638436e-05
1.089375153294986925e-05
1.094800167208619340e-05
1.100315915915925208e-05
1.105480277727836111e-05
1.110487627415766024e-05
1.115010290122716960e-05
1.119206411162370837e-05
1.122873453003986334e-05
1.126196639332825521e-05
1.129095651478636632e-05
1.131798249613030069e-05
1.134306737933751829e-05
1.136852180825734978e-05
1.139443178697226721e-05
1.142243326445308096e-05
1.145189690978096872e-05
1.148329177677503139e-05
1.151504324297800438e-05
1.154671094643929884e-05
1.157642119080568824e-05
1.160385144082826356e-05
1.162795699476999016e-05
1.164954165934141489e-05
1.166892765660415360e-05
1.168793525873931507e-05
1.170739827734679850e-05
1.172875600995465126e-05
1.175177696609412692e-05
1.177631839510957571e-05
1.180072855153921214e-05
1.182404689572960810e-05
1.184490974677378267e-05
1.186361263289951033e-05
1.188063564602574233e-05
1.189779276573788740e-05
1.191606953509372616e-05
1.193634412174457058e-05
1.195768935286862234e-05
1.197902320259180169e-05
1.199863402104112371e-05
1.201634265023360742e-05
1.203262826898245853e-05
1.204934119532382792e-05
1.206742607697200504e-05
1.208712502875801192e-05
1.210684992856935492e-05
1.212533635851977557e-05
1.214190747761190472e-05
1.215794319321378389e-05
1.217484346420402483e-05
1.219342187001432326e-05
1.221231642476627960e-05
1.223013837005208667e-05
1.224635571154171159e-05
1.226260766017231992e-05
1.228008201004477938e-05
1.229859847091160146e-05
1.231623261700865326e-05
1.233256679730946183e-05
1.234878089286926076e-05
1.236642549822737905e-05
1.238445789808889539e-05
1.240141216586348693e-05
1.241741659353736983e-05
1.243442410704863346e-05
1.245217292069023190e-05
1.246910926998512836e-05
1.248509437197393809e-05
1.250207377325426802e-05
1.251952767442040740e-05
1.253600782923064479e-05
1.255218623351727646e-05
1.256954959219066034e-05
1.258636842451386960e-05
1.260239019112061021e-05
1.261923586411231815e-05
1.263622598480891186e-05
1.265200410145746354e-05
1.266862639305507541e-05
1.268527229808825025e-05
1.270107801785425943e-05
1.271753098403122794e-05
1.273378074512154148e-05
1.274943404171864942e-05
1.276591989127051975e-05
1.278137479055536685e-05
1.279728818569281967e-05
1.281284447197061635e-05
1.282830780617919597e-05
1.284367910579989839e-05
1.285875583061400454e-05
1.287390350734227650e-05
1.288849428759670216e-05
1.290335718131796303e-05
1.291743741301236103e-05
1.293180113189187612e-05
1.294558637089396756e-05
1.295920939886045836e-05
1.297254535285585995e-05
1.298553303631474516e-05
1.299815940670313035e-05
1.301054574539944085e-05
1.302231154833950329e-05
1.303389169286410213e-05
1.304486353665927889e-05
1.305535546521083931e-05
1.306541041167718511e-05
1.307483853307069641e-05
1.308374496882154006e-05
1.309208511940113394e-05
1.309964652675163958e-05
1.310666663508344334e-05
1.311285954763632351e-05
1.311827978273295367e-05
1.312293547743941275e-05
1.312666187878227561e-05
1.312953558497071558e-05
1.313148906539808178e-05
1.313237765313582001e-05
1.313232508547105352e-05
1.313111501003897662e-05
1.312877981206263938e-05
1.312530178008621825e-05
1.312055319734228236e-05
1.311456860221445096e-05
1.310726955755138484e-05
1.309854773143923874e-05
1.308847465322134875e-05
1.307689901498384584e-05
1.306383273230937615e-05
1.304923652309575450e-05
1.303301359495120313e-05
1.301516889312890830e-05
1.299563789124074122e-05
1.297436950322759928e-05
1.295140314688919017e-05
1.292661677668168694e-05
1.289999423103262780e-05
1.287150561754795988e-05
1.284110709302040838e-05
1.280880920040412238e-05
1.277454285132174033e-05
1.273828272622643720e-05
1.270005069987734969e-05
1.265977958022062450e-05
1.261746354221863190e-05
1.257310364003329562e-05
1.252667721446078041e-05
1.247819948900898402e-05
1.242762968357837403e-05
1.237496243610277029e-05
1.232023242921732918e-05
1.226340550781078242e-05
1.220448702737998856e-05
1.214347464959293547e-05
1.208034613956503192e-05
1.201512815710449075e-05
1.194781204397831029e-05
1.187839060655088871e-05
1.180690191123889318e-05
1.173335640754539109e-05
1.165776903799698046e-05
1.158016540696853196e-05
1.150056677216291727e-05
1.141901933012883020e-05
1.133553056504738721e-05
1.125011603550358387e-05
1.116280581206080637e-05
1.107360625517627823e-05
1.098257273931882405e-05
1.088974786032607431e-05
1.079515959915540183e-05
1.069886518005645609e-05
1.060091509079715447e-05
1.050135454394168032e-05
1.040022383697165652e-05
1.029755101075954487e-05
1.019339562799011123e-05
1.008781837796173165e-05
9.980866871945680326e-06
9.872618390843443368e-06
9.763137372940194927e-06
9.652480631550951792e-06
9.540697137471201118e-06
9.427854216544200795e-06
9.314016730484228846e-06
9.199250980714976923e-06
9.083645068969283681e-06
8.967273820577469795e-06
8.850191593765458468e-06
8.732469983037654737e-06
8.614176833862546110e-06
8.495393750796573074e-06
8.376211511471352966e-06
8.256700532378051022e-06
8.136930980829762064e-06
8.016973811551508699e-06
7.896906169597895547e-06
7.776813675900189741e-06
7.656770436254804469e-06
7.536848477218403185e-06
7.417121273131668815e-06
7.297672630420455776e-06
7.178576104058917817e-06
7.059897298613708504e-06
6.941700730815968718e-06
6.824062881044209135e-06
6.707055731189007089e-06
6.590740071841055059e-06
6.475184578021418102e-06
6.360459807462031824e-06
6.246622784841553598e-06
6.133730341981623180e-06
6.021839531717393736e-06
5.911002854558087358e-06
5.801270273508008749e-06
5.692697440980285383e-06
5.585331279888748665e-06
5.479212662110234954e-06
5.374388382125294118e-06
5.270902230337487200e-06
5.168792474119617971e-06
5.068091845048785476e-06
4.968820036261130958e-06
4.871015061820353032e-06
4.774704962078731924e-06
4.679908770229667181e-06
4.586645866201999986e-06
4.494938969783545452e-06
4.404806170893347747e-06
4.316259145687318957e-06
4.229302037460294621e-06
4.143934791070280797e-06
4.060181173001405967e-06
3.978038735779555208e-06
3.897506944970598269e-06
3.818588654064434522e-06
3.741274262194073557e-06
3.665564618765889181e-06
3.591442872123539881e-06
3.518890686680031700e-06
3.447921381583477382e-06
3.378505354937498260e-06
3.310629234077013579e-06
3.244288915628816220e-06
3.179448849415905948e-06
3.116108542446736585e-06
3.054229654150029985e-06
2.993781229290370116e-06
2.934781400865946897e-06
2.877173297616787975e-06
2.820938179356996083e-06
2.766062186901948128e-06
2.712494348324160893e-06
2.660243999429299596e-06
2.609253680116911991e-06
2.559484629576610747e-06
2.510963543226184234e-06
2.463620262813753477e-06
2.417434594947491323e-06
2.372378012260665291e-06
2.328392383420567974e-06
2.285508672073305284e-06
2.243659343983191178e-06
2.202794449706227682e-06
2.162946135336478582e-06
2.124038495275169558e-06
2.086061609026493278e-06
2.048983299284168831e-06
2.012744748246704196e-06
1.977389479160232339e-06
1.942834504421377365e-06
1.909040472729856228e-06
1.876048640680825982e-06
1.843766536447642281e-06
1.812208249466366124e-06
1.781340674815591241e-06
1.751097838862556781e-06
1.721543978364711873e-06
1.692586359535915276e-06
1.664193615729440328e-06
1.636416224795963106e-06
1.609160387034330846e-06
1.582459024383641236e-06
1.556271084387191638e-06
1.530530898710850652e-06
1.505321645370748935e-06
1.480549121490059217e-06
1.456197067408646153e-06
1.432310240256136109e-06
1.408795451161185372e-06
1.385701608271974693e-06
1.362985777752165983e-06
1.340591414920649120e-06
1.318607716909826464e-06
1.296936272645584896e-06
1.275580957884620215e-06
1.254577909293381548e-06
1.233838185252181901e-06
1.213425267645400530e-06
1.193297470581623861e-06
1.173396724254601415e-06
1.153820494494058102e-06
1.134473870117434530e-06
1.115370833419902308e-06
1.096537558962399344e-06
1.077899443870177992e-06
1.059521542749946225e-06
1.041354242693012208e-06
1.023357674640132027e-06
1.005621642091684436e-06
9.880503073507289855e-07
9.706759867693452077e-07
9.535147263351374901e-07
9.364987952203391285e-07
9.197039054496864440e-07
9.030833211714527437e-07
8.866061422231383930e-07
8.703543654235608502e-07
8.542482231538341292e-07
8.383231164984743160e-07
8.225873086610225911e-07
8.069863633283131903e-07
7.915881078481847252e-07
7.763400712535475286e-07
7.612195799557586170e-07
7.462859952566244849e-07
7.314625116860915683e-07
7.167842103672703779e-07
7.022461146318565259e-07
6.878033205526427066e-07
6.735174112938818303e-07
6.593459500896283785e-07
6.452819646711725979e-07
6.313774557106089331e-07
6.175829952883066825e-07
6.039442962071980362e-07
5.904643729039435411e-07
5.771205036165409825e-07
5.639695930781099303e-07
5.509832970281936735e-07
5.381705671919108251e-07
5.255685535754700079e-07
5.131428906139427705e-07
5.009291136274186765e-07
4.889230709959481479e-07
4.771055540911738663e-07
4.655111181832756122e-07
4.541141200203247650e-07
4.429201119754194026e-07
4.319421143914067061e-07
4.211522413307693427e-07
4.105678921553120467e-07
4.001807522917416544e-07
3.899769186241205494e-07
3.799699074079391809e-07
3.701381373667290252e-07
3.604865744119172380e-07
3.510163454018710815e-07
3.417140538101212024e-07
3.325837710966566223e-07
3.236200853779521620e-07
3.148176617174833822e-07
3.061791219166409970e-07
2.976947463606313960e-07
2.893678406156956525e-07
2.811946646869233085e-07
2.731710524273301417e-07
2.652948000038851383e-07
2.575675138639451521e-07
2.499895481680867321e-07
2.425570848693105289e-07
2.352704698135356751e-07
2.281279209935718878e-07
2.211255593558641433e-07
2.142683657870695763e-07
2.075498333369954515e-07
2.009739267375793033e-07
1.945421844971724222e-07
1.882455435425541829e-07
1.820915212721972898e-07
1.760767026616243966e-07
1.701982668158972455e-07
1.644605353905846136e-07
1.588548672221827203e-07
1.533883029066083814e-07
1.480604128664390306e-07
1.428608552216726000e-07
1.377980763341063874e-07
1.328668221472525063e-07
1.280650054913626949e-07
1.233985550809739468e-07
1.188559331048281863e-07
1.144415459682175313e-07
1.101559741986580737e-07
1.059908507082987951e-07
1.019523532236317151e-07
9.803265185737101715e-08
9.423062050187467416e-08
9.054960760814009334e-08
8.698099802245437606e-08
8.352779155666526336e-08
8.018694464619382274e-08
7.695267058195959300e-08
7.382888589374736879e-08
7.080900629065253085e-08
6.788986432502062785e-08
6.507447491677806675e-08
6.235432864411269427e-08
5.973131083254247027e-08
5.720347632329603059e-08
5.476490385972140143e-08
5.241753038557497841e-08
5.015539251460840253e-08
4.797810816585390420e-08
4.588370203942842425e-08
4.386771062310970234e-08
4.193035382980036861e-08
4.006736868702638094e-08
3.827849459956437613e-08
3.656042337620741075e-08
3.491006076179635813e-08
3.332574121350613257e-08
3.180527787437213160e-08
3.034828826468080307e-08
2.895196879234508541e-08
2.761288976947685187e-08
2.632933618992469697e-08
2.510041058146526967e-08
2.392465629430219345e-08
2.279785729709859376e-08
2.171911444670320389e-08
2.068730939473260443e-08
1.970113715217094750e-08
1.875873592367004416e-08
1.785774719993670974e-08
1.699605216549127113e-08
1.617390650951259168e-08
1.538848230517595871e-08
1.463681085945087340e-08
1.392132061590775091e-08
1.323836232045039340e-08
1.258684525763961344e-08
1.196647602598412923e-08
1.137235381526747388e-08
1.080864362031210808e-08
1.027091163962709614e-08
9.756204805814830473e-09
9.269652749763900096e-09
8.803740299264762717e-09
8.360609831801227565e-09
7.939875806168223367e-09
7.535932159296733687e-09
7.155111729212233479e-09
6.791494508587152886e-09
6.443483297938111270e-09
6.115495322024766151e-09
5.801070717224018269e-09
5.503580590934580580e-09
5.221348779698768026e-09
4.950766628821435067e-09
4.696546415919634315e-09
4.453952195725330139e-09
4.222972066975934248e-09
4.005555689069013599e-09
3.797001396027266224e-09
3.599988476816674765e-09
3.413266670402784013e-09
3.233856514004733519e-09
3.065641796827304432e-09
2.905192322313086061e-09
2.752419362402016628e-09
2.608791882115072024e-09
2.471668240480364899e-09
2.342778192883482186e-09
2.220372706449382777e-09
2.102760942135676463e-09
1.993067056224346665e-09
1.887733728652928436e-09
1.787377344192860264e-09
1.693108231902957674e-09
1.602577117603813745e-09
1.518246514346587587e-09
1.438506146803892030e-09
1.361478404320698566e-09
1.290329096540172075e-09
1.221628726368096614e-09
1.156346832391997040e-09
1.095354766424152700e-09
1.036534608673669446e-09
9.824140271141340206e-10
9.313171789081824887e-10
8.813392769683277131e-10
8.353172374657599076e-10
7.901931938513013174e-10
7.476634923987795398e-10
7.085678761663636543e-10
6.703541766947883885e-10
6.352346569113301997e-10
6.013843748431755456e-10
5.680605085628255893e-10
5.386531132734861017e-10
5.103339595054676880e-10
4.838209759107682379e-10
4.586568754624767660e-10
4.334096622627120242e-10
4.111140432116580223e-10
3.898377401056222098e-10
3.683683029431532010e-10
3.488548191449893671e-10
3.297681498923490807e-10
3.127049926118916098e-10
2.967086616520181108e-10
2.803129029782046323e-10
2.661512129389667392e-10
2.526031379657644170e-10
2.387305149970557338e-10
2.261461971969141811e-10
2.138440384188419982e-10
2.028049842708751242e-10
1.922643467750622935e-10
1.818480421982942614e-10
1.730882256726450469e-10
1.638398696777619331e-10
1.546666791896132383e-10
1.469604532456811710e-10
1.388501806486253453e-10
1.319168730426878377e-10
1.256442880958675823e-10
1.186003244562326195e-10
1.125520459695953030e-10
1.063126761039230296e-10
1.005091422499088079e-10
9.585554095645475392e-11
9.084340224212957450e-11
8.622172442847857559e-11
8.157418157529725205e-11
7.704427683425887407e-11
7.344195967293375617e-11
6.979435253611082894e-11
6.604880483416901093e-11
6.259270015586739579e-11
5.928957115658911642e-11
5.644731117379121689e-11
5.353712973576536787e-11
5.041284789744171414e-11
4.803311356294925109e-11
4.579797032773226478e-11
4.339072500849408827e-11
4.102426762623026464e-11
3.892897888462557216e-11
3.714340056119789994e-11
3.512999694295412624e-11
3.317864795636062978e-11
3.172274568945594150e-11
3.004996058614518242e-11
2.847627313535003075e-11
2.719449207474259291e-11
2.563729196008940347e-11
2.428162040140773611e-11
2.322895471170476498e-11
2.195520072612321313e-11
2.088211496709556891e-11
1.990676262421953913e-11
1.879664532720421380e-11
1.788880265857240649e-11
1.692387649730297113e-11
1.615090173846394124e-11
1.536840811045420873e-11
1.450850975169443526e-11
1.384702869203541864e-11
1.308567476443577615e-11
1.247343170599630685e-11
1.185577261499848649e-11
1.121291048663931656e-11
1.064027489476135235e-11
1.015074721502685557e-11
9.620544420102151966e-12
9.158299924520696313e-12
8.646452141251028000e-12
8.230370584843837158e-12
7.831537157362098838e-12
7.408483299680207693e-12
7.029731304576557401e-12
6.671049290616621796e-12
6.325214440706295440e-12
5.991453638636779979e-12
5.683425721571984316e-12
5.397506644283161497e-12
5.101113718141880671e-12
4.813906023647537242e-12
4.572993402371810583e-12
4.312260096502732172e-12
4.066239063032795709e-12
3.852279910778070649e-12
3.624401369799841607e-12
3.422811298197040681e-12
3.223832383810558153e-12
3.017635695351584226e-12
2.845224291086487033e-12
2.659537004769579230e-12
2.492432783812820717e-12
2.333210626282221905e-12
2.173226730993671704e-12
2.023804184794849911e-12
1.878068755112443069e-12
1.742459015865829280e-12
1.611564315305158397e-12
1.490448828560885010e-12
1.367652485104421288e-12
1.255229346910689148e-12
1.146573871060866409e-12
1.047212181084738346e-12
9.543712312310259444e-13
8.648321490012432166e-13
7.813184918919014090e-13
7.072113831781659467e-13
6.382399950764741924e-13
5.763602891242941834e-13
5.162644592682165697e-13
4.673856470535188462e-13
4.245969367143121861e-13
3.860731689696705257e-13
3.516118514630014529e-13
3.255957563413247179e-13
3.038852370204698662e-13
2.844774343748417722e-13
2.701598800510969855e-13
2.606590423636681391e-13
2.504074916268949567e-13
2.431345426501324047e-13
2.381681553634193274e-13
2.315947321107153855e-13
2.247455881703109429e-13
2.182155017290325068e-13
2.086621089715730216e-13
1.987641279728793834e-13
1.867463275533462150e-13
1.722377494180487475e-13
1.576197680783954369e-13
1.417181938423195141e-13
1.255268109539599785e-13
1.099039647667911867e-13
9.526740699662111367e-14
8.325124870387964738e-14
7.239185033223191574e-14
6.518202188134708583e-14
6.002255913264116094e-14
5.785168405229651828e-14
5.677787659026814740e-14
5.763375230107705326e-14
5.835139379433861059e-14
5.878875244342701231e-14
5.797976562659317070e-14
5.575193606287465726e-14
5.139972536818361735e-14
4.610337658628980411e-14
3.939213669456608644e-14
3.296809121502587564e-14
2.720247580336907917e-14
2.311673585808813975e-14
2.099389086822749806e-14
2.090532421733448820e-14
2.190992219941048706e-14
2.355507446984312195e-14
2.434963672959783475e-14
2.393041054727678488e-14
2.185149084749845685e-14
1.857654222506526868e-14
1.481716521461836507e-14
1.174142231035579695e-14
9.903617376360313586e-15
9.802157322065084418e-15
1.073372298612921165e-14
1.204704594279421310e-14
1.256058275396957309e-14
1.172111355149765027e-14
9.591073887111976239e-15
7.168116023612486887e-15
5.437615800137423672e-15
5.263849269295323831e-15
6.115062100693482918e-15
7.170519379106867976e-15
7.254110033985445839e-15
6.148653689215153173e-15
4.404952218125941321e-15
3.240348541277137953e-15
3.204813991384479857e-15
4.134093705222653835e-15
4.694360348160789690e-15
4.216327663149472781e-15
2.904673353677582481e-15
2.016718569661988112e-15
2.204736670194716722e-15
2.996660928972301098e-15
3.103794197582937608e-15
2.316427906842995258e-15
1.408200015428392968e-15
1.497104461027304168e-15
2.111558924496666250e-15
2.171748769942017207e-15
1.395456258196502730e-15
9.380199267150871648e-16
1.315856478820805681e-15
1.685080652890363915e-15
1.167574567154986284e-15
7.024274179693736474e-16
9.649727934025721180e-16
1.266584160637644754e-15
8.010469601098599501e-16
5.311930540648666337e-16
8.730014419086111176e-16
8.811105562119288155e-16
4.276507723982947432e-16
5.699702312962699740e-16
7.517251053716923095e-16
4.083293587004274757e-16
3.988008936525039693e-16
6.215792641579526816e-16
3.138974722471978815e-16
3.580290911230098497e-16
4.727351480995064335e-16
2.361155648175716151e-16
3.397124116776518128e-16
3.407363405313250938e-16
1.764411596945815814e-16
3.489381768976845719e-16
1.616810731075843181e-16
2.548795881684859942e-16
1.976898381065815703e-16
1.706465904285531929e-16
2.056198937915192983e-16
1.285091660730089673e-16
1.854556774165613186e-16
1.110682290147878896e-16
1.568609927503201519e-16
1.011882726200770680e-16
1.306278172521775600e-16
9.213757492674067891e-17
1.092658524327430562e-16
8.276632736470816812e-17
9.220190233990487206e-17
7.346070799935118189e-17
7.838465865892783569e-17
6.467259849803649488e-17
6.698451133287245817e-17
5.664545711849704039e-17
5.743588786009116821e-17
4.945773345897587693e-17
4.935503324374279153e-17
4.309645554563726235e-17
4.247017912202398787e-17
3.750591395946032656e-17
3.657873465618719639e-17
3.261398362914391373e-17
3.152295039475571356e-17
2.834523843210776131e-17
2.717598273151580533e-17
2.462713436010435290e-17
2.343354913056370293e-17
2.139269510658246644e-17
2.020862079961338591e-17
1.858145570844221020e-17
1.742783045822797576e-17
1.613954881403065021e-17
1.502890013641400181e-17
1.401938164246161739e-17
1.295871193811777755e-17
1.217913324385820759e-17
1.117180753607529900e-17
1.058219012309932768e-17
9.629189010787525292e-18
9.196580804004664731e-18
8.297340931171875001e-18
7.994439443063276586e-18
7.147421355769985058e-18
6.951512017123731895e-18
6.154585110023989665e-18
6.046710121210052040e-18
5.297413520442029567e-18
5.261712404028322764e-18
4.557430839925102771e-18
4.580611441759548650e-18
3.918692620193301536e-18
3.989602592794724663e-18
3.367434049804098322e-18
3.476710894190420527e-18
2.891768843680753996e-18
3.031552170352264197e-18
2.481430918363726612e-18
2.645124392077406988e-18
2.127552473014889812e-18
2.309625873250524820e-18
1.822473115859036854e-18
2.018297103715164151e-18
1.559575612855878217e-18
1.765283199396287633e-18
1.333144398665479296e-18
1.545514530654380803e-18
1.138243731653483940e-18
1.354603168403243249e-18
9.706127125872739352e-19
1.188753181286630310e-18
8.265748855807786355e-19
1.044683007324640078e-18
7.029603911110624833e-19
9.195583840978166912e-19
5.970390632486762593e-19
8.109344961812401687e-19
5.064629323923897325e-19
7.167062123818648807e-19
4.292170009010166921e-19
6.350653849068241171e-19
3.635771563356199754e-19
5.644644063533931211e-19
3.080744162377165436e-19
5.035852646344632761e-19
2.614647214516290457e-19
4.513134830164164663e-19
2.227036409969131121e-19
4.067164930785389972e-19
