# ximinus_2_1
1.800665734146484224e-08
3.749763193934461038e-09
1.609187780000308392e-08
2.847851608031602323e-09
1.441418394184886378e-08
2.106539193513216756e-09
1.294550693319030335e-08
1.504477580071369901e-09
1.166181656958883042e-08
1.023725854824536362e-09
1.054265884998711595e-08
6.493643337598178226e-10
9.570768062207261639e-09
3.691751717556263321e-10
8.731745973276279393e-09
1.733818069494581169e-10
8.013800613249038685e-09
5.444239388230178947e-11
7.407539470264424164e-09
6.891825159619159100e-12
6.905811741677592237e-09
2.722823376384822073e-11
6.503595683849933022e-09
1.138403664546406524e-10
6.197926933219071471e-09
2.669723632661628982e-10
5.987864396087402819e-09
4.887222052470678305e-10
5.874489892494590791e-09
7.830705273159338969e-10
5.860936814804561009e-09
1.155934810808751319e-09
5.952443425110152776e-09
1.615243493472289076e-09
6.156423257311201205e-09
2.171022514631799111e-09
6.482544498162090312e-09
2.835484246426310428e-09
6.942806754757584025e-09
3.623106124716934574e-09
7.551600022103227420e-09
4.550681524721343858e-09
8.325726621037097329e-09
5.637321244565254749e-09
9.284361097230890394e-09
6.904377791904757868e-09
1.044891740969678514e-08
8.375258292461746082e-09
1.184278563550142231e-08
1.007508537273997173e-08
1.349089422533015884e-08
1.203015852325788700e-08
1.541904749750456241e-08
1.426716385698150504e-08
1.765298497962902752e-08
1.681207812472757048e-08
2.021710889976564149e-08
1.968871617675940845e-08
2.313283395345312694e-08
2.291688301332066356e-08
2.641653065247564670e-08
2.651011576914308042e-08
3.007706572982559314e-08
3.047304206028277679e-08
3.411299434527085937e-08
3.479844408276122774e-08
3.850953455551640969e-08
3.946420658570850762e-08
4.323555704114634453e-08
4.443044372156423358e-08
4.824095343306632332e-08
4.963724200001576351e-08
5.345489803394520118e-08
5.500361330170481085e-08
5.878567456180857476e-08
6.042840101238623125e-08
6.412287062816978760e-08
6.579398343010004178e-08
6.934279872739864517e-08
7.097361146921158754e-08
7.431791230852758460e-08
7.584302226277648705e-08
7.893066039463462674e-08
8.029649121381802325e-08
8.309156933844339486e-08
8.426663615307353028e-08
8.676028577275714976e-08
8.774602638373785962e-08
8.996686280718489425e-08
9.080704224926573643e-08
9.282887059198749719e-08
9.361472888786558743e-08
9.555833876717405529e-08
9.642610996882570146e-08
9.845176148735577885e-08
9.956939204071168799e-08
1.018573666855271380e-07
1.033987361750680321e-07
1.061176200409806938e-07
1.082257545909880561e-07
1.114922092623283740e-07
1.142378765519006822e-07
1.180771438156743930e-07
1.214249247981370499e-07
1.257466768682359921e-07
1.295448961058778540e-07
1.341513529731443751e-07
1.381615822219027888e-07
1.428001757266296038e-07
1.467725702342059487e-07
1.512306927174133289e-07
1.550115284888336926e-07
1.592268682485666603e-07
1.628585637104376273e-07
1.669937027916915440e-07
1.707484993326806058e-07
1.751703386101581799e-07
1.794671259777867814e-07
1.846009454229731934e-07
1.898070949035402328e-07
1.959088982708010238e-07
2.021173040884965467e-07
2.090978398589727591e-07
2.160416529515988517e-07
2.235077856495239285e-07
2.307455985243759603e-07
2.383177570941528164e-07
2.456368896101344141e-07
2.533583445483636923e-07
2.610883432231282134e-07
2.695417046388291295e-07
2.784035216284851778e-07
2.882846847240209816e-07
2.987654983172162165e-07
3.102193589836604023e-07
3.220819411797473624e-07
3.345884278588000268e-07
3.472460099364523800e-07
3.604330001698396703e-07
3.739593202840308100e-07
3.884279701487811117e-07
4.038078286676044988e-07
4.205932983721073792e-07
4.385106287848533460e-07
4.576814153049958158e-07
4.776230787747390622e-07
4.984597121524469174e-07
5.200467536193797951e-07
5.429267645787105046e-07
5.672765237805104950e-07
5.935498844971186808e-07
6.215155791223647880e-07
6.510967775274349840e-07
6.818837240989576131e-07
7.140999973882008752e-07
7.479771503751072599e-07
7.841243598217929465e-07
8.225621820058312949e-07
8.631725152049888392e-07
9.054612440240110240e-07
9.495273947432513235e-07
9.956945194852367722e-07
1.044534298968689137e-06
1.095903386241260990e-06
1.149399675899190637e-06
1.204634565738362429e-06
1.262028458042381555e-06
1.321988599100202986e-06
1.384437194476053335e-06
1.448611927325022584e-06
1.514333443923617356e-06
1.582004102821143923e-06
1.651840342572107463e-06
1.723025191931084096e-06
1.795008750584563426e-06
1.868089248233325727e-06
1.942453066882181676e-06
2.017102478646559326e-06
2.091497482610484365e-06
2.166041443526202892e-06
2.240465078739860975e-06
2.313579681983865670e-06
2.385506506231163294e-06
2.456446811075789096e-06
2.525310011473450958e-06
2.591833446390535441e-06
2.656591466766701472e-06
2.718507681637294157e-06
2.777556415731417890e-06
2.834303797478729282e-06
2.887815887121965376e-06
2.938573144340334561e-06
2.986949346581638260e-06
3.032201024918363990e-06
3.075635126882197499e-06
3.116556967928901446e-06
3.155772279266695791e-06
3.193480511301378697e-06
3.229662894866405483e-06
3.265108797832292373e-06
3.299361446554601416e-06
3.333246783081076825e-06
3.366188156697457387e-06
3.398757545391101386e-06
3.430365012707978450e-06
3.461295579309080160e-06
3.490981077077055413e-06
3.519526521287990669e-06
3.546449213352473862e-06
3.571834715851680279e-06
3.595379299105224253e-06
3.617291457752691587e-06
3.637508394167322958e-06
3.656413818289846405e-06
3.674146546985931712e-06
3.691183525934124211e-06
3.707705895201913157e-06
3.724098788319514274e-06
3.740381286573576717e-06
3.756682099463554805e-06
3.772758188735434722e-06
3.788490723214057230e-06
3.803495383037857680e-06
3.817633179225124269e-06
3.830661959123374780e-06
3.842699311785374250e-06
3.853831328166976862e-06
3.864464038159479581e-06
3.874854753582146721e-06
3.885380023801441563e-06
3.896073081532234773e-06
3.906940795858498056e-06
3.917639611864746304e-06
3.927928107023443023e-06
3.937467049924881418e-06
3.946280517220908065e-06
3.954466612615939077e-06
3.962455174599369821e-06
3.970521977959907637e-06
3.978926145978281980e-06
3.987496184478761729e-06
3.995991957836239936e-06
4.003990408048356317e-06
4.011415367539198078e-06
4.018352186348658582e-06
4.025247628110231591e-06
4.032355894254335214e-06
4.039780363281764531e-06
4.047157339069670491e-06
4.054179774503926772e-06
4.060652086668353019e-06
4.066899500461969507e-06
4.073269682578208786e-06
4.080004957298117469e-06
4.086793806498706918e-06
4.093301528484039396e-06
4.099361904948460868e-06
4.105368193590640134e-06
4.111616804254029543e-06
4.118103290784700090e-06
4.124355555727036844e-06
4.130264511790980316e-06
4.136095226173418487e-06
4.142252668738270490e-06
4.148489968256923935e-06
4.154453484182708421e-06
4.160140766767776981e-06
4.166041662886011016e-06
4.172100420194228551e-06
4.177955191783526907e-06
4.183547578336742454e-06
4.189370605236921107e-06
4.195304117896765526e-06
4.201010394781228124e-06
4.206631812964365094e-06
4.212549074334895480e-06
4.218329527934933771e-06
4.223917110645439039e-06
4.229692581849975974e-06
4.235502917784874105e-06
4.240997963268318069e-06
4.246704318298776608e-06
4.252419056797848948e-06
4.257941662491704390e-06
4.263619119953118463e-06
4.269258379955773175e-06
4.274763261088806913e-06
4.280497476238168391e-06
4.285969274023047188e-06
4.291570788273133437e-06
4.297094214561493363e-06
4.302614251499104239e-06
4.308125895576420224e-06
4.313598916001775770e-06
4.319104126680788975e-06
4.324502123751560506e-06
4.329987858408772008e-06
4.335299754653158517e-06
4.340734067738435510e-06
4.346059984715840556e-06
4.351355833373282067e-06
4.356646368077190528e-06
4.361864475398381297e-06
4.367057891776098924e-06
4.372236593600930393e-06
4.377291416998018044e-06
4.382385498978102273e-06
4.387374901743517079e-06
4.392284235250616671e-06
4.397182625564260300e-06
4.401957570947524497e-06
4.406695577727813943e-06
4.411355820752050121e-06
4.415872154133428799e-06
4.420365831514970932e-06
4.424723556547266790e-06
4.428962291085495245e-06
4.433127647857265085e-06
4.437115957326378327e-06
4.441005701720408884e-06
4.444755407626405335e-06
4.448312811550758854e-06
4.451761038797588035e-06
4.455004391739875718e-06
4.458059312056258589e-06
4.460951529910726411e-06
4.463595808413190256e-06
4.466050972522540479e-06
4.468271129916153212e-06
4.470218417318426145e-06
4.471945472881393796e-06
4.473374721879803289e-06
4.474515633406765929e-06
4.475370808620751852e-06
4.475877287372796227e-06
4.476072202581907372e-06
4.475914278116937255e-06
4.475378177870218245e-06
4.474488349664124739e-06
4.473186025340328761e-06
4.471474358838927513e-06
4.469346268595504234e-06
4.466751526963094965e-06
4.463716463224846839e-06
4.460197676304219211e-06
4.456182815069947793e-06
4.451678718553177066e-06
4.446652988172994048e-06
4.441095309474837730e-06
4.434994475772254620e-06
4.428316032213952208e-06
4.421080532093039804e-06
4.413253189220715693e-06
4.404824012043627299e-06
4.395793853365450622e-06
4.386139419718798277e-06
4.375855221581590594e-06
4.364930841904808943e-06
4.353346631165108489e-06
4.341120190839751434e-06
4.328225357562300167e-06
4.314660320379112055e-06
4.300421968243471583e-06
4.285496157022328022e-06
4.269883401356030618e-06
4.253581673771542972e-06
4.236574834145627195e-06
4.218878421304486248e-06
4.200474866012458102e-06
4.181364828859463366e-06
4.161547369884641293e-06
4.141018070974967473e-06
4.119779876290426616e-06
4.097834311502672995e-06
4.075173226211282665e-06
4.051813446343703705e-06
4.027747201246445092e-06
4.002986158241333682e-06
3.977532152366579965e-06
3.951390159653476987e-06
3.924567051987541836e-06
3.897072191130795389e-06
3.868908653185665675e-06
3.840093091936071687e-06
3.810622867652007882e-06
3.780512807069525768e-06
3.749771426003265713e-06
3.718413558173212412e-06
3.686449911120786766e-06
3.653894308799562648e-06
3.620755948735367320e-06
3.587057060295509483e-06
3.552805874385065436e-06
3.518023125717528762e-06
3.482722111551456964e-06
3.446924324314026579e-06
3.410647591401194992e-06
3.373913792502074603e-06
3.336737607701898836e-06
3.299144644485525266e-06
3.261150859208152360e-06
3.222780358997834867e-06
3.184051849576782709e-06
3.144992690602528751e-06
3.105626353206829937e-06
3.065980322401533361e-06
3.026075064268619020e-06
2.985936382927245399e-06
2.945583332008630743e-06
2.905044837057379331e-06
2.864347294537027015e-06
2.823517132937145440e-06
2.782576731013431216e-06
2.741553990482831124e-06
2.700476011760715348e-06
2.659373677754085078e-06
2.618265496371242020e-06
2.577179335386873586e-06
2.536140803695993895e-06
2.495179300637186605e-06
2.454318822427449921e-06
2.413583228820696788e-06
2.372991702975562735e-06
2.332571511850164438e-06
2.292348265613306185e-06
2.252349696850804233e-06
2.212599552513002397e-06
2.173121564330795458e-06
2.133928774087859760e-06
2.095038872573534303e-06
2.056473553253711159e-06
2.018259839202243853e-06
1.980415869208448871e-06
1.942957035581296232e-06
1.905895188826974944e-06
1.869247640816500005e-06
1.833032309963053229e-06
1.797267546097609686e-06
1.761960562904224728e-06
1.727127218076700105e-06
1.692779083603768635e-06
1.658926694292302141e-06
1.625577102234920668e-06
1.592740964262249616e-06
1.560429408522566045e-06
1.528646017968216493e-06
1.497392092812435419e-06
1.466678294922906460e-06
1.436510352410596041e-06
1.406894775480060188e-06
1.377824552917227925e-06
1.349302151857169192e-06
1.321337045366924058e-06
1.293927438187986274e-06
1.267066960273554703e-06
1.240758438225561962e-06
1.214996732559258392e-06
1.189783743475172172e-06
1.165109242183143702e-06
1.140971227131635785e-06
1.117376708283509220e-06
1.094309189201714153e-06
1.071764362207095695e-06
1.049738222658795794e-06
1.028210981862999391e-06
1.007195696918493435e-06
9.866781072597624596e-07
9.666419501189673772e-07
9.470911873346722568e-07
9.280138716355625654e-07
9.093985398152660598e-07
8.912367301923095945e-07
8.735150661733252798e-07
8.562417538472659897e-07
8.393909198057203440e-07
8.229503452160486453e-07
8.069258595854657323e-07
7.912914754879552899e-07
7.760484754614644408e-07
7.611840227838763400e-07
7.466779009467947594e-07
7.325431737385397687e-07
7.187502674118021300e-07
7.052874876197373476e-07
6.921635343161650865e-07
6.793505969195153001e-07
6.668531206791051791e-07
6.546559102812082684e-07
6.427353924417170514e-07
6.311116424385500034e-07
6.197549388786978909e-07
6.086557276452865438e-07
5.978218220273930264e-07
5.872235459370294916e-07
5.768696076515742784e-07
5.667431845850125831e-07
5.568257148673350639e-07
5.471402618684139199e-07
5.376526223676039699e-07
5.283596910474708946e-07
5.192681491720738161e-07
5.103491010281916208e-07
5.016185071718706067e-07
4.930593049347576738e-07
4.846492570066501021e-07
4.764177179979937042e-07
4.683315064927786977e-07
4.603914896429711794e-07
4.526026269953057069e-07
4.449396249919415688e-07
4.374203894932950382e-07
4.300257039525417767e-07
4.227410333525069759e-07
4.155958287634557789e-07
4.085535989032758996e-07
4.016227476789673478e-07
3.948070952050154542e-07
3.880801822765332187e-07
3.814670537650255905e-07
3.749480539437601233e-07
3.685094387888909996e-07
3.621812678958809881e-07
3.559310359544697929e-07
3.497693303193189202e-07
3.436983864689360302e-07
3.376953136535591387e-07
3.317869412650653051e-07
3.259511841845514697e-07
3.201782739810199882e-07
3.144955340782489727e-07
3.088714427219097982e-07
3.033203076917253743e-07
2.978393226952236272e-07
2.924089649748309587e-07
2.870559928098297750e-07
2.817580849532488021e-07
2.765076596209791871e-07
2.713272192717549621e-07
2.661884649133951365e-07
2.611067785684133165e-07
2.560774452695213809e-07
2.510840183381670112e-07
2.461527656636098040e-07
2.412631605872336016e-07
2.364141031298878620e-07
2.316241568835926298e-07
2.268698999576349330e-07
2.221692568192016528e-07
2.175186111448168480e-07
2.129070261527826715e-07
2.083596038997938720e-07
2.038604306407377008e-07
1.994126803023364636e-07
1.950301887507119211e-07
1.906967413965588200e-07
1.864296983022235514e-07
1.822249318896933845e-07
1.780728123248810904e-07
1.739901256584904162e-07
1.699628066180040882e-07
1.659967832665212274e-07
1.620990476408697200e-07
1.582584129924303339e-07
1.544857942929277812e-07
1.507769688503839854e-07
1.471257757827308326e-07
1.435417697717012896e-07
1.400132039915724688e-07
1.365444909314878089e-07
1.331387918660174651e-07
1.297899109509495075e-07
1.265029812194520903e-07
1.232736577048972146e-07
1.200989558994104913e-07
1.169826920297851894e-07
1.139176048805237905e-07
1.109086017747381418e-07
1.079564126395280232e-07
1.050558153592288187e-07
1.022077447120119735e-07
9.941048389062996456e-08
9.666367809901179330e-08
9.396949152301364239e-08
9.132605923215082859e-08
8.873218532830225389e-08
8.618568124375324791e-08
8.368744479163222411e-08
8.123836293061244648e-08
7.883914298251293665e-08
7.648709059807197536e-08
7.417943910144459291e-08
7.191913077291582273e-08
6.970697254309230780e-08
6.754098684840769291e-08
6.542093632771006597e-08
6.334604190620278459e-08
6.131789387498065627e-08
5.933470534438581878e-08
5.739458330567594787e-08
5.550211892664636229e-08
5.365303305747167318e-08
5.184519376390714288e-08
5.008385919028568531e-08
4.836617383376294860e-08
4.669076051488585206e-08
4.505923231311652980e-08
4.346938860773910029e-08
4.192144470763940648e-08
4.041508318295407899e-08
3.894988249345019727e-08
3.752517509355893788e-08
3.613992628440754555e-08
3.479531256732104400e-08
3.349008010888909942e-08
3.222229841750528393e-08
3.099349460063755822e-08
2.980174388873855853e-08
2.864614616106733909e-08
2.752819858491786089e-08
2.644411864621325056e-08
2.539554301636332771e-08
2.438146058122018734e-08
2.340043837932357690e-08
2.245309453987413353e-08
2.153676384608119335e-08
2.065180037128646434e-08
1.979792192229569678e-08
1.897379868536998280e-08
1.817931106925543216e-08
1.741291422929891689e-08
1.667404479635454424e-08
1.596260129438808812e-08
1.527740689674836369e-08
1.461748577821353552e-08
1.398253600499124044e-08
1.337137474694671979e-08
1.278420998086183117e-08
1.221990440634858857e-08
1.167731676777712730e-08
1.115637672152617942e-08
1.065594441982127580e-08
1.017554709774829276e-08
9.714674304387746515e-09
9.272473305516529286e-09
8.849029340816858176e-09
8.443104136641783372e-09
8.053847454171495684e-09
7.681039156989746814e-09
7.324333582450961695e-09
6.983030534182416784e-09
6.656080526475368229e-09
6.343505902673436245e-09
6.044414803880572359e-09
5.758355321438115320e-09
5.484913265550878508e-09
5.222960882094014458e-09
4.973329809439355190e-09
4.734479213125469652e-09
4.505666698187023166e-09
4.287995032623081195e-09
4.079606966079698342e-09
3.881042896108248977e-09
3.691797550744584617e-09
3.510701904911614917e-09
3.339126037302419645e-09
3.175159716215523811e-09
3.018609653451588612e-09
2.870392504279893309e-09
2.728117706681839645e-09
2.592813997000714543e-09
2.464105197357184623e-09
2.340461654099986581e-09
2.223585775231374068e-09
2.111936571759645054e-09
2.005401922432341129e-09
1.904807119521853369e-09
1.808726449452142485e-09
1.717916074062049552e-09
1.631602100790000166e-09
1.548886301896807525e-09
1.470887983762928743e-09
1.396068784268289662e-09
1.324619287447496471e-09
1.257012334507277403e-09
1.192492923645091998e-09
1.131905481073179370e-09
1.074573136366798036e-09
1.019588736219476438e-09
9.679135307233297707e-10
9.182018510666508100e-10
8.707363511305163341e-10
8.258461156273184315e-10
7.830093413532028839e-10
7.431236375130259601e-10
7.054329181885594443e-10
6.690248462702979635e-10
6.346248193065317816e-10
6.013127690792674302e-10
5.698986804389982752e-10
5.408015291080264599e-10
5.129840213661982178e-10
4.868610618305909987e-10
4.615692897615691492e-10
4.369593536808006026e-10
4.145748763665238263e-10
3.934554492510403274e-10
3.734282667264548203e-10
3.540567892466783815e-10
3.350849361056973979e-10
3.180607925628567310e-10
3.020654816891342940e-10
2.861791254494113301e-10
2.712287811762716626e-10
2.569420779290525291e-10
2.439864455474081593e-10
2.315457302653736494e-10
2.189509443055973080e-10
2.078135497196167383e-10
1.974354276224126162e-10
1.870325985297654838e-10
1.773640168893987991e-10
1.682333986854400679e-10
1.597949565215085699e-10
1.514108782441496215e-10
1.432578675106257472e-10
1.362713764255603119e-10
1.290843934908840058e-10
1.221858164803021983e-10
1.163357221802896187e-10
1.100986936946449153e-10
1.045152230748070157e-10
9.941471653210096783e-11
9.390776801368945734e-11
8.930610786017748828e-11
8.464733505689481965e-11
8.015502716209684879e-11
7.631158709475340776e-11
7.226331301177046740e-11
6.870370903659695963e-11
6.521703815717963681e-11
6.171804285519048792e-11
5.863875619664816386e-11
5.561109175350152751e-11
5.277881707459766771e-11
5.022236992738393387e-11
4.759569239583688126e-11
4.516047018223105118e-11
4.288157496632325045e-11
4.060413129125091482e-11
3.867723980577757100e-11
3.671758251658196687e-11
3.482443097065802419e-11
3.306986620312392731e-11
3.133973830900996075e-11
2.982989002341740219e-11
2.837500299242208600e-11
2.685417535422622198e-11
2.552511767950610320e-11
2.422819321598195077e-11
2.304489593510478682e-11
2.190590523123427204e-11
2.072934801142885804e-11
1.972294127542551647e-11
1.878483255987024370e-11
1.779220002862111568e-11
1.690842029946586966e-11
1.606641892512156233e-11
1.528057089106425007e-11
1.450315793891425043e-11
1.375043138250073686e-11
1.310905144673726907e-11
1.244288655293928789e-11
1.179180786282628559e-11
1.125150051265145782e-11
1.065933661162545982e-11
1.012118755394360640e-11
9.642846805285615072e-12
9.125999859116849884e-12
8.685160839268612114e-12
8.262344695947390550e-12
7.820013639321293782e-12
7.455962213165173708e-12
7.059412215545611738e-12
6.708492304493471208e-12
6.376704118437194700e-12
6.037934918345263630e-12
5.745650747611171344e-12
5.443222510061299232e-12
5.162426528499479528e-12
4.897627260422281071e-12
4.642665998874900031e-12
4.397952308968551878e-12
4.170759120354160074e-12
3.937054200775261773e-12
3.731310980259507098e-12
3.526124976620839779e-12
3.331271191033370326e-12
3.147093432100293439e-12
2.965757820786973688e-12
2.795847909682517067e-12
2.635129793234685444e-12
2.472427367865192296e-12
2.325142774090883182e-12
2.180063092795324391e-12
2.040649633324218175e-12
1.906609951015930528e-12
1.777064428870103267e-12
1.655697976300743680e-12
1.539356776001843527e-12
1.425047438241788963e-12
1.320683200128822690e-12
1.216442957369010079e-12
1.118826532470112615e-12
1.027835053517752728e-12
9.386932478481273703e-13
8.557476962674733491e-13
7.792431933603574868e-13
7.057827420506918446e-13
6.402910878806464780e-13
5.774537932404514891e-13
5.205396681957829634e-13
4.695244223806158969e-13
4.222229647871207046e-13
3.812399165518190218e-13
3.456363726830827119e-13
3.140758178434011328e-13
2.875506175219581158e-13
2.649333030921430991e-13
2.469352364133868235e-13
2.320571299901007140e-13
2.206500540601385415e-13
2.117654579375899323e-13
2.044656483783497941e-13
1.986415449675395153e-13
1.941893023015871690e-13
1.891896470089288390e-13
1.841497481590211287e-13
1.779684603820506603e-13
1.710218602236998548e-13
1.626951945500772256e-13
1.527002375658694377e-13
1.411246520024404999e-13
1.287944712037359718e-13
1.159507262974145298e-13
1.026357474001569208e-13
8.962486449346559913e-14
7.788793186505663621e-14
6.771913833869041642e-14
5.918591753294976507e-14
5.288040963433939901e-14
4.906857623147307958e-14
4.699468400124833720e-14
4.640026802309842681e-14
4.695148491756070537e-14
4.775204963395867780e-14
4.798434348466230837e-14
4.752166091492942911e-14
4.554424562775685357e-14
4.212731478653014652e-14
3.765994414201393782e-14
3.226562492025149811e-14
2.689022627713365793e-14
2.222224106544229082e-14
1.876014860298324042e-14
1.711517247677914910e-14
1.696169675616792995e-14
1.792926088097499068e-14
1.922315754270593353e-14
1.997783477634940632e-14
1.955685318558117126e-14
1.790079502181700878e-14
1.515447947909979471e-14
1.213234372424201310e-14
9.534447059454527023e-15
8.092027506278534010e-15
7.946773165737830848e-15
8.787462059940058241e-15
9.825885451493446257e-15
1.029952818035056888e-14
9.576490705715943540e-15
7.874709340718454912e-15
5.821514888269934272e-15
4.436123549390158595e-15
4.257675351420935945e-15
5.019832175096520056e-15
5.850728189229875178e-15
5.950821601689652928e-15
5.015496068006677340e-15
3.612157769100870062e-15
2.615917326705604253e-15
2.626230534333582516e-15
3.360760344546157812e-15
3.857937291070576767e-15
3.441394142684857463e-15
2.381607286648995547e-15
1.623947055844579362e-15
1.810378049934749371e-15
2.438126165451575872e-15
2.555420711694724367e-15
1.880555831777006115e-15
1.155110427845193769e-15
1.209438567266270224e-15
1.736294324719706941e-15
1.770319083805782631e-15
1.147847234224212699e-15
7.514488965363317724e-16
1.084273483446852912e-15
1.371988462867503786e-15
9.614357262799320251e-16
5.632837569658554457e-16
7.945483398290140698e-16
1.030925837895395555e-15
6.609327502250404914e-16
4.237301535612304236e-16
7.218956782776426575e-16
7.139959222161572069e-16
3.543285819951941409e-16
4.585905278875012234e-16
6.220476685466522147e-16
3.265691182798541456e-16
3.306313133231759313e-16
5.037039759140133472e-16
2.609311612513778144e-16
2.867454976482573820e-16
3.923296309345163057e-16
1.870017541658031955e-16
2.823664497574200842e-16
2.743277894039223685e-16
1.475054537893011340e-16
2.817481672504148398e-16
1.354352377816509113e-16
2.045560959081969262e-16
1.652807099108026750e-16
1.354548216705902455e-16
1.718626854093433068e-16
1.011149182258823623e-16
1.551902770044190783e-16
8.714463959872557484e-17
1.315327744404707298e-16
7.937861904054407542e-17
1.098171849410452732e-16
7.225638499513996335e-17
9.212044211906926266e-17
6.483259827573945989e-17
7.797008984886621553e-17
5.743111436744449970e-17
6.649829334847153215e-17
5.042937214670403009e-17
5.702043459613262200e-17
4.403189799653551866e-17
4.907007299643374921e-17
3.830632907363961139e-17
4.233094495260461263e-17
3.324434540265179992e-17
3.657922747766627994e-17
2.880198590226067197e-17
3.164815393036241475e-17
2.492145901608870823e-17
2.740790744696654435e-17
2.154202308833748636e-17
2.375411443465618185e-17
1.860512893750915330e-17
2.060095983051041908e-17
1.605666546745173399e-17
1.787681255048596506e-17
1.384776114105361476e-17
1.552126737920853704e-17
1.193487347220879179e-17
1.348302888981419321e-17
1.027953759139832819e-17
1.171832553822116843e-17
8.847964023205716406e-18
1.018967699120796749e-17
7.610583774534030221e-18
8.864909483035964251e-18
6.541590978684092105e-18
7.716353189059661643e-18
5.618508215517236625e-18
6.720178288221374068e-18
4.821785945724025407e-18
5.855839770481655905e-18
4.134440254133917842e-18
5.105609500034770735e-18
3.541729177911769039e-18
4.454179494432108555e-18
3.030865836338180573e-18
3.888324103188077934e-18
2.590765599449190618e-18
3.396611408591736643e-18
2.211824183896205365e-18
2.969156000751068640e-18
1.885723461991526794e-18
2.597406848237694320e-18
1.605261902273286314e-18
2.273964934010216934e-18
1.364206770996792943e-18
1.992426342747637513e-18
1.157165488558032659e-18
1.747247092525088823e-18
9.794737668213833409e-19
1.533626603337710226e-18
8.270984246139414225e-19
1.347407195497252404e-18
6.965530237631018743e-19
1.184987345189405006e-18
5.848246837205136165e-19
1.043246797636171631e-18
4.893106104081009512e-19
9.194819013264544889e-19
4.077631088597350521e-19
8.113497456390566873e-19
3.382419421280879920e-19
7.168199152797623815e-19
2.790730965069735902e-19
6.341328129936210692e-19
2.288131063805886942e-19
5.617636603712041215e-19
1.862182136912872470e-19
4.983914218070248860e-19
1.502177226426299193e-19
4.428719910947615398e-19
1.198910182930511667e-19
3.942150609600459200e-19
9.444775805074183646e-20
