# ximinus_3_2
1.080191122710065324e-08
1.638492499557209562e-08
9.346503138850462825e-09
1.483109219018951075e-08
8.166616650594075159e-09
1.354285058879895336e-08
7.237749088453450634e-09
1.249963772183247580e-08
6.541365679320151745e-09
1.168651288656653649e-08
6.064601258185878098e-09
1.109395083122724022e-08
5.800091181430265031e-09
1.071776017072766142e-08
5.745928731456362060e-09
1.055912206436733693e-08
5.905745924194175273e-09
1.062475003093870614e-08
6.288917392038399251e-09
1.092716899074482844e-08
6.910886555678570961e-09
1.148511529067071324e-08
7.793613445701268293e-09
1.232405593842692483e-08
8.966143777569214484e-09
1.347682576495102691e-08
1.046529484664288774e-08
1.498437731392619098e-08
1.233645087201897818e-08
1.689663319999946852e-08
1.463445499947415963e-08
1.927342431659276781e-08
1.742457507127610433e-08
2.218548597874649335e-08
2.078351012537807361e-08
2.571547135412672418e-08
2.480038764945134008e-08
2.995892279951345137e-08
2.957768133629962793e-08
3.502511894121538987e-08
3.523195339523510463e-08
4.103768633841895035e-08
4.189429388466082610e-08
4.813482945278203335e-08
4.971029092262832788e-08
5.646899356474290760e-08
5.883932378233122589e-08
6.620572774728078183e-08
6.945292344962960459e-08
7.752147036009548461e-08
8.173189907743127647e-08
9.059993297498941907e-08
9.586188739833922867e-08
1.056267248522143949e-07
1.120269566583412709e-07
1.227818457071030654e-07
1.304008987032310303e-07
1.422296984311944700e-07
1.511358928325075394e-07
1.641063543346259386e-07
1.743483448062858956e-07
1.885039712971054411e-07
2.001019265746086990e-07
2.154525481142246348e-07
2.283881965438650750e-07
2.448996335203435839e-07
2.591057014121406804e-07
2.766892208852013645e-07
2.920391700777149751e-07
3.105418664624324687e-07
3.268413089180334861e-07
3.460390500267957171e-07
3.630207536612139390e-07
3.826158796428270688e-07
3.999408138507004983e-07
4.195672685952871654e-07
4.368345497826581378e-07
4.560734086046244077e-07
4.728421049131294691e-07
4.912503105436053319e-07
5.070755892114412862e-07
5.242298267820224081e-07
5.387145558081832424e-07
5.542702540463434169e-07
5.671305828056057474e-07
5.808927431804662521e-07
5.920321780535006664e-07
6.040300240695958507e-07
6.136111881433320251e-07
6.241628454693798093e-07
6.326601385811247672e-07
6.424077730153934620e-07
6.506190646152081605e-07
6.605111682437293150e-07
6.695050426633138093e-07
6.807039521355626897e-07
6.916843672593816281e-07
7.053873090908951828e-07
7.194734005220567083e-07
7.366574016268831836e-07
7.546044300316028224e-07
7.757392969134160548e-07
7.976646862550990221e-07
8.224776825371102615e-07
8.476931553608576338e-07
8.750985933215781487e-07
9.021653115377409531e-07
9.304675788748394991e-07
9.575590153434712578e-07
9.849720946323042559e-07
1.010527352753106959e-06
1.035916300272691193e-06
1.059400388620698440e-06
1.082969910893837612e-06
1.105385915118080289e-06
1.128909223357051918e-06
1.152651477636567758e-06
1.178890368685269826e-06
1.206730258089364401e-06
1.238059844651802308e-06
1.271566685262062877e-06
1.308429104423802721e-06
1.346748958348169178e-06
1.387059815361826903e-06
1.427197658638188976e-06
1.467622535908347167e-06
1.506632696994669014e-06
1.545370179499174503e-06
1.583179291869267656e-06
1.622120012458267549e-06
1.662322108928272614e-06
1.705994141866327595e-06
1.752892210527934134e-06
1.804126120609919100e-06
1.858128006408048166e-06
1.914655564998363241e-06
1.971479298952760622e-06
2.028520513298056829e-06
2.084810452670023539e-06
2.142051319378584248e-06
2.201075634314492221e-06
2.264387935240436485e-06
2.332294747078634935e-06
2.405341531831245589e-06
2.481463221476017453e-06
2.559498025942780015e-06
2.637590259429703079e-06
2.716670646114488574e-06
2.797955070249346176e-06
2.884366283071127953e-06
2.976669776855446387e-06
3.074752268644338224e-06
3.175864748558391623e-06
3.278468548886707840e-06
3.382047191757967599e-06
3.489329965072408562e-06
3.602620098492300089e-06
3.723041987731382588e-06
3.848025278192809102e-06
3.975021287398157880e-06
4.103133971780641056e-06
4.235393401861207433e-06
4.374359801150424762e-06
4.519790975566650952e-06
4.667720206146389353e-06
4.816213216166357507e-06
4.967233571641630396e-06
5.124401051153856880e-06
5.286499237164517305e-06
5.449151215099764408e-06
5.610739624088321898e-06
5.775085329248193805e-06
5.943633817911148578e-06
6.111942776803972373e-06
6.276499794041180897e-06
6.440775845199539538e-06
6.606693839903558828e-06
6.768952883496480933e-06
6.924769661033922104e-06
7.078705961073865093e-06
7.230112319197172259e-06
7.372639476102413893e-06
7.508513338565459798e-06
7.641006427516717101e-06
7.764004103064387071e-06
7.877442966141654787e-06
7.986620154940019331e-06
8.085560104255705107e-06
8.175137494260198082e-06
8.260309297123547887e-06
8.335246438757561220e-06
8.403763689588495417e-06
8.468567098654073319e-06
8.524404579882703046e-06
8.579920979968383738e-06
8.629658703403138929e-06
8.678384951611217213e-06
8.726459932864550576e-06
8.772758947318583855e-06
8.821628908250746102e-06
8.869025466407627796e-06
8.919765122213079640e-06
8.969374745597795428e-06
9.021378152807655318e-06
9.071779337362669880e-06
9.122651979916301924e-06
9.170665454036101784e-06
9.217003689413148104e-06
9.259136266553117650e-06
9.298067931770678641e-06
9.332256164446388279e-06
9.363059187645029620e-06
9.389967663864775746e-06
9.414817200058509412e-06
9.437820160509202274e-06
9.460921377239950308e-06
9.484381369819534717e-06
9.509588256761300655e-06
9.536135793189735152e-06
9.564372935315755287e-06
9.592995859647001676e-06
9.621516552047477069e-06
9.648309012478074387e-06
9.672974981518254729e-06
9.694607947455107869e-06
9.713840013827380356e-06
9.731010208437021841e-06
9.747712269431139140e-06
9.764776995262680764e-06
9.783490553919613024e-06
9.803724523476361124e-06
9.825328561705489854e-06
9.846852278384766845e-06
9.867371276002457405e-06
9.885658829571269203e-06
9.901921086294993257e-06
9.916611812649122983e-06
9.931351712438346821e-06
9.947087631504003812e-06
9.964618703315383441e-06
9.983149440798239570e-06
1.000167337293224432e-05
1.001864075452762902e-05
1.003384202456135875e-05
1.004771884288905331e-05
1.006193899847127598e-05
1.007740184788102427e-05
1.009433159073009549e-05
1.011130585122232266e-05
1.012714392147772528e-05
1.014122437237672499e-05
1.015478107863764548e-05
1.016911493312428560e-05
1.018497477703927965e-05
1.020114102816663235e-05
1.021632512357656653e-05
1.023003557860334198e-05
1.024375265811702785e-05
1.025858402197841440e-05
1.027436957125534665e-05
1.028935940552656240e-05
1.030315039674678992e-05
1.031682645355549456e-05
1.033180982214126748e-05
1.034716501443443658e-05
1.036153590975332945e-05
1.037503433602602828e-05
1.038944412875393893e-05
1.040454470964105608e-05
1.041890694593182898e-05
1.043240059175990076e-05
1.044680593060871916e-05
1.046166313906912757e-05
1.047563664093817629e-05
1.048934075262287257e-05
1.050414392596323733e-05
1.051847309897198703e-05
1.053208168363880268e-05
1.054645573947449791e-05
1.056097516004451823e-05
1.057439787696785738e-05
1.058860924377321774e-05
1.060287174551683160e-05
1.061638642217475877e-05
1.063051924548554845e-05
1.064449696094716949e-05
1.065796585647958337e-05
1.067223663379409114e-05
1.068559613071729965e-05
1.069940711327101949e-05
1.071293681306723661e-05
1.072642940684848695e-05
1.073989498100768998e-05
1.075313641954130624e-05
1.076649693781149776e-05
1.077940798121454129e-05
1.079262978486371553e-05
1.080520388411096006e-05
1.081811364195108635e-05
1.083057848121558797e-05
1.084297722372336302e-05
1.085519788351025085e-05
1.086718943347965443e-05
1.087895185188167689e-05
1.089059941928414575e-05
1.090178755479753988e-05
1.091292473619905115e-05
1.092362591031679972e-05
1.093401839047968815e-05
1.094414866517156038e-05
1.095383534965072910e-05
1.096318486457336471e-05
1.097215769312945492e-05
1.098056875230299522e-05
1.098865112972641248e-05
1.099614349729272715e-05
1.100310936178143884e-05
1.100955920961136398e-05
1.101533701814618057e-05
1.102052042596985745e-05
1.102505210450558424e-05
1.102880356187499761e-05
1.103189534491971710e-05
1.103412481645140267e-05
1.103552064435795059e-05
1.103607270900488917e-05
1.103567032205691022e-05
1.103435656135670849e-05
1.103205580466750261e-05
1.102865840550345072e-05
1.102422772964596379e-05
1.101862830595988942e-05
1.101188436069790474e-05
1.100396395861758351e-05
1.099477327059164572e-05
1.098431515903227921e-05
1.097253121459547382e-05
1.095937231795099513e-05
1.094487506413031198e-05
1.092892934063461551e-05
1.091152624212480158e-05
1.089263369310779748e-05
1.087219511897165281e-05
1.085022143658927758e-05
1.082664402067043234e-05
1.080142955311519689e-05
1.077459621697231841e-05
1.074608579202957462e-05
1.071588065933833250e-05
1.068397075586249597e-05
1.065033967861104582e-05
1.061500270568657863e-05
1.057791817346218495e-05
1.053908951648633763e-05
1.049853417582085574e-05
1.045620091615379184e-05
1.041209745908248069e-05
1.036621476398424406e-05
1.031851661124530221e-05
1.026901596870026053e-05
1.021770325963542261e-05
1.016457049651801207e-05
1.010964459641224515e-05
1.005293256795166015e-05
9.994448039019723014e-06
9.934209993608387175e-06
9.872210720641273431e-06
9.808482749337090506e-06
9.743029632293661725e-06
9.675854944155026522e-06
9.606976001306591372e-06
9.536409128863146002e-06
9.464196262735760079e-06
9.390357549943064436e-06
9.314908978635829220e-06
9.237883710297838474e-06
9.159318316117301856e-06
9.079258448048399126e-06
8.997736797503014562e-06
8.914776276042583406e-06
8.830417439049132600e-06
8.744693054281679856e-06
8.657638053058550932e-06
8.569320046930970877e-06
8.479799102270875236e-06
8.389123204519300406e-06
8.297319303180450615e-06
8.204430975889781836e-06
8.110514760660570362e-06
8.015635951179404581e-06
7.919868492792356786e-06
7.823267246208448988e-06
7.725868566788843175e-06
7.627740529022023488e-06
7.528943023732033751e-06
7.429538988582695302e-06
7.329596217855871977e-06
7.229183929116165279e-06
7.128372494849549243e-06
7.027213317153619754e-06
6.925762244896604366e-06
6.824104485056322276e-06
6.722310566918883783e-06
6.620431764720021830e-06
6.518533165752560250e-06
6.416700433087490981e-06
6.314991752437385195e-06
6.213460766781873323e-06
6.112175949922364251e-06
6.011199493503464421e-06
5.910595111131213397e-06
5.810431884743239570e-06
5.710761320235489455e-06
5.611645676036395177e-06
5.513149385977662888e-06
5.415318491846819396e-06
5.318212201759043023e-06
5.221876731047623909e-06
5.126360531695059812e-06
5.031721049037196659e-06
4.937999323426414351e-06
4.845242203214607330e-06
4.753488972818564713e-06
4.662787230719112452e-06
4.573176477318740838e-06
4.484689425498642887e-06
4.397347803948935348e-06
4.311194934478285576e-06
4.226255589395498563e-06
4.142555015888342665e-06
4.060115424684724004e-06
3.978962805708867481e-06
3.899117376559615187e-06
3.820594254467856121e-06
3.743405787791808038e-06
3.667556676721651543e-06
3.593069659260853226e-06
3.519951620284695838e-06
3.448205609203031036e-06
3.377838460938918495e-06
3.308848744473772827e-06
3.241238358132403112e-06
3.174999923797701670e-06
3.110122806163257574e-06
3.046618023549920499e-06
2.984467710483226732e-06
2.923663115567091721e-06
2.864202868210424861e-06
2.806063007744694715e-06
2.749242801266713327e-06
2.693713431450197856e-06
2.639453701710902437e-06
2.586475089560072885e-06
2.534736206478852606e-06
2.484220989075731185e-06
2.434918830103308042e-06
2.386791149768609699e-06
2.339842788036777981e-06
2.294028089486501537e-06
2.249317363140568284e-06
2.205728905186298164e-06
2.163207909691242086e-06
2.121734484778970986e-06
2.081284389011759675e-06
2.041811326786231106e-06
2.003338215317334727e-06
1.965810028814541869e-06
1.929184544280134058e-06
1.893484475344861278e-06
1.858649536800669323e-06
1.824667885002862280e-06
1.791511832359426633e-06
1.759133327896636998e-06
1.727564733473337955e-06
1.696736514168183996e-06
1.666614899309792139e-06
1.637230729767546265e-06
1.608507786307552380e-06
1.580454113716921736e-06
1.553040835967089068e-06
1.526212370010721611e-06
1.500019410981745211e-06
1.474383715950195552e-06
1.449277021701675964e-06
1.424738798261462996e-06
1.400690930241748196e-06
1.377157955282217374e-06
1.354103676443503992e-06
1.331471518747535267e-06
1.309329817483492504e-06
1.287598842367580109e-06
1.266262281462184507e-06
1.245355228397133280e-06
1.224799233464260220e-06
1.204632520020067789e-06
1.184816961988760914e-06
1.165304884429145452e-06
1.146170392256889944e-06
1.127328506085792424e-06
1.108781040440324275e-06
1.090557213525597597e-06
1.072580544349562928e-06
1.054904127876753737e-06
1.037491343036369751e-06
1.020291017069317917e-06
1.003386472129804888e-06
9.866955198029495001e-07
9.702291169107802193e-07
9.540093695557350261e-07
9.379716945327141396e-07
9.221720885374473901e-07
9.065676921888267683e-07
8.911248118242867608e-07
8.759220751450900544e-07
8.608746248267997094e-07
8.460087667316712556e-07
8.313374892222657088e-07
8.168002553536842521e-07
8.024622161873494922e-07
7.882798689187379517e-07
7.742235807416682128e-07
7.603638530706621500e-07
7.466274890971044457e-07
7.330447882819464134e-07
7.196226227050906234e-07
7.063104325996292960e-07
6.931680847847065066e-07
6.801481902572719221e-07
6.672309485800369102e-07
6.544721004313327392e-07
6.418028064930318894e-07
6.292545447400137415e-07
6.168230128849584316e-07
6.044670178513068548e-07
5.922422154261994002e-07
5.801087777944602941e-07
5.680596523016364536e-07
5.561423397102818239e-07
5.443084673575971198e-07
5.325984136998063969e-07
5.210140490128788200e-07
5.095326588494930924e-07
4.982079535768302825e-07
4.870126443467823565e-07
4.759539262946189414e-07
4.650672327537170604e-07
4.543198161652067109e-07
4.437465142904622555e-07
4.333441209023298564e-07
4.230941261228207274e-07
4.130314424495137972e-07
4.031325492612320740e-07
3.934032515766203287e-07
3.838579280745649444e-07
3.744699854922533984e-07
3.652584016729941459e-07
3.562156269473519940e-07
3.473271903118105609e-07
3.386093285943087926e-07
3.300407763650399843e-07
3.216266880896961885e-07
3.133694144352272846e-07
3.052553852480064391e-07
2.972907653668867686e-07
2.894690446487761876e-07
2.817844795524456029e-07
2.742418882457400528e-07
2.668298672630206791e-07
2.595526075354692934e-07
2.524075455213238544e-07
2.453886109822854636e-07
2.384959875539019752e-07
2.317292627244267752e-07
2.250882140544885366e-07
2.185716008208696727e-07
2.121776777000560835e-07
2.059058087832755689e-07
1.997523439227346386e-07
1.937202973496579359e-07
1.878054952640753348e-07
1.820112713116574132e-07
1.763384547868719884e-07
1.707798030676993181e-07
1.653405147499605713e-07
1.600190100780352214e-07
1.548130508879152777e-07
1.497257027636266232e-07
1.447498786263045024e-07
1.398918986999042178e-07
1.351518676887379068e-07
1.305208035429229279e-07
1.260056302970116841e-07
1.216027225020902188e-07
1.173109039046020738e-07
1.131347532743209019e-07
1.090644344985957824e-07
1.051046201486024529e-07
1.012557589112683650e-07
9.751015360722910887e-08
9.387425361773423500e-08
9.034116293218455415e-08
8.690954307772371537e-08
8.358381735778125136e-08
8.035562450841256855e-08
7.722804692815775593e-08
7.419926628995780112e-08
7.126331685195275524e-08
6.842450929598691309e-08
6.567680096598250089e-08
6.301791790341899640e-08
6.045082767406292749e-08
5.796758459774469861e-08
5.557073726796595418e-08
5.325842386152012764e-08
5.102537754665746146e-08
4.887357918087738050e-08
4.679764425830576006e-08
4.479755074960825397e-08
4.287207486518864728e-08
4.101650048965735436e-08
3.923173035236510070e-08
3.751408899359427317e-08
3.586265473723784711e-08
3.427551760887494694e-08
3.274922398055898208e-08
3.128276413367641749e-08
2.987466417245531243e-08
2.852358079562023406e-08
2.722778769200980670e-08
2.598408985983677489e-08
2.479090478162584321e-08
2.364787443911232278e-08
2.255296992966299341e-08
2.150284867057977349e-08
2.049710534852971078e-08
1.953403048585723601e-08
1.861305259397359504e-08
1.773218125187757287e-08
1.688923664963948827e-08
1.608298747311181604e-08
1.531274746302973836e-08
1.457633679247260427e-08
1.387155543340422390e-08
1.319972554946030777e-08
1.255832200817319372e-08
1.194599431053303642e-08
1.136236389958445387e-08
1.080352156858146848e-08
1.027246281571474871e-08
9.765786153130241746e-09
9.280792539566122163e-09
8.821513501137565197e-09
8.381901942393926593e-09
7.963362448342974062e-09
7.565608029926986430e-09
7.183888845678543927e-09
6.823445094618691879e-09
6.479267499786030431e-09
6.149780783087184039e-09
5.838813865013013386e-09
5.540768938820779507e-09
5.258501387050647176e-09
4.990617121348703793e-09
4.733819107345614288e-09
4.492256891809157278e-09
4.261711629741988080e-09
4.042164213959361178e-09
3.835316942329963848e-09
3.636877689383737835e-09
3.449265985163976793e-09
3.271388371287733880e-09
3.100511264024321678e-09
2.940052913398138951e-09
2.787023748567789000e-09
2.641326961573748049e-09
2.504178976972744712e-09
2.373310690383976330e-09
2.250162880833347266e-09
2.133162522159900681e-09
2.020878806497604819e-09
1.915895095887077318e-09
1.815133870882602944e-09
1.719145267880228111e-09
1.628802835959831550e-09
1.542170918433431201e-09
1.461336582151893931e-09
1.384896022204886213e-09
1.311214482436045627e-09
1.242902848416963455e-09
1.177039102392125499e-09
1.114437206631484292e-09
1.055810912234896036e-09
9.994537475752960720e-10
9.474666157582443658e-10
8.983714587129737211e-10
8.504766277243125264e-10
8.061570470274323006e-10
7.628035478334092350e-10
7.219161738759291134e-10
6.842438977208155010e-10
6.475580047138742869e-10
6.137167078118949550e-10
5.810887960216770528e-10
5.490447204864611272e-10
5.206346361894490759e-10
4.934003963675714759e-10
4.678596351536472508e-10
4.435422605137373085e-10
4.192347051242165022e-10
3.976904755597949916e-10
3.771495602497258680e-10
3.564586365865681353e-10
3.375578508111948383e-10
3.191501134551626833e-10
3.026847529195174775e-10
2.872321953895089139e-10
2.714401331358753121e-10
2.577581908186403337e-10
2.447026140240729872e-10
2.313333595310773774e-10
2.191491800162913535e-10
2.072905287760667283e-10
1.966274615647105675e-10
1.864224041737303458e-10
1.763665014539469721e-10
1.678792475663563784e-10
1.589080788303071606e-10
1.500106381996024048e-10
1.425187817389667149e-10
1.346569010675335242e-10
1.279387687837804485e-10
1.218717246465136925e-10
1.150660493795490810e-10
1.092138385377075511e-10
1.031867119999943097e-10
9.758715106647061765e-11
9.309844331651229245e-11
8.825641849151736422e-11
8.376857810740718449e-11
7.923453637999307511e-11
7.482060892776791595e-11
7.130558115105950269e-11
6.776152663404749356e-11
6.412830852465876312e-11
6.078461930143516800e-11
5.760865145905722435e-11
5.487918163945426121e-11
5.206668799395438430e-11
4.902735282249015017e-11
4.669904171310675786e-11
4.451069431085343046e-11
4.215221145868438165e-11
3.984478048838226614e-11
3.782970148046756358e-11
3.612702239320689135e-11
3.418958611255747785e-11
3.229472772388999507e-11
3.086482049541003742e-11
2.921189701912010360e-11
2.766630001985959491e-11
2.643203973140876271e-11
2.494232201102414241e-11
2.364537255738334276e-11
2.262574170575323932e-11
2.136223994409593379e-11
2.029474778445392160e-11
1.934886354262811270e-11
1.829151250775203591e-11
1.743171958079450331e-11
1.648814702238913210e-11
1.571160747587292888e-11
1.493608477669058091e-11
1.411325360017958657e-11
1.349681471554668029e-11
1.275478417920265053e-11
1.213540909511131469e-11
1.152278891831519582e-11
1.091647461788692293e-11
1.037719983988130128e-11
9.888121499571201096e-12
9.351087527706734163e-12
8.912914557296943518e-12
8.434034914272849363e-12
8.019256326899889878e-12
7.612891778507163101e-12
7.213886177214475070e-12
6.859227697308904728e-12
6.493764400084887092e-12
6.150393048636389683e-12
5.843965147578826005e-12
5.539706189111208742e-12
5.248140436906208863e-12
4.972779356919233517e-12
4.694316402232294786e-12
4.446890757831301628e-12
4.204273670851352296e-12
3.963864512651413043e-12
3.747124894722591219e-12
3.535377500452810701e-12
3.333847597699179965e-12
3.138538028647761634e-12
2.943771709939760758e-12
2.768332533157789317e-12
2.593646544890786456e-12
2.427198958937016653e-12
2.273233006928149886e-12
2.118207395076771074e-12
1.970550453405419154e-12
1.831072625456829570e-12
1.696384691566816485e-12
1.571186373204237763e-12
1.451285859870689498e-12
1.333156514612783017e-12
1.222310130051900518e-12
1.117439147934996558e-12
1.019773630918770187e-12
9.300939155627131248e-13
8.421538941467537954e-13
7.612879739955889969e-13
6.886543121787517716e-13
6.218282322648170992e-13
5.612461493050470715e-13
5.028634868862344430e-13
4.550328334473123499e-13
4.136192661352125534e-13
3.758437327175465683e-13
3.424441959616373582e-13
3.169521849299065472e-13
2.959861715524831126e-13
2.769319188739825894e-13
2.631066860728396346e-13
2.538058569708621928e-13
2.439190169056971477e-13
2.367251639786960898e-13
2.320536217003378918e-13
2.255508005434328637e-13
2.189691124183923192e-13
2.125719121525898885e-13
2.033106082662940573e-13
1.936291509384144107e-13
1.819927028506954537e-13
1.677632550733454445e-13
1.535994083489812626e-13
1.380360279734189910e-13
1.223050400936594184e-13
1.070337906978829135e-13
9.279499011502610494e-14
8.106278746023776625e-14
7.050614656132623956e-14
6.344540858213800267e-14
5.846320372808839439e-14
5.631944965191475136e-14
5.530474495556475827e-14
5.612513130160709810e-14
5.684840798519712125e-14
5.725808756276627404e-14
5.649968911883759592e-14
5.430564406569996445e-14
5.009104531128892355e-14
4.490817089742508782e-14
3.838530253707376573e-14
3.210495852042894511e-14
2.649653958436930384e-14
2.249739851710500685e-14
2.044635744332594808e-14
2.034585337704306381e-14
2.134764771551094532e-14
2.293910865386589724e-14
2.373178014487987307e-14
2.331095095289678687e-14
2.129491035361939272e-14
1.809083449554402110e-14
1.443717520109879500e-14
1.142686981936113811e-14
9.648876367465204309e-15
9.538404312939114053e-15
1.045849681795034336e-14
1.173103188882051065e-14
1.224235258000738626e-14
1.141723345275474775e-14
9.348530786738773613e-15
6.975964792695924043e-15
5.297111587977040671e-15
5.120395266004834655e-15
5.960194936354154115e-15
6.983152214071137070e-15
7.070946836322384130e-15
5.987150513014574538e-15
4.293232816127137118e-15
3.151525958848936069e-15
3.123139733065880447e-15
4.023897592159462758e-15
4.576983099965736526e-15
4.105836203781846086e-15
2.831156702445233174e-15
1.960641224535262340e-15
2.149080126107069826e-15
2.917373972029089865e-15
3.026573750353058946e-15
2.254272055277821695e-15
1.372779561263295732e-15
1.455826807362042442e-15
2.058954318635646595e-15
2.114493033664381195e-15
1.360814346209139298e-15
9.111340752519516540e-16
1.283458322051658064e-15
1.640427412275869024e-15
1.138723757615562804e-15
6.823703096760026246e-16
9.411361177655142648e-16
1.232966672987683676e-15
7.814713125135000883e-16
5.156860033905285432e-16
8.518720424111971419e-16
8.572213888500597093e-16
4.174791698207674330e-16
5.539751720275847919e-16
7.335901250737667105e-16
3.965433369766101373e-16
3.893294109601732087e-16
6.047203254576266260e-16
3.065670578043816915e-16
3.477582674316279669e-16
4.615261969332502010e-16
2.289946746560781377e-16
3.317422502887042887e-16
3.311975066669109601e-16
1.724688971649079816e-16
3.393035874763428565e-16
1.580834112456859407e-16
2.476351595651996897e-16
1.932182603414265726e-16
1.655476578799981692e-16
2.009523156533776131e-16
1.245214883647496974e-16
1.812741547117837286e-16
1.075809923262578684e-16
1.533695362999514614e-16
9.800917266348740698e-17
1.277676830996612962e-16
8.923945930279956262e-17
1.069172842954910207e-16
8.015097947948674889e-17
9.025930371507706708e-17
7.112123653794894439e-17
7.676825896042253871e-17
6.259171128469199237e-17
6.563495036371958206e-17
5.480045075485729342e-17
5.630775770482494233e-17
4.782444499783486099e-17
4.841242205100922354e-17
4.165143332547418048e-17
4.168391813924798383e-17
3.622741084146536442e-17
3.592469098596691729e-17
3.148231575723028040e-17
3.098091551522958752e-17
2.734282986086377636e-17
2.672890323029802470e-17
2.373841576088495505e-17
2.306696308479748768e-17
2.060394097687304979e-17
1.991022564964750812e-17
1.788060196195230717e-17
1.718714015104111957e-17
1.551601118642957077e-17
1.483696660669148442e-17
1.346388454931446883e-17
1.280789493938481896e-17
1.168355300066292493e-17
1.105558223718732708e-17
1.013941387893487682e-17
9.541983755394956938e-18
8.800380892245032951e-18
8.234399752832373882e-18
7.639362240668826183e-18
7.104686855062056465e-18
6.632780097111024223e-18
6.128598503514261934e-18
5.760136366080555082e-18
5.285229000532397816e-18
5.003624797031600541e-18
4.556542223347817554e-18
4.347787272492593536e-18
3.926970317224400843e-18
3.779210967242865905e-18
3.383070886169993754e-18
3.286262535685792640e-18
2.913233435558623885e-18
2.858855540440621138e-18
2.507427503673079567e-18
2.488247371040480398e-18
2.156986262308501498e-18
2.166862254423353350e-18
1.854420357610455939e-18
1.888137219432293878e-18
1.593257666264053152e-18
1.646388171223917552e-18
1.367905244487677457e-18
1.436693610000114821e-18
1.173530384868924135e-18
1.254793702152811437e-18
1.005958070625760787e-18
1.097002839614429567e-18
8.615826172100843723e-19
9.601338765121805129e-19
7.372915120813872636e-19
8.414326296468597601e-19
6.303998532030178351e-19
7.385212682242684710e-19
5.385939210476271637e-19
6.493495244897167691e-19
4.598827137292513060e-19
5.721527078537284056e-19
3.925563812615414027e-19
5.054156929779689271e-19
3.351507235153873368e-19
4.478421612510545981e-19
2.864169580900840411e-19
3.983284824767660024e-19
2.452961633356709522e-19
3.559417215515856457e-19
