# ximinus_2_2
1.825949035126152477e-08
5.677025028983057720e-09
1.630893258594642210e-08
4.662942566955698759e-09
1.461867852635188006e-08
3.836776115237512735e-09
1.316030324517952385e-08
3.176961001753297885e-09
1.191007290167275327e-08
2.666005690278599404e-09
1.084850752763621204e-08
2.290140383808269386e-09
9.960034968152179011e-09
2.039048564754628475e-09
9.232729635036391761e-09
1.905675679308219514e-09
8.658129348601920383e-09
1.886110440457978172e-09
8.231125985853098757e-09
1.979534928027823088e-09
7.949925747605102393e-09
2.188239893022438559e-09
7.816076232774348180e-09
2.517702563736979424e-09
7.834555742345715813e-09
2.976723663372539231e-09
8.013922675534417815e-09
3.577619765168872629e-09
8.366518663583297611e-09
4.336465213036419536e-09
8.908719784507561180e-09
5.273376144873579850e-09
9.661225336280113846e-09
6.412824484930027770e-09
1.064937086678890591e-08
7.783966412153646913e-09
1.190344556999259445e-08
9.420961655479542796e-09
1.345898762259925689e-08
1.136325298093159610e-08
1.535702050498930006e-08
1.365576355078452280e-08
1.764418282403192058e-08
1.634895817867475401e-08
2.037268968985692790e-08
1.949869873126065057e-08
2.360004808036338078e-08
2.316580779162223739e-08
2.738843160017183394e-08
2.741523737903973352e-08
3.180360272397119339e-08
3.231472295094887414e-08
3.691325559185537105e-08
3.793279003657300214e-08
4.278464319389524930e-08
4.433597599457452208e-08
4.948135307723570820e-08
5.158513789331430705e-08
5.705911489629653389e-08
5.973074790994100169e-08
6.556056689098485279e-08
6.880713901621501967e-08
7.500899078815532675e-08
7.882576904560199374e-08
8.540115516649822704e-08
8.976773114030917185e-08
9.669960051987873074e-08
1.015759657556218542e-07
1.088249603409280321e-07
1.141479267754820827e-07
1.216492460264905835e-07
1.273298172259120653e-07
1.349914083747515877e-07
1.409139098527648204e-07
1.486168890023412861e-07
1.546408476339219085e-07
1.622432086321642127e-07
1.682090762476680451e-07
1.755537812677936596e-07
1.812935419374745837e-07
1.882219122684643675e-07
1.935752874664092362e-07
1.999461067072478377e-07
2.047823554542441598e-07
2.104961422240880917e-07
2.147402400991866842e-07
2.197666676113684180e-07
2.234269096597616854e-07
2.278313819610497257e-07
2.310233194997500833e-07
2.349865088613435958e-07
2.379459940086207672e-07
2.417682655024727886e-07
2.448449965345658598e-07
2.489270496628440267e-07
2.525505237785081005e-07
2.573435516286167309e-07
2.619571007519957048e-07
2.678816269496923440e-07
2.738483511980640773e-07
2.811913415710165537e-07
2.886882604331062241e-07
2.975021214153620096e-07
3.064334238846173353e-07
3.164741879568610082e-07
3.264453938449410195e-07
3.371932721810119744e-07
3.475863926021683142e-07
3.583800015778893539e-07
3.685456243981457815e-07
3.788235355007289385e-07
3.883549632074152446e-07
3.979368558151966864e-07
4.069248343326304266e-07
4.162011706186704198e-07
4.253190038745306900e-07
4.351974994710217468e-07
4.454876415029163031e-07
4.570195512361221449e-07
4.693865735217575312e-07
4.831843995375922625e-07
4.978247932524762383e-07
5.136121179523687547e-07
5.297958431597716437e-07
5.465122412277152964e-07
5.630548123325405174e-07
5.796654837408085319e-07
5.959565287758456010e-07
6.124957847602734981e-07
6.292975837166169494e-07
6.471639680924823133e-07
6.662237394241225291e-07
6.870894253920564249e-07
7.095404187483282181e-07
7.336527808531420477e-07
7.587597365940483411e-07
7.846490307979321978e-07
8.107643237522989827e-07
8.373182616593951129e-07
8.644593670675495339e-07
8.930281463319352661e-07
9.235142562690839138e-07
9.565299515270141429e-07
9.918840035036863164e-07
1.029281605006393737e-06
1.067940899994601120e-06
1.107615052893426595e-06
1.148331781087133500e-06
1.190950946328151626e-06
1.236270234356303291e-06
1.284957573182023275e-06
1.336721365409507127e-06
1.390907045989921615e-06
1.446724721363970745e-06
1.504319045884777255e-06
1.564499969810345628e-06
1.628427839077074519e-06
1.696340132484413335e-06
1.767571175982132550e-06
1.841017026449319177e-06
1.916600659166366116e-06
1.995286505396879666e-06
2.078241117699145053e-06
2.165223486450090757e-06
2.254953926690953951e-06
2.346561879744052802e-06
2.440915445589399210e-06
2.539182607929829026e-06
2.641011426568040141e-06
2.744598623939217376e-06
2.849393179024477258e-06
2.956592852718411103e-06
3.066723390742296201e-06
3.177902558318603247e-06
3.288770408651883311e-06
3.400334996297307479e-06
3.513190350056230733e-06
3.625078340643388035e-06
3.734809826709490547e-06
3.843747885015454218e-06
3.951458622624682800e-06
4.055271850146579167e-06
4.155801317254344191e-06
4.253944265482406439e-06
4.347246423779070426e-06
4.435414012201561156e-06
4.520244605178198221e-06
4.599329840552724560e-06
4.672901168621924389e-06
4.742678320712404315e-06
4.806506279324611050e-06
4.865790191777449781e-06
4.921623110658421368e-06
4.972169265857637179e-06
5.020801098509540106e-06
5.065691212990596074e-06
5.108835134401051337e-06
5.150593396202617530e-06
5.190788775630614301e-06
5.231234133274980812e-06
5.270615241251011124e-06
5.310838644294010257e-06
5.350320711240566357e-06
5.390371901603644508e-06
5.429454130338223335e-06
5.468227181630203347e-06
5.505298627460265673e-06
5.540941026522307753e-06
5.574037888064097231e-06
5.604833173405057142e-06
5.632658233841686353e-06
5.658019381080444177e-06
5.680784571796995252e-06
5.701802723007436963e-06
5.721350501312767644e-06
5.740417714186960302e-06
5.759327480513787965e-06
5.778816702332442083e-06
5.798833485489490694e-06
5.819546515753236965e-06
5.840359675256764022e-06
5.860942705525878165e-06
5.880453785941539196e-06
5.898574193597831229e-06
5.914820199626318821e-06
5.929449215645914977e-06
5.942684200376440231e-06
5.955369958214341108e-06
5.968050013054115581e-06
5.981450788719374946e-06
5.995598053432191214e-06
6.010413730680691475e-06
6.025141343398752479e-06
6.039220078851087603e-06
6.051962947997490761e-06
6.063420471448224930e-06
6.073853160797631350e-06
6.084150870175870293e-06
6.094901766626712613e-06
6.106578032543789269e-06
6.118789652227506189e-06
6.130961723188177262e-06
6.142221500054819013e-06
6.152401928658929760e-06
6.161744155973461080e-06
6.171178223922624478e-06
6.181253934189060700e-06
6.192120448176221002e-06
6.203000643696538540e-06
6.213203699436607415e-06
6.222360213249034792e-06
6.231146634341973367e-06
6.240323263676925433e-06
6.250341054952622548e-06
6.260535655328771481e-06
6.270160789535526921e-06
6.278915285434210689e-06
6.287623764897687178e-06
6.296937146941134576e-06
6.306787868194830228e-06
6.316186418472675987e-06
6.324880218970456048e-06
6.333473809405414295e-06
6.342789506648884322e-06
6.352314815059511899e-06
6.361272788132389079e-06
6.369708461126009136e-06
6.378639485540103980e-06
6.387957065240901334e-06
6.396850888910700438e-06
6.405231921350927613e-06
6.414119795656263389e-06
6.423267503887831499e-06
6.431917741243519507e-06
6.440409308156195081e-06
6.449530419291920754e-06
6.458383242173074937e-06
6.466821658313497130e-06
6.475693032305494953e-06
6.484655203353974390e-06
6.492986494837841637e-06
6.501767937489531045e-06
6.510584735462772401e-06
6.518979639537359515e-06
6.527723815136297638e-06
6.536386018564575096e-06
6.544763237607423366e-06
6.553612330018015405e-06
6.561940534559332793e-06
6.570537091737678454e-06
6.578986682109188264e-06
6.587422446474049745e-06
6.595854021481196664e-06
6.604188870523982081e-06
6.612605665012573908e-06
6.620791268285749400e-06
6.629175088090615838e-06
6.637205734545554866e-06
6.645470373047561898e-06
6.653501728946256329e-06
6.661506255923779227e-06
6.669461023746081879e-06
6.677301778644724945e-06
6.685058546692291814e-06
6.692787015939757342e-06
6.700284559140994175e-06
6.707824925694147801e-06
6.715160000611355611e-06
6.722359432554707069e-06
6.729488298652682312e-06
6.736403048800422036e-06
6.743201568271611121e-06
6.749847092288151596e-06
6.756222891865792109e-06
6.762506563279519426e-06
6.768526171827859338e-06
6.774317192829132798e-06
6.779915931735577349e-06
6.785197302497595027e-06
6.790241173976435839e-06
6.794999420595621040e-06
6.799388547434639422e-06
6.803514390452607883e-06
6.807240213777565968e-06
6.810590940032120571e-06
6.813578887698385060e-06
6.816102047700172008e-06
6.818211084743838262e-06
6.819849226556625124e-06
6.820955755862421114e-06
6.821595968553278351e-06
6.821664620547546063e-06
6.821171695921700107e-06
6.820103800913389037e-06
6.818388458756846037e-06
6.816059155973088405e-06
6.813068711752050633e-06
6.809376214150466810e-06
6.805008904517382304e-06
6.799889028000519561e-06
6.794018905351411898e-06
6.787377838606003673e-06
6.779906538849977110e-06
6.771622421295762317e-06
6.762472704648380142e-06
6.752431856905278610e-06
6.741502829275343889e-06
6.729641283455259724e-06
6.716840666887135437e-06
6.703085067152903393e-06
6.688338551068412058e-06
6.672627776018041200e-06
6.655924636603554268e-06
6.638215551808573001e-06
6.619506586043852448e-06
6.599771463721194592e-06
6.579000888294896924e-06
6.557172758340508248e-06
6.534265924205830604e-06
6.510291439815050807e-06
6.485218728558926904e-06
6.459052228381291510e-06
6.431797338406775993e-06
6.403444229159626535e-06
6.374005819234795328e-06
6.343482110355838568e-06
6.311857942788014848e-06
6.279146640551918558e-06
6.245331004900736923e-06
6.210412708239315407e-06
6.174401675312390788e-06
6.137302605424329319e-06
6.099130767296359978e-06
6.059892767596845581e-06
6.019583646154796229e-06
5.978221903389396438e-06
5.935806782154875976e-06
5.892362008808069374e-06
5.847903869682310351e-06
5.802447229923071764e-06
5.756003689599310294e-06
5.708586642186516127e-06
5.660212076360204790e-06
5.610917837133651788e-06
5.560722395834117388e-06
5.509647629092756488e-06
5.457699475838268025e-06
5.404894623190841812e-06
5.351267612335441723e-06
5.296865891648179357e-06
5.241721181486571093e-06
5.185855491105970795e-06
5.129276299573821475e-06
5.072020686740965541e-06
5.014130124595667867e-06
4.955643608276341365e-06
4.896591423434090583e-06
4.837013210053660256e-06
4.776941708696145092e-06
4.716407838191335549e-06
4.655443040794595459e-06
4.594104605224635956e-06
4.532431588027872286e-06
4.470447711728893417e-06
4.408195248898158282e-06
4.345735531422576257e-06
4.283096200848726482e-06
4.220305064625071998e-06
4.157409857115481792e-06
4.094455078584407236e-06
4.031477999288201888e-06
3.968526534377218607e-06
3.905636585719308398e-06
3.842852666670341146e-06
3.780212658366303421e-06
3.717747812291024221e-06
3.655507889841799250e-06
3.593521722690584062e-06
3.531819791559265481e-06
3.470457459034061745e-06
3.409463945351712751e-06
3.348868851514400578e-06
3.288706883536815642e-06
3.229016403496998084e-06
3.169821274740587171e-06
3.111161122473564435e-06
3.053058466399468722e-06
2.995546975557820527e-06
2.938647594569184727e-06
2.882380941664521837e-06
2.826774064138623002e-06
2.771856373095654708e-06
2.717648127027114181e-06
2.664162505989848297e-06
2.611417320060875239e-06
2.559428792901019705e-06
2.508216723070861685e-06
2.457796057843830305e-06
2.408174198999973089e-06
2.359369010847266985e-06
2.311385215126235285e-06
2.264231538185437655e-06
2.217912842108865093e-06
2.172435102682327189e-06
2.127803723117190649e-06
2.084019267050850760e-06
2.041083862189733200e-06
1.999004513110599639e-06
1.957769628485834449e-06
1.917384943253905926e-06
1.877844051219172385e-06
1.839137979741842378e-06
1.801270792666774750e-06
1.764234167556837068e-06
1.728015209657029927e-06
1.692612073982182946e-06
1.658010728608478402e-06
1.624210038644126247e-06
1.591187994124925050e-06
1.558934438450139569e-06
1.527456884785187121e-06
1.496728951961643800e-06
1.466737835369023666e-06
1.437470553989809470e-06
1.408902213040814763e-06
1.381046105723666676e-06
1.353871118462673449e-06
1.327354843316282502e-06
1.301505045300195820e-06
1.276292083591297754e-06
1.251704162347519065e-06
1.227724644744994855e-06
1.204327455882231842e-06
1.181527713908461135e-06
1.159285259376912993e-06
1.137579626762744400e-06
1.116423525137163767e-06
1.095774044837548537e-06
1.075631301992380478e-06
1.055977617202232446e-06
1.036779536791626042e-06
1.018062161600609784e-06
9.997782863490126725e-07
9.819093296061688952e-07
9.644744424972109603e-07
9.474282006754405259e-07
9.307803319494388702e-07
9.145076506672705328e-07
8.985742282500953350e-07
8.830174787390327907e-07
8.677889994092115552e-07
8.528760913511024681e-07
8.382955847399772513e-07
8.240014913953948496e-07
8.100115772632394583e-07
7.963004245033863399e-07
7.828385508966427356e-07
7.696669115528196005e-07
7.567328938278738954e-07
7.440357943446235337e-07
7.315898820132136582e-07
7.193481275832793029e-07
7.073391292546499172e-07
6.955392624562064028e-07
6.839152125200492664e-07
6.725161591196267603e-07
6.612907723063289447e-07
6.502429463656878111e-07
6.393837007019690525e-07
6.286727918580350485e-07
6.181420836607659955e-07
6.077633125931442786e-07
5.975136874351032381e-07
5.874415211584569249e-07
5.774924687526411548e-07
5.676811987655446354e-07
5.580139086071544278e-07
5.484520015600408969e-07
5.390363456263934287e-07
5.297385295784706578e-07
5.205391049589903808e-07
5.114844913894884705e-07
5.025269703475696543e-07
4.936850785004247441e-07
4.849623923763264328e-07
4.763257521710143905e-07
4.678151154701936312e-07
4.593983719507205444e-07
4.510621502617125153e-07
4.428454817799004415e-07
4.347008801094420143e-07
4.266486934530070332e-07
4.186839912421391506e-07
4.107760175544913590e-07
4.029620600249510079e-07
3.952106733429308800e-07
3.875132465840551868e-07
3.799025391751288851e-07
3.723402873950561068e-07
3.648508047831035520e-07
3.574297793516124662e-07
3.500565744154821137e-07
3.427685415016381565e-07
3.355414482105340730e-07
3.283779495759986080e-07
3.213055564839403988e-07
3.142980311823646116e-07
3.073830975694872511e-07
3.005598718441954874e-07
2.938164291371636812e-07
2.871836629050848308e-07
2.806408815668421476e-07
2.741915623980839889e-07
2.678506317175756268e-07
2.615972651863282877e-07
2.554520096278734520e-07
2.494110901067581712e-07
2.434640942798740447e-07
2.376303172204861465e-07
2.318911832122346371e-07
2.262493503338863611e-07
2.207084389659023424e-07
2.152562749410922436e-07
2.099054165007688690e-07
2.046524533531062517e-07
1.994906940452366659e-07
1.944266025207289462e-07
1.894450958599718922e-07
1.845497491167082602e-07
1.797430720595091931e-07
1.750200493396904740e-07
1.703837807057760634e-07
1.658277180875963660e-07
1.613483284640374928e-07
1.569511709097163185e-07
1.526341173362837430e-07
1.483991662495743115e-07
1.442408163504159109e-07
1.401549825986217825e-07
1.361454935751590294e-07
1.322149011606240303e-07
1.283591851489320570e-07
1.245722282161755586e-07
1.208569001916484995e-07
1.172188711827475379e-07
1.136547742183260063e-07
1.101619167713804415e-07
1.067402437110716750e-07
1.033944554219306976e-07
1.001189272709009604e-07
9.690733798462458252e-08
9.376897290267565505e-08
9.070229739760543720e-08
8.770447920708484457e-08
8.478180554193730958e-08
8.192657409587767715e-08
7.913631027486968324e-08
7.641601500487912382e-08
7.376207699229831032e-08
7.117741931451933488e-08
6.866158529619333947e-08
6.620957117067629268e-08
6.382359277021485952e-08
6.150087313669578357e-08
5.924304295791888733e-08
5.705256256749324878e-08
5.492231023972525297e-08
5.285491058849127775e-08
5.084652937171707772e-08
4.889769890286100315e-08
4.701240767710235384e-08
4.518283625795722263e-08
4.341060455894742368e-08
4.169446576996308234e-08
4.003375294518995749e-08
3.842995578692025932e-08
3.687663501751531063e-08
3.537405798991848972e-08
3.392613091241716474e-08
3.252650977874091887e-08
3.117443704446739878e-08
2.987042944026559384e-08
2.861474528878236384e-08
2.740333964966840365e-08
2.623421053797441382e-08
2.510986227526782772e-08
2.402698628652767424e-08
2.298376750198406173e-08
2.198207748127691022e-08
2.101738834921417453e-08
2.008923267471096628e-08
1.919874758333932284e-08
1.834269811955030021e-08
1.751996728561597622e-08
1.673104467919091057e-08
1.597240311493195023e-08
1.524619100984179924e-08
1.454936360149341856e-08
1.388088103273152242e-08
1.324064618793235366e-08
1.262683248873358074e-08
1.203915150513414938e-08
1.147599467143672350e-08
1.093734703396641363e-08
1.042222313907914113e-08
9.929584434759423162e-09
9.458122332438031979e-09
9.007186471315494679e-09
8.576904647603507073e-09
8.165943778670612307e-09
7.772411533495680196e-09
7.397767485893427077e-09
7.039308492809744210e-09
6.697274792101720777e-09
6.371305628684686632e-09
6.058822854416458376e-09
5.762216529959542215e-09
5.478749936652320309e-09
5.207250086840736236e-09
4.950150246392750124e-09
4.703799479741394793e-09
4.469710865478685173e-09
4.247074931609124513e-09
4.033857059877602601e-09
3.832596473835498746e-09
3.640326393553856834e-09
3.456903827548007355e-09
3.283769160281575698e-09
3.117584213173264015e-09
2.959952193427599817e-09
2.810213839312864065e-09
2.666398816323809522e-09
2.530869732017539221e-09
2.401448334278602492e-09
2.278116413040808081e-09
2.161884026156945702e-09
2.050891694412280668e-09
1.946167472571442940e-09
1.846683294341681663e-09
1.751350803088841716e-09
1.661750802784171264e-09
1.575885587867972809e-09
1.493998952078939888e-09
1.416662068626400899e-09
1.342796951075840219e-09
1.273573904586620936e-09
1.208125609669553268e-09
1.145260777065561674e-09
1.086438347434655786e-09
1.029835876515661607e-09
9.758603422153975547e-10
9.250045068871929423e-10
8.763259820831740255e-10
8.311372181636309254e-10
7.884258958722151688e-10
7.470569286196918560e-10
7.083121237446138984e-10
6.706936581751474988e-10
6.352411410147589972e-10
6.025110869689740929e-10
5.710024811696266421e-10
5.416395399803447630e-10
5.132560026608671608e-10
4.855053662893041309e-10
4.604843847874433664e-10
4.366815517348943027e-10
4.141777215043165948e-10
3.925663736711841860e-10
3.712402074902784524e-10
3.522521326574403734e-10
3.343513767410967602e-10
3.165061426968512083e-10
2.999409060643558341e-10
2.839537679017104088e-10
2.694837461873623674e-10
2.556693141054837898e-10
2.415908931236168253e-10
2.292542319903519691e-10
2.176889133308668547e-10
2.060661965745268961e-10
1.954167449581686077e-10
1.852181231140704199e-10
1.758452764120143259e-10
1.666134047993280527e-10
1.575265542179240530e-10
1.498143532512362812e-10
1.418708926256429886e-10
1.342153768338074368e-10
1.277627253378962455e-10
1.208442792047882720e-10
1.146789309421209012e-10
1.090477365315872322e-10
1.029481612498523811e-10
9.789280266722010198e-11
9.274888204917507684e-11
8.778682895863679438e-11
8.355976886476882601e-11
7.908351333340799814e-11
7.516295573772172259e-11
7.134145412821140056e-11
6.747871027729459448e-11
6.411736099417256662e-11
6.078665008396775919e-11
5.767015723091013027e-11
5.486922180053155095e-11
5.197697657087299697e-11
4.931089254332952707e-11
4.681589359797253590e-11
4.430584075670839417e-11
4.219396802585871431e-11
4.003617774657601861e-11
3.796170163253096877e-11
3.604819941199952976e-11
3.415253149163638060e-11
3.250104027526574265e-11
3.091267620593599685e-11
2.925088115049577413e-11
2.780511219071105708e-11
2.638218509897375148e-11
2.508227643072861710e-11
2.383602492489232482e-11
2.254990827033981811e-11
2.144996242198215856e-11
2.042520232478017309e-11
1.934590254028292643e-11
1.838940041496229193e-11
1.746944780003315507e-11
1.660976236257129207e-11
1.576118610732021761e-11
1.493664532801651474e-11
1.423363107538141793e-11
1.351116114669842028e-11
1.280666018153774231e-11
1.221980423462714652e-11
1.157627695165494918e-11
1.098792159920449581e-11
1.046155125423338992e-11
9.899497039041428737e-12
9.421939782596719319e-12
8.965333281241209392e-12
8.487534349915998730e-12
8.087681136920841878e-12
7.653426038691417730e-12
7.270680560454262182e-12
6.912985661835348595e-12
6.549362177195309394e-12
6.230326778485535866e-12
5.898501035143810510e-12
5.591455828276850652e-12
5.307022503988801399e-12
5.033291917601556604e-12
4.766517228757735497e-12
4.515841776835763878e-12
4.263251368572739210e-12
4.043350546603978538e-12
3.821383314306653248e-12
3.606548205849674664e-12
3.406236078795632533e-12
3.213183032169689313e-12
3.029045213550439372e-12
2.851416641578293708e-12
2.676359488114590172e-12
2.519192669237814032e-12
2.360147659754539543e-12
2.207726043534181250e-12
2.065196894710178319e-12
1.924690711817565451e-12
1.791157843378897596e-12
1.667125110276587377e-12
1.543536872854814031e-12
1.428651705473611177e-12
1.317775666212835506e-12
1.211572657957948811e-12
1.112178962822685883e-12
1.017372771850639794e-12
9.262987206320809262e-13
8.441175713315545087e-13
7.647908615448276358e-13
6.932594794344792326e-13
6.260348727382276880e-13
5.638019027759904355e-13
5.090600751749155767e-13
4.576064444836724213e-13
4.134576592768035529e-13
3.746837470503469084e-13
3.406922868582263309e-13
3.118307920834596197e-13
2.874195659363987683e-13
2.678375901694722529e-13
2.517064668635375960e-13
2.393075271002296519e-13
2.296202503781080526e-13
2.216367850749056824e-13
2.153556626436121389e-13
2.103687433887312132e-13
2.049741275824334036e-13
1.994314444252850689e-13
1.927247777846907747e-13
1.851764573921009527e-13
1.761276754493735908e-13
1.652793835148912999e-13
1.528243846210770745e-13
1.394344330130711056e-13
1.255719538068881915e-13
1.111619760721372283e-13
9.711671134272859658e-14
8.443199648973083906e-14
7.341809040166906020e-14
6.418124407057019740e-14
5.739065784242963204e-14
5.320275820181690944e-14
5.097599277324069872e-14
5.030565850426396175e-14
5.088072940177079203e-14
5.173448624649166668e-14
5.197772167277396760e-14
5.144555285593423634e-14
4.931948669533769248e-14
4.559920705785993101e-14
4.077690549193975632e-14
3.493746465702774830e-14
2.913413188783562167e-14
2.409745916299276734e-14
2.036379501283358620e-14
1.857223446637204451e-14
1.840922086702537950e-14
1.942573170758686414e-14
2.082396413742144336e-14
2.162073132640261712e-14
2.117034043995181154e-14
1.938084436569249720e-14
1.641647005025944441e-14
1.314518783326335163e-14
1.034562428137334559e-14
8.773939904670191413e-15
8.625563377006865167e-15
9.522674630649781311e-15
1.064528295157396324e-14
1.114834283891015425e-14
1.036494917183695243e-14
8.523048824729675249e-15
6.315959735987095568e-15
4.814210441467580761e-15
4.624385207202889607e-15
5.435899441698747213e-15
6.334952411635423517e-15
6.441066260127734174e-15
5.432373614219415525e-15
3.913157499211390273e-15
2.841345271602942853e-15
2.847687797019362763e-15
3.643528988901217386e-15
4.173450457319548383e-15
3.725809706093752238e-15
2.580669454690554996e-15
1.765118589771007714e-15
1.962087704395795969e-15
2.641220035749186670e-15
2.763964743431541373e-15
2.038777360713901025e-15
1.252851111253294118e-15
1.313064703585808683e-15
1.879199924758847056e-15
1.916629941818635352e-15
1.243018092246987044e-15
8.178437523185123999e-16
1.173366896233201148e-15
1.485702570254230733e-15
1.040900943113606818e-15
6.123544928622746683e-16
8.605513824647107003e-16
1.116148232897209733e-15
7.154922539665581006e-16
4.613419595620601810e-16
7.804150368307336369e-16
7.739975936828051179e-16
3.837227858021940772e-16
4.979753087180856605e-16
6.723116554126828901e-16
3.550600070931327052e-16
3.578512609532646029e-16
5.457824172159951098e-16
2.823764403204407382e-16
3.115793288703734679e-16
4.238942395206634592e-16
2.036901554458310853e-16
3.052337039830580145e-16
2.975700231800912031e-16
1.596906966292307156e-16
3.053790257285921513e-16
1.465324587941253170e-16
2.219907483366283043e-16
1.785944999617539401e-16
1.473345362488162320e-16
1.856025283530661089e-16
1.101681408338335702e-16
1.675566589115223669e-16
9.497884784289120167e-17
1.419914570035967766e-16
8.649442089657280570e-17
1.185288764833906918e-16
7.871815958892377979e-17
9.940688528591352958e-17
7.062886945203524518e-17
8.411520184970140358e-17
6.257396983279362108e-17
7.171734838145713367e-17
5.495894979343650833e-17
6.147442921291597400e-17
4.800312130129549778e-17
5.288283879367512017e-17
4.177840173237127585e-17
4.560095829251371121e-17
3.627496624041965550e-17
3.938690912935296597e-17
3.144468541047529172e-17
3.406039970312516003e-17
2.722461928935166315e-17
2.948104125021275596e-17
2.354873212497181136e-17
2.553593499892307206e-17
2.035342413916110542e-17
2.213224247685144223e-17
1.757994231933768089e-17
1.919246255969698502e-17
1.517523591161059162e-17
1.665123637758327159e-17
1.309204564786398279e-17
1.445306064746198528e-17
1.128862645467597390e-17
1.255057324440285742e-17
9.728308530256894611e-18
1.090322020736348133e-17
8.379002313003721958e-18
9.476190646393165725e-18
7.212701476416542741e-18
8.239548375429506285e-18
6.205010882068451400e-18
7.167513465770564340e-18
5.334711803791565251e-18
6.237861376080554482e-18
4.583368839036277558e-18
5.431416519369537246e-18
3.934978744807471224e-18
4.731622815369686513e-18
3.375659253502877852e-18
4.124178049698321704e-18
2.893374866220181585e-18
3.596721439130996235e-18
2.477696181466430637e-18
3.138566053095357931e-18
2.119589310131782353e-18
2.740469166132687126e-18
1.811232004474259026e-18
2.394434888856917908e-18
1.545853417634337209e-18
2.093544323457893219e-18
1.317594618532336426e-18
1.831809293906567655e-18
1.121387333970534524e-18
1.604046256442135371e-18
9.528486092785169561e-19
1.405767572663124429e-18
8.081893928144477797e-19
1.233087698405056915e-18
6.841352450718096190e-19
1.082642226756133600e-18
5.778576222314105174e-19
9.515180258104897574e-19
4.869143513300641587e-19
8.371929246635264500e-19
4.091981324159624510e-19
7.374836744496836616e-19
3.428919974530529117e-19
6.505010747304274321e-19
2.864308485854563246e-19
5.746112655982528030e-19
2.384682758983345916e-19
5.084024286949244640e-19
1.978479960158003500e-19
4.506561339027332533e-19
1.635793110422952612e-19
4.003227767879898574e-19
1.348161089721772405e-19
