# ximinus_3_1
1.943326686503259405e-08
4.593394492486861788e-09
1.741449792184796205e-08
3.649405887211511504e-09
1.566106457358920945e-08
2.890237220769719025e-09
1.414440956200918331e-08
2.294684496686895527e-09
1.284071178414248915e-08
1.845636358483713382e-09
1.173045260177770395e-08
1.529728181623169701e-09
1.079807470777581619e-08
1.337080466087660823e-09
1.003172662592723412e-08
1.261115458398321003e-09
9.423086516850930215e-09
1.298447455061440012e-09
8.967261174245293925e-09
1.448843099394143853e-09
8.662756309611891281e-09
1.715248429094588039e-09
8.511514313793858167e-09
2.103879674325691750e-09
8.519016901316197030e-09
2.624375128378901370e-09
8.694448655709164069e-09
3.290003494544832670e-09
9.050916010542244000e-09
4.117923335068949486e-09
9.605715758587595233e-09
5.129485615022160834e-09
1.038064187205265458e-08
6.350567204954508561e-09
1.140231722457694418e-08
7.811918405871021469e-09
1.270252930767735956e-08
9.549500754117481738e-09
1.431854185368255952e-08
1.160478224607867049e-08
1.629334486172427995e-08
1.402494651294294071e-08
1.867579212949148313e-08
1.686295867122728200e-08
2.152056235728446008e-08
2.017741549783781710e-08
2.488786218810373327e-08
2.403208985016497232e-08
2.884277228968468137e-08
2.849506114914053637e-08
3.345411947480896854e-08
3.363730664784492784e-08
3.879274173986831293e-08
3.953061465276772200e-08
4.492900372225278077e-08
4.624467561514001645e-08
5.192942049262383662e-08
5.384321618774834395e-08
5.985226731855792248e-08
6.237907272249536265e-08
6.874209900906428107e-08
7.188816551826271166e-08
7.862318887886060303e-08
8.238244462493291332e-08
8.949203381899342255e-08
9.384204634404868518e-08
1.013092740202763529e-07
1.062071364043053393e-07
1.139916500648089593e-07
1.193702277392041632e-07
1.274049676694509358e-07
1.331701405324488007e-07
1.413594451126878488e-07
1.473891907751634969e-07
1.556092363742993427e-07
1.617555907684128887e-07
1.698582727281699705e-07
1.759533145654117653e-07
1.837747143025452772e-07
1.896416612945976218e-07
1.970160608232389990e-07
2.024862252100216337e-07
2.092661004121042214e-07
2.142017002459343469e-07
2.202831241559899195e-07
2.246046769469964747e-07
2.299560149460248630e-07
2.336712194256248466e-07
2.383609386910031384e-07
2.415897154720693086e-07
2.458068216058134863e-07
2.487949468402999234e-07
2.528535945778463053e-07
2.559659153596448821e-07
2.602851156945768880e-07
2.639698733959279387e-07
2.690212828732568238e-07
2.737410167808095236e-07
2.799639291627077089e-07
2.860969534783652045e-07
2.937905407770283599e-07
3.015200802816821186e-07
3.107376023762412075e-07
3.199609164231583394e-07
3.304449490048351740e-07
3.407462167355810026e-07
3.519501022140040101e-07
3.626790359358386964e-07
3.739073304149161712e-07
3.843801870954803016e-07
3.950414511556237140e-07
4.048279288206934062e-07
4.147289592636020970e-07
4.239187511061475442e-07
4.334630176982480669e-07
4.427547668678466061e-07
4.528862055823467174e-07
4.633639026690588390e-07
4.751754737335685828e-07
4.877774278360988914e-07
5.019012883202086574e-07
5.168229522088964364e-07
5.329589397188739425e-07
5.494239762619073809e-07
5.664492075531248779e-07
5.832034823212021059e-07
6.000197230964981721e-07
6.164078567552727598e-07
6.330336823719193694e-07
6.498347448310064946e-07
6.677141714342194009e-07
6.867354141772414930e-07
7.075957468721031477e-07
7.299982943588075546e-07
7.540716453170287225e-07
7.790567609570273112e-07
8.047737319788575392e-07
8.305835934403189874e-07
8.567450046811790003e-07
8.833609486038193888e-07
9.113414940830029023e-07
9.411503633941708320e-07
9.734531037496221513e-07
1.008003857463640254e-06
1.044513393010697073e-06
1.082120550317170628e-06
1.120581663212390961e-06
1.159886082913945818e-06
1.200944668730363316e-06
1.244555810692791758e-06
1.291425929601469169e-06
1.341216085970110197e-06
1.393245425387468220e-06
1.446656788496895792e-06
1.501604326002286534e-06
1.558909860107295777e-06
1.619790296527654823e-06
1.684472921006424801e-06
1.752263619917888306e-06
1.821991154139359977e-06
1.893579992695174780e-06
1.968031504562091888e-06
2.046576111585427537e-06
2.128961688426080663e-06
2.213863408145639190e-06
2.300380124814834190e-06
2.389443297352880473e-06
2.482297529320881249e-06
2.578606223142992704e-06
2.676515886477832402e-06
2.775491966799180050e-06
2.876836137166707347e-06
2.981152000885815925e-06
3.086529470267553542e-06
3.191608028790173290e-06
3.297514710820162075e-06
3.404942471133635341e-06
3.511606489903646200e-06
3.616336411241766972e-06
3.720640897581839234e-06
3.824137587222383019e-06
3.924107336833913018e-06
4.021253776858993872e-06
4.116578432707739448e-06
4.207552608065944259e-06
4.293906906235904546e-06
4.377534459556178535e-06
4.455919175333369058e-06
4.529277478880737050e-06
4.599376680157555397e-06
4.663894612461626051e-06
4.724230784261326059e-06
4.781427453556318567e-06
4.833460649787466470e-06
4.883735581866548308e-06
4.930223731592534738e-06
4.974886662581128668e-06
5.017997904245150057e-06
5.059269207655415243e-06
5.100533518628394635e-06
5.140363204183320676e-06
5.180750212869812880e-06
5.220051420363152422e-06
5.259702066696716249e-06
5.298168659858794285e-06
5.336255437304826059e-06
5.372613635426351111e-06
5.407651179335423302e-06
5.440291011158184178e-06
5.470867111177922892e-06
5.498703680256046393e-06
5.524324688487714342e-06
5.547524937043841548e-06
5.569101872410283894e-06
5.589213150967832813e-06
5.608770959188589968e-06
5.627990266749142406e-06
5.647570470790445817e-06
5.667424049230933831e-06
5.687768893726329604e-06
5.708063546148684921e-06
5.728096077788693034e-06
5.747114384606050463e-06
5.764903165336243286e-06
5.781006847332341172e-06
5.795686524489212431e-06
5.809083260593691158e-06
5.821953256630498466e-06
5.834716572519540990e-06
5.848035143969551880e-06
5.861901345806464995e-06
5.876299742349250406e-06
5.890562931860536643e-06
5.904259822550942946e-06
5.916774154969249520e-06
5.928180609487819524e-06
5.938659755580804787e-06
5.948994825751314301e-06
5.959651375198482045e-06
5.971067822093864643e-06
5.982892021445492419e-06
5.994677837464239632e-06
6.005660702349011361e-06
6.015727669275500170e-06
6.025047270973186295e-06
6.034429436920682287e-06
6.044309471702506294e-06
6.054846019809976311e-06
6.065362125394657343e-06
6.075306746765001829e-06
6.084342345712708030e-06
6.093064190215907070e-06
6.102086761646125341e-06
6.111817581655768472e-06
6.121675096503789422e-06
6.131057332168719924e-06
6.139686022644441477e-06
6.148277970368231046e-06
6.157357134216380761e-06
6.166890963679813106e-06
6.176026229363975134e-06
6.184575064564118236e-06
6.193024992824085832e-06
6.202088436637988885e-06
6.211310987835048574e-06
6.220059842260361598e-06
6.228353444251212657e-06
6.237067886414282695e-06
6.246089478064486690e-06
6.254756747425318680e-06
6.262978563454135297e-06
6.271632159749881333e-06
6.280489292501741619e-06
6.288934816086451703e-06
6.297238426698796128e-06
6.306075417858055112e-06
6.314670709279247515e-06
6.322926756813068751e-06
6.331534918853184204e-06
6.340213906583925166e-06
6.348348906578323617e-06
6.356867576496436038e-06
6.365392952926341409e-06
6.373571951947547653e-06
6.382038313503345530e-06
6.390427869724283502e-06
6.398576233761161276e-06
6.407122238845583271e-06
6.415197808348529171e-06
6.423512701655991239e-06
6.431677782126488971e-06
6.439833693035046714e-06
6.447973480264067046e-06
6.456013541733414057e-06
6.464115160718322494e-06
6.472008311280315611e-06
6.480049537463788888e-06
6.487775369205316413e-06
6.495677496746763746e-06
6.503372940007242083e-06
6.511021129535367060e-06
6.518617391503467728e-06
6.526084931147683314e-06
6.533465602654151421e-06
6.540796025789247088e-06
6.547900775288163548e-06
6.555016281276034490e-06
6.561927778026913184e-06
6.568683153803283355e-06
6.575357341882797134e-06
6.581802386972636288e-06
6.588124501753720744e-06
6.594276153572002103e-06
6.600155599489497282e-06
6.605920348769299305e-06
6.611413747893387593e-06
6.616659384949029849e-06
6.621702578920021236e-06
6.626412825025649884e-06
6.630879373129245307e-06
6.635046866162742524e-06
6.638846764371321126e-06
6.642371908586518945e-06
6.645493148620810216e-06
6.648230328202530706e-06
6.650602221456863968e-06
6.652501680978434438e-06
6.653991195410978356e-06
6.655013549395022857e-06
6.655511356071292394e-06
6.655541358066538198e-06
6.655011143460638643e-06
6.653927792171954422e-06
6.652287829942560085e-06
6.650015233976508238e-06
6.647150554305020441e-06
6.643641485244369685e-06
6.639452638368716888e-06
6.634607170978274284e-06
6.629037819794634268e-06
6.622743870063467576e-06
6.615710218482961711e-06
6.607877386970837614e-06
6.599266549280255422e-06
6.589818190749126224e-06
6.579514907072324158e-06
6.568356306759655757e-06
6.556300216098298340e-06
6.543337368030686860e-06
6.529460820126160986e-06
6.514634100913190336e-06
6.498884789388121857e-06
6.482176766126964477e-06
6.464505708781574727e-06
6.445874772195730627e-06
6.426258108400880225e-06
6.405647879846865934e-06
6.384028749694764574e-06
6.361369502232372794e-06
6.337686472232768421e-06
6.312952605047370608e-06
6.287172049638376821e-06
6.260347313727547951e-06
6.232476051805784656e-06
6.203564964407986712e-06
6.173618428386939894e-06
6.142619406155140594e-06
6.110583164885322976e-06
6.077492113017641495e-06
6.043354015363822012e-06
6.008173664402354728e-06
5.971958379374799861e-06
5.934722247554682098e-06
5.896475921984358591e-06
5.857210768131849681e-06
5.816946477076794638e-06
5.775683598831414966e-06
5.733447231472873023e-06
5.690250248828368909e-06
5.646106927030027598e-06
5.601027922977316455e-06
5.555027658461672265e-06
5.508120476701472021e-06
5.460344028798204135e-06
5.411715037343535829e-06
5.362255616616831660e-06
5.311967990496120174e-06
5.260872873704003874e-06
5.209001977227702245e-06
5.156400765110306141e-06
5.103099097042814030e-06
5.049118128156207464e-06
4.994462614774958394e-06
4.939168728801804916e-06
4.883272219181213833e-06
4.826811812118175671e-06
4.769815967775592130e-06
4.712323079264495506e-06
4.654361963981341081e-06
4.595963207839743132e-06
4.537155391931211943e-06
4.477993202777526118e-06
4.418509763119097145e-06
4.358728334878577254e-06
4.298686455430268722e-06
4.238443530860364486e-06
4.178024846602631102e-06
4.117458546703062061e-06
4.056787494189166611e-06
3.996055153057870141e-06
3.935293738933617697e-06
3.874547392051441044e-06
3.813848466135641384e-06
3.753240241712013868e-06
3.692757769514565786e-06
3.632433391323759969e-06
3.572313230382780973e-06
3.512425057014274811e-06
3.452794402890988475e-06
3.393474070597577462e-06
3.334490004253858061e-06
3.275871246209397488e-06
3.217652397562342768e-06
3.159872969321404648e-06
3.102554577647122192e-06
3.045733201515823121e-06
2.989426568635219170e-06
2.933668991846671082e-06
2.878484716234025977e-06
2.823896508311966694e-06
2.769926985182643488e-06
2.716601674331011897e-06
2.663940041161363065e-06
2.611960626690340155e-06
2.560681074191258407e-06
2.510114172611281723e-06
2.460278600827320646e-06
2.411191717237149547e-06
2.362860527196975741e-06
2.315302525373219909e-06
2.268522479837628638e-06
2.222532307714917712e-06
2.177334639123256286e-06
2.132935527690602651e-06
2.089344266708844085e-06
2.046563193128145728e-06
2.004591569525550968e-06
1.963437370970999131e-06
1.923093314908974297e-06
1.883565476335963308e-06
1.844842561505377569e-06
1.806922160840686060e-06
1.769809725803395291e-06
1.733492650972962207e-06
1.697964024829053857e-06
1.663224191535561776e-06
1.629256373941609514e-06
1.596063629052286862e-06
1.563623518571078214e-06
1.531926299446595053e-06
1.500979392286226094e-06
1.470758597531201270e-06
1.441251542160077845e-06
1.412448240719186764e-06
1.384325627941600498e-06
1.356896581327696367e-06
1.330132166904595806e-06
1.304009114078114176e-06
1.278535457894920058e-06
1.253683011166629437e-06
1.229441326883455386e-06
1.205795876819196513e-06
1.182720720371388911e-06
1.160230483803478155e-06
1.138285050890988188e-06
1.116866001300453671e-06
1.095986570823514608e-06
1.075607218113700251e-06
1.055727158698901025e-06
1.036328296789808542e-06
1.017377156529989285e-06
9.988993868136195892e-07
9.808505814780486549e-07
9.632132292827446477e-07
9.460040593492231418e-07
9.291791618649241228e-07
9.127489314554867833e-07
8.966918167668385025e-07
8.809706113804156516e-07
8.656198265439087031e-07
8.505940476802996582e-07
8.358834443871019885e-07
8.215025528176553403e-07
8.074054345888567842e-07
7.936098136289878537e-07
7.800921693613826092e-07
7.668220201385866097e-07
7.538392627510315057e-07
7.410953044569483321e-07
7.285877000532292008e-07
7.163275675854298636e-07
7.042721402172417427e-07
6.924484412953201473e-07
6.808329050647762544e-07
6.693942236270017464e-07
6.581776523048529157e-07
6.471334576651834888e-07
6.362679042378220620e-07
6.255895715846670969e-07
6.150602050233572568e-07
6.047099975729871456e-07
5.945116537356625228e-07
5.844437779686176982e-07
5.745503422497149904e-07
5.647796934684022354e-07
5.551462043287354843e-07
5.456550627937429923e-07
5.362688682675450909e-07
5.270249767105239147e-07
5.178960066202045809e-07
5.088619356885271390e-07
4.999665846060026208e-07
4.911646583665055129e-07
4.824735825604972939e-07
4.738958434978034172e-07
4.654014454450862462e-07
4.570290089874572572e-07
4.487488246084277503e-07
4.405493908017364525e-07
4.324685590930184265e-07
4.244630821436877974e-07
4.165551004907379403e-07
4.087410222339031133e-07
4.009933925836312328e-07
3.933483278226168300e-07
3.857770904243700012e-07
3.782711568144730765e-07
3.708615772595267426e-07
3.635110091601911998e-07
3.562418162639621368e-07
3.490482957711522695e-07
3.419085515186968847e-07
3.348558751826132500e-07
3.278643005796513868e-07
3.209343513803513137e-07
3.140912837889012588e-07
3.073081607240857040e-07
3.006102411714281566e-07
2.939948378316265536e-07
2.874498496640588269e-07
2.810055653144620988e-07
2.746422010643881290e-07
2.683634601804460824e-07
2.621838069831811832e-07
2.560830675759053331e-07
2.500827310668997015e-07
2.441801021308251978e-07
2.383657778246712412e-07
2.326585974493083750e-07
2.270412155120551206e-07
2.215170248674001377e-07
2.160903007329240842e-07
2.107486480548641474e-07
2.055053215329311466e-07
2.003574212053429587e-07
1.952981085789446910e-07
1.903347050559685278e-07
1.854532343165619822e-07
1.806571046058152563e-07
1.759494557810221797e-07
1.713261249665567687e-07
1.667905068461920644e-07
1.623352865325104326e-07
1.579572649482496995e-07
1.536616049867310829e-07
1.494448431114462544e-07
1.453091335324160855e-07
1.412489213070163307e-07
1.372598288631394220e-07
1.333467813818934955e-07
1.295123583392634863e-07
1.257530207674591989e-07
1.220627723166523545e-07
1.184435670040544449e-07
1.148998247887768534e-07
1.114276907418703367e-07
1.080238542776721188e-07
1.046890336130309296e-07
1.014285415954939045e-07
9.823745741240190406e-08
9.511018808414474568e-08
9.205451574739546940e-08
8.906778064623629276e-08
8.614634043058523997e-08
8.329626565800788558e-08
8.051176325232938167e-08
7.779143531988877004e-08
7.514019611336615458e-08
7.255315262505837811e-08
7.003147311762830791e-08
6.757462770557653078e-08
6.517929314980679790e-08
6.284932750712874113e-08
6.058189200639132492e-08
5.837629094533113324e-08
5.623387203974410744e-08
5.414881600177561756e-08
5.212584052914900120e-08
5.016144037752970127e-08
4.825403926257362833e-08
4.640584386136611289e-08
4.461160245397697111e-08
4.287490000681274522e-08
4.119290736152387638e-08
3.956277964165728303e-08
3.798701426135500608e-08
3.646212066548348974e-08
3.498719609899407445e-08
3.356338832105319966e-08
3.218622157789674041e-08
3.085725042147999789e-08
2.957484398266323573e-08
2.833737737052729547e-08
2.714469994517372408e-08
2.599394860982045154e-08
2.488499805690131115e-08
2.381731946332515593e-08
2.278933046877788009e-08
2.180041417532807067e-08
2.084825110928423031e-08
1.993260596421634275e-08
1.905250188165202591e-08
1.820699779029058190e-08
1.739424781841511801e-08
1.661370931487847854e-08
1.586419426927352882e-08
1.514538914634400241e-08
1.445596989570581349e-08
1.379453433924965477e-08
1.316044376112802941e-08
1.255276081889807085e-08
1.197042521320564784e-08
1.141256593870959424e-08
1.087859520643905613e-08
1.036802097275216009e-08
9.879415003900016226e-09
9.411846863813918040e-09
8.964464567953993330e-09
8.537515656347551130e-09
8.129512808463789003e-09
7.739005645765038745e-09
7.366814854558835149e-09
7.010898341181338719e-09
6.671138757785286817e-09
6.347148862045614176e-09
6.036724226944606409e-09
5.741842958752198509e-09
5.460002571874320376e-09
5.190145475683528411e-09
4.934312324642105016e-09
4.689355011626670866e-09
4.456453122629917043e-09
4.234880608936261644e-09
4.022738824613310998e-09
3.822385901230555246e-09
3.630994629039375548e-09
3.448383867454538308e-09
3.275961139423231401e-09
3.110467134655608387e-09
2.953436980811199356e-09
2.804287203640804424e-09
2.660985690326215178e-09
2.525947205032419077e-09
2.396972860434875904e-09
2.274027308375010785e-09
2.158193790781788350e-09
2.047522658742300249e-09
1.943103390848743190e-09
1.843922571469289748e-09
1.748838603694098142e-09
1.659494142975928314e-09
1.573837284341092138e-09
1.492146018631151035e-09
1.415003561920344989e-09
1.341299401142814873e-09
1.272220943649803166e-09
1.206912779856319037e-09
1.144182834714202881e-09
1.085473458308138834e-09
1.028967536663437562e-09
9.750946414017933927e-10
9.243144448512594184e-10
8.757305281396687527e-10
8.305988239285080198e-10
7.879438538716645147e-10
7.466576233226447587e-10
7.079466442559998078e-10
6.703780090407056585e-10
6.349763198540233622e-10
6.022642649882159038e-10
5.708176698473077955e-10
5.414686488087150335e-10
5.131046165126616698e-10
4.854047472623469801e-10
4.603816837907085519e-10
4.366094376927206558e-10
4.141276949111367781e-10
3.925130700011411459e-10
3.712263353437083089e-10
3.522340426949586627e-10
3.343402260511325512e-10
3.165228599134882616e-10
2.999459651772816066e-10
2.839771449613583460e-10
2.695137204718778567e-10
2.556921888385913309e-10
2.416360123866956179e-10
2.292906218904594710e-10
2.177285344807605007e-10
2.061183098345554522e-10
1.954586553478601521e-10
1.852698870857005803e-10
1.758975670894123103e-10
1.666597114400247666e-10
1.575835356424801438e-10
1.498636730553569758e-10
1.419218984340519982e-10
1.342699435187519665e-10
1.278111248132923004e-10
1.208966544555368013e-10
1.147300484178677763e-10
1.090949332029690478e-10
1.029993917736274376e-10
9.793871456657677320e-11
9.279548958350791793e-11
8.783304262541468549e-11
8.360299015190420518e-11
7.912721843068902035e-11
7.520546992916967469e-11
7.138139642048282232e-11
6.751932730443911574e-11
6.415481627168682028e-11
6.082406052053856292e-11
5.770613785431644037e-11
5.490387885709662224e-11
5.201060671708248283e-11
4.934353226539091301e-11
4.684685114848141101e-11
4.433618730484095012e-11
4.222267381489579379e-11
4.006442030178285616e-11
3.798844039687896421e-11
3.607418936413370658e-11
3.417714422177051920e-11
3.252511682523346288e-11
3.093569496912005030e-11
2.927291280990716231e-11
2.782615541241117585e-11
2.640259885605136250e-11
2.510162446572162249e-11
2.385495965008617437e-11
2.256752550940295854e-11
2.146722012723973525e-11
2.044172554386972756e-11
1.936156263840008161e-11
1.840446776976753389e-11
1.748393529866755504e-11
1.662349172488152099e-11
1.577460314062676134e-11
1.494904739640050106e-11
1.424584975679519279e-11
1.352276288207727823e-11
1.281761204192466413e-11
1.223043600849068006e-11
1.158639104242795764e-11
1.099747870562903290e-11
1.047094238573703616e-11
9.908114193740417219e-12
9.430424750678043779e-12
8.973384482030500889e-12
8.495124612321145712e-12
8.095033283818038925e-12
7.660384321311193503e-12
7.277264429987194458e-12
6.919435918638894170e-12
6.555267946302717358e-12
6.236156804838873829e-12
5.903962721562601866e-12
5.596639921793982269e-12
5.311998470689926862e-12
5.038010127431568020e-12
4.770960093728286057e-12
4.520176428728445714e-12
4.267198828456237229e-12
4.047238167383346149e-12
3.824998080783627515e-12
3.609978835089602226e-12
3.409494581998806728e-12
3.216259318914500779e-12
3.031922475479911455e-12
2.854204456054293877e-12
2.678876193501115182e-12
2.521656778058445927e-12
2.362400642387881401e-12
2.209858440347918168e-12
2.067188607544541297e-12
1.926553020257667156e-12
1.792867604953056979e-12
1.668765737827383314e-12
1.544987035097743878e-12
1.430054768992533633e-12
1.319025686833637980e-12
1.212744209488531192e-12
1.113239526103640831e-12
1.018349422240243222e-12
9.271679189404843738e-13
8.449401998362360574e-13
7.654890200158989954e-13
6.939306629316569440e-13
6.266064005443346583e-13
5.643351060088547369e-13
5.095253851131670243e-13
4.580322957040734689e-13
4.138259157344258165e-13
3.750385653662047166e-13
3.409839694167473030e-13
3.121261262267195906e-13
2.876671802270446223e-13
2.680864001664972740e-13
2.519286917947395800e-13
2.395294902892722078e-13
2.298224038980060360e-13
2.218509386770131052e-13
2.155445733297453092e-13
2.105755514955089012e-13
2.051591438331614306e-13
1.996274208782308826e-13
1.929042155298165996e-13
1.853586433219044773e-13
1.762916572609265081e-13
1.654457999520451488e-13
1.529638763597827178e-13
1.395757471264054171e-13
1.256854967322032193e-13
1.112727431468748506e-13
9.720372288817055780e-14
8.451416096556769793e-14
7.348081260183131071e-14
6.424440516517410228e-14
5.743652428648131310e-14
5.325562922191486804e-14
5.101698515392221801e-14
5.035573259772513127e-14
5.092441911257234943e-14
5.178652675885310352e-14
5.202388096260273989e-14
5.149896153845524219e-14
4.936316651073018547e-14
4.564723088687265704e-14
4.081232522800746786e-14
3.497385491212569301e-14
2.915832014167223527e-14
2.412208880958553572e-14
2.037915526576641039e-14
1.859164759259942716e-14
1.842279203000819090e-14
1.944664043950914936e-14
2.084082766323807079e-14
2.164411268998586291e-14
2.118852326756260441e-14
1.940183817691489917e-14
1.642992368074611439e-14
1.315969880787633581e-14
1.035262597535280808e-14
8.783909659590912161e-15
8.631062261505514079e-15
9.533539464517296796e-15
1.065357100622551503e-14
1.116096752784607451e-14
1.037322080859384757e-14
8.532939913273036143e-15
6.319980749941606604e-15
4.820185383687384343e-15
4.626768491399914453e-15
5.442535825807104344e-15
6.339543433156225222e-15
6.448792831864186292e-15
5.436190909017664964e-15
3.918149486587921063e-15
2.842434087388762700e-15
2.851574950518678219e-15
3.645656628802415247e-15
4.178773073873771781e-15
3.728225899956407731e-15
2.584201863542884100e-15
1.765521219731952873e-15
1.964944829759217814e-15
2.642683682391517730e-15
2.767724545810448386e-15
2.039675430282788568e-15
1.254920004732731447e-15
1.313291518032041726e-15
1.881920922337190796e-15
1.917620651913383772e-15
1.245023939546861873e-15
8.176962962327594754e-16
1.175291549977687198e-15
1.486355685808742315e-15
1.042657228287706380e-15
6.121285166923030881e-16
8.620723564544329029e-16
1.116548512702222364e-15
7.168322458618492198e-16
4.610735324216273306e-16
7.818106795814021557e-16
7.741235595558901391e-16
3.846575177479043969e-16
4.978529750621087455e-16
6.735346044754560920e-16
3.548297895575634934e-16
3.587071116433900363e-16
5.457996392255809487e-16
2.831321835756706925e-16
3.113755010324417416e-16
4.247837267927420630e-16
2.034062150705226385e-16
3.059692243815555442e-16
2.974245118408226854e-16
1.602456270326274637e-16
3.052724942454976583e-16
1.470546269385929356e-16
2.218201490642916225e-16
1.791341423531791386e-16
1.471080036176840672e-16
1.861322134977484382e-16
1.099255208648395493e-16
1.680492585953454215e-16
9.474275140684309752e-17
1.424393855195179476e-16
8.627062857270373818e-17
1.189352166053806441e-16
7.850594071591755933e-17
9.977717755315232031e-17
7.042649046459702538e-17
8.445439647062909272e-17
6.238019632032058124e-17
7.202933433393534564e-17
5.477309751853398867e-17
6.176225396389520227e-17
4.782483909573640227e-17
5.314896904731010026e-17
4.160749925486901963e-17
4.584745922138436102e-17
3.611131585135871879e-17
3.961555463298928870e-17
3.128817317268768467e-17
3.427274046249025916e-17
2.707512280305309236e-17
2.967844893893420019e-17
2.340611192139530568e-17
2.571963286501196842e-17
2.021752179263631593e-17
2.230332783983679002e-17
1.745058168222397325e-17
1.935192421861868366e-17
1.505222568891383017e-17
1.679996853838717414e-17
1.297518241885505884e-17
1.459187442305802740e-17
1.117769773401287959e-17
1.268020630427679667e-17
9.623095589524197926e-18
1.102434500199747164e-17
8.279282715048444339e-18
9.589421484484858098e-18
7.118251276713409083e-18
8.345447559548704076e-18
6.115606521651355988e-18
7.266596630631992143e-18
5.250131681652391479e-18
6.330602204179602983e-18
4.503394617880477922e-18
5.518250840585143406e-18
3.859396412311273935e-18
4.812952268032175011e-18
3.304259975190926665e-18
4.200373307713445128e-18
2.825955652126281575e-18
3.668125072555040990e-18
2.414060391698121935e-18
3.205495093918844010e-18
2.059547025021150928e-18
2.803217380286836037e-18
1.754600297130274227e-18
2.453274825880214117e-18
1.492456511577513703e-18
2.148729161100966519e-18
1.267263986856397148e-18
1.883574481680753379e-18
1.073961721210634717e-18
1.652611022373655849e-18
9.081740181146132465e-19
1.451336277913786080e-18
7.661190209716418107e-19
1.275851075301675210e-18
6.445293981625366210e-19
1.122778514878409333e-18
5.405836062926023002e-19
9.891940087134911488e-19
4.518463587824860617e-19
8.725648986926344542e-19
3.762171217392396325e-19
7.706983510799666471e-19
3.118855778930849462e-19
6.816964194521989946e-19
2.572931740463730150e-19
6.039173067657775354e-19
2.110999594610392381e-19
5.359420277314901929e-19
1.721560486897424642e-19
4.765457325387616880e-19
1.394771186785845957e-19
4.246731418411686027e-19
1.122234362557313996e-19
