# ximinus_4_4
3.158299841621234144e-08
1.403546544617007593e-08
3.042034294033150244e-08
1.405130615827743960e-08
2.987342166044682639e-08
1.463567225237837760e-08
2.996145769408683792e-08
1.582049631240945927e-08
3.072103272482365356e-08
1.765537434503077962e-08
3.220759115433518492e-08
2.020934740422667860e-08
3.449742138761318188e-08
2.357317248712891990e-08
3.769015246054448333e-08
2.786212599454330663e-08
4.191180840815306616e-08
3.321938144641778967e-08
4.731846373299189145e-08
3.982000698041849826e-08
5.410054189159812178e-08
4.787562104359568033e-08
6.248779181463355949e-08
5.763973854056031462e-08
7.275496652915003296e-08
6.941381900507311252e-08
8.522820373097341507e-08
8.355400546254906198e-08
1.002920776153372990e-07
1.004784978617583614e-07
1.183972399964032153e-07
1.206754521572018626e-07
1.400685041193602657e-07
1.447112113282477158e-07
1.659131275746506522e-07
1.732385721521299392e-07
1.966289342030498700e-07
2.070046501205551229e-07
2.330117513880869836e-07
2.468577274072336301e-07
2.759614446856424538e-07
2.937522493157686935e-07
3.264855881406769694e-07
3.487508703169151294e-07
3.856995207635079005e-07
4.130221392139738157e-07
4.548212118087430788e-07
4.878320731370805271e-07
5.351590042621067446e-07
5.745275081792407577e-07
6.280899495901828404e-07
6.745087758099541059e-07
7.350261355239787041e-07
7.891889879978617411e-07
8.573662109716818624e-07
9.199371099844646906e-07
9.964293313571900795e-07
1.068002174827541481e-06
1.153369119170928222e-06
1.234416612806095955e-06
1.329066152011818379e-06
1.419877934465954045e-06
1.523999165820417243e-06
1.624610159959650194e-06
1.738097854929444995e-06
1.848209679829700752e-06
1.970584101101572017e-06
2.089484887245277011e-06
2.219813846686401564e-06
2.346305036067784596e-06
2.483138645641852233e-06
2.615481224346539666e-06
2.756813858556990754e-06
2.892710614772519906e-06
3.035988657203462041e-06
3.172622789868946426e-06
3.314819855844389499e-06
3.448972409493521315e-06
3.586754486720381167e-06
3.715021936021428621e-06
3.845021267122910191e-06
3.964147876272407816e-06
4.083353992969011325e-06
4.190678824962801821e-06
4.296935503391428358e-06
4.390929011617342239e-06
4.483495493911316814e-06
4.564324884501239078e-06
4.644419279379850342e-06
4.714437953501121686e-06
4.785635400701879511e-06
4.849647896029025500e-06
4.917967501942662886e-06
4.983092997972596788e-06
5.056595317652250795e-06
5.131563360218655830e-06
5.219320751649340266e-06
5.313110355312558948e-06
5.423532991894503814e-06
5.543433581886593510e-06
5.682148428448574359e-06
5.831578090159619260e-06
5.999346142679678909e-06
6.176061829447587840e-06
6.367500114350542691e-06
6.563058928994242174e-06
6.767054349538524353e-06
6.968349271423067078e-06
7.170807008764636155e-06
7.364003472163298661e-06
7.552798341337211167e-06
7.728953737671339074e-06
7.899691404871459356e-06
8.059971003731879527e-06
8.219863992009327205e-06
8.377265493767490102e-06
8.544005422101606933e-06
8.718943189160412304e-06
8.912988242156126339e-06
9.122839711354098610e-06
9.355413544821492613e-06
9.602766992942938571e-06
9.866573809196519981e-06
1.013470662513231706e-05
1.040605546562589034e-05
1.066860425209033816e-05
1.092401417986994415e-05
1.116607548983852454e-05
1.140367697347297725e-05
1.163816714042882614e-05
1.188370743275048824e-05
1.214332734094357006e-05
1.242768490029178115e-05
1.273198764724332885e-05
1.305619903981413084e-05
1.338574881406513160e-05
1.371495438418264116e-05
1.403094096230424400e-05
1.433699078318325244e-05
1.463416936221346166e-05
1.493884474308703794e-05
1.525856667024026970e-05
1.560514441513615098e-05
1.597162958038133491e-05
1.635128921646238035e-05
1.672457305214312994e-05
1.708582563567484204e-05
1.743172584591619822e-05
1.777945219560797833e-05
1.814114518280533059e-05
1.853012315077087892e-05
1.893583202040866940e-05
1.934452538866426210e-05
1.973520441530232552e-05
2.011074441614346596e-05
2.048295088283430939e-05
2.087585110108569164e-05
2.128952772406415706e-05
2.171085850405864197e-05
2.211257912381459203e-05
2.249423116878333957e-05
2.287151539581401427e-05
2.327028295491755902e-05
2.368211682217448715e-05
2.408353899639997521e-05
2.445412681266044308e-05
2.481577109446195232e-05
2.519115487266206137e-05
2.557851708375993616e-05
2.594089345875221257e-05
2.627408210166543153e-05
2.660446487401532816e-05
2.695175308705272335e-05
2.728074043349802910e-05
2.757417225891028190e-05
2.785797463829485602e-05
2.815671088942703942e-05
2.843060803730966719e-05
2.866884721123641124e-05
2.890709005976602040e-05
2.915068382122556310e-05
2.935258523447383064e-05
2.953943505935338707e-05
2.973675516401068451e-05
2.990672881292112738e-05
3.004843143627569340e-05
3.020887066514759669e-05
3.034047533896325305e-05
3.045432106606948966e-05
3.058356423283057127e-05
3.068569688763678519e-05
3.078278585167425928e-05
3.089448224002958553e-05
3.097192519031458378e-05
3.107782977141863639e-05
3.116055794232168403e-05
3.125255909625970481e-05
3.134655287138983813e-05
3.143104088932590593e-05
3.153088525425650109e-05
3.161486205798013423e-05
3.171475084320385677e-05
3.179965541618210009e-05
3.189553643434058395e-05
3.197871863194730942e-05
3.206742222347209683e-05
3.214513883501269817e-05
3.222439336853349506e-05
3.229410701483061060e-05
3.236343033583466335e-05
3.242512941143861215e-05
3.248648108987209587e-05
3.254281988554827551e-05
3.260015612619894380e-05
3.265524487971424887e-05
3.271281194653583848e-05
3.277002089345570028e-05
3.283011101207288196e-05
3.289002898535490658e-05
3.295162577187738060e-05
3.301166925905517043e-05
3.307127957750906805e-05
3.312770154349855580e-05
3.318229141328334439e-05
3.323347658911775796e-05
3.328340006879929622e-05
3.333163014662861979e-05
3.338062235420178589e-05
3.343006269722272224e-05
3.348155563849690338e-05
3.353381067089020433e-05
3.358706349171237130e-05
3.363925552020846112e-05
3.369030605854966988e-05
3.373889944679997997e-05
3.378612777871391128e-05
3.383217630596211609e-05
3.387896353862038815e-05
3.392669270176899881e-05
3.397612679964532917e-05
3.402592325955654847e-05
3.407548034437763096e-05
3.412329910727035612e-05
3.416979753557460709e-05
3.421530346855539644e-05
3.426152791919729245e-05
3.430878752064969598e-05
3.435723916938096534e-05
3.440532819704139578e-05
3.445236207506491874e-05
3.449786240019515942e-05
3.454321297050301319e-05
3.458929678072917332e-05
3.463671243087447206e-05
3.468416020935904612e-05
3.473074806137963334e-05
3.477608109283399990e-05
3.482156103995578971e-05
3.486789231429198517e-05
3.491493731019358355e-05
3.496119291401489452e-05
3.500654995292908599e-05
3.505183699873766674e-05
3.509816385249293615e-05
3.514458476514444989e-05
3.519012289374289144e-05
3.523490629581305003e-05
3.528040748432483443e-05
3.532629639336623079e-05
3.537147985450343323e-05
3.541586484993638887e-05
3.546088096670122999e-05
3.550604472329795647e-05
3.555035957611218196e-05
3.559432606326959033e-05
3.563898189789242748e-05
3.568295765444055823e-05
3.572613067142931442e-05
3.576971961734169757e-05
3.581312508048885122e-05
3.585518225435792858e-05
3.589754152402021788e-05
3.593971932153421106e-05
3.598077603960229411e-05
3.602176361291741815e-05
3.606228376096807972e-05
3.610168209218890203e-05
3.614107647470310794e-05
3.617923503478599978e-05
3.621675761688540591e-05
3.625351686026580234e-05
3.628936713366598843e-05
3.632402311007932721e-05
3.635780985394331720e-05
3.639029399188209701e-05
3.642133418750030698e-05
3.645143059900344851e-05
3.647946020466102149e-05
3.650652474265421476e-05
3.653159207511558562e-05
3.655488637031786429e-05
3.657642903345314985e-05
3.659574484148396631e-05
3.661296105350094886e-05
3.662807504562206950e-05
3.664049601417722243e-05
3.665072416993890927e-05
3.665812411393771489e-05
3.666271999262872479e-05
3.666450175835920638e-05
3.666306320332354726e-05
3.665851712369644420e-05
3.665068315075946213e-05
3.663917892943213580e-05
3.662419604621472392e-05
3.660523935019653581e-05
3.658226158752730435e-05
3.655518726195984981e-05
3.652372356023965330e-05
3.648781698327989458e-05
3.644726634807586991e-05
3.640187424368638831e-05
3.635174398244129157e-05
3.629649000030304111e-05
3.623618556638841709e-05
3.617080252338467506e-05
3.610013709396949437e-05
3.602421622089999596e-05
3.594295377638273824e-05
3.585615131053880914e-05
3.576386285173239544e-05
3.566583384207290888e-05
3.556201790969038250e-05
3.545231044483180031e-05
3.533656632094366712e-05
3.521478838043915708e-05
3.508699345989592090e-05
3.495315827425011298e-05
3.481340416500166445e-05
3.466766821455727338e-05
3.451598081326050850e-05
3.435829995837941594e-05
3.419455104735517821e-05
3.402465551049274731e-05
3.384853071659878584e-05
3.366616149406743985e-05
3.347769597390478724e-05
3.328319457451832836e-05
3.308281247106971705e-05
3.287664341363910782e-05
3.266471464645090102e-05
3.244699541550463549e-05
3.222341863069317334e-05
3.199402256404472071e-05
3.175900149889428941e-05
3.151851201276719143e-05
3.127278462769006510e-05
3.102188134090222974e-05
3.076573654908204824e-05
3.050431498821835414e-05
3.023773852465056172e-05
2.996624362589985020e-05
2.969017703105866481e-05
2.940968400954652910e-05
2.912475767379948168e-05
2.883535524296126565e-05
2.854163685095702026e-05
2.824394472552731384e-05
2.794264807622289613e-05
2.763787228494098071e-05
2.732961570529430386e-05
2.701791693628672122e-05
2.670314218312138109e-05
2.638563715796674692e-05
2.606552376265394686e-05
2.574281844194249919e-05
2.541776278513717865e-05
2.509072281963728308e-05
2.476195983402060919e-05
2.443153766322088134e-05
2.409966041212743761e-05
2.376664462618127384e-05
2.343273257875520477e-05
2.309800692732892407e-05
2.276267460755749557e-05
2.242701381748024502e-05
2.209130553696240170e-05
2.175574381413600367e-05
2.142053614761493669e-05
2.108592132992217385e-05
2.075213815957275854e-05
2.041928852861595579e-05
2.008758723467338677e-05
1.975719911386782335e-05
1.942831258483599684e-05
1.910125267049274280e-05
1.877621366918367935e-05
1.845331145239237407e-05
1.813286246606438855e-05
1.781483286539204262e-05
1.749944682465850388e-05
1.718677343467859485e-05
1.687703306057100229e-05
1.657049425249591058e-05
1.626721436947093063e-05
1.596737704383363929e-05
1.567095155002368916e-05
1.537815921709851773e-05
1.508911106618438064e-05
1.480393401547398448e-05
1.452266355980100639e-05
1.424539274206861321e-05
1.397220273630992216e-05
1.370320935150020353e-05
1.343844543577151034e-05
1.317797396073317421e-05
1.292182932663201148e-05
1.267003926613672780e-05
1.242265204340225031e-05
1.217970365828424474e-05
1.194125307226429751e-05
1.170724986860142596e-05
1.147768604092840359e-05
1.125265181817213677e-05
1.103214037882530099e-05
1.081605041957418364e-05
1.060434646282993266e-05
1.039710034994640627e-05
1.019432779432602614e-05
9.995831565902500178e-06
9.801637338083289615e-06
9.611796594816104553e-06
9.426134435808547081e-06
9.244679342535936807e-06
9.067378988033338591e-06
8.894064194085270412e-06
8.724815832098842529e-06
8.559517322717555390e-06
8.398063701944384607e-06
8.240449359261295184e-06
8.086575165818366193e-06
7.936367845980251833e-06
7.789724122187806029e-06
7.646527733550997568e-06
7.506848160027300784e-06
7.370517509748834594e-06
7.237435766324889527e-06
7.107605398878575427e-06
6.980822254236798841e-06
6.857131866514682774e-06
6.736377496594939103e-06
6.618400672979635877e-06
6.503317219682152849e-06
6.390896734206088507e-06
6.281092398734955713e-06
6.173886091662192496e-06
6.069067207760413871e-06
5.966732424453026114e-06
5.866681946110429835e-06
5.768773936289646348e-06
5.673146512644116994e-06
5.579555357250435946e-06
5.488003480134341687e-06
5.398437002033457830e-06
5.310642572407656078e-06
5.224768242407626276e-06
5.140611927012008519e-06
5.058052940509518988e-06
4.977254908309346689e-06
4.897955712952485812e-06
4.820190241593994235e-06
4.743894583892431325e-06
4.668883171999567842e-06
4.595365483433515189e-06
4.523095898777441666e-06
4.451972133044516163e-06
4.382176126660234394e-06
4.313452726324234164e-06
4.245892067130799250e-06
4.179396672641971307e-06
4.113800674228894574e-06
4.049357110388580801e-06
3.985807126030199092e-06
3.923080497120407061e-06
3.861361322133501795e-06
3.800386958398298591e-06
3.740301814481767794e-06
3.681002480775210155e-06
3.622326203184740323e-06
3.564552343594990414e-06
3.507411641568666007e-06
3.450892018677642366e-06
3.395156663894130667e-06
3.339939529792437988e-06
3.285422713755332779e-06
3.231512229971114905e-06
3.178052399918831615e-06
3.125325896452507324e-06
3.073070821006756982e-06
3.021321061866867324e-06
2.970203261469367457e-06
2.919480113194338925e-06
2.869353243002463502e-06
2.819732057446073816e-06
2.770490034825157520e-06
2.721886437869609732e-06
2.673681225792230650e-06
2.625937763092964836e-06
2.578725364415141516e-06
2.531855242546359875e-06
2.485484872645105729e-06
2.439500932388484560e-06
2.393797717181459377e-06
2.348562472176234603e-06
2.303562523326874205e-06
2.258865765145696331e-06
2.214499136336991184e-06
2.170317260492918258e-06
2.126476408051979302e-06
2.082891821757272734e-06
2.039512388901662930e-06
1.996516181155767669e-06
1.953773165463723219e-06
1.911396064995293934e-06
1.869437841171376993e-06
1.827844307738925279e-06
1.786778886518642136e-06
1.746200511184516552e-06
1.706116684639263834e-06
1.666659174651748857e-06
1.627735526972319509e-06
1.589440738824257026e-06
1.551795748121841183e-06
1.514749462785251359e-06
1.478391605846986616e-06
1.442667382108020225e-06
1.407572861239328100e-06
1.373162752840363859e-06
1.339350464529991613e-06
1.306182099131905534e-06
1.273646815991671724e-06
1.241693675128580382e-06
1.210354459096623335e-06
1.179582091269117872e-06
1.149369539925889276e-06
1.119723636968376589e-06
1.090595671425581386e-06
1.062002113132640591e-06
1.033926343545326075e-06
1.006340548159579445e-06
9.792494312801092804e-07
9.526394920679356383e-07
9.265061864602778471e-07
9.008333247727325816e-07
8.756173281777763307e-07
8.508521697995622617e-07
8.265308007045818781e-07
8.026533178432897161e-07
7.792049478793593654e-07
7.561948772743302612e-07
7.336233786531761683e-07
7.114676773450167902e-07
6.897417898660908829e-07
6.684354114679134392e-07
6.475584951543779516e-07
6.271216655423667614e-07
6.070950596484369142e-07
5.874932761599371322e-07
5.683136247911847847e-07
5.495494410154070840e-07
5.312231789198627480e-07
5.133021601361661819e-07
4.957899569089486937e-07
4.787085125236242589e-07
4.620367510725315306e-07
4.457914752363361953e-07
4.299545089062194833e-07
4.145137006651891602e-07
3.994933948785134189e-07
3.848690030327302144e-07
3.706435240599400357e-07
3.568204774301179554e-07
3.433770148100360464e-07
3.303361559385608466e-07
3.176745768873190399e-07
3.053841412670199223e-07
2.934777749919464971e-07
2.819303209040917667e-07
2.707500137399064206e-07
2.599314427032503372e-07
2.494513892241579618e-07
2.393236093715066561e-07
2.295300225534880066e-07
2.200657851193819561e-07
2.109319318749478315e-07
2.021039298652484982e-07
1.935880311350096992e-07
1.853785191582601759e-07
1.774628233875082019e-07
1.698391845402264125e-07
1.624892369251237229e-07
1.554121843582686734e-07
1.486034832395992328e-07
1.420545508064724496e-07
1.357568986677306736e-07
1.297005033514308215e-07
1.238834457417583700e-07
1.182959649483693397e-07
1.129325716560388646e-07
1.077858964345424104e-07
1.028451141270266943e-07
9.810648380401758036e-08
9.356481657391479535e-08
8.921202491663515274e-08
8.503959667419349481e-08
8.104771969585131586e-08
7.722631488618828300e-08
7.356432815621490643e-08
7.006168566978971930e-08
6.671147681787485760e-08
6.351007813365935986e-08
6.044999323859953606e-08
5.752338110181038639e-08
5.472810050377237973e-08
5.205986262657494752e-08
4.951128997372812062e-08
4.707262383095447816e-08
4.475257198030944827e-08
4.253779894284880001e-08
4.042196291402692450e-08
3.841047218483219373e-08
3.648538512498749260e-08
3.465887168385989968e-08
3.291714975277740463e-08
3.124922214654871920e-08
2.967367595508729973e-08
2.816490994079962209e-08
2.672999424058019370e-08
2.537313069002445850e-08
2.406959614308663879e-08
2.283823008350390562e-08
2.166625808243901330e-08
2.054269756886510069e-08
1.948604852426080088e-08
1.847428426092310459e-08
1.751401989744458953e-08
1.660516325325768083e-08
1.573340724741850260e-08
1.491366367067405581e-08
1.413245019166141393e-08
1.338661594261489860e-08
1.268684456408216987e-08
1.201793520306583046e-08
1.138588886562719902e-08
1.078672285772674811e-08
1.021274861032314403e-08
9.674270098450050022e-09
9.160849178965645724e-09
8.670149449724176334e-09
8.209033796708468125e-09
7.767832218187640258e-09
7.352366082655238834e-09
6.959471286531146463e-09
6.583582466548096068e-09
6.233497916613319779e-09
5.900393827696609738e-09
5.582799606605986041e-09
5.285654659819891264e-09
4.999429599643433301e-09
4.730186836804510475e-09
4.475757826711643472e-09
4.229818457006805124e-09
4.003370449515924124e-09
3.787866739216945777e-09
3.582268382476817497e-09
3.391385821517873324e-09
3.205796355236801367e-09
3.032709436436064157e-09
2.868656719020116228e-09
2.709217834546709419e-09
2.565446447452502267e-09
2.426981948153352400e-09
2.294508845375517554e-09
2.171272121644298597e-09
2.049498881902350779e-09
1.938500583076940213e-09
1.834906741262312749e-09
1.733653356911654989e-09
1.642891715521382682e-09
1.551984559881438028e-09
1.465060426594913239e-09
1.386500189368850996e-09
1.309926760667685803e-09
1.241287631632463015e-09
1.175108797582967619e-09
1.108193977806526523e-09
1.050121555903289178e-09
9.929366812564223985e-10
9.387902746974784466e-10
8.883292724083623343e-10
8.376337872886700351e-10
7.939571934656660232e-10
7.518198088785205987e-10
7.080157892295477063e-10
6.708556214738950521e-10
6.354867369120863828e-10
6.020560436226577859e-10
5.694311134180123956e-10
5.369999988612109449e-10
5.098575706284362698e-10
4.823905874953567323e-10
4.548404869252494779e-10
4.318313685388437116e-10
4.073054540028658574e-10
3.853261558182931118e-10
3.659712890915268029e-10
3.447474103563235741e-10
3.271740893034258184e-10
3.108492322952105119e-10
2.928676598575073463e-10
2.776221235904470895e-10
2.620263885286814584e-10
2.480988803779794324e-10
2.355725140727995818e-10
2.221780993638241706e-10
2.113905380488924683e-10
1.997249723587325512e-10
1.885231319688605894e-10
1.792513916940354593e-10
1.691278947161176058e-10
1.604414967541356028e-10
1.526618552449744343e-10
1.441249717598567146e-10
1.367448399648357379e-10
1.290249691078425123e-10
1.219540164677894236e-10
1.163745129044781865e-10
1.101006818147150640e-10
1.043719199013551906e-10
9.884549823901179477e-11
9.327199778994056725e-11
8.871473809074320413e-11
8.423814243031039063e-11
7.972597823264197242e-11
7.546622670133496141e-11
7.146532179622503899e-11
6.800905375212968416e-11
6.441610637170986426e-11
6.072566994165009927e-11
5.786684617400295874e-11
5.508395135232316274e-11
5.225036168469553590e-11
4.935490949546188348e-11
4.679859152461281130e-11
4.457523695078852412e-11
4.214718178244082279e-11
3.980804331788022704e-11
3.797716446406656564e-11
3.598136215770766986e-11
3.410153743566228241e-11
3.259374841239426065e-11
3.074555710369983151e-11
2.912599908564156747e-11
2.780061915159702793e-11
2.627032558626099601e-11
2.494588111418601074e-11
2.373203377232693390e-11
2.242675844158682835e-11
2.137655539974888618e-11
2.024597686418309761e-11
1.930891073758077046e-11
1.835737470812658589e-11
1.731425457535931695e-11
1.647253280733031049e-11
1.557344781547067255e-11
1.486176877598033998e-11
1.414319976620338214e-11
1.339321258871906098e-11
1.269602975383091033e-11
1.206114259793896351e-11
1.142170919384972206e-11
1.088511667535576205e-11
1.030718625631116884e-11
9.818859709690272904e-12
9.310929465252901792e-12
8.785002029037971609e-12
8.338438573201355278e-12
7.937564939530784120e-12
7.542069042459269114e-12
7.120458250395522321e-12
6.730044113681087716e-12
6.395859085319056375e-12
6.074600690074045489e-12
5.733286200556273637e-12
5.415603101103008026e-12
5.102729652651294211e-12
4.838250473530049342e-12
4.584329772403846378e-12
4.290646615457741964e-12
4.048192731967750536e-12
3.834589024496735686e-12
3.586183967929758780e-12
3.359495147806312573e-12
3.155073304863666190e-12
2.967684730379781598e-12
2.758250321894870681e-12
2.572945151640963852e-12
2.410943357603107885e-12
2.223345204787829497e-12
2.062823600732467975e-12
1.919381542919795542e-12
1.761977477040700703e-12
1.621450416707022580e-12
1.493209124118550357e-12
1.354463962703711130e-12
1.246690881123400690e-12
1.131226712909949114e-12
1.025943826326857232e-12
9.309565565882810597e-13
8.377067150052467342e-13
7.605060718844713917e-13
6.827069313972224694e-13
6.150225426753684818e-13
5.546737665933802534e-13
5.052805273126698095e-13
4.593083498067589620e-13
4.191601070919559283e-13
3.878142208902446151e-13
3.616698287577783401e-13
3.382247220775323722e-13
3.214223185601664249e-13
3.095680153555351397e-13
2.980706353849892686e-13
2.893709303891655869e-13
2.830661426176912910e-13
2.747288028194537468e-13
2.665977464098652009e-13
2.584603127053858765e-13
2.478995266700584336e-13
2.358750768020549546e-13
2.215293418321823465e-13
2.040582361172128968e-13
1.866984909949682563e-13
1.681359652413817351e-13
1.493626808885047700e-13
1.305288370455201281e-13
1.131700600471362195e-13
9.868331015359067490e-14
8.637198725326570353e-14
7.777701146206468504e-14
7.142581101090378208e-14
6.857110678966764607e-14
6.765315394111915158e-14
6.857148831741316910e-14
6.931759539495564368e-14
6.956114345848752161e-14
6.890786881378885818e-14
6.618457504349529598e-14
6.085694943576321019e-14
5.459009529605644270e-14
4.692554667202227062e-14
3.905077347443666365e-14
3.232958219791219347e-14
2.761808613227456898e-14
2.503867559705034972e-14
2.477706990304584257e-14
2.616234709459085586e-14
2.789754105893419283e-14
2.884881369702834875e-14
2.840653319532474164e-14
2.589318276249568958e-14
2.203824866082759689e-14
1.764895071515499187e-14
1.392329052470850543e-14
1.184670712191425865e-14
1.161757455150807164e-14
1.280713479115733885e-14
1.425945480806887100e-14
1.492334324717414901e-14
1.386656424243485416e-14
1.139278357998647721e-14
8.515997880640153447e-15
6.494794005331491226e-15
6.261600705513062999e-15
7.274642522853250486e-15
8.487293767560016950e-15
8.617731450289438043e-15
7.279244123930812221e-15
5.248895673759220941e-15
3.847248842613691580e-15
3.830388921674442176e-15
4.899188528171578300e-15
5.575602072379269710e-15
4.983663979968654101e-15
3.465519667404434251e-15
2.393969559338760034e-15
2.636479494432633774e-15
3.543557476731086624e-15
3.687174240344114088e-15
2.740354191875504262e-15
1.689499275807787526e-15
1.773201779867649429e-15
2.514115399642008174e-15
2.563209562464602798e-15
1.667621995019137474e-15
1.112899987210500277e-15
1.569422010121879407e-15
1.988626531935967180e-15
1.395092380402804725e-15
8.299674964566466620e-16
1.154206068869721467e-15
1.493237624239881061e-15
9.588726535369105794e-16
6.276934854478435473e-16
1.040943122973466761e-15
1.039433419799272751e-15
5.151050893924831288e-16
6.723527335072344367e-16
8.958890996663704233e-16
4.808190371201086158e-16
4.798612477006174293e-16
7.313801357189289181e-16
3.785575849708852869e-16
4.212518241220152744e-16
5.644211624355808264e-16
2.773966491224517456e-16
4.073142062717156032e-16
4.000511537725494920e-16
2.146070240975518203e-16
4.094818794224372696e-16
1.965709780420965403e-16
2.987141408585152233e-16
2.383243560723808673e-16
1.995195336029424936e-16
2.471381099172616095e-16
1.498517302834075922e-16
2.229726905162284673e-16
1.292551649372688311e-16
1.889391572089199632e-16
1.175772845223383866e-16
1.577221213990392588e-16
1.068973409427360219e-16
1.322688513651921440e-16
9.585877866469007130e-17
1.119018340550503616e-16
8.491206910082901879e-17
9.538154354582869870e-17
7.458567384513919888e-17
8.172939339171015910e-17
6.516352031098455137e-17
7.027756105147848207e-17
5.673592264215652460e-17
6.057231049650459851e-17
4.928602406075690379e-17
5.229186354359706962e-17
4.274698179803855065e-17
4.519603766339154994e-17
3.703287218636235317e-17
3.909760392264746917e-17
3.205407555100331029e-17
3.384587554753626967e-17
2.772451751559768196e-17
2.931687221607520784e-17
2.396480279385037606e-17
2.540705848575827849e-17
2.070330453131082451e-17
2.202910097910667113e-17
1.787624876591789819e-17
1.910882729116403830e-17
1.542732017688500563e-17
1.658294301558330044e-17
1.330705873550133010e-17
1.439725452561550103e-17
1.147218567935723642e-17
1.250524777347370996e-17
9.884929938295238042e-18
1.086692871229264725e-17
8.512389877808531630e-18
9.447863512052870680e-18
7.325946462930022524e-18
8.218375603708885180e-18
6.300733203749496752e-18
7.152868656536423369e-18
5.415163179387520512e-18
6.229252633127344120e-18
4.650510127663245154e-18
5.428455062813967531e-18
3.990539663945532664e-18
4.734003658549032839e-18
3.421185789810799242e-18
4.131668930722420822e-18
2.930268222526049491e-18
3.609157899806784630e-18
2.507245818679795073e-18
3.155850977274740347e-18
2.143002072511875877e-18
2.762576105669656990e-18
1.829658839919613452e-18
2.421414632884134406e-18
1.560414881444787379e-18
2.125534584839231351e-18
1.329406217401118753e-18
1.869047580269086709e-18
1.131585700771387155e-18
1.646886248445666535e-18
9.626194037358962474e-19
1.454699392688644416e-18
8.187979227138087968e-19
1.288762735804306951e-18
6.969608031491433663e-19
1.145903335684601999e-18
5.944327096790655924e-19
1.023436070793178851e-18
5.089700464280009117e-19
9.191108858723776584e-19
4.387171002189375347e-19
8.310698270434575171e-19
3.821708551303506225e-19
7.578129317820174809e-19
3.381538806340285450e-19
6.981724329288093630e-19
3.057948350467429541e-19
6.512948036789505044e-19
2.845163631329088269e-19
