# ximinus_4_3
1.942427178533039823e-08
1.886011815104318584e-08
1.821467097035810087e-08
1.789862494981904503e-08
1.746596018422697225e-08
1.738625615357094440e-08
1.717611854559716408e-08
1.732872610166859823e-08
1.735541389484508667e-08
1.774408129785997561e-08
1.802704706333120588e-08
1.866353693865830629e-08
1.922811742229352623e-08
2.013263754043760199e-08
2.101092713623576203e-08
2.221276358135008733e-08
2.344464619920100859e-08
2.498300523344433933e-08
2.661735941464565441e-08
2.854242832096915521e-08
3.063851931320412651e-08
3.301275165411406909e-08
3.564182151942352110e-08
3.854145368083076579e-08
4.178851621508919628e-08
4.530531275890095041e-08
4.927115244216668371e-08
5.351437286770493002e-08
5.831773611122642586e-08
6.341630005641159347e-08
6.919625072216239723e-08
7.530106198993262333e-08
8.221945154351069274e-08
8.950581415547785510e-08
9.774978688772180583e-08
1.064198146506163528e-07
1.162042288466122823e-07
1.264891033217359276e-07
1.380586994833409538e-07
1.502205772182649121e-07
1.638516619292724794e-07
1.781849609643467103e-07
1.941862983738616932e-07
2.110180128923829138e-07
2.297305267910904531e-07
2.494191218692435875e-07
2.712139101287971303e-07
2.941462452342387635e-07
3.194203013374185036e-07
3.460059217945438899e-07
3.751748525043010385e-07
4.058368911845639641e-07
4.393238318510799312e-07
4.744856908148638982e-07
5.127055727437306829e-07
5.527725405519884439e-07
5.961108902706517045e-07
6.414459285207671475e-07
6.902315248241648345e-07
7.411246845948782857e-07
7.955957207756924337e-07
8.522270849194354829e-07
9.124910535128624570e-07
9.748878228513757419e-07
1.040876231860744849e-06
1.108865654749366462e-06
1.180285971520420417e-06
1.253447318548272836e-06
1.329736260559329716e-06
1.407356988096176465e-06
1.487641424914930979e-06
1.568684987983938009e-06
1.651759156482801869e-06
1.734854415871999059e-06
1.819184579552869154e-06
1.902648985397709634e-06
1.986418539488592920e-06
2.068328561975695889e-06
2.149537035244985335e-06
2.227858623668738679e-06
2.304485859878696069e-06
2.377273697094835790e-06
2.447514258855379734e-06
2.513179739243786473e-06
2.575740806755599731e-06
2.633373718265011426e-06
2.687811523418602727e-06
2.737518993465001412e-06
2.784564598705988936e-06
2.827764567933107331e-06
2.869562635328919520e-06
2.909142819788362175e-06
2.949303896025481739e-06
2.989540206278671167e-06
3.032899719100026273e-06
3.079034450208846885e-06
3.131035911854868956e-06
3.188462465877567373e-06
3.254154570701784439e-06
3.327255735571200417e-06
3.410021597989073445e-06
3.500862429906039161e-06
3.601171803845605513e-06
3.708427460475927927e-06
3.823071303861187354e-06
3.941704701169865574e-06
4.064043725338738296e-06
4.186226478246873212e-06
4.307838877103861449e-06
4.425311166859361366e-06
4.538960694442460376e-06
4.646399853793263605e-06
4.749489421457788768e-06
4.847636852249526832e-06
4.944532546417577876e-06
5.041228511859706138e-06
5.142585122808251260e-06
5.250123917323260991e-06
5.368264477241319385e-06
5.497131364312157173e-06
5.638856737579453967e-06
5.790686740074244198e-06
5.951713085496076753e-06
6.116583037513512243e-06
6.282816804521747501e-06
6.445042564432379770e-06
6.602533940324742031e-06
6.753318141379955949e-06
6.901089163331956929e-06
7.048328193345149853e-06
7.201974610931779278e-06
7.365446250218699338e-06
7.543665291767658194e-06
7.735295817062307579e-06
7.938930124797722850e-06
8.147310685073342484e-06
8.355722383505524386e-06
8.557865821652398588e-06
8.754471634736940699e-06
8.947540465624778306e-06
9.145715546217306107e-06
9.354832695891286508e-06
9.580870677246808748e-06
9.820928884922217733e-06
1.006993814172072012e-05
1.031739978850948711e-05
1.055895056986219969e-05
1.079377298207612998e-05
1.103124365874408384e-05
1.127976674355824569e-05
1.154645630103934139e-05
1.182607082047634653e-05
1.210954915885388764e-05
1.238534258914752184e-05
1.265438744078615890e-05
1.292474215696012469e-05
1.321004641088734933e-05
1.351127570564860191e-05
1.381982301151079724e-05
1.412020948853012535e-05
1.441142078329792637e-05
1.470365080262100684e-05
1.501164167723987959e-05
1.533104758937313579e-05
1.564702302418453963e-05
1.594792877693035601e-05
1.624606715866584229e-05
1.655552154874352378e-05
1.687436572053457680e-05
1.718081815858286954e-05
1.747142464544365517e-05
1.776224140015777449e-05
1.806407546565556011e-05
1.835595237346270193e-05
1.862646067684767284e-05
1.889115169485181865e-05
1.916362587099865929e-05
1.941997875018466736e-05
1.965258884956153307e-05
1.988271595507727120e-05
2.011245607254587549e-05
2.031352053768632608e-05
2.050085748139036690e-05
2.068975053750811741e-05
2.085668361601005725e-05
2.100125286176258630e-05
2.115101250131774826e-05
2.127783558537697247e-05
2.138803797590559198e-05
2.150214853449254840e-05
2.159469177780780794e-05
2.167983066550602860e-05
2.176963283167138467e-05
2.183597703455936038e-05
2.191693586918260056e-05
2.198281747511253575e-05
2.205359302901295799e-05
2.212606088438359559e-05
2.219368670596654777e-05
2.227223114971980711e-05
2.234297315470078850e-05
2.242535343291782976e-05
2.250036515401511973e-05
2.258345039063460862e-05
2.265948518652160617e-05
2.273889525480587734e-05
2.281063562700268884e-05
2.288165641646446808e-05
2.294432639809197095e-05
2.300391312216250756e-05
2.305562729996998655e-05
2.310425380535744203e-05
2.314724641077797569e-05
2.318925922372816717e-05
2.322908351709588530e-05
2.327081502522376219e-05
2.331339988051830777e-05
2.335960145144985010e-05
2.340752710966829281e-05
2.345821265361907031e-05
2.350877824461488619e-05
2.355911911981892066e-05
2.360632612308031020e-05
2.365059030681288012e-05
2.369036911066313804e-05
2.372732891648967832e-05
2.376173924089330371e-05
2.379635916706983822e-05
2.383193739294933733e-05
2.387043146112190315e-05
2.391107245511080821e-05
2.395367353176761652e-05
2.399577024500819953e-05
2.403630700932941880e-05
2.407348897794114691e-05
2.410805204315112703e-05
2.414065810089749664e-05
2.417385105487030816e-05
2.420872204390224722e-05
2.424633830863105299e-05
2.428522056820786536e-05
2.432395943940867931e-05
2.436030633196888936e-05
2.439425111190638852e-05
2.442650625643301475e-05
2.445957936309263087e-05
2.449455950871738878e-05
2.453164951282902495e-05
2.456864119150126705e-05
2.460395155927508874e-05
2.463679596208343076e-05
2.466910386687384588e-05
2.470266603380560686e-05
2.473845007374685608e-05
2.477457172325590979e-05
2.480925109961523768e-05
2.484188372038785081e-05
2.487466818551432025e-05
2.490909165933491895e-05
2.494482687457741165e-05
2.497935540578591950e-05
2.501221135465272644e-05
2.504498556801406761e-05
2.507964068542966812e-05
2.511475388920590820e-05
2.514842495121548608e-05
2.518089364534416928e-05
2.521469007652643200e-05
2.524943472017983164e-05
2.528309873089801127e-05
2.531555918166969175e-05
2.534931041898300292e-05
2.538363171650799595e-05
2.541663425948142448e-05
2.544925233778947432e-05
2.548338079442966957e-05
2.551674922580603755e-05
2.554902825334994529e-05
2.558237340996448895e-05
2.561584917194994172e-05
2.564765387123803166e-05
2.568046604855559739e-05
2.571327380978288049e-05
2.574482148568020334e-05
2.577705367538063189e-05
2.580892892101087984e-05
2.583981551629485585e-05
2.587157830579482962e-05
2.590187811913729818e-05
2.593241486916198884e-05
2.596233581044292253e-05
2.599184003367573976e-05
2.602082389046189809e-05
2.604916815259774614e-05
2.607711703409958939e-05
2.610396515178691878e-05
2.613074364371003171e-05
2.615597010716017736e-05
2.618114568192734601e-05
2.620502397840313960e-05
2.622814374488664354e-05
2.625032964817583644e-05
2.627142367634338765e-05
2.629142660384676402e-05
2.631047376767912068e-05
2.632800268475888155e-05
2.634463375162455410e-05
2.635972086542699185e-05
2.637338410635459206e-05
2.638559253985404510e-05
2.639605370631334882e-05
2.640484347211875926e-05
2.641184126282049887e-05
2.641667724061421099e-05
2.641958858183180101e-05
2.642006321813047259e-05
2.641815640874383301e-05
2.641381598471455680e-05
2.640678048655140648e-05
2.639706081947492918e-05
2.638455124884296968e-05
2.636906330702476774e-05
2.635077987532154147e-05
2.632937868552808305e-05
2.630492147375138577e-05
2.627736058965962209e-05
2.624650044724417738e-05
2.621230825723285226e-05
2.617466214496934470e-05
2.613334378408879082e-05
2.608837461022945866e-05
2.603947802948523057e-05
2.598664932704910783e-05
2.592982327374321672e-05
2.586890166997946804e-05
2.580390629696455913e-05
2.573485027295250793e-05
2.566169134925649952e-05
2.558451645875325009e-05
2.550319821226426910e-05
2.541770172907161366e-05
2.532795366947404874e-05
2.523388560666381254e-05
2.513541762827794702e-05
2.503246314107283600e-05
2.492499608778719441e-05
2.481312638898710348e-05
2.469684284741763437e-05
2.457622362387562210e-05
2.445131356958610232e-05
2.432210070192915822e-05
2.418853929008151057e-05
2.405053587707477858e-05
2.390807537090483201e-05
2.376126413774991603e-05
2.361016212706668104e-05
2.345491623497990437e-05
2.329557906415465177e-05
2.313209106457510210e-05
2.296442025510480358e-05
2.279261788393225618e-05
2.261676964862049911e-05
2.243708150921027214e-05
2.225364715170379914e-05
2.206649062149740331e-05
2.187559171681114527e-05
2.168098075780407736e-05
2.148279246588818736e-05
2.128124457296960874e-05
2.107649367532079653e-05
2.086859300290837529e-05
2.065749384934511428e-05
2.044333357695118098e-05
2.022634162059255163e-05
2.000669377442195951e-05
1.978444118204986265e-05
1.955965340431414510e-05
1.933250912297103670e-05
1.910323900446836681e-05
1.887192308347538251e-05
1.863862604343405300e-05
1.840354569323627784e-05
1.816694053132183974e-05
1.792888366969741510e-05
1.768944792083778988e-05
1.744886852351893239e-05
1.720739083993453325e-05
1.696508048174395097e-05
1.672207938602606991e-05
1.647861945587561272e-05
1.623481715547480734e-05
1.599079736738175832e-05
1.574681062322713765e-05
1.550294341276031517e-05
1.525936910889635496e-05
1.501631115385361844e-05
1.477383514122775128e-05
1.453209512300859013e-05
1.429132700648242486e-05
1.405159332942917392e-05
1.381310624643605673e-05
1.357592142189448077e-05
1.334024469632281624e-05
1.310620036176463773e-05
1.287391121496407248e-05
1.264354631743162378e-05
1.241514633203521950e-05
1.218888952337505401e-05
1.196486985028241614e-05
1.174319940954938169e-05
1.152392705784433272e-05
1.130719118556933619e-05
1.109305960774366639e-05
1.088165547966533369e-05
1.067302208675881954e-05
1.046724961072941786e-05
1.026439231353003076e-05
1.006451732621708725e-05
9.867684794932660448e-06
9.673950162621507346e-06
9.483362294899806840e-06
9.295935577863450141e-06
9.111707454280673345e-06
8.930730806722670767e-06
8.753020858121444143e-06
8.578579205233115504e-06
8.407411880191509139e-06
8.239527994065784985e-06
8.074970238776273099e-06
7.913700049240940854e-06
7.755698031131219250e-06
7.600985493816105598e-06
7.449534195893823948e-06
7.301338408382141740e-06
7.156340843007434008e-06
7.014504620607649322e-06
6.875857741815674530e-06
6.740334831344456437e-06
6.607899740271799519e-06
6.478532402280593543e-06
6.352154405917477737e-06
6.228748279857831430e-06
6.108245405377877155e-06
5.990567912144293270e-06
5.875755766736665806e-06
5.763701760776606399e-06
5.654348567800524811e-06
5.547675702143407340e-06
5.443568120292671313e-06
5.342035268318243285e-06
5.242973869719502399e-06
5.146276630822495568e-06
5.052006935160766362e-06
4.960013763498050292e-06
4.870265028010497667e-06
4.782720935278502942e-06
4.697247206634237128e-06
4.613897203663957900e-06
4.532536983715471176e-06
4.453054469870321787e-06
4.375522939646905494e-06
4.299785197632650058e-06
4.225835746693980997e-06
4.153612516381646374e-06
4.082967539907100082e-06
4.013988742826550051e-06
3.946535509005016329e-06
3.880514512390608893e-06
3.816020776804905290e-06
3.752876699853599109e-06
3.691091319544743478e-06
3.630601046519950964e-06
3.571284067864087026e-06
3.513271180393062627e-06
3.456379551865645328e-06
3.400531570946704851e-06
3.345845468445810789e-06
3.292135992114593298e-06
3.239459982922141859e-06
3.187733497838976238e-06
3.136836814903109182e-06
3.086943173570413429e-06
3.037859210530098006e-06
2.989528757881809950e-06
2.942076061868232961e-06
2.895311991625998879e-06
2.849330548757603884e-06
2.804045781719569855e-06
2.759339643827649352e-06
2.715408994711231640e-06
2.672052997794823392e-06
2.629255550476146738e-06
2.587130993356945463e-06
2.545481426168563565e-06
2.504432226816775145e-06
2.463907278913840306e-06
2.423785596648446747e-06
2.384276631368993195e-06
2.345178782938454393e-06
2.306509519940094102e-06
2.268362069384024521e-06
2.230551000114350295e-06
2.193225348613813085e-06
2.156308021059934554e-06
2.119697594637679188e-06
2.083596392591446140e-06
2.047816199955227542e-06
2.012404563935955872e-06
1.977421500836751208e-06
1.942723834650837570e-06
1.908448057281414798e-06
1.874512697985584043e-06
1.840844873897882089e-06
1.807612998825081235e-06
1.774636596926719161e-06
1.741973936724844538e-06
1.709648970406855000e-06
1.677533044261475939e-06
1.645747332894859326e-06
1.614197348271332873e-06
1.582812714795888960e-06
1.551718533824718817e-06
1.520768682010739546e-06
1.490024897926522675e-06
1.459502294634338338e-06
1.429122421570321599e-06
1.399010407537029714e-06
1.369108455199716409e-06
1.339410883638697386e-06
1.310039666603929888e-06
1.280911401055257094e-06
1.252118301154331569e-06
1.223688777346181603e-06
1.195586999793009603e-06
1.167921493317101191e-06
1.140651640237736373e-06
1.113785725133072502e-06
1.087399265460910374e-06
1.061423011147969722e-06
1.035919110101985072e-06
1.010886643546886048e-06
9.862827779718966976e-07
9.621617833861119655e-07
9.384786616773804900e-07
9.152310802354563365e-07
8.924404024476242408e-07
8.700523584804842198e-07
8.480926554722091307e-07
8.265464728299397827e-07
8.053845626692341219e-07
7.846255790975149947e-07
7.642390417702144522e-07
7.442231817082596497e-07
7.245730756316218477e-07
7.052646720716781620e-07
6.863028292930845068e-07
6.676797401644460108e-07
6.493863943338573633e-07
6.314202842596367708e-07
6.137695234801709470e-07
5.964366186705231128e-07
5.794095741490238150e-07
5.626890184170743672e-07
5.462722565802993192e-07
5.301622656251796010e-07
5.143600592555129516e-07
4.988499923702516216e-07
4.836393416334653422e-07
4.687277037652580255e-07
4.541076188724121418e-07
4.397932524019768365e-07
4.257650989709176429e-07
4.120274523193397187e-07
3.985930990769304866e-07
3.854480207983646754e-07
3.726075498785855620e-07
3.600600339925095557e-07
3.477946461500275723e-07
3.358296079151308632e-07
3.241487140148724638e-07
3.127580676604522672e-07
3.016596824729507198e-07
2.908363897837986615e-07
2.803089951714052768e-07
2.700618838027523137e-07
2.600866071651162306e-07
2.503989302525506572e-07
2.409789464383000236e-07
2.318321769843274961e-07
2.229594855301754618e-07
2.143427401310552261e-07
2.059920861907712520e-07
1.978970423887919430e-07
1.900564505833002485e-07
1.824700476727784744e-07
1.751198321385043875e-07
1.680134914480157549e-07
1.611465808417615358e-07
1.545078194769026853e-07
1.481018832087178227e-07
1.419130344481096245e-07
1.359373118110189309e-07
1.301799482566779971e-07
1.246265367167806734e-07
1.192741409450852610e-07
1.141200850520286244e-07
1.091554120150812489e-07
1.043794981111161422e-07
9.978393157848161773e-08
9.536552893591493694e-08
9.111712075700903470e-08
8.703305609972947443e-08
8.311229100942416151e-08
7.934552164289992347e-08
7.573165275889674813e-08
7.226585665751825933e-08
6.894185454264237601e-08
6.575314180649117290e-08
6.269645251595391324e-08
5.976830858607935631e-08
5.696607956664550443e-08
5.428346313106424262e-08
5.171271475810309318e-08
4.925568558669462797e-08
4.690577225115658144e-08
4.465632346812372345e-08
4.250519658369508121e-08
4.045111720950543055e-08
3.848969762399561500e-08
3.661484098201848935e-08
3.482512190657259183e-08
3.311548923482704953e-08
3.148735890417810870e-08
2.993241093373887730e-08
2.844504945986825907e-08
2.703305664247489672e-08
2.568275896362152147e-08
2.439577474469982604e-08
2.317507554343574032e-08
2.200380714737042619e-08
2.089412976152635406e-08
1.983786714463780353e-08
1.882504721976190730e-08
1.786989987317916831e-08
1.695601171123401122e-08
1.608758771144850141e-08
1.526539024502731858e-08
1.447610484896472843e-08
1.373257120531822068e-08
1.302366820066065738e-08
1.234592904729173777e-08
1.170901053030859003e-08
1.109893836145196157e-08
1.052141980986641698e-08
9.973757187628843132e-09
9.448547102449943864e-09
8.955439408192275251e-09
8.485409728051351695e-09
8.036748489659706663e-09
7.614952183628387065e-09
7.211335519550294095e-09
6.830704241075158880e-09
6.470004974566557075e-09
6.124675321784027397e-09
5.801251815538460581e-09
5.492964791619719376e-09
5.199713405334872281e-09
4.924597937956836236e-09
4.660965673325590141e-09
4.412981281111164652e-09
4.178500353138235669e-09
3.952522231003044301e-09
3.742055620663514377e-09
3.541429120763539456e-09
3.350199187595561923e-09
3.171669700045538749e-09
3.000384274392891256e-09
2.840616762695536461e-09
2.689177986172069466e-09
2.542345387349159058e-09
2.407341126065710580e-09
2.277307755723253946e-09
2.153376199461878780e-09
2.038184214448498364e-09
1.926245544724432997e-09
1.823233904743719019e-09
1.725813267441525968e-09
1.630582901660668955e-09
1.544499888737712167e-09
1.460375409841142757e-09
1.380611679779814127e-09
1.307234333947095674e-09
1.235025792427536546e-09
1.169580054875203204e-09
1.107795383040298139e-09
1.046521923292571845e-09
9.916848476697492144e-10
9.369119181115949439e-10
8.855851101906784403e-10
8.390946217870113709e-10
7.925524540310891187e-10
7.506385852487292902e-10
7.102876748806697027e-10
6.700305892809610032e-10
6.352628395015962516e-10
6.010464785015161455e-10
5.692638492506543366e-10
5.394981127962388817e-10
5.090923467305388207e-10
4.827298505246888315e-10
4.574010335457729543e-10
4.316908765094060997e-10
4.088725105521464393e-10
3.861006822426145126e-10
3.658722649854118503e-10
3.470344865118106700e-10
3.274631626217006013e-10
3.108339318215206569e-10
2.947616614520177774e-10
2.782849250602368049e-10
2.636647181944071867e-10
2.490462082624953927e-10
2.360192528821344446e-10
2.236677071885957477e-10
2.112488180881186429e-10
2.009732578580397660e-10
1.901338123667495210e-10
1.793755908162721737e-10
1.704271085375072459e-10
1.609094147664647552e-10
1.527916746882341673e-10
1.454336608693985169e-10
1.371609561487068637e-10
1.301862263877005847e-10
1.229597432713696230e-10
1.162162494572233856e-10
1.107993951675509141e-10
1.049334607725756418e-10
9.956497642792475804e-11
9.419420125816287694e-11
8.887111013266992826e-11
8.465071346181968360e-11
8.034581576120238002e-11
7.599752594814061196e-11
7.203082867196113552e-11
6.818229856835120985e-11
6.486336705348996510e-11
6.151549522742052861e-11
5.793719221245321411e-11
5.522222374931959577e-11
5.263124107124270981e-11
4.986711122627774873e-11
4.715214625382193292e-11
4.468589164879943265e-11
4.258018517216773780e-11
4.027010814174371613e-11
3.801167326411980624e-11
3.629863995710893082e-11
3.436907394780053013e-11
3.259724699039750882e-11
3.114910540334737791e-11
2.939463167537307833e-11
2.783404447132349416e-11
2.658618945785388394e-11
2.511312771686990302e-11
2.385490175978120825e-11
2.269295648691320003e-11
2.144679659103128443e-11
2.044265859889289878e-11
1.936467514580505436e-11
1.847004639011563393e-11
1.756523294527808789e-11
1.656155371906838474e-11
1.576142877790933711e-11
1.489805685267355056e-11
1.422327179734859742e-11
1.353622932602963426e-11
1.281899883140281125e-11
1.215027697358494487e-11
1.154520682774580143e-11
1.093165811045237095e-11
1.042236069635426812e-11
9.868065262668387465e-12
9.403850878927143620e-12
8.916752122994715439e-12
8.411721822904684735e-12
7.983806331213374022e-12
7.602246857901471189e-12
7.223755632175191025e-12
6.820201775687237419e-12
6.444930576140513653e-12
6.126183148559669592e-12
5.818488856867996537e-12
5.491166747052620635e-12
5.186774248752736997e-12
4.887565654701452119e-12
4.634748058947352074e-12
4.392878429722203327e-12
4.109638163347998256e-12
3.878556714004097592e-12
3.675346163940246141e-12
3.436965355234182212e-12
3.218990929893243790e-12
3.023229106475586372e-12
2.843853333263546987e-12
2.643079882019847681e-12
2.464744635177307645e-12
2.309961068014361781e-12
2.129330812783978455e-12
1.976168452650681657e-12
1.839336144705734609e-12
1.688254116397891486e-12
1.553657222869951640e-12
1.431695440063153464e-12
1.297668000191020883e-12
1.194600334976185893e-12
1.083586977351164058e-12
9.825002666228806772e-13
8.911204710785712942e-13
8.019622125504351090e-13
7.284465637210973345e-13
6.540523540959305779e-13
5.892006523210019794e-13
5.315778286894007215e-13
4.837919290130782548e-13
4.395641728970974462e-13
4.008279438567887384e-13
3.709089274576380317e-13
3.462506416374545094e-13
3.240783429117506683e-13
3.079951423051181998e-13
2.966585307116784712e-13
2.851699772814825937e-13
2.767921878734230494e-13
2.708837744406250289e-13
2.633443375579139989e-13
2.556433790625961890e-13
2.478973110747489198e-13
2.372936096919502310e-13
2.257681758994131225e-13
2.121508483262556882e-13
1.957465319321809260e-13
1.791062764825675417e-13
1.610690281860368402e-13
1.427888794954497805e-13
1.249717195844923098e-13
1.085225228433946085e-13
9.470275109307528099e-14
8.252293702087717820e-14
7.427925085016420379e-14
6.842749369074058898e-14
6.586699000080934628e-14
6.468900680330998675e-14
6.552731397712880533e-14
6.642823604499098683e-14
6.681857582964555409e-14
6.590855640381298886e-14
6.332361980413749353e-14
5.841942291163359531e-14
5.237140102215452940e-14
4.480203317146855670e-14
3.746738438439028017e-14
3.101820693263857186e-14
2.634720131065012868e-14
2.395711343429388062e-14
2.380901847286815623e-14
2.495278686372335752e-14
2.676857058450642879e-14
2.766895753161889750e-14
2.716593216743130920e-14
2.485398837678609319e-14
2.110272567668924982e-14
1.687748470819363456e-14
1.337324069267734601e-14
1.129076223863222413e-14
1.116322385142178144e-14
1.223061629559029733e-14
1.368315615253690052e-14
1.428468397294651312e-14
1.329974433253906661e-14
1.090885194926975718e-14
8.158858317897170284e-15
6.209122644953885286e-15
5.997422810221052064e-15
6.961765474160261852e-15
8.139575481937044450e-15
8.250805556955119641e-15
6.981326559198929908e-15
5.019596017221514828e-15
3.688373003094180555e-15
3.659484215757675741e-15
4.698898094994243919e-15
5.337086822793063695e-15
4.782508660729578727e-15
3.311884369824896239e-15
2.296575246434698967e-15
2.517905295235659165e-15
3.401093255389877559e-15
3.528166066729680300e-15
2.630210857151099877e-15
1.611318614572589219e-15
1.702588431555744746e-15
2.403647068443309275e-15
2.461544130579900137e-15
1.592266820503971202e-15
1.068914886851045308e-15
1.498984885986165531e-15
1.910164891684611446e-15
1.332021536011276508e-15
7.982398239071226154e-16
1.101219612777943352e-15
1.435165835805276083e-15
9.145510217214864393e-16
6.039179500916776024e-16
9.941131430882588249e-16
9.992543911579381719e-16
4.896734741877723373e-16
6.469815105707889241e-16
8.555807498437388367e-16
4.632071579764801772e-16
4.565087829524195379e-16
7.037577349172890530e-16
3.596436713805715590e-16
4.059745834624960745e-16
5.383889126299476336e-16
2.678964129179176814e-16
3.877743169207772530e-16
3.856785003069974106e-16
2.029925833092736174e-16
3.947001204002117305e-16
1.859226540866531333e-16
2.882982831148551347e-16
2.262342796727167453e-16
1.930126435937807872e-16
2.348899758295406983e-16
1.452839378087524887e-16
2.118588715118329049e-16
1.254674290265808112e-16
1.793370495326071218e-16
1.142118037966238801e-16
1.495066661610727913e-16
1.039121019558425519e-16
1.251990119113987063e-16
9.326659844985505918e-17
1.057645471462625418e-16
8.270857375674302512e-17
9.001399835932375088e-17
7.274602859911793858e-17
7.700859044035189526e-17
6.365202314304542936e-17
6.610788106988954882e-17
5.551360612712219885e-17
5.687692497306530410e-17
4.831484283949792594e-17
4.900741354368394189e-17
4.199174196408876748e-17
4.226932067943368262e-17
3.646194327383649476e-17
3.648340595761720420e-17
3.163949936226557129e-17
3.150546197396681908e-17
2.744183591449600665e-17
2.721687580280373231e-17
2.379276638687816011e-17
2.351862185656644042e-17
2.062354260653858008e-17
2.032719261598175591e-17
1.787293959703077711e-17
1.757168299887411146e-17
1.548688019210997519e-17
1.519160178627132718e-17
1.341785824712282017e-17
1.313516866569945044e-17
1.162429365938507798e-17
1.135795241121298871e-17
1.006988731844902579e-17
9.821760125698866065e-18
8.723009775087069447e-18
8.493717807632459725e-18
7.556138918064612734e-18
7.345501350017142439e-18
6.545352028784633272e-18
6.352688138861064879e-18
5.669872340216305795e-18
5.494207411634817987e-18
4.911667384820474103e-18
4.751872172523658021e-18
4.255095254356231089e-18
4.109979446434890537e-18
3.686594279354355730e-18
3.554967968028707983e-18
3.194411648728283554e-18
3.075124636845342401e-18
2.768366591154181859e-18
2.660332386348741145e-18
2.399644212532234608e-18
2.301853539071997938e-18
2.080616242732967975e-18
1.992143443859833456e-18
1.804685493302736416e-18
1.724690273456575928e-18
1.566151024430804831e-18
1.493877225643438006e-18
1.360091589750506218e-18
1.294864197857325178e-18
1.182264975086954866e-18
1.123486223615486610e-18
1.029021389959735028e-18
9.761665583209950117e-19
8.972291553213525949e-19
8.498424764721895575e-19
7.842112512454167843e-19
7.419022825821789062e-19
6.876915205138387669e-19
6.501321352424261510e-19
6.057494438412062112e-19
5.726716853774620720e-19
5.367826415822039682e-19
5.079775226952974394e-19
4.794764123971013846e-19
4.547938216525152305e-19
4.327797235049179938e-19
4.121295595408794373e-19
3.958872731402503717e-19
