# ximinus_4_1
1.867506244660480510e-08
6.187520209401948061e-09
1.673932535177829160e-08
5.178053581162824186e-09
1.507669695816549534e-08
4.371012980775768260e-09
1.365989159016665530e-08
3.746122497648549949e-09
1.246674622142712303e-08
3.287637084780984260e-09
1.147983608273813517e-08
2.984050592758672356e-09
1.068619424547650202e-08
2.827899523519062545e-09
1.007712992451441551e-08
2.815659203543031210e-09
9.648139821153557301e-09
2.947727890039652582e-09
9.398910157423400688e-09
3.228496974115848186e-09
9.333406428657904369e-09
3.666505143814216089e-09
9.460048496661291175e-09
4.274674400184576090e-09
9.791968454051704317e-09
5.070625250958311932e-09
1.034734784563022070e-08
6.077066884710991019e-09
1.114982821582250307e-08
7.322255100248131429e-09
1.222898598660011449e-08
8.840506865777605302e-09
1.362085788374307966e-08
1.067275490168496225e-08
1.536849583105592196e-08
1.286711695918798350e-08
1.752252155293514749e-08
1.547944434021067582e-08
2.014163867942262654e-08
1.857380089138612076e-08
2.329304527576140286e-08
2.222280596206255325e-08
2.705267099392645129e-08
2.650775553173137424e-08
3.150514069728490212e-08
3.151841072167519753e-08
3.674334143027639844e-08
3.735231732356465457e-08
4.286744190777830642e-08
4.411349150284871956e-08
4.998318635272249688e-08
5.191028104726423979e-08
5.819926054228685848e-08
6.085219048479047529e-08
6.762351238652211165e-08
7.104545096763446749e-08
7.835781103049146084e-08
8.258712885757094840e-08
9.049135768889982116e-08
9.555761577827988590e-08
1.040923322672566461e-07
1.100114407193222953e-07
1.191978906238431317e-07
1.259665126220527467e-07
1.358027361970565609e-07
1.433921575084978647e-07
1.538467971864662757e-07
1.621966760902450300e-07
1.732029583425679956e-07
1.822156227978578942e-07
1.936663268558427251e-07
2.032025860741893165e-07
2.149471278221998568e-07
2.248248877578557736e-07
2.366699626194160390e-07
2.466672250620485681e-07
2.583826959709831400e-07
2.682466883058699364e-07
2.795784640935607773e-07
2.890425578783844530e-07
2.997339260934932720e-07
3.085434828748060593e-07
3.183655534829752483e-07
3.263126911499874418e-07
3.351030821508910707e-07
3.420684182033356295e-07
3.497749516741707823e-07
3.557716040238472172e-07
3.624946407131547930e-07
3.677063583214879394e-07
3.737298781369299496e-07
3.785317642270345639e-07
3.843303026241202243e-07
3.892783899161781873e-07
3.954859886543172366e-07
4.012627466682796037e-07
4.085932250641277331e-07
4.159020974390193424e-07
4.250193045030984946e-07
4.344343670571615606e-07
4.457877358506925129e-07
4.575845283416640926e-07
4.712476244202103434e-07
4.852644502748293040e-07
5.008360527985289312e-07
5.164324843598791369e-07
5.330691168106235712e-07
5.492456821040157301e-07
5.658755452969119097e-07
5.815799909915611341e-07
5.972881284492070978e-07
6.118525553929818558e-07
6.263291103351076993e-07
6.398759818112565146e-07
6.537182702399296835e-07
6.672954992660744671e-07
6.819216920205300713e-07
6.971610440260042348e-07
7.142126073124873633e-07
7.325192912435617496e-07
7.529304158096037553e-07
7.745718253517935712e-07
7.978497805864709585e-07
8.216057597244723929e-07
8.459973431753906938e-07
8.699127367531963717e-07
8.936955784366556110e-07
9.167208895286498999e-07
9.398677518230299450e-07
9.631322142632098835e-07
9.877802215165497310e-07
1.013970823356573436e-06
1.042678338957310254e-06
1.073485302629032518e-06
1.106518687818399038e-06
1.140631082160224988e-06
1.175496630831255121e-06
1.210127532290588408e-06
1.244882143593904833e-06
1.279882039155142113e-06
1.316492236433938383e-06
1.355363705371816681e-06
1.397500029584115998e-06
1.442450874255491656e-06
1.489773861073641529e-06
1.538062753660421667e-06
1.586953526374089122e-06
1.636320897156371390e-06
1.687569239988530710e-06
1.741792550168675461e-06
1.800090618317965990e-06
1.861810671445320550e-06
1.925944336666650881e-06
1.991038813593660566e-06
2.057367104719148848e-06
2.126029752256796660e-06
2.198929441965936674e-06
2.276256332270611473e-06
2.357010032376328286e-06
2.439248642562827061e-06
2.522929234430875894e-06
2.609428319078748101e-06
2.700711914377574309e-06
2.796255484481724687e-06
2.894150291174107154e-06
2.992898758745728773e-06
3.094059605059220788e-06
3.199429880832451054e-06
3.308665867738272788e-06
3.418868576624810397e-06
3.529428472016839845e-06
3.642291383062679194e-06
3.758622234514111597e-06
3.875505343278852564e-06
3.991150519689734460e-06
4.107310297263822833e-06
4.225363298179215950e-06
4.341891924922280623e-06
4.455464155136827630e-06
4.568471564616927283e-06
4.680702150003695918e-06
4.788110166724236654e-06
4.892140690761227808e-06
4.994411964421988192e-06
5.091418052401777288e-06
5.182805640542968321e-06
5.271764821280010719e-06
5.354457537509996589e-06
5.431445674432260056e-06
5.505343201218376053e-06
5.572751283740507355e-06
5.635631001757906445e-06
5.695619258324986556e-06
5.749367724410249166e-06
5.802034574662247572e-06
5.850199038189233533e-06
5.896768948668230681e-06
5.941811816237338734e-06
5.984806583784069302e-06
6.028232902482677775e-06
6.069891723472874614e-06
6.112593833791080179e-06
6.153916991181683460e-06
6.195943766721882124e-06
6.236537317097840009e-06
6.276928473860543379e-06
6.315344609038671977e-06
6.352462317355667601e-06
6.386924262430001273e-06
6.419249278017925461e-06
6.448594737776433009e-06
6.475636598671553426e-06
6.500089870986850689e-06
6.522890422445354711e-06
6.544169788803800439e-06
6.564955813878399791e-06
6.585449900528477242e-06
6.606421399625199451e-06
6.627746912813318503e-06
6.649656020975621195e-06
6.671541452857223187e-06
6.693162951517701983e-06
6.713701257140743410e-06
6.732918712995572517e-06
6.750335404547468395e-06
6.766235119577992976e-06
6.780792776395255640e-06
6.794822401010493031e-06
6.808795166395015903e-06
6.823407185638146032e-06
6.838655769334850141e-06
6.854492733482408958e-06
6.870201875152958072e-06
6.885290874873434642e-06
6.899113862154796365e-06
6.911739241431024338e-06
6.923394073038371079e-06
6.934912691607430897e-06
6.946821664210255546e-06
6.959566567697971020e-06
6.972777103842788491e-06
6.985937972822954760e-06
6.998241315066760830e-06
7.009547401744783232e-06
7.020071215238224848e-06
7.030673400893560833e-06
7.041846908649989766e-06
7.053731513780272539e-06
7.065607304267141465e-06
7.076851291711674093e-06
7.087126430251700745e-06
7.097063001979369277e-06
7.107351762973797415e-06
7.118404367515389652e-06
7.129603363107313906e-06
7.140271495121155036e-06
7.150137263156815992e-06
7.159964074826898941e-06
7.170340473059129198e-06
7.181198500571548207e-06
7.191627805494623892e-06
7.201408702161013134e-06
7.211100909670520698e-06
7.221455095671926324e-06
7.231988793573948537e-06
7.241990613751205581e-06
7.251509173199372999e-06
7.261480715870117437e-06
7.271795650294197077e-06
7.281709255484889408e-06
7.291145170531571315e-06
7.301038667144205490e-06
7.311156115537626772e-06
7.320810135100047601e-06
7.330316874972644492e-06
7.340386544663521939e-06
7.350190666184704186e-06
7.359612768038186322e-06
7.369420547981304830e-06
7.379280476166413730e-06
7.388549946525817922e-06
7.398224244724314833e-06
7.407894757908749654e-06
7.417164435521623806e-06
7.426740636941745630e-06
7.436197677840990207e-06
7.445382618425744333e-06
7.454972232654557258e-06
7.464031931467647656e-06
7.473327827463294329e-06
7.482428334989727723e-06
7.491485648807139183e-06
7.500507199486155385e-06
7.509375499065727008e-06
7.518293554335418052e-06
7.526931994652553867e-06
7.535701980509258756e-06
7.544085435460492117e-06
7.552621527599063379e-06
7.560878163934846108e-06
7.569037846333597297e-06
7.577078459446014250e-06
7.584937149770467923e-06
7.592634163456139413e-06
7.600221021839149197e-06
7.607496201110835629e-06
7.614722130843670795e-06
7.621653194214622536e-06
7.628351086642951696e-06
7.634879182074847672e-06
7.641089521285001165e-06
7.647075048422627227e-06
7.652795827933227046e-06
7.658131658148576207e-06
7.663259063245090057e-06
7.668000934358940694e-06
7.672389125248284684e-06
7.676459189526809793e-06
7.680081765861043915e-06
7.683334913887502170e-06
7.686168554901993798e-06
7.688494384212374151e-06
7.690420143351328939e-06
7.691804548860694499e-06
7.692675017801256279e-06
7.693040731367086632e-06
7.692793741331615428e-06
7.691989668974477106e-06
7.690575753196103514e-06
7.688482499244781823e-06
7.685776304768652520e-06
7.682352388856535810e-06
7.678224091428195337e-06
7.673375133310473561e-06
7.667734139146643152e-06
7.661337238413520219e-06
7.654138118756937133e-06
7.646090088200219940e-06
7.637223620819662812e-06
7.627463836957133600e-06
7.616816138143975650e-06
7.605255151522279134e-06
7.592727053746982202e-06
7.579250705452889690e-06
7.564771946561014975e-06
7.549267008588336851e-06
7.532740478915670124e-06
7.515147524784117321e-06
7.496491432394960851e-06
7.476753064533554658e-06
7.455897169310844417e-06
7.433954931589676795e-06
7.410902294636779588e-06
7.386725924732520400e-06
7.361435722780496954e-06
7.335009502853406898e-06
7.307442735299880396e-06
7.278713204880817189e-06
7.248806168959221071e-06
7.217735079083660842e-06
7.185473003036099348e-06
7.152030923943528561e-06
7.117418657344934740e-06
7.081626490337520022e-06
7.044675729090748588e-06
7.006570329761314287e-06
6.967300545153116396e-06
6.926883862694089951e-06
6.885307878435196161e-06
6.842579726867371767e-06
6.798715798353208231e-06
6.753724969354866645e-06
6.707628370079779652e-06
6.660436962768789801e-06
6.612153582896179866e-06
6.562799951393570905e-06
6.512381012102993116e-06
6.460925577245977708e-06
6.408455546504748656e-06
6.354989140956529877e-06
6.300543447835441956e-06
6.245136160449149831e-06
6.188788674645923753e-06
6.131542171740050415e-06
6.073422206354352455e-06
6.014453800928972255e-06
5.954648628010360404e-06
5.894027760858858935e-06
5.832630505951133167e-06
5.770507997593664383e-06
5.707697053824257720e-06
5.644221749218704024e-06
5.580094091781434485e-06
5.515352735032875810e-06
5.450043055308278834e-06
5.384206276423852269e-06
5.317876470862769896e-06
5.251096082488577477e-06
5.183901501432618560e-06
5.116325988336458719e-06
5.048403497440022712e-06
4.980192173429049786e-06
4.911732572166555386e-06
4.843048969164434630e-06
4.774185701754470536e-06
4.705205282001717534e-06
4.636137992313461619e-06
4.567013347356668517e-06
4.497881184485296615e-06
4.428785378246430641e-06
4.359762817213768530e-06
4.290860273909737169e-06
4.222114375971866057e-06
4.153569470126024029e-06
4.085265211764921353e-06
4.017233859254268653e-06
3.949525995240448520e-06
3.882169090964216748e-06
3.815192091057585238e-06
3.748647805695485702e-06
3.682565530116350363e-06
3.616973691196394558e-06
3.551908839772888571e-06
3.487411398542015861e-06
3.423503855693745850e-06
3.360221680587264362e-06
3.297583265266526703e-06
3.235621392320255619e-06
3.174363212992888218e-06
3.113828538956711135e-06
3.054040234566040723e-06
2.995023591663235947e-06
2.936797326808652853e-06
2.879378922338932081e-06
2.822784644389962203e-06
2.767023869178672299e-06
2.712118144055088064e-06
2.658080367532321294e-06
2.604916849176752761e-06
2.552643602576465117e-06
2.501262822137810684e-06
2.450785430791408489e-06
2.401211491760817542e-06
2.352542731902456882e-06
2.304791165159727092e-06
2.257952934220831622e-06
2.212026494129036923e-06
2.167018200029125354e-06
2.122916547729974716e-06
2.079727246931466162e-06
2.037435287510091673e-06
1.996033377995278412e-06
1.955530590624450435e-06
1.915906756842087644e-06
1.877154357563850272e-06
1.839271754318616461e-06
1.802237302800293752e-06
1.766055396926132591e-06
1.730698795517834204e-06
1.696152888422841969e-06
1.662429286008544757e-06
1.629495923150272069e-06
1.597340534518387565e-06
1.565950545986928467e-06
1.535298072816544775e-06
1.505399067028864048e-06
1.476219213846770232e-06
1.447730620103370452e-06
1.419945761457317146e-06
1.392828599950554891e-06
1.366369923393683984e-06
1.340552600645438608e-06
1.315346068368556913e-06
1.290769036235679196e-06
1.266775207161016989e-06
1.243342819259143401e-06
1.220490203164551966e-06
1.198169711305490637e-06
1.176383237946644385e-06
1.155109697945536828e-06
1.134310984154585544e-06
1.114018437175009408e-06
1.094181450255638448e-06
1.074780229607817955e-06
1.055836253190109157e-06
1.037297915322803579e-06
1.019179709107719616e-06
1.001457086556898156e-06
9.840885344869485960e-07
9.671147893085802341e-07
9.504844679604041014e-07
9.341868984821417414e-07
9.182406108015753208e-07
9.025925699744851339e-07
8.872652812660347429e-07
8.722323788704229344e-07
8.574599049238828427e-07
8.429939626611117886e-07
8.287799602520078141e-07
8.148157395964831837e-07
8.011153430079197687e-07
7.876300561838872105e-07
7.743919578288017208e-07
7.613746394607177777e-07
7.485436906759966628e-07
7.359501515788370516e-07
7.235385151101545095e-07
7.113160665366089407e-07
6.992929913547375117e-07
6.874258995331124868e-07
6.757492628224699669e-07
6.642324867603166037e-07
6.528522001260674730e-07
6.416572050845065867e-07
6.305909758220880656e-07
6.196701568310122980e-07
6.089018782432738341e-07
5.982456997386472621e-07
5.877446101787777793e-07
5.773697897407093120e-07
5.671011632341657781e-07
5.569878397272056936e-07
5.469817369849455175e-07
5.371031834433729549e-07
5.273562024925056849e-07
5.177084851141285891e-07
5.082027172538720470e-07
4.988067312224740023e-07
4.895084446575251683e-07
4.803482291369991266e-07
4.712792697452251099e-07
4.623249808099296609e-07
4.534811505177961086e-07
4.447170124075129391e-07
4.360700571642953890e-07
4.275080287732570538e-07
4.190210517872207250e-07
4.106407651686961923e-07
4.023270222924269817e-07
3.941034861825770598e-07
3.859650295800559194e-07
3.778891962201638207e-07
3.699124207233647594e-07
3.620087192586665069e-07
3.541802652599555969e-07
3.464537947316732343e-07
3.388015086158088418e-07
3.312491393695940436e-07
3.237935563718729260e-07
3.164217208275013364e-07
3.091652923278623959e-07
3.020049731332283479e-07
2.949463369870384151e-07
2.880048246454087323e-07
2.811603421872142735e-07
2.744334309507610300e-07
2.678194618779888009e-07
2.613068164756053928e-07
2.549140085457292242e-07
2.486251909491394791e-07
2.424461618740933745e-07
2.363815228802182342e-07
2.304184642343357492e-07
2.245676793351465617e-07
2.188246246452360180e-07
2.131821667421914204e-07
2.076489539208762708e-07
2.022136055149270085e-07
1.968790862880973391e-07
1.916442821435230453e-07
1.865025590533330334e-07
1.814569884218325103e-07
1.765041774152181550e-07
1.716432459736015725e-07
1.668765728831314287e-07
1.621982017234743939e-07
1.576106676470717923e-07
1.531116887440130494e-07
1.486992565942276551e-07
1.443729968919551846e-07
1.401319639393048505e-07
1.359753771093582692e-07
1.319000776298812526e-07
1.279066566712931235e-07
1.239962121912386474e-07
1.201678604945522725e-07
1.164231167095860163e-07
1.127576119196808601e-07
1.091730705581613041e-07
1.056679935285224249e-07
1.022368052864712659e-07
9.888379211340678006e-08
9.560917909389953823e-08
9.241339633595815069e-08
8.929842505707153460e-08
8.625610684846741306e-08
8.328785559133855677e-08
8.039431519782426981e-08
7.757262408476573870e-08
7.482832843368696905e-08
7.215687276802167532e-08
6.955553258758257392e-08
6.702620422581937380e-08
6.456402887389466882e-08
6.217336815240671276e-08
5.985401203284893528e-08
5.760046708535433840e-08
5.541421964945565275e-08
5.329127545943481528e-08
5.123265891813847441e-08
4.924150456271574318e-08
4.731076699261180915e-08
4.544097051947592972e-08
4.363135138122821290e-08
4.188070618176280353e-08
4.019104504720830613e-08
3.855515701372868079e-08
3.697342197923481371e-08
3.544964197633423181e-08
3.397752630852819353e-08
3.255585612563881971e-08
3.118537581772946666e-08
2.986602550780772876e-08
2.859375241607293156e-08
2.736640923695601415e-08
2.618647380373314801e-08
2.505029882328091754e-08
2.395637002442213542e-08
2.290620128700743747e-08
2.189511513540778093e-08
2.092297696985231476e-08
1.999022911453781266e-08
1.909404038159953445e-08
1.823314036153376586e-08
1.740745230368953511e-08
1.661425727258677463e-08
1.585486869277240835e-08
1.512641018968961816e-08
1.442816089135914251e-08
1.375919634932887020e-08
1.311829979278209478e-08
1.250484221912412076e-08
1.191698566343869188e-08
1.135513726969144444e-08
1.081778006887202627e-08
1.030413843611357257e-08
9.812664965077389774e-09
9.342717442771547994e-09
8.894450875181438241e-09
8.466386373257755636e-09
8.056630403010939337e-09
7.666579146277390231e-09
7.293543187859082005e-09
6.937727512029986899e-09
6.598600241937103321e-09
6.273690645762568246e-09
5.965337533759090404e-09
5.670740914395393678e-09
5.388641648637106849e-09
5.121551658475042405e-09
4.865733359363680958e-09
4.622708367732807575e-09
4.391607611904547998e-09
4.170294816382621355e-09
3.961503696611908702e-09
3.762078810599083256e-09
3.571790581474480282e-09
3.392322595052889315e-09
3.220012164744625312e-09
3.056663590903230085e-09
2.901557479594100406e-09
2.752511279942478641e-09
2.612219999759671670e-09
2.478227129679538927e-09
2.350505550107984511e-09
2.230283959984155496e-09
2.115365761267179527e-09
2.007030553581953458e-09
1.904153869607367513e-09
1.805487839965909231e-09
1.712897936255015747e-09
1.624125518970391493e-09
1.539475314124071419e-09
1.459621161679805269e-09
1.383272570762890267e-09
1.311782000161526050e-09
1.244197592533810472e-09
1.179231209527412157e-09
1.118534035687072292e-09
1.060095208851214929e-09
1.004393677500239444e-09
9.519528945792847510e-10
9.017149322545023917e-10
8.551082169465198322e-10
8.110551141746887569e-10
7.683715654448135282e-10
7.284502408880743779e-10
6.896775600700023600e-10
6.531487242042149972e-10
6.194257577262406931e-10
5.869418204679934405e-10
5.566939813139721790e-10
5.274664987025628255e-10
4.988903620232890224e-10
4.731343503686625496e-10
4.486128987195019836e-10
4.254400849854149419e-10
4.032033195799753835e-10
3.812598007636852186e-10
3.617217085314538206e-10
3.432958727707933013e-10
3.249340136926149667e-10
3.079082504753838363e-10
2.914667146202619825e-10
2.765805162725484156e-10
2.623783036020755441e-10
2.479099392586958999e-10
2.352317803246604724e-10
2.233379582498032702e-10
2.113916936193825236e-10
2.004577354095811585e-10
1.899736595132387804e-10
1.803412098624305147e-10
1.708669469517067165e-10
1.615333020130888568e-10
1.536097994209327946e-10
1.454570917124876411e-10
1.375964801898020770e-10
1.309673267470863767e-10
1.238654666094592446e-10
1.175365749733857828e-10
1.117539864875264388e-10
1.054965165870434788e-10
1.003102053968871864e-10
9.503386665616223841e-11
8.994412231786355336e-11
8.560748571075174037e-11
8.101553620122671871e-11
7.699329252993701823e-11
7.307577812084167863e-11
6.911273536558680818e-11
6.566786829817144455e-11
6.225156322094439646e-11
5.905421181543233436e-11
5.618267890448178617e-11
5.321710197954775159e-11
5.048670752017503291e-11
4.793171205880107319e-11
4.535871063080228451e-11
4.319473603254001413e-11
4.098211186011202409e-11
3.885596249895147849e-11
3.689636629533683000e-11
3.495328079541807850e-11
3.326106407778418450e-11
3.163452350796976443e-11
2.993301015388870004e-11
2.845392508469020529e-11
2.699560596911121844e-11
2.566275099416763356e-11
2.438661765753262331e-11
2.307018545753807720e-11
2.194458075259972871e-11
2.089544900340011946e-11
1.979058518462772926e-11
1.881181727733319595e-11
1.786852536607882615e-11
1.698795260476639403e-11
1.612078503302637418e-11
1.527753603746471001e-11
1.455772663669878761e-11
1.381811002994795935e-11
1.309641961527821152e-11
1.249553762356083390e-11
1.183793588249226068e-11
1.123651413028694398e-11
1.069721627961297686e-11
1.012190529393910320e-11
9.633411053049136013e-12
9.166611018430731949e-12
8.678091667375530952e-12
8.268280458602353882e-12
7.824231481854601093e-12
7.433289914734626077e-12
7.067502386452283757e-12
6.695107895686232238e-12
6.368578553464525515e-12
6.029982921195570779e-12
5.715881730873839278e-12
5.424606461737011736e-12
5.144669648992340057e-12
4.872298596546562694e-12
4.615624702134662722e-12
4.357412211360458715e-12
4.132846842251981666e-12
3.905700678805537096e-12
3.685982525702511262e-12
3.481610316156862821e-12
3.283958071956296619e-12
3.095690583298597042e-12
2.914361054954567829e-12
2.735177033239131242e-12
2.574572933677933708e-12
2.412021052671656312e-12
2.256135209734942189e-12
2.110638515551984582e-12
1.966911323791470247e-12
1.830605773197108960e-12
1.703721209797840881e-12
1.577468690573285150e-12
1.460027989499700689e-12
1.346686404068204844e-12
1.238194584503365182e-12
1.136617817705734772e-12
1.039789433673826229e-12
9.467719893656448327e-13
8.627769168546346987e-13
7.817182658697359383e-13
7.085869108485258773e-13
6.398918055180259830e-13
5.763354877508386495e-13
5.203931913392552028e-13
4.678410775036700988e-13
4.226866189627856051e-13
3.830168460402808711e-13
3.482830938847584705e-13
3.187932818484991748e-13
2.938671817144556812e-13
2.738317491890926978e-13
2.573225425292632324e-13
2.446429629343090493e-13
2.347552910481003681e-13
2.266055236266347627e-13
2.201737285367856614e-13
2.150241377816015752e-13
2.095119744807636611e-13
2.038433394483683222e-13
1.969708269295793352e-13
1.892236386503769810e-13
1.799703909319114347e-13
1.689035691770699651e-13
1.561910203760772132e-13
1.424949672275961680e-13
1.283519093859742239e-13
1.136402666568231072e-13
9.927314111282229221e-14
8.630367276984518322e-14
7.505230309144107200e-14
6.560208586629632740e-14
5.866680067568367435e-14
5.439757106870115386e-14
5.212604051532467462e-14
5.143482910154802888e-14
5.202261261573540079e-14
5.287366916964744870e-14
5.311433730527889198e-14
5.256989281250880079e-14
5.039934934262740432e-14
4.661119269605401629e-14
4.168202669348957196e-14
3.570949724966486729e-14
2.977351033490920097e-14
2.462411168648514167e-14
2.082297232965047111e-14
1.899551007803052206e-14
1.883424959000571805e-14
1.985447753398396094e-14
2.127696676236163704e-14
2.208751342799624757e-14
2.164011216463352453e-14
1.981386339615126267e-14
1.677985407422068821e-14
1.342864354765725881e-14
1.057594250480417315e-14
8.975248411441433804e-15
8.824345618544623322e-15
9.728999996443722074e-15
1.087694886153626123e-14
1.139666764596424864e-14
1.059612989819313430e-14
8.705242900759958322e-15
6.455203898937681785e-15
4.927010022695669809e-15
4.730622550755166957e-15
5.550922227752432210e-15
6.475679638008500538e-15
6.585324329658962312e-15
5.549429310590460865e-15
3.998899686056031148e-15
2.909128367956832406e-15
2.908945543197286066e-15
3.724348735640948789e-15
4.266614755592324942e-15
3.805706539615707888e-15
2.638246511190995829e-15
1.806732134429641422e-15
2.003716567832415704e-15
2.701367818534996110e-15
2.823068470579516369e-15
2.084479440863759702e-15
1.281195613840910494e-15
1.342159905040573994e-15
1.921029550331267603e-15
1.958138203881595441e-15
1.270893052757511288e-15
8.364156404336239094e-16
1.199319681300018701e-15
1.518200463033021691e-15
1.063950753183269038e-15
6.262482221996190181e-16
8.796382406455709805e-16
1.140607005142520893e-15
7.312521825792142583e-16
4.720315936860464641e-16
7.973314795724289198e-16
7.912119410583158106e-16
3.921937022454240771e-16
5.092458838802155868e-16
6.868313351422500770e-16
3.631989522743314053e-16
3.656941442760580828e-16
5.578754949357876371e-16
2.885555976539164291e-16
3.186839923438442980e-16
4.330126945517759562e-16
2.084484157009381215e-16
3.118316533181511419e-16
3.042418504121950596e-16
1.631948535341871155e-16
3.121720397353400552e-16
1.497264797174991842e-16
2.269933342348421538e-16
1.824360280737909835e-16
1.507321965304776310e-16
1.895711656360334317e-16
1.127517511705135994e-16
1.711297825314505992e-16
9.721396376229900188e-17
1.450137205010251931e-16
8.852552363008352635e-17
1.210466159022355585e-16
8.056327801353755130e-17
1.015131806042808060e-16
7.228412927315746217e-17
8.589217883491723148e-17
6.404242016322896311e-17
7.322723952341540352e-17
5.625184861865100033e-17
6.276374235360650878e-17
4.913607450663339207e-17
5.398732130598054511e-17
4.276830549405440189e-17
4.654902191348900125e-17
3.713832096140037606e-17
4.020174592423648586e-17
3.219681673031041571e-17
3.476129462653295684e-17
2.787938863047255545e-17
3.008422704241475174e-17
2.411849008621262562e-17
2.605518429789110174e-17
2.084907753177587392e-17
2.257930194564736065e-17
1.801106967147279974e-17
1.957738613660650621e-17
1.555021908218986219e-17
1.698264989090301232e-17
1.341820175638573533e-17
1.473837709596278340e-17
1.157233265395524363e-17
1.279617092281339016e-17
9.975116389754018983e-18
1.111459185127230666e-17
8.593740785366822722e-18
9.658069349022420951e-18
7.399568588030111101e-18
8.396014514954022197e-18
6.367654757961326545e-18
7.302085906412483227e-18
5.476301902991345962e-18
6.353575521397862316e-18
4.706658376781525126e-18
5.530891230278400727e-18
4.042359274044429949e-18
4.817117941501424885e-18
3.469208277417967608e-18
4.197643907724764389e-18
2.974897350804742587e-18
3.659841467784474596e-18
2.548760707329479187e-18
3.192793592762520701e-18
2.181559535787382303e-18
2.787059223649878172e-18
1.865294065533896174e-18
2.434471592485982112e-18
1.593039777778200430e-18
2.127964691548861687e-18
1.358804850920789673e-18
1.861423828236198491e-18
1.157406248150643231e-18
1.629556833321528664e-18
9.843620864430286316e-19
1.427783010035788905e-18
8.357982628186439099e-19
1.252137357877404194e-18
7.083674748670126987e-19
1.099187941967381619e-18
5.991790911023499627e-19
9.659646160091589346e-19
5.057384269149863227e-19
8.498975468687500861e-19
4.258942570273353936e-19
7.487642184728740925e-19
3.577934766887340715e-19
6.606437779030378881e-19
2.998420121659931405e-19
5.838777671952433538e-19
2.506711781156094635e-19
5.170363854268373683e-19
2.091088189135999418e-19
4.588895970972149615e-19
1.741546178170434788e-19
4.083824716397037273e-19
1.449591046743055106e-19
