# ximinus_3_3
1.484641551184371875e-08
1.935281144650315841e-08
1.353659478114316121e-08
1.801815506926040449e-08
1.261077430285070303e-08
1.706252156704306474e-08
1.205624429734297412e-08
1.647901779617840629e-08
1.186994667834029812e-08
1.627028085824250785e-08
1.205868806168538163e-08
1.644883918094156905e-08
1.263959292664334554e-08
1.703771589143989218e-08
1.364080532836875170e-08
1.807127905520014100e-08
1.510244862373536789e-08
1.959635459966912060e-08
1.707785566909451180e-08
2.167361216673635592e-08
1.963508206081174094e-08
2.437923802631127117e-08
2.285871194754135096e-08
2.780690102271799968e-08
2.685196259473706252e-08
3.207001652453680635e-08
3.173908466064472115e-08
3.730429856243980654e-08
3.766804351605693476e-08
4.367057822784394064e-08
4.481344820363847595e-08
5.135784112432790758e-08
5.337966612587280003e-08
6.058640819962320114e-08
6.360402866105836752e-08
7.161113902383527531e-08
7.575998127088745818e-08
8.472448667102942789e-08
9.015997259199227877e-08
1.002591573920991862e-07
1.071577973760848030e-07
1.185900477192669378e-07
1.271500125322132612e-07
1.401350218840493729e-07
1.505759329226726744e-07
1.653539750328190607e-07
1.779155845013289067e-07
1.947454890639253266e-07
2.096848511370993533e-07
2.288402480678291570e-07
2.464269133711768146e-07
2.681902457311850022e-07
2.886989532249576023e-07
3.133527126638099015e-07
3.370530215169146847e-07
3.648676494831958269e-07
3.920099719452458104e-07
4.232279226312285843e-07
4.540255130251114288e-07
4.888411223283675377e-07
5.234477907421097807e-07
5.619828835072657275e-07
6.004665770526924376e-07
6.427422188112779354e-07
6.850552012221206561e-07
7.309607146840148636e-07
7.769079222677424221e-07
8.261692763840667212e-07
8.753775632078437219e-07
9.275285233854766842e-07
9.794209213820466642e-07
1.033781873187828446e-06
1.087562598368319605e-06
1.143233595209229332e-06
1.197891130304446522e-06
1.253767187418664930e-06
1.308104004121810471e-06
1.362921511420796763e-06
1.415619290960273985e-06
1.468041962080788870e-06
1.517769745826210700e-06
1.566519878984145408e-06
1.612088471586647386e-06
1.656123476584585022e-06
1.696681673923396677e-06
1.735405977324405060e-06
1.770662185216328813e-06
1.804150519677932556e-06
1.834587373388508197e-06
1.863778141179611706e-06
1.890809847401115843e-06
1.917609926702301142e-06
1.943616825182097532e-06
1.970847997861123958e-06
1.999018011919069765e-06
2.030139369778426488e-06
2.064062016973669590e-06
2.102633289371010537e-06
2.145639462297338682e-06
2.194556232620605127e-06
2.248881618707073668e-06
2.309514825106731622e-06
2.375478492521393959e-06
2.446968682642648698e-06
2.522469338065301941e-06
2.601514740037524508e-06
2.682194764607655489e-06
2.763658142220074296e-06
2.843989083092062846e-06
2.922452233098514823e-06
2.997689865502586666e-06
3.069672485920750700e-06
3.138131726236226654e-06
3.204151283504146549e-06
3.268737406465948688e-06
3.333991459346452791e-06
3.401756916439655176e-06
3.474382496273618497e-06
3.553485368936407858e-06
3.640435809825099132e-06
3.735406003086968812e-06
3.837815420966553902e-06
3.945892894047290320e-06
4.057294241894120212e-06
4.169269931746424410e-06
4.279413938477858303e-06
4.386185730549339134e-06
4.489371237452306606e-06
4.590393218924377947e-06
4.691927137145386850e-06
4.797583541900056294e-06
4.910614023923454575e-06
5.033349798733552725e-06
5.165874036297468869e-06
5.306397041999789717e-06
5.451066964622404269e-06
5.595961919463280339e-06
5.737827713185571774e-06
5.876372789698864488e-06
6.013777541444337895e-06
6.155003731497301963e-06
6.304728213843266747e-06
6.466199405623122631e-06
6.638313720230422016e-06
6.817083712893729576e-06
6.996376037506459471e-06
7.172705117184387835e-06
7.346286961015662381e-06
7.522718291605235064e-06
7.708262021499591617e-06
7.907056353615007360e-06
8.116352004454774403e-06
8.329662986448334793e-06
8.540058239548151025e-06
8.747657466594880332e-06
8.958409760650133682e-06
9.180816573997315359e-06
9.416127517609313273e-06
9.658203781781322009e-06
9.897418655438521562e-06
1.013263394346116897e-05
1.037108082647528651e-05
1.062198845197177617e-05
1.088295810237370382e-05
1.114371659934681711e-05
1.139699837669258277e-05
1.165037808022808181e-05
1.191345641845019847e-05
1.218439989177229785e-05
1.244911265391371816e-05
1.270470853344106956e-05
1.296192437259664688e-05
1.322721504992381566e-05
1.348684932570871361e-05
1.373260265395646941e-05
1.397471995793439728e-05
1.422140873748598573e-05
1.445687195660682620e-05
1.467532330701303570e-05
1.489067270925022582e-05
1.510354452547174139e-05
1.529522410698399616e-05
1.547485126474966067e-05
1.565245371076480179e-05
1.581194319389948001e-05
1.595311798719763641e-05
1.609367033878938340e-05
1.621529192704639923e-05
1.632188128532757320e-05
1.642735319412432483e-05
1.651488422586504839e-05
1.659438661037492666e-05
1.667395895754817688e-05
1.673582558625116579e-05
1.680535238552771554e-05
1.686380704203268376e-05
1.692467701500020253e-05
1.698663264428628566e-05
1.704561643022457681e-05
1.711260799153758994e-05
1.717530239308775030e-05
1.724681201401310820e-05
1.731433781812404389e-05
1.738802881715348410e-05
1.745735025355312585e-05
1.752889257376690369e-05
1.759465113584115598e-05
1.765886666251259131e-05
1.771586282711512704e-05
1.776896831749084690e-05
1.781470453026359581e-05
1.785647928383547219e-05
1.789273638649994201e-05
1.792720254566981109e-05
1.795952525578783761e-05
1.799321756355563013e-05
1.802799537130086384e-05
1.806623674136247177e-05
1.810667414370089405e-05
1.814998991722073046e-05
1.819370822793592594e-05
1.823730311869591332e-05
1.827805907390748870e-05
1.831571627760216874e-05
1.834885048508085061e-05
1.837878991384278026e-05
1.840601107129236747e-05
1.843314140795480489e-05
1.846125117479274817e-05
1.849228160875520034e-05
1.852573919864065891e-05
1.856133086246660588e-05
1.859666582355039055e-05
1.863043341203031111e-05
1.866079978002819917e-05
1.868829575864699546e-05
1.871367503035048309e-05
1.873949193103815244e-05
1.876706835235088746e-05
1.879751872605053354e-05
1.882945483461805723e-05
1.886131362610680263e-05
1.889075388657706687e-05
1.891760084582416003e-05
1.894261921543295628e-05
1.896839244584440880e-05
1.899619892056582629e-05
1.902626738708180964e-05
1.905634600085643330e-05
1.908466782360757362e-05
1.911037980574452452e-05
1.913543979276462355e-05
1.916181318831765604e-05
1.919054862609733880e-05
1.921972060965892269e-05
1.924738022296430655e-05
1.927286291372925915e-05
1.929845324900061166e-05
1.932579418812268107e-05
1.935455471827310080e-05
1.938207616568354049e-05
1.940779893288627076e-05
1.943341793941513350e-05
1.946103024827685709e-05
1.948916395169088655e-05
1.951576550126487026e-05
1.954108478994919250e-05
1.956781688592752080e-05
1.959558497669531302e-05
1.962219518635926230e-05
1.964751044734773733e-05
1.967421250476434651e-05
1.970156656837890603e-05
1.972752309184595427e-05
1.975306336586397680e-05
1.978023521317749797e-05
1.980664693542325466e-05
1.983192893915029992e-05
1.985837605355607433e-05
1.988501758225249779e-05
1.990996982191105049e-05
1.993607152405922799e-05
1.996222108214696031e-05
1.998715879967132610e-05
2.001298092604407040e-05
2.003852322897363013e-05
2.006319961633851154e-05
2.008899463360010990e-05
2.011338344255603252e-05
2.013832751415949591e-05
2.016279152794617791e-05
2.018706822557754651e-05
2.021113172023608100e-05
2.023473907369240302e-05
2.025832880138631674e-05
2.028106463649666680e-05
2.030407863530411005e-05
2.032588317803854110e-05
2.034797886608579346e-05
2.036913035164045264e-05
2.038992855946185928e-05
2.041015614176923539e-05
2.042974418063670704e-05
2.044865865304143455e-05
2.046708248574656804e-05
2.048447409734875701e-05
2.050144441805927103e-05
2.051738991883164862e-05
2.053244666765701985e-05
2.054658916494114085e-05
2.055957175590181034e-05
2.057146974242040705e-05
2.058220041196467308e-05
2.059144064711645143e-05
2.059945384217576521e-05
2.060580348742713561e-05
2.061059216750827031e-05
2.061383392204735668e-05
2.061534563248585317e-05
2.061519706836422285e-05
2.061332600896249875e-05
2.060956085498074269e-05
2.060405248758865479e-05
2.059644685179474696e-05
2.058673990267260418e-05
2.057482929429063786e-05
2.056048745080240524e-05
2.054367740878115805e-05
2.052430585627111175e-05
2.050223715169820647e-05
2.047760083394808587e-05
2.045023887613931011e-05
2.042018602250175529e-05
2.038736511973021274e-05
2.035162319794210252e-05
2.031290818102303832e-05
2.027115465712297747e-05
2.022628807948014429e-05
2.017838470529848308e-05
2.012735360086968008e-05
2.007319648420024695e-05
2.001583935126434880e-05
1.995517145346884170e-05
1.989112491423192564e-05
1.982366031554583965e-05
1.975281618177224941e-05
1.967871937237264168e-05
1.960130102915167658e-05
1.952047857060567652e-05
1.943615087600697493e-05
1.934828541674227142e-05
1.925697773840386102e-05
1.916230193930185612e-05
1.906429451407508011e-05
1.896291562021835289e-05
1.885802967168085807e-05
1.874968204241093814e-05
1.863795430988432808e-05
1.852285860859545646e-05
1.840439166340927050e-05
1.828258989664898973e-05
1.815753075782600438e-05
1.802930143457599619e-05
1.789783454200581501e-05
1.776310508001435724e-05
1.762524609231611286e-05
1.748439170494748706e-05
1.734051892499083105e-05
1.719362531896304909e-05
1.704385287860976964e-05
1.689132654987077700e-05
1.673599828068027593e-05
1.657796678713296918e-05
1.641736139649344907e-05
1.625419849267474749e-05
1.608859440442120749e-05
1.592074400232994902e-05
1.575063916839722903e-05
1.557833443048134019e-05
1.540400450513221587e-05
1.522771395451734435e-05
1.504958371443335379e-05
1.486976316174944883e-05
1.468828251960738472e-05
1.450532196903693934e-05
1.432096372619312235e-05
1.413535616353067093e-05
1.394863966175041818e-05
1.376088619825956133e-05
1.357222789027828632e-05
1.338279051969205644e-05
1.319275128545266237e-05
1.300218453399539448e-05
1.281122674490820215e-05
1.262001046334647695e-05
1.242867667727983099e-05
1.223733088159867381e-05
1.204611194746766975e-05
1.185513800287213625e-05
1.166456059179810236e-05
1.147443981640549268e-05
1.128492469134967557e-05
1.109615354217495634e-05
1.090823162628214092e-05
1.072127842464707455e-05
1.053540709226923182e-05
1.035073029059529924e-05
1.016735325827618516e-05
9.985397737791722419e-06
9.804916688173414223e-06
9.626018633532082352e-06
9.448800682356125471e-06
9.273337995453529055e-06
9.099727133434862850e-06
8.928049336336050300e-06
8.758382642957812365e-06
8.590783338241273412e-06
8.425317255188450487e-06
8.262072570579594448e-06
8.101083618730608169e-06
7.942409901067548964e-06
7.786089642706192748e-06
7.632170974585969256e-06
7.480703834512486639e-06
7.331738463924954805e-06
7.185271696140725501e-06
7.041323861531468155e-06
6.899922906657364139e-06
6.761103594175768297e-06
6.624870661660765391e-06
6.491226799025645736e-06
6.360190703866277907e-06
6.231762719924955917e-06
6.105931412309032642e-06
5.982675695119879668e-06
5.861982910072944783e-06
5.743879596349778302e-06
5.628328719485417284e-06
5.515311329535456393e-06
5.404816964341407249e-06
5.296802238871094309e-06
5.191250210583336531e-06
5.088113873223124855e-06
4.987343785316556113e-06
4.888973424997281620e-06
4.792938632413601791e-06
4.699190259102918070e-06
4.607705072886993978e-06
4.518407672292901132e-06
4.431302333087178458e-06
4.346319978483187878e-06
4.263385284214956740e-06
4.182533994662331108e-06
4.103651632651733487e-06
4.026710710355525157e-06
3.951686112938436506e-06
3.878485790196400389e-06
3.807134959212664788e-06
3.737525149879373369e-06
3.669574794055425841e-06
3.603341075382783407e-06
3.538705464401984067e-06
3.475645469284133284e-06
3.414112618441882568e-06
3.354001180333462931e-06
3.295367511825444008e-06
3.238095716890245698e-06
3.182115630341091849e-06
3.127498269078624656e-06
3.074099576544149294e-06
3.021918990278854138e-06
2.970905494154215932e-06
2.920963946289491660e-06
2.872185321431303049e-06
2.824428585267030362e-06
2.777625992395310850e-06
2.731863665017176835e-06
2.686999918235939525e-06
2.643066206175996259e-06
2.599998860693743895e-06
2.557699467065543368e-06
2.516294053654535260e-06
2.475635978041664624e-06
2.435670452885273729e-06
2.396493229499002939e-06
2.357956329823297811e-06
2.320123588290651777e-06
2.282925618388103040e-06
2.246266118780682007e-06
2.210296787182268921e-06
2.174856134670466851e-06
2.139929298720261145e-06
2.105600130312680998e-06
2.071713651210519103e-06
2.038362032659179418e-06
2.005482301113979895e-06
1.972976883400572996e-06
1.941009213848419109e-06
1.909418039823987922e-06
1.878212953791230787e-06
1.847466083602816187e-06
1.817027754228731312e-06
1.787013226147928919e-06
1.757356130138175636e-06
1.727972054003342889e-06
1.699022577565964553e-06
1.670353081430743443e-06
1.641997972958753166e-06
1.614004587145221195e-06
1.586255492717437406e-06
1.558862590200762951e-06
1.531758866474401305e-06
1.504885930246307629e-06
1.478388309067163306e-06
1.452119313830259265e-06
1.426129921679684863e-06
1.400445180624451703e-06
1.374961055645046334e-06
1.349785812655035745e-06
1.324840948512203888e-06
1.300067085370284246e-06
1.275571049948210847e-06
1.251220807892765704e-06
1.227058272832838696e-06
1.203083542527106679e-06
1.179212329735557072e-06
1.155540969489553549e-06
1.132002489281950323e-06
1.108577441099312574e-06
1.085365098338819151e-06
1.062279547086605735e-06
1.039393317691496900e-06
1.016725263041870527e-06
9.942406097190885941e-07
9.720436072176140627e-07
9.500985103586411737e-07
9.284148163011423811e-07
9.070685226450039632e-07
8.859981207210042143e-07
8.652683705055623430e-07
8.448855348079846122e-07
8.248156927765489931e-07
8.051210206690270080e-07
7.857607406642551493e-07
7.667390202620936866e-07
7.480895492298004380e-07
7.297625885860100126e-07
7.117882909679549347e-07
6.941530320528123379e-07
6.768293188451343964e-07
6.598456263234411567e-07
6.431670420260198180e-07
6.267927181097202300e-07
6.107281134922000997e-07
5.949463189169307426e-07
5.794554542308019748e-07
5.642432221752338751e-07
5.492972022395925766e-07
5.346227766340314418e-07
5.201991557836126438e-07
5.060331313805113547e-07
4.921201413420029171e-07
4.784502293481522826e-07
4.650238303389310630e-07
4.518399753570553735e-07
4.388939007198262742e-07
4.261810864447580390e-07
4.137029537200710964e-07
4.014579250295641894e-07
3.894396998690484372e-07
3.776540785368234553e-07
3.660903202144577976e-07
3.547544423840198998e-07
3.436524147773332583e-07
3.327729757763822203e-07
3.221241721766338666e-07
3.117024218438581215e-07
3.015014409856790875e-07
2.915318690464464370e-07
2.817806193940238400e-07
2.722558096116405009e-07
2.629609592233508933e-07
2.538793428535100391e-07
2.450262269337144204e-07
2.363944190404408505e-07
2.279790440455827408e-07
2.197887008106685595e-07
2.118072167372595433e-07
2.040435762469426299e-07
1.964983393400590081e-07
1.891550653502239564e-07
1.820273119646445664e-07
1.751049497738763053e-07
1.683850689147994912e-07
1.618728900492659849e-07
1.555515569027066953e-07
1.494285633056232621e-07
1.435018319067647636e-07
1.377595314962417995e-07
1.322099582688274759e-07
1.268400182581831882e-07
1.216447050291737903e-07
1.166313067515694412e-07
1.117860537200553494e-07
1.071100455308224343e-07
1.026006348990857846e-07
9.824720572073471865e-08
9.405499814123294699e-08
9.001421153213893222e-08
8.612057746125795378e-08
8.237327440384891832e-08
7.876481377710401230e-08
7.529558869574833893e-08
7.195855957717076925e-08
6.875179468594815177e-08
6.567067602464513382e-08
6.271086212456917885e-08
5.987018747118880756e-08
5.714282513329708988e-08
5.452646039645624828e-08
5.201813066186937917e-08
4.961306259992502342e-08
4.730765471323474085e-08
4.510065763430129208e-08
4.298667028960375468e-08
4.096014345633206534e-08
3.902109076487215895e-08
3.716641531413524458e-08
3.539378569257351158e-08
3.369818311071462816e-08
3.207577798442092422e-08
3.052622127927188377e-08
2.904783413278210884e-08
2.763451913773314350e-08
2.628280798220634861e-08
2.499507072804546687e-08
2.376527343185201805e-08
2.259191090365528908e-08
2.147519119172209934e-08
2.040609814940557303e-08
1.939061486931468901e-08
1.842264304759015334e-08
1.749528794342724647e-08
1.661809794716325781e-08
1.577915123097190904e-08
1.498080379587307741e-08
1.422408563030845649e-08
1.349768377058285473e-08
1.281180391385453530e-08
1.215791956569581870e-08
1.153192913624862529e-08
1.094304505391074889e-08
1.037877507523798699e-08
9.843861449064048455e-09
9.336770735486672825e-09
8.849899030397816214e-09
8.392476642135468370e-09
7.956237146083839681e-09
7.539852733644260547e-09
7.148230777676715180e-09
6.773157056120305317e-09
6.419049880235205457e-09
6.083304402854220649e-09
5.761759908238663619e-09
5.459962105100419728e-09
5.172042207363897790e-09
4.898089758434146847e-09
4.640504549085225980e-09
4.393881203509528505e-09
4.161708582754033718e-09
3.942145151413557972e-09
3.731069716235508491e-09
3.533913326195589565e-09
3.346220614301652768e-09
3.167404157868307961e-09
2.999567195113951810e-09
2.838934554768546140e-09
2.688425320582211723e-09
2.545431415642328249e-09
2.407473529950885705e-09
2.280037991458136466e-09
2.157833865216831267e-09
2.041681478850403722e-09
1.933232507464456675e-09
1.828213852466010719e-09
1.730805608941390619e-09
1.638387682991646926e-09
1.548462937896822892e-09
1.466647912011530258e-09
1.387445839332052564e-09
1.312557668225612413e-09
1.243342697432658855e-09
1.175375369835442944e-09
1.113026374237830525e-09
1.054036109867314701e-09
9.961061457435814775e-10
9.441623312745414080e-10
8.927755470992629013e-10
8.443627494169372564e-10
7.998806823217618337e-10
7.554614136046984987e-10
7.153837046666447935e-10
6.773041627777517517e-10
6.396063252733181490e-10
6.064284602941054202e-10
5.736215752221880701e-10
5.431876622022163673e-10
5.150589242844622449e-10
4.866352786217441687e-10
4.614251561347404824e-10
4.369247549888366938e-10
4.124770006515920697e-10
3.910298784629513658e-10
3.695145804621201459e-10
3.498842199274132122e-10
3.317384725444591517e-10
3.134756329228017074e-10
2.976672025916566932e-10
2.819965930712723629e-10
2.663059705902329902e-10
2.526132203305514975e-10
2.385461602650186123e-10
2.258986480442781621e-10
2.143638653480398861e-10
2.025840953731607732e-10
1.924948390512286726e-10
1.823086182737420907e-10
1.720760659052544798e-10
1.632712242582794991e-10
1.543404448458046920e-10
1.465721414652174975e-10
1.394136458032371885e-10
1.317089127987830841e-10
1.249088076748390445e-10
1.180114962662991392e-10
1.116029578908006910e-10
1.063179742594185043e-10
1.007896629473783118e-10
9.556280022425032316e-11
9.046239113408741920e-11
8.535938612787179341e-11
8.133078928124424045e-11
7.722128575397785986e-11
7.302485090996724436e-11
6.920393548435717884e-11
6.550202230699551908e-11
6.234819132418602063e-11
5.914037874740970589e-11
5.571476917857444617e-11
5.309522621914741522e-11
5.060631311548533285e-11
4.794799957768046526e-11
4.534863160794517532e-11
4.299662818082816241e-11
4.097711995067303114e-11
3.873276827211696636e-11
3.655508135246570277e-11
3.492693100247740095e-11
3.308770704085551034e-11
3.137523336718448548e-11
2.997537839400515446e-11
2.828647769391174302e-11
2.680067362942256397e-11
2.560560126692070461e-11
2.417137272148659456e-11
2.296019243588704216e-11
2.186104235225382328e-11
2.065658996837884543e-11
1.968023007245860196e-11
1.864787699749025061e-11
1.780096166924956909e-11
1.692091618176280692e-11
1.594745074248672566e-11
1.518963681919406863e-11
1.435307244723443850e-11
1.369883113655520258e-11
1.304874843494050247e-11
1.235414934562770973e-11
1.170436037082825335e-11
1.113013435195185184e-11
1.053421978588740958e-11
1.004375624978756187e-11
9.514987431373936094e-12
9.062760482147139699e-12
8.598101510425977447e-12
8.107858999883034698e-12
7.695501560929756509e-12
7.331005540022855359e-12
6.964328482666045365e-12
6.577104175013400792e-12
6.212735028803551744e-12
5.908079317086155495e-12
5.611005546301287937e-12
5.295800067260719015e-12
5.001564921674702395e-12
4.713236230949441283e-12
4.469646846893010909e-12
4.237610567836961715e-12
3.962954868376459266e-12
3.740715063118529368e-12
3.545506074699415633e-12
3.315063150804036937e-12
3.104541208190331969e-12
2.916083680187890132e-12
2.743346802410377031e-12
2.549403830706023746e-12
2.377154637242031604e-12
2.228558573802988403e-12
2.053673343873794954e-12
1.905972696412484715e-12
1.774390336054867071e-12
1.628380606230017127e-12
1.498439581006859372e-12
1.381118305621595682e-12
1.251232667703148042e-12
1.152282584145398200e-12
1.045031346214615946e-12
9.474181621552334688e-13
8.593344828776884839e-13
7.732309053344361145e-13
7.024312069443569908e-13
6.306330557942871538e-13
5.679411367563800295e-13
5.124240940047480936e-13
4.663932705347275590e-13
4.236861176256604738e-13
3.862960325513169762e-13
3.574875435130240840e-13
3.337243545835581779e-13
3.123724631579319252e-13
2.968116019507328484e-13
2.860103110221002585e-13
2.749045786987793423e-13
2.668290282890488172e-13
2.612156913066493899e-13
2.539499488714638838e-13
2.465196343971642749e-13
2.391291349723508391e-13
2.288422798197054799e-13
2.177934601935173311e-13
2.046507918099213524e-13
1.887937520940046815e-13
1.727644816322098232e-13
1.553518541665411047e-13
1.376969070095734561e-13
1.205226235327509534e-13
1.046034437960373644e-13
9.131228162150050859e-14
7.952668608156452577e-14
7.158764900937529136e-14
6.594591557176039767e-14
6.349276204387450999e-14
6.234617525444699173e-14
6.319155501829928627e-14
6.404410285485549783e-14
6.444942287459015188e-14
6.356674771325262593e-14
6.108554132815022962e-14
5.634895966722858701e-14
5.052325673460735896e-14
4.320319120881427858e-14
3.613476825268637862e-14
2.988910293258389333e-14
2.539287020996238903e-14
2.307826205397418978e-14
2.294836364060023219e-14
2.405550004579087930e-14
2.582102519010436068e-14
2.668761279127947252e-14
2.621208300453416106e-14
2.396796721163186227e-14
2.035465522833281444e-14
1.626721873789576592e-14
1.289130012742684797e-14
1.087889826798535776e-14
1.076200747447521539e-14
1.178933926309352447e-14
1.319987951465774670e-14
1.377564746727430589e-14
1.283289316423495281e-14
1.051816945806469739e-14
7.866640334829194562e-15
5.980605521227788620e-15
5.782002762650770622e-15
6.711099351896254229e-15
7.853419764692380304e-15
7.955217472402936170e-15
6.735582623620896017e-15
4.838103046108918055e-15
3.556804148018305453e-15
3.524679430205620952e-15
4.531657133087223407e-15
5.146515933371895812e-15
4.616016640332897160e-15
3.191778616635249710e-15
2.214111621392739158e-15
2.424324399479944942e-15
3.281736205094222974e-15
3.403030214109888759e-15
2.538183339600272295e-15
1.550491275170911491e-15
1.641751708068597128e-15
2.317371810314707080e-15
2.376675082648629574e-15
1.533430458161915503e-15
1.030194978529889637e-15
1.444935175163996341e-15
1.844145325250350385e-15
1.282753076848690233e-15
7.702215993827384575e-16
1.060966035933764088e-15
1.385450082048091412e-15
8.806172040051642681e-16
5.829398930829954067e-16
9.579293365101616809e-16
9.645263451335845063e-16
4.712829102097838580e-16
6.243145815427060948e-16
8.246665208547041500e-16
4.473458503869125288e-16
4.390460296750705892e-16
6.798425526052872464e-16
3.458463023035137446e-16
3.919966773029826953e-16
5.188478981770145533e-16
2.586329915305137391e-16
3.734290860230850506e-16
3.725602883484720974e-16
1.949679308357636103e-16
3.813616535741602876e-16
1.785748781352969964e-16
2.786016928249417879e-16
2.176259776609428179e-16
1.865704326104070627e-16
2.260776530603618675e-16
1.404855786349533128e-16
2.039005713643462665e-16
1.213653260272952888e-16
1.725445005500671060e-16
1.105111859454971179e-16
1.437822040741266402e-16
1.005754263786174814e-16
1.203503099641878514e-16
9.030112617275664073e-17
1.016217827700546976e-16
8.010776141751230125e-17
8.644799403244518427e-17
7.048686262075575618e-17
7.392233423915502123e-17
6.170281627515887712e-17
6.342642959792158191e-17
5.384017210820061714e-17
5.454043124497988988e-17
4.688389324839630858e-17
4.696681284082097196e-17
4.077244663330678484e-17
4.048364857027503073e-17
3.542650086825776335e-17
3.491804673797408058e-17
3.076321792298061651e-17
3.013093205140238325e-17
2.670298541855679886e-17
2.600792916371395053e-17
2.317233486050627560e-17
2.245356154751265628e-17
2.010496124096400793e-17
1.938732280996584038e-17
1.744180855251774799e-17
1.674086224157426177e-17
1.513071020295567510e-17
1.445587271843714292e-17
1.312583413843328240e-17
1.248244734991821885e-17
1.138706185606848843e-17
1.077776569667367372e-17
9.879366897167387195e-18
9.305022162149796148e-18
8.572225722535977708e-18
8.032539121664344591e-18
7.439075625372763466e-18
6.933025126394123172e-18
6.456825061293946450e-18
5.982949528051101521e-18
5.605416367828288846e-18
5.162012352270214743e-18
4.867438471783758598e-18
4.452692784620366727e-18
4.227785637687260953e-18
3.839863579758400414e-18
3.673358138992031140e-18
3.310460865329528134e-18
3.192800350310102042e-18
2.853200905456017616e-18
2.776272231596466033e-18
2.458336806901465794e-18
2.415250186958933593e-18
2.117449347540790702e-18
2.102353949591475192e-18
1.823267006733703674e-18
1.831196147138194637e-18
1.569511128357310514e-18
1.596251893662280545e-18
1.350762610650602334e-18
1.392745769568556915e-18
1.162347254084225662e-18
1.216554159952057622e-18
1.000237207605131984e-18
1.064120917578920087e-18
8.609663430435034099e-19
9.323847860130239988e-19
7.415577686327343299e-19
8.187170822273042472e-19
6.394619094556472301e-19
7.208685111511538510e-19
5.525038475570920790e-19
6.369239346103315541e-19
4.788388585740888216e-19
5.652643480983794724e-19
4.169151576730575398e-19
5.045352104560395938e-19
3.654431663205826854e-19
4.536206347655884839e-19
3.233706495226845989e-19
4.116228572282766086e-19
