# xiplus_1_1
7.516222782664308609e-05
7.515519297250305660e-05
7.516022670683631974e-05
7.515355590603857200e-05
7.515805074822234368e-05
7.515170117490692684e-05
7.515568335472298139e-05
7.514961436594979152e-05
7.515310646528769358e-05
7.514727929530573189e-05
7.515030048818719971e-05
7.514467797193344692e-05
7.514724423586207529e-05
7.514179055944361022e-05
7.514391486297894787e-05
7.513859533918449665e-05
7.514028781003179083e-05
7.513506867778130803e-05
7.513633675599278158e-05
7.513118500314008212e-05
7.513203358336101171e-05
7.512691679285346503e-05
7.512734835974746212e-05
7.512223457947675063e-05
7.512224934048053059e-05
7.511710697788223363e-05
7.511670299722742416e-05
7.511150073965338866e-05
7.511067407759439239e-05
7.510538084007493704e-05
7.510412570120667745e-05
7.509871060305913415e-05
7.509701949707518114e-05
7.509145186882320547e-05
7.508931578691362563e-05
7.508356520845207559e-05
7.508097381737028145e-05
7.507501018764903234e-05
7.507195204253784982e-05
7.506574567956277510e-05
7.506220845479550600e-05
7.505573022306133153e-05
7.505170095790533681e-05
7.504492241740532462e-05
7.504038777013474109e-05
7.503328133797540240e-05
7.502822783796435661e-05
7.502076694845909697e-05
7.501518123045216690e-05
7.500734047451268721e-05
7.500120947321833485e-05
7.499296469078282586e-05
7.498627576652542237e-05
7.497760405852175992e-05
7.497034501701709442e-05
7.496122463520173227e-05
7.495338359651101316e-05
7.494379366222264334e-05
7.493535872699675661e-05
7.492527872371118993e-05
7.491623738022703269e-05
7.490564636232954678e-05
7.489598457778230722e-05
7.488486004112609486e-05
7.487456098781491911e-05
7.486287735976310384e-05
7.485191974463660405e-05
7.483964647567744016e-05
7.482800247352741434e-05
7.481510175310642332e-05
7.480273459361322646e-05
7.478915877202335226e-05
7.477602009978388798e-05
7.476170897722775376e-05
7.474773619232939596e-05
7.473261443187240790e-05
7.471772831948289887e-05
7.470170334394733518e-05
7.468580640212750814e-05
7.466876722691819749e-05
7.465174317788422353e-05
7.463356068309800128e-05
7.461527566924135700e-05
7.459580478351454202e-05
7.457611065915820006e-05
7.455519476520040736e-05
7.453393464812899214e-05
7.451141217830908089e-05
7.448842798213559384e-05
7.446414062660027336e-05
7.443928165228158567e-05
7.441308287866165035e-05
7.438621376813607522e-05
7.435797556831438447e-05
7.432898119135717796e-05
7.429859636769395597e-05
7.426738083227839066e-05
7.423475808342338178e-05
7.420123544861351715e-05
7.416628545353302481e-05
7.413036130302858907e-05
7.409297427624103138e-05
7.405452027670625858e-05
7.401453903929163674e-05
7.397336659296687084e-05
7.393056328672808488e-05
7.388640611793165962e-05
7.384047349171640035e-05
7.379299021040243087e-05
7.374355731176660260e-05
7.369236096712446194e-05
7.363903567299438855e-05
7.358374646679041525e-05
7.352617345685403736e-05
7.346647510991281501e-05
7.340438227495713584e-05
7.334004964590586150e-05
7.327324893799139704e-05
7.320411672638344087e-05
7.313243967827029056e-05
7.305830962538039264e-05
7.298149774466048182e-05
7.290202999934876349e-05
7.281964909158983919e-05
7.273432196886291915e-05
7.264578506517627209e-05
7.255398835913750145e-05
7.245871107050934823e-05
7.235993718078656458e-05
7.225752238494757796e-05
7.215149402677485939e-05
7.204175661598298443e-05
7.192832314209839973e-05
7.181106743636933533e-05
7.168991490086953921e-05
7.156466476118203564e-05
7.143516709608598752e-05
7.130121728444212129e-05
7.116270653038708673e-05
7.101954468502870779e-05
7.087173693045652385e-05
7.071929030943190141e-05
7.056221298320525671e-05
7.040044153223934918e-05
7.023384580249935802e-05
7.006225845690801010e-05
6.988552873292332851e-05
6.970360924644374728e-05
6.951654095585747741e-05
6.932445514718666585e-05
6.912742765773549538e-05
6.892547240398366965e-05
6.871846858569281890e-05
6.850633860052245529e-05
6.828907400994667267e-05
6.806688046643696367e-05
6.783998336108830343e-05
6.760858809895040479e-05
6.737268241672422179e-05
6.713226121240972808e-05
6.688738867535062404e-05
6.663841679314636381e-05
6.638569339235943516e-05
6.612947512209386600e-05
6.586975531928486243e-05
6.560666872350454451e-05
6.534054630697586140e-05
6.507191842508903306e-05
6.480101298356125280e-05
6.452790649722797668e-05
6.425274667084686342e-05
6.397608136867390951e-05
6.369829898371765192e-05
6.341949423623820909e-05
6.313969051564303017e-05
6.285938253441248757e-05
6.257893497110929239e-05
6.229833122452977008e-05
6.201755040153570828e-05
6.173707178293100781e-05
6.145700379868310670e-05
6.117712539121402770e-05
6.089757499979720959e-05
6.061865448695386477e-05
6.033998617503850812e-05
6.006154867423331878e-05
5.978356966434672759e-05
5.950567775878235199e-05
5.922774313270598651e-05
5.895000235527542875e-05
5.867195202124027140e-05
5.839370596589067377e-05
5.811529166996971980e-05
5.783632671812664693e-05
5.755718844115041780e-05
5.727756729223476090e-05
5.699764251115215522e-05
5.671751437728386221e-05
5.643707805609515869e-05
5.615670715361293139e-05
5.587617985938966175e-05
5.559590821851714907e-05
5.531566106318640437e-05
5.503575184799886139e-05
5.475594709985439387e-05
5.447642017878394257e-05
5.419691443393748041e-05
5.391748222674184728e-05
5.363785053212209632e-05
5.335801110380417549e-05
5.307772048372308399e-05
5.279699034090128671e-05
5.251566649921331751e-05
5.223384428555275167e-05
5.195148709957607180e-05
5.166877924418513638e-05
5.138576273054147630e-05
5.110264247652626456e-05
5.081944105875646191e-05
5.053628134145355744e-05
5.025307512717114142e-05
4.996981127372886872e-05
4.968629210036106848e-05
4.940243724158882062e-05
4.911805613694289252e-05
4.883314425767765345e-05
4.854765094359752143e-05
4.826172734161845676e-05
4.797545541984113524e-05
4.768903969967174921e-05
4.740251953551610732e-05
4.711596016014012162e-05
4.682921883672524550e-05
4.654219877449551650e-05
4.625469311991470202e-05
4.596666888954783548e-05
4.567809875513776697e-05
4.538916134442317539e-05
4.509997454110719885e-05
4.481070797379236995e-05
4.452131497381434691e-05
4.423172334359323820e-05
4.394171318251736724e-05
4.365121741340477008e-05
4.336021333454356455e-05
4.306889480032707673e-05
4.277738254251438294e-05
4.248577470320201747e-05
4.219392074987445728e-05
4.190168196630165114e-05
4.160891827650424599e-05
4.131575474477129910e-05
4.102234257264395943e-05
4.072884054873184126e-05
4.043513092561436614e-05
4.014106800330589513e-05
3.984653212369470779e-05
3.955169000704070263e-05
3.925668545303952786e-05
3.896156244664483617e-05
3.866610637356793895e-05
3.837025167186417581e-05
3.807409408746660639e-05
3.777784956754209021e-05
3.748142839515459173e-05
3.718467178291669066e-05
3.688754356469192225e-05
3.659027935980933355e-05
3.629287824362751865e-05
3.599518926419662402e-05
3.569715923680788321e-05
3.539903024413121243e-05
3.510077524240148264e-05
3.480225241898645929e-05
3.450351112373743523e-05
3.420475486815931340e-05
3.390579890316509329e-05
3.360661315054330799e-05
3.330737596713235013e-05
3.300804642898400243e-05
3.270845099837164314e-05
3.240884872921136743e-05
3.210917397094606825e-05
3.180934071902060377e-05
3.150951540607511807e-05
3.120963927611260192e-05
3.090967103562299435e-05
3.060980736501129679e-05
3.030982204770381401e-05
3.000991372722776457e-05
2.971001200854863730e-05
2.941016523474368133e-05
2.911039435583468062e-05
2.881070472836849271e-05
2.851115286303545392e-05
2.821169163631993045e-05
2.791243586722253289e-05
2.761327903705047601e-05
2.731440008157012044e-05
2.701571493766782855e-05
2.671726708244369090e-05
2.641912068267709388e-05
2.612124886090881520e-05
2.582372123753346181e-05
2.552657158758207093e-05
2.522976471147407400e-05
2.493343634953340337e-05
2.463753405047855124e-05
2.434209255460840867e-05
2.404721198317363824e-05
2.375284356690824007e-05
2.345909113898819547e-05
2.316596725145587027e-05
2.287346098258184531e-05
2.258170565612293700e-05
2.229066951669358938e-05
2.200039894466081431e-05
2.171098436410097711e-05
2.142238944169192364e-05
2.113472478137364853e-05
2.084801279792706301e-05
2.056225918336653519e-05
2.027758293087951683e-05
1.999396531023855589e-05
1.971146746594595550e-05
1.943017271701431056e-05
1.915006535684274521e-05
1.887124933713846318e-05
1.859374850982273332e-05
1.831758631696908752e-05
1.804287032445504982e-05
1.776959860192860009e-05
1.749783387976775254e-05
1.722764257607003723e-05
1.695903038912523528e-05
1.669209065610252043e-05
1.642685241207573742e-05
1.616335044803764547e-05
1.590166986180203303e-05
1.564182132054442380e-05
1.538386808013302953e-05
1.512786655068686117e-05
1.487382951141013061e-05
1.462183747852812009e-05
1.437191277730876603e-05
1.412409797985750776e-05
1.387845639632878515e-05
1.363501398480480223e-05
1.339381755300183809e-05
1.315491115971417791e-05
1.291831214551108439e-05
1.268408785950766955e-05
1.245225809246865168e-05
1.222285468327238837e-05
1.199592530532870256e-05
1.177149359943688185e-05
1.154959737155971198e-05
1.133026556386705457e-05
1.111351826907602510e-05
1.089940608231826080e-05
1.068794009140688883e-05
1.047915095902934382e-05
1.027306891214185837e-05
1.006970907810282008e-05
9.869100436325228018e-06
9.671263914758336121e-06
9.476207620832661458e-06
9.283964906101394008e-06
9.094540973561639804e-06
8.907951286620908809e-06
8.724209944470916346e-06
8.543320802049246367e-06
8.365295559971877836e-06
8.190142521532701696e-06
8.017858976677186088e-06
7.848459457410541734e-06
7.681935851867876538e-06
7.518294600374591403e-06
7.357533231323480421e-06
7.199645464035396053e-06
7.044629144850569431e-06
6.892479226403730948e-06
6.743181416497974491e-06
6.596732793869444311e-06
6.453113333152805669e-06
6.312309037134918971e-06
6.174302350630827536e-06
6.039080947651554621e-06
5.906623493375581931e-06
5.776906071791970949e-06
5.649904660368866190e-06
5.525600738715596314e-06
5.403961332693094210e-06
5.284962671999819922e-06
5.168572910887229041e-06
5.054762819311981070e-06
4.943502485650973398e-06
4.834761121832054612e-06
4.728499193124581242e-06
4.624684720827485550e-06
4.523277364635647414e-06
4.424239438467690138e-06
4.327529199997130791e-06
4.233108751163996008e-06
4.140939530759440910e-06
4.050984288715759376e-06
3.963197941492672969e-06
3.877538941765804448e-06
3.793958992235036307e-06
3.712416314381747918e-06
3.632866841654359078e-06
3.555266118396473456e-06
3.479565732290268766e-06
3.405720928021777598e-06
3.333689275373028340e-06
3.263431171253683039e-06
3.194895029220760683e-06
3.128036774705472296e-06
3.062810877329356578e-06
2.999174831726161223e-06
2.937084455638946016e-06
2.876494672487692830e-06
2.817358291389798122e-06
2.759634355757159804e-06
2.703281979121585203e-06
2.648262420986775346e-06
2.594536874825544602e-06
2.542069032182126993e-06
2.490814311453982841e-06
2.440730187807923010e-06
2.391777592292681800e-06
2.343922890266496406e-06
2.297130366463953225e-06
2.251366515375672592e-06
2.206597571815441109e-06
2.162790240252736026e-06
2.119909610527394209e-06
2.077924701880901316e-06
2.036801811351305676e-06
1.996518260143622087e-06
1.957047636852444712e-06
1.918360244851524252e-06
1.880427474037847503e-06
1.843225207670846758e-06
1.806731810524783055e-06
1.770923299552298285e-06
1.735775680242375985e-06
1.701269159192193212e-06
1.667380374805185575e-06
1.634094433607745058e-06
1.601392151121376687e-06
1.569254092039633592e-06
1.537663842223822560e-06
1.506607449667987679e-06
1.476067414322509169e-06
1.446031198508289745e-06
1.416482836272585691e-06
1.387411744589593251e-06
1.358804178192593831e-06
1.330647710913823055e-06
1.302936969014547800e-06
1.275661037790020991e-06
1.248808091736890322e-06
1.222366892708670229e-06
1.196323365112736736e-06
1.170680938788985739e-06
1.145428902161113390e-06
1.120556346022157062e-06
1.096061722600378682e-06
1.071937706469941759e-06
1.048178642982737370e-06
1.024777702849498155e-06
1.001726684425329441e-06
9.790336999079670388e-07
9.566835987086824930e-07
9.346704453564857444e-07
9.129978300671009436e-07
8.916556388629917735e-07
8.706462163859459193e-07
8.499644864786454438e-07
8.296009746315119817e-07
8.095663721523916405e-07
7.898466462862780298e-07
7.704370483304946743e-07
7.513480991823351718e-07
7.325651281594833966e-07
7.140951400061165518e-07
6.959322059980553386e-07
6.780640425876797401e-07
6.605082127056328692e-07
6.432509794912169556e-07
6.262884346623370050e-07
6.096291562799447555e-07
5.932575787000598752e-07
5.771824338481784225e-07
5.613972880458035649e-07
5.458927198968450388e-07
5.306862361672365975e-07
5.157591589873087736e-07
5.011111094628232672e-07
4.867506833463069625e-07
4.726605965039888288e-07
4.588530014059675290e-07
4.453206548567583247e-07
4.320493438363413333e-07
4.190601321504158965e-07
4.063337746501739057e-07
3.938715325136988186e-07
3.816794147266390779e-07
3.697406368910342492e-07
3.580676008160933802e-07
3.466501359210623138e-07
3.354769989726283983e-07
3.245692063390090873e-07
3.139043721941439773e-07
3.034862413023993344e-07
2.933188254884787735e-07
2.833836194163096916e-07
2.736968445108272622e-07
2.642458538300717399e-07
2.550193159642901731e-07
2.460374139418136419e-07
2.372781450169649173e-07
2.287463535775766383e-07
2.204441857248681328e-07
2.123538573582604012e-07
2.044928857829072161e-07
1.968462509095925457e-07
1.894036460786443153e-07
1.821844472037208129e-07
1.751657026269302176e-07
1.683550773341555986e-07
1.617507085306869763e-07
1.553358261379653745e-07
1.491289547430865496e-07
1.431136091278427932e-07
1.372801442006362859e-07
1.316440102236008102e-07
1.261829577144587271e-07
1.209042925267313118e-07
1.158027310444110078e-07
1.108612636394108289e-07
1.060964471278615882e-07
1.014893287467862291e-07
9.703278780540157006e-08
9.273756781476350389e-08
8.858109645970769840e-08
8.457166479798288059e-08
8.070278147709762498e-08
7.695906703659890330e-08
7.335557513803596198e-08
6.987519073744915459e-08
6.651384831660732386e-08
6.327916246788771131e-08
6.015318920139941437e-08
5.714527115157901773e-08
5.424966325768453643e-08
5.145433654383962131e-08
4.877160056560810982e-08
4.618710798467406703e-08
4.370107610034250717e-08
4.131704820805101918e-08
3.902225372837737068e-08
3.682375963834044561e-08
3.471683886425499361e-08
3.269366568986090555e-08
3.076228736731208874e-08
2.891105053133469132e-08
2.714148664101505674e-08
2.545473175185043445e-08
2.384195165474478871e-08
2.230707400902099313e-08
2.084564312638323061e-08
1.945298513284353289e-08
1.813337803544625663e-08
1.687825004904601438e-08
1.568823069773363134e-08
1.456204906352001553e-08
1.349419812734713720e-08
1.248670500582061670e-08
1.153611002562130921e-08
1.063889191351535577e-08
9.795366982104781795e-09
9.000604291502451576e-09
8.254313969998324452e-09
7.554471970068822831e-09
6.898401356752122826e-09
6.284913379687572771e-09
5.711507015475425260e-09
5.176417383504463689e-09
4.677777691076933942e-09
4.213039304999881989e-09
3.781489818689943153e-09
3.381661983235012194e-09
3.011586522737042364e-09
2.668694277399176499e-09
2.352091909798033018e-09
2.060836795191925321e-09
1.792581949493216453e-09
1.546598129641086289e-09
1.320666390928475907e-09
1.113526230551611324e-09
9.253128420739756999e-10
7.533606959440746399e-10
5.976507174896413621e-10
4.574228941362731840e-10
3.295845738119867369e-10
2.150957909499318101e-10
1.122426381080516074e-10
1.999062761097600560e-11
-6.153444826580380299e-11
-1.351513473260629931e-10
-1.992250041969515791e-10
-2.548609403150757181e-10
-3.045183574731321114e-10
-3.462623982815648389e-10
-3.824024335539173561e-10
-4.134421509132049499e-10
-4.383261281548710753e-10
-4.596651349796088770e-10
-4.764310306384757085e-10
-4.889302105766015393e-10
-4.986011878053811037e-10
-5.044565945346660965e-10
-5.080750833353984773e-10
-5.094376470554975048e-10
-5.079736691316185199e-10
-5.051088452936178397e-10
-4.999384240501059511e-10
-4.934357674397757911e-10
-4.860666262040667614e-10
-4.771880144928333684e-10
-4.673974345016861416e-10
-4.570031141949064995e-10
-4.458361516242326148e-10
-4.346798612241467486e-10
-4.226165344650292689e-10
-4.101372738941475145e-10
-3.977553317820079217e-10
-3.850180579984560502e-10
-3.724872687742528641e-10
-3.601166083820556476e-10
-3.476807257746276634e-10
-3.354969110913428266e-10
-3.230404145754562105e-10
-3.107060605702076811e-10
-2.987776672420259696e-10
-2.869713177680489826e-10
-2.752075479115273259e-10
-2.634661641066790067e-10
-2.519846127470911165e-10
-2.408151763470977117e-10
-2.298643713729645112e-10
-2.192376101613653216e-10
-2.089878828512705667e-10
-1.992908767539950380e-10
-1.896791705947783874e-10
-1.806151578495244491e-10
-1.723025586047630732e-10
-1.640246972047328205e-10
-1.563573224786172057e-10
-1.489039908028592410e-10
-1.416679144429613296e-10
-1.350343000464138266e-10
-1.280107540394409941e-10
-1.213918433820982135e-10
-1.151730769690379193e-10
-1.085406078988887340e-10
-1.027763846338192080e-10
-9.716277666493600187e-11
-9.164745706709878499e-11
-8.723008790182474220e-11
-8.255674393113577105e-11
-7.838865931243191566e-11
-7.470587551615423654e-11
-7.061921023720883332e-11
-6.696076886283628263e-11
-6.300487372028862847e-11
-5.910191512165267256e-11
-5.587401004993335033e-11
-5.232271020508946199e-11
-4.943525220172486410e-11
-4.705046704670366412e-11
-4.462369897742302244e-11
-4.260908686282791365e-11
-4.015967977076052514e-11
-3.753725449860635778e-11
-3.539970191057489121e-11
-3.293782336978064485e-11
-3.112181519460578642e-11
-2.971862829296261391e-11
-2.830295038911673511e-11
-2.710099444825489383e-11
-2.531581812411988144e-11
-2.339573502259147683e-11
-2.203444779950578788e-11
-2.070914504485165173e-11
-2.004002699312929775e-11
-1.933315044620469232e-11
-1.803865690333310492e-11
-1.682822202991215584e-11
-1.553005395893551912e-11
-1.479698823991497655e-11
-1.468298187384305016e-11
-1.383608663186338849e-11
-1.279078651829504953e-11
-1.180243176416215808e-11
-1.126599180913906458e-11
-1.131919441578725380e-11
-1.059786289674243340e-11
-9.592620909720241473e-12
-9.235920634175345895e-12
-8.985210862162974320e-12
-8.769446296663212624e-12
-8.010581529356846371e-12
-7.398269930512768311e-12
-7.571111228219161103e-12
-7.183160885587296665e-12
-6.529149059714278008e-12
-6.398921715249930584e-12
-6.239886864678864605e-12
-5.981570529418521989e-12
-5.504606360163901221e-12
-5.388451974723586022e-12
-5.459176670030312075e-12
-4.877909939323115084e-12
-4.791679332474162131e-12
-4.854377151391530777e-12
-4.333183419449827589e-12
-4.434072634834224901e-12
-4.279232213897419255e-12
-3.899430285996408840e-12
-4.119253104606218667e-12
-3.774213057212226609e-12
-3.686147632499402643e-12
-3.722606531294161110e-12
-3.405219612564038726e-12
-3.490255220554593037e-12
-3.309511326544581331e-12
-3.200357721264173873e-12
-3.228462909809802078e-12
-3.059794447052643977e-12
-3.014483341721167091e-12
-2.980788106080268619e-12
-2.845756814279805872e-12
-2.849815037558849408e-12
-2.783243064564409673e-12
-2.669571537321372995e-12
-2.708409292648573435e-12
-2.584273788296409351e-12
-2.561360414471422764e-12
-2.531506084957164551e-12
-2.435693821801732699e-12
-2.434620637357312500e-12
-2.365952660466511722e-12
-2.299873763437737386e-12
-2.313930315116449215e-12
-2.219612467391623710e-12
-2.202397551557129724e-12
-2.170161540970669503e-12
-2.100801285637000672e-12
-2.094454965934667023e-12
-2.035198859818577925e-12
-1.980676934937819611e-12
-1.973370082576113045e-12
-1.899488648250978743e-12
-1.874596415910110295e-12
-1.837709085676950607e-12
-1.777477207015950888e-12
-1.761977719237909966e-12
-1.705152338053064747e-12
-1.653387392994983218e-12
-1.627704606737798115e-12
-1.563453830121164589e-12
-1.529740583597990170e-12
-1.484938281112575078e-12
-1.430768812544813451e-12
-1.401051643825508819e-12
-1.342968806309479657e-12
-1.290995350039744649e-12
-1.252845009067399384e-12
-1.191545939766958731e-12
-1.150553497456555912e-12
-1.099890661801162488e-12
-1.041655382304809555e-12
-1.000126866942368337e-12
-9.399867335745514469e-13
-8.885555488171280469e-13
-8.435178769978537397e-13
-7.837585324247896788e-13
-7.357489126582868955e-13
-6.815642608146111339e-13
-6.269783838295542531e-13
-5.848547437159079701e-13
-5.309389263462763751e-13
-4.814644366222600800e-13
-4.351769914791616741e-13
-3.850366304598656761e-13
-3.433658720994563680e-13
-2.977875110110907143e-13
-2.530695725488336320e-13
-2.177502378658936725e-13
-1.773082715369643081e-13
-1.414954672150868940e-13
-1.097231743692055915e-13
-7.999719257475942394e-14
-5.541929482950833890e-14
-3.014389616542895702e-14
-8.634967772378722081e-15
7.152094588401469405e-15
2.418618550045100863e-14
3.395942424352888795e-14
4.138155763193215533e-14
4.820712614724234300e-14
4.851140577170438518e-14
4.748534545337711198e-14
4.511472385019427086e-14
3.878057589752640386e-14
3.315394864152676624e-14
2.399539802743249652e-14
1.393092174284343025e-14
4.345215885684485125e-15
-7.361312016865953571e-15
-1.743801575162923293e-14
-2.666891699323237889e-14
-3.545344820629334987e-14
-4.261257030362426885e-14
-4.834084107269770927e-14
-5.172127267852911275e-14
-5.323042096865001514e-14
-5.251024497941938434e-14
-4.948702632049150263e-14
-4.517979513889826297e-14
-3.911437416556471775e-14
-3.129972454503267273e-14
-2.333250358200130278e-14
-1.498110678069635195e-14
-7.115470855350801195e-15
1.155829503854564528e-16
6.281823190343361375e-15
1.044500478380072617e-14
1.255700613058892411e-14
1.294721793136118123e-14
1.178599084089628512e-14
8.701328591757862130e-15
4.477391090244948972e-15
-1.734641586383064940e-16
-4.584114131378400622e-15
-8.762428889493806968e-15
-1.171150541880242720e-14
-1.290543744833961798e-14
-1.263310579786442560e-14
-1.097090915228145513e-14
-7.827158644090297648e-15
-4.062970411192655685e-15
-2.889697436131035306e-16
3.151876024013585622e-15
5.409844321751880580e-15
6.173439252414969594e-15
5.658121943462813188e-15
3.647359657647096359e-15
9.913163944976468300e-16
-1.763277692511025465e-15
-3.916844004727420976e-15
-4.748386213501272872e-15
-4.191259713773531369e-15
-2.420107024152293560e-15
3.326391120716611794e-17
2.295970645633129897e-15
3.690794508828245873e-15
3.870945612990709269e-15
2.824128068253892233e-15
1.081169088886206046e-15
-6.567279273117771989e-16
-1.643182552852529261e-15
-1.485392270211231558e-15
-3.046054251470129751e-16
1.333969748903919686e-15
2.644683023131692658e-15
2.934834818013091625e-15
2.137897261252164822e-15
7.459999786752741618e-16
-3.210620810745131631e-16
-3.501266563318196101e-16
5.737618932762961588e-16
1.773420876554258496e-15
2.408351659495298501e-15
2.072127809448361410e-15
1.096505332601110270e-15
3.178007119209022157e-16
3.891632015877837930e-16
1.249803448285776544e-15
2.027272510355083892e-15
2.007956379452448740e-15
1.254310013982595895e-15
6.389737164581045922e-16
8.512440853198377943e-16
1.590161030691470899e-15
1.937445301314774764e-15
1.521841800654092860e-15
9.206662167579567275e-16
1.002676927635087220e-15
1.589668631338017455e-15
1.803807156582940261e-15
1.346176397766463579e-15
1.011443211159844180e-15
1.353264057768126410e-15
1.742454452864305364e-15
1.468130314911040942e-15
1.133477288232862160e-15
1.367931870416985941e-15
1.680064342603247039e-15
1.411187000791619462e-15
1.208200097013822235e-15
1.515630419101892372e-15
1.586509580773724730e-15
1.283615579252094137e-15
1.393650394419257368e-15
1.596797614225708240e-15
1.364159333462320360e-15
1.371664480692334770e-15
1.575152732679306178e-15
1.379308757611060720e-15
1.411955805821021519e-15
1.542299393469931251e-15
1.373795592145825478e-15
1.469504607854408062e-15
1.494208481440409086e-15
1.381973210681403915e-15
1.526316073240005997e-15
1.406022108510671170e-15
1.478535241477753639e-15
1.460287180625439321e-15
1.438718973590774761e-15
1.486980788000743079e-15
1.428988551189263862e-15
1.489159057019693060e-15
1.434854633400515478e-15
1.482975963606156959e-15
1.443466594233852753e-15
1.476857855676573352e-15
1.450269114118059186e-15
1.472768866197657180e-15
1.454866924818587111e-15
1.470385694228880184e-15
1.457895351546214640e-15
1.469068183576508146e-15
1.459947830788875878e-15
1.468354784088959542e-15
1.461405226664334486e-15
1.467974800959229412e-15
1.462488727515138101e-15
1.467779071722346766e-15
1.463325483512996090e-15
1.467686015882982187e-15
1.463990786698004568e-15
1.467650341579622603e-15
1.464531340491678573e-15
1.467646356129572652e-15
1.464977617152774617e-15
1.467659195364084173e-15
1.465350474270491560e-15
1.467680145907353326e-15
1.465664803253953770e-15
1.467704081983021012e-15
1.465931620560806190e-15
1.467728017261509649e-15
1.466159317358048887e-15
1.467750262023333548e-15
1.466354437778960980e-15
1.467769919466435585e-15
1.466522182998184807e-15
1.467786577894566687e-15
1.466666749757067938e-15
1.467800119282070002e-15
1.466791565337729528e-15
1.467810598651907683e-15
1.466899455495850485e-15
1.467818167519230250e-15
1.466992767665385966e-15
1.467823025173909814e-15
1.467073463412564512e-15
1.467825387826333881e-15
1.467143189183608076e-15
1.467825469304249784e-15
1.467203331365976210e-15
1.467823469271715746e-15
1.467255059757901945e-15
1.467819566334521254e-15
1.467299362290981359e-15
1.467813914319109863e-15
1.467337073052950307e-15
1.467806640572150850e-15
1.467368895075375482e-15
1.467797845524740513e-15
1.467395418991433619e-15
1.467787603002019219e-15
1.467417138383609817e-15
1.467775960946575595e-15
1.467434462445927183e-15
1.467762942322185697e-15
1.467447726454280883e-15
1.467748546047904981e-15
1.467457200423077638e-15
1.467732747867635201e-15
1.467463096252303494e-15
1.467715501090865590e-15
1.467465573610032181e-15
1.467696737167426657e-15
1.467464744733093764e-15
1.467676366079847121e-15
1.467460678329726525e-15
1.467654276530645268e-15
1.467453402689157792e-15
1.467630335946114297e-15
1.467442908122333854e-15
1.467604390271887836e-15
1.467429148823327795e-15
1.467576263591296922e-15
1.467412044221792209e-15
1.467545757562138897e-15
1.467391479901783363e-15
1.467512650694484518e-15
1.467367308137641111e-15
