# xiplus_4_2
3.210992677786943294e-04
3.210905680017800542e-04
3.210624741252030706e-04
3.210515886896106626e-04
3.210220855784195310e-04
3.210088719268186833e-04
3.209777808157592851e-04
3.209620839949492281e-04
3.209292131805445230e-04
3.209108651801129250e-04
3.208760096474359488e-04
3.208548288343905804e-04
3.208177699464816136e-04
3.207935606216199718e-04
3.207540659081872456e-04
3.207266180148621781e-04
3.206844410997076035e-04
3.206535301234440653e-04
3.206084108373005444e-04
3.205737979398564914e-04
3.205254626706619805e-04
3.204868951112875889e-04
3.204350574500697030e-04
3.203922693508667158e-04
3.203366310981578405e-04
3.202893446189504782e-04
3.202295972214072562e-04
3.201775242131211477e-04
3.201133507032359452e-04
3.200561949120637431e-04
3.199872724261884171e-04
3.199247323208832643e-04
3.198507352668134669e-04
3.197825075556983256e-04
3.197031114930014208e-04
3.196288953856702537e-04
3.195437816662344927e-04
3.194632839142756350e-04
3.193721451029687074e-04
3.192850858208000006e-04
3.191876318767743388e-04
3.190937510963856106e-04
3.189897162386183191e-04
3.188887810850782626e-04
3.187779311888410566e-04
3.186697434759902395e-04
3.185518837466597077e-04
3.184362876792246923e-04
3.183112702237595967e-04
3.181881597528700141e-04
3.180558905175387549e-04
3.179252157327375986e-04
3.177856600997607753e-04
3.176474318552869941e-04
3.175006179993114129e-04
3.173549097780164292e-04
3.172009286907639513e-04
3.170478745234938116e-04
3.168868754444564579e-04
3.167266625580018738e-04
3.165588424399970891e-04
3.163916972448827750e-04
3.162172828852356744e-04
3.160434489989171034e-04
3.158626706505826272e-04
3.156823779542514640e-04
3.154954336769595245e-04
3.153088580162129672e-04
3.151158688271995644e-04
3.149230829749510678e-04
3.147240400948395620e-04
3.145249580719746731e-04
3.143196652847421424e-04
3.141139840996836122e-04
3.139020004359894243e-04
3.136891456834280741e-04
3.134697361466300667e-04
3.132488204630050105e-04
3.130209250085553836e-04
3.127907306595463402e-04
3.125529635170900189e-04
3.123119616501848967e-04
3.120626534564893803e-04
3.118090717610358842e-04
3.115463647008954074e-04
3.112783111497557107e-04
3.110003111343691610e-04
3.107159529600447877e-04
3.104209318299683295e-04
3.101187152892991060e-04
3.098053400278094767e-04
3.094842185105574199e-04
3.091517651735494897e-04
3.088113837344626440e-04
3.084598756274374966e-04
3.081006450681761833e-04
3.077308452924172621e-04
3.073538376952490063e-04
3.069670359405971818e-04
3.065736569918571649e-04
3.061712298228267781e-04
3.057626799126563996e-04
3.053454776159384419e-04
3.049221025385937781e-04
3.044898146643508626e-04
3.040505481425038168e-04
3.036012923933230096e-04
3.031434619577378178e-04
3.026738705090947063e-04
3.021936103834129469e-04
3.016995867621048862e-04
3.011929165919282649e-04
3.006709657923367358e-04
3.001352494439404775e-04
2.995838936544751490e-04
2.990190039561629572e-04
2.984394759521726459e-04
2.978478184265528298e-04
2.972432816631113864e-04
2.966281858606816695e-04
2.960014183817017341e-04
2.953644017047616309e-04
2.947150825051796899e-04
2.940537066064946819e-04
2.933774007790254656e-04
2.926858258633311663e-04
2.919762854983372628e-04
2.912491078124039589e-04
2.905029891924429007e-04
2.897397848572850240e-04
2.889597590333983996e-04
2.881656165060186565e-04
2.873576908755647312e-04
2.865375614756495142e-04
2.857037460656724017e-04
2.848556048986956228e-04
2.839900835596292916e-04
2.831060788650500526e-04
2.822017965330642151e-04
2.812785962072098900e-04
2.803376777755921300e-04
2.793823962479929706e-04
2.784140907715716771e-04
2.774338907175732645e-04
2.764396657203924547e-04
2.754294413651316663e-04
2.744004619708654809e-04
2.733531730952960142e-04
2.722893824310959002e-04
2.712133458227252943e-04
2.701274138323892524e-04
2.690322013048194343e-04
2.679247328292320898e-04
2.668025664585968373e-04
2.656650119472297165e-04
2.645158462942751075e-04
2.633595945880261237e-04
2.621991224916104569e-04
2.610323456455500139e-04
2.598559526549055619e-04
2.586690459544138307e-04
2.574762814219337431e-04
2.562830911280479778e-04
2.550908396720663325e-04
2.538954161967930880e-04
2.526943240690009943e-04
2.514912584167574021e-04
2.502928877987329074e-04
2.490998577468166294e-04
2.479070191280593354e-04
2.467127608962737281e-04
2.455234410388321240e-04
2.443434445103638488e-04
2.431678829935773694e-04
2.419923600871418904e-04
2.408223642537751113e-04
2.396626533276087793e-04
2.385067078846026976e-04
2.373506540631318575e-04
2.362014032894383948e-04
2.350595485288318402e-04
2.339158373613047111e-04
2.327730349667257248e-04
2.316363323740110885e-04
2.304970543990974760e-04
2.293536778329129653e-04
2.282138843203257667e-04
2.270684973130676816e-04
2.259171841951369657e-04
2.247665606178923553e-04
2.236073467070468228e-04
2.224431654467491941e-04
2.212777481526078478e-04
2.201018285677697867e-04
2.189271052348613249e-04
2.177451757887946093e-04
2.165617302842746375e-04
2.153774929137575753e-04
2.141900447455637884e-04
2.130060873142736633e-04
2.118197077717928875e-04
2.106383545790104655e-04
2.094560549309022561e-04
2.082783991028208876e-04
2.071003115367806859e-04
2.059251490066805340e-04
2.047486480946868973e-04
2.035725409307339976e-04
2.023933147370339731e-04
2.012119798639739720e-04
2.000259810251007510e-04
1.988364456001933322e-04
1.976420177371508756e-04
1.964444076470850788e-04
1.952433711634541118e-04
1.940410607529096689e-04
1.928377344343841959e-04
1.916352926873719829e-04
1.904335811427326211e-04
1.892334769442959020e-04
1.880338096480883674e-04
1.868342884809978590e-04
1.856330334447639833e-04
1.844294171887682647e-04
1.832219896843771613e-04
1.820110269430351402e-04
1.807964572038517586e-04
1.795798366906546358e-04
1.783620436150755244e-04
1.771447448724675089e-04
1.759281307084884665e-04
1.747124228740314902e-04
1.734962237246698736e-04
1.722785263610896898e-04
1.710577185134800899e-04
1.698336699301737933e-04
1.686065233361070802e-04
1.673779262661207368e-04
1.661490180570475406e-04
1.649209995346626251e-04
1.636933242459628901e-04
1.624650708591670689e-04
1.612344394043506684e-04
1.600009171209418118e-04
1.587646870237221597e-04
1.575274940784761552e-04
1.562905013230978446e-04
1.550542830400595531e-04
1.538174953036890082e-04
1.525787961036511296e-04
1.513372402861889001e-04
1.500939629945049808e-04
1.488504324806571753e-04
1.476077528739323439e-04
1.463648429302915764e-04
1.451202817838204184e-04
1.438733102222015340e-04
1.426254180641612355e-04
1.413779780965271772e-04
1.401311011496427970e-04
1.388829587465802574e-04
1.376329364050744115e-04
1.363821104529926143e-04
1.351322177698071442e-04
1.338825024870363178e-04
1.326314819181440062e-04
1.313791215739432854e-04
1.301274289991537832e-04
1.288764357145483078e-04
1.276246524736346203e-04
1.263718102650208909e-04
1.251199226008209962e-04
1.238687542776498206e-04
1.226168759023119233e-04
1.213648881500918814e-04
1.201144779892821972e-04
1.188641233763672609e-04
1.176134800256337988e-04
1.163642885099047409e-04
1.151161231693846040e-04
1.138676046390443711e-04
1.126208459177365634e-04
1.113753132466053819e-04
1.101301335860759348e-04
1.088869210804448265e-04
1.076450533652959776e-04
1.064041542556405483e-04
1.051658627569020804e-04
1.039284720581281675e-04
1.026935309538082645e-04
1.014604824295980409e-04
1.002296537450724591e-04
9.900128802834337323e-05
9.777527565579618128e-05
9.655222615496483838e-05
9.533162133703218500e-05
9.411452563125961499e-05
9.290003473052482026e-05
9.168940820658133940e-05
9.048200990558291049e-05
8.927841853001604517e-05
8.807873974631592634e-05
8.688311566419313627e-05
8.569173727972258779e-05
8.450496404975829288e-05
8.332262049332489267e-05
8.214536652717106151e-05
8.097302707656794235e-05
7.980593233808166965e-05
7.864437947691156508e-05
7.748841188838387437e-05
7.633836942674589448e-05
7.519446906618161997e-05
7.405672856619605841e-05
7.292563520607275613e-05
7.180116163551046300e-05
7.068359208248837144e-05
6.957319549908835973e-05
6.847005061525818703e-05
6.737447715503351153e-05
6.628666817990900781e-05
6.520671512509803984e-05
6.413499037847948214e-05
6.307152541428401359e-05
6.201658040935544860e-05
6.097038412640710871e-05
5.993303988520906470e-05
5.890481053228147350e-05
5.788585232182145019e-05
5.687627026103587015e-05
5.587635511298175676e-05
5.488617141785249011e-05
5.390593138459263967e-05
5.293580352739348785e-05
5.197588266023575728e-05
5.102635966513922639e-05
5.008735372370492540e-05
4.915898258798340973e-05
4.824145753719878265e-05
4.733482048624568819e-05
4.643920108437506292e-05
4.555471400463376256e-05
4.468144700458365854e-05
4.381953888823854560e-05
4.296904049630331329e-05
4.213003085362701766e-05
4.130263446876976407e-05
4.048687762157766998e-05
3.968283337486312056e-05
3.889057820377807832e-05
3.811015481628452704e-05
3.734163743100989927e-05
3.658503556545574832e-05
3.584037955518346182e-05
3.510773706377856942e-05
3.438709833972584267e-05
3.367848013014770821e-05
3.298188439519528974e-05
3.229727934996201881e-05
3.162467238183879246e-05
3.096402771285631904e-05
3.031529619215193468e-05
2.967846586230169677e-05
2.905349016756120440e-05
2.844031599941634672e-05
2.783889253682260748e-05
2.724915532952138349e-05
2.667105811425608919e-05
2.610450824688820569e-05
2.554940753615986046e-05
2.500566358757134520e-05
2.447314780719379927e-05
2.395177082423257322e-05
2.344142566039764052e-05
2.294198067377447905e-05
2.245332571410794728e-05
2.197533874523705969e-05
2.150788509928026096e-05
2.105081754566658498e-05
2.060396613670098539e-05
2.016718353380509221e-05
1.974031926712533486e-05
1.932320241169579382e-05
1.891568686128786890e-05
1.851761102242362904e-05
1.812880035512090600e-05
1.774906585476720522e-05
1.737823086514060192e-05
1.701611293537230447e-05
1.666252632595303300e-05
1.631730576613838103e-05
1.598027292023077343e-05
1.565122509235998999e-05
1.532997293456908676e-05
1.501632164455668855e-05
1.471008853579323239e-05
1.441110257264815086e-05
1.411917331490513161e-05
1.383410927957073389e-05
1.355571962403985852e-05
1.328382026732565253e-05
1.301823852849181712e-05
1.275879323477240971e-05
1.250530298833457778e-05
1.225759018880465732e-05
1.201549164204237912e-05
1.177883894821230715e-05
1.154745894402732287e-05
1.132118036761636614e-05
1.109984830412191928e-05
1.088330978276029313e-05
1.067140528455909523e-05
1.046398824456972222e-05
1.026092099790066043e-05
1.006205867191450281e-05
9.867261390993486083e-06
9.676395724774257106e-06
9.489329831447371714e-06
9.305935271358286320e-06
9.126096126401582863e-06
8.949695248173909168e-06
8.776615384612971348e-06
8.606752025538076250e-06
8.440005454701679727e-06
8.276277699827090783e-06
8.115472321508172677e-06
7.957485042075301436e-06
7.802236030272347418e-06
7.649643876583881745e-06
7.499623965124433965e-06
7.352098111675601010e-06
7.206997832227684533e-06
7.064257403372826658e-06
6.923810567962192579e-06
6.785589300174509570e-06
6.649524922263925318e-06
6.515579577427402511e-06
6.383696333713950208e-06
6.253824066968461901e-06
6.125921028519586655e-06
5.999937542617774965e-06
5.875839056141535753e-06
5.753578318859647571e-06
5.633107919789582027e-06
5.514418442060347572e-06
5.397462891119454255e-06
5.282211199316203836e-06
5.168648984775055235e-06
5.056732357185756620e-06
4.946455531624938088e-06
4.837779317775449256e-06
4.730669494172357612e-06
4.625148228046939196e-06
4.521166288293710064e-06
4.418709787277049834e-06
4.317775998867507371e-06
4.218323686127346818e-06
4.120374979655922355e-06
4.023889170443437863e-06
3.928837937048558124e-06
3.835266446875994681e-06
3.743125707876330519e-06
3.652411821228287200e-06
3.563117392586007689e-06
3.475200154682167850e-06
3.388711363034431130e-06
3.303608746559362960e-06
3.219857473822035390e-06
3.137511981264966492e-06
3.056520259436027775e-06
2.976890680293945740e-06
2.898614545013150408e-06
2.821648831359987744e-06
2.746058257809696096e-06
2.671784515723825473e-06
2.598800348501424019e-06
2.527168406180451137e-06
2.456816411179294696e-06
2.387772300094299468e-06
2.320024477540631464e-06
2.253517225801532260e-06
2.188331495790313800e-06
2.124394697588391938e-06
2.061680884513571534e-06
2.000256620937215606e-06
1.940041943058379477e-06
1.881077989486629710e-06
1.823340222695789687e-06
1.766765038826944274e-06
1.711445926535490822e-06
1.657302619546455969e-06
1.604318385939979064e-06
1.552548593923328534e-06
1.501906011811837526e-06
1.452441064059963735e-06
1.404121127796748533e-06
1.356884673153136644e-06
1.310825629323726800e-06
1.265852318607643503e-06
1.221962084904706793e-06
1.179196261143703123e-06
1.137464291272719486e-06
1.096825279042771070e-06
1.057242802201773475e-06
1.018647678256166507e-06
9.811360604539435491e-07
9.446141157016920305e-07
9.090844836868985574e-07
8.745731969485564389e-07
8.409977594027745396e-07
8.084148492421018534e-07
7.767736011870028252e-07
7.460175437942922689e-07
7.162304922057332781e-07
6.873106733274011415e-07
6.592738267783166669e-07
6.321311462549634398e-07
6.058004751719600902e-07
5.803448898684837066e-07
5.557122806686095895e-07
5.318525098510770368e-07
5.088383071122877120e-07
4.865810336000478230e-07
4.650990395543316171e-07
4.443939083653998086e-07
4.243954286078450840e-07
4.051585607522344232e-07
3.866225993784699463e-07
3.687438214702744349e-07
3.515685928606991807e-07
3.350045420688401484e-07
3.190638524643119064e-07
3.037263961274689657e-07
2.889221674780612611e-07
2.746906825545734006e-07
2.609707537645305274e-07
2.477270089343241473e-07
2.349905657266910589e-07
2.226899215400043312e-07
2.108457327936525221e-07
1.994444648000010836e-07
1.884405659064008215e-07
1.778732719079418666e-07
1.677001920669462097e-07
1.579114622993661121e-07
1.485328970557145393e-07
1.395182892550998359e-07
1.308905242708127893e-07
1.226392437684904394e-07
1.147341470272004687e-07
1.072024857265569581e-07
1.000130101875901304e-07
9.316269412891883831e-08
8.666030566092353418e-08
8.047205396732675447e-08
7.460844469219578576e-08
6.905756337985499407e-08
6.379844602097056691e-08
5.883944428815101757e-08
5.415332243862757316e-08
4.973770276348779412e-08
4.558844890515708414e-08
4.168568490603774415e-08
3.802647669857236957e-08
3.459933142108600584e-08
3.139151978620850028e-08
2.839903611542099083e-08
2.560493439522213422e-08
2.300503377042085911e-08
2.058869513057739675e-08
1.834423780312228426e-08
1.626169252309327124e-08
1.433513360814000670e-08
1.255804995063673971e-08
1.091972675847296082e-08
9.413488699919447422e-09
8.031028790675035953e-09
6.761380264460442819e-09
5.603112054510350285e-09
4.543573462583051336e-09
3.580289398214692429e-09
2.709909199703523947e-09
1.917667800543498379e-09
1.205603527110429882e-09
5.661055972808378815e-10
-8.647590410190670205e-12
-5.182560645138321161e-10
-9.754573852385387199e-10
-1.377302096211019007e-09
-1.726490194775035247e-09
-2.036822161432614068e-09
-2.302935436743021280e-09
-2.531893591088532564e-09
-2.728521501566616869e-09
-2.888106340519941847e-09
-3.023596310376849099e-09
-3.132554056453455880e-09
-3.214650200227852194e-09
-3.279266900983578374e-09
-3.320751038325541404e-09
-3.346757562305494248e-09
-3.359173028758304858e-09
-3.354028636068875825e-09
-3.339561294014578158e-09
-3.312477843786472623e-09
-3.274595589036865475e-09
-3.231163210583346655e-09
-3.177212044542097569e-09
-3.117733589984441780e-09
-3.055195734395346773e-09
-2.984920047048004651e-09
-2.913879457533049159e-09
-2.838986852463013162e-09
-2.760036184355092542e-09
-2.681418013628462558e-09
-2.599370578328437129e-09
-2.517845995124454691e-09
-2.435590954645606954e-09
-2.352347439202036461e-09
-2.270790779903671854e-09
-2.188677398222158424e-09
-2.108240570702681665e-09
-2.027731767114584966e-09
-1.948238944565297191e-09
-1.870957189139823580e-09
-1.795628107593767156e-09
-1.722526666183131710e-09
-1.649967376730254045e-09
-1.578522084643834564e-09
-1.509712883598432491e-09
-1.443446516777892895e-09
-1.378750067789218905e-09
-1.314988228428974533e-09
-1.254575697765389254e-09
-1.196817166253155979e-09
-1.141064139192271184e-09
-1.086809823098639169e-09
-1.034091709292655587e-09
-9.835696694143113804e-10
-9.358608396263409397e-10
-8.891204518118041621e-10
-8.444639220788586173e-10
-8.036606963862153145e-10
-7.628037489318924343e-10
-7.238385249421944472e-10
-6.866329822933002159e-10
-6.498944930828397537e-10
-6.174582905535829618e-10
-5.839641685112870520e-10
-5.521790289533175725e-10
-5.244121743941914504e-10
-4.941342464439799519e-10
-4.675332861963371445e-10
-4.418429011030592956e-10
-4.159811326822859714e-10
-3.949869856499408898e-10
-3.715800622165418431e-10
-3.503091602109953013e-10
-3.325114434613416950e-10
-3.126743008305923112e-10
-2.963761548469469251e-10
-2.797437284270032354e-10
-2.632623248277603124e-10
-2.501976078068058561e-10
-2.350434553355847779e-10
-2.215777242014184567e-10
-2.095118014642613304e-10
-1.960140590902067349e-10
-1.852193354745169585e-10
-1.741148170454822826e-10
-1.630980429985040169e-10
-1.549721710560222822e-10
-1.453456940805656112e-10
-1.369672448055910744e-10
-1.297426522588352199e-10
-1.216147159064710653e-10
-1.147835164505740334e-10
-1.071606914689491745e-10
-9.989502379550845002e-11
-9.462509205326639671e-11
-8.780678575781058758e-11
-8.256412101116968271e-11
-7.827583172908481525e-11
-7.340954384417069185e-11
-7.010007880313103617e-11
-6.564730677026994968e-11
-6.111062147772115322e-11
-5.838922861571624301e-11
-5.400346905955734675e-11
-5.105258765065325309e-11
-4.862744528344502661e-11
-4.549308347469439538e-11
-4.364615542797662768e-11
-4.036718938773689700e-11
-3.686295822565095889e-11
-3.513878190587997999e-11
-3.219011950005363293e-11
-3.090450356909199564e-11
-2.970357229579596009e-11
-2.735809112926159781e-11
-2.635167938347268732e-11
-2.439757598014737858e-11
-2.306048108342765184e-11
-2.329425409687919413e-11
-2.147201614469083517e-11
-2.010941826110811227e-11
-1.850648932851811007e-11
-1.690996825908776072e-11
-1.690467041027517853e-11
-1.536166602923350113e-11
-1.390057603388733741e-11
-1.391495302549764034e-11
-1.320781237775145495e-11
-1.321251159747379316e-11
-1.229193062442275321e-11
-1.113152705322134245e-11
-1.134246213068037865e-11
-1.022510279408472009e-11
-9.156428817368418461e-12
-9.224922321631551277e-12
-8.801862819510480321e-12
-8.825185180669887217e-12
-8.290332336515423651e-12
-7.812325554715139467e-12
-7.855250490279274710e-12
-6.749717636361770286e-12
-6.564180483330055188e-12
-6.924162765879779842e-12
-6.294380764682006450e-12
-6.506641129482695378e-12
-6.017193584134743897e-12
-5.125348076250412607e-12
-5.390107419335209549e-12
-5.061370496567398525e-12
-5.262134515649836418e-12
-5.448843757922658539e-12
-4.740633099402797346e-12
-4.616872248919955750e-12
-4.383242355716901642e-12
-4.421475228529597776e-12
-4.656518222150579904e-12
-4.181735181084527685e-12
-3.903261171615601371e-12
-3.935898929515044211e-12
-3.893146674083094046e-12
-3.894170760012410002e-12
-3.600738844575018757e-12
-3.501729819402565492e-12
-3.826484813950796458e-12
-3.575622115136313543e-12
-3.263051127151789354e-12
-3.239973037074153964e-12
-3.324271427454593789e-12
-3.274461972110128706e-12
-3.001944542194560395e-12
-3.046371814430949651e-12
-3.171275273884153036e-12
-2.882514467260719426e-12
-2.874773002165728877e-12
-2.875569109989696599e-12
-2.644495857223088852e-12
-2.762188118439467079e-12
-2.785945451432385669e-12
-2.552723472222297653e-12
-2.595887805360239119e-12
-2.512941495665981982e-12
-2.368641679549524116e-12
-2.419851936572045869e-12
-2.326949774334925549e-12
-2.338316397070539071e-12
-2.208223306434757076e-12
-2.109422198098060720e-12
-2.142819302307603639e-12
-2.013502611425363286e-12
-2.020407870919704089e-12
-1.916422575103137769e-12
-1.840953850469855902e-12
-1.826189851574301038e-12
-1.777187565998929391e-12
-1.666250495341271513e-12
-1.619373008474167007e-12
-1.528352804284660920e-12
-1.511284314110592611e-12
-1.425809492120682466e-12
-1.335749447797489572e-12
-1.291990307790604106e-12
-1.224193658822377767e-12
-1.153889968834091538e-12
-1.086816812183813629e-12
-1.024883793867999192e-12
-9.523471255174332119e-13
-8.705302199081122834e-13
-8.120316313611696179e-13
-7.616149197435374532e-13
-6.767233821064118358e-13
-6.227835860321688602e-13
-5.692964641901059746e-13
-4.942697316116716160e-13
-4.440825462469844437e-13
-3.798079243004274338e-13
-3.218568164974518715e-13
-2.841827644875708573e-13
-2.233176150663980646e-13
-1.857058079118732012e-13
-1.413869824635076240e-13
-9.835159812350471465e-14
-6.697992777712480329e-14
-3.556074698600993681e-14
-1.123559895839304456e-14
1.292365588050137929e-14
3.151151809840711714e-14
5.023114149103798842e-14
5.712611218232987355e-14
6.399861229988706590e-14
6.476591220997155101e-14
6.502182503283905817e-14
6.285665277209553465e-14
5.500040612211433831e-14
4.412727736825296331e-14
3.446334718689526191e-14
2.233630723852923350e-14
1.029258145610620805e-14
-6.843870428645358231e-15
-1.905484249794322245e-14
-3.003619964175661664e-14
-4.122760225559752901e-14
-5.238479919577469110e-14
-5.830651052692899763e-14
-6.195982049184680010e-14
-6.508898730283767103e-14
-6.433291161045543156e-14
-5.901614798937387626e-14
-5.438531100608760886e-14
-4.668108938968148077e-14
-3.588292481038739030e-14
-2.591051025764335674e-14
-1.566298024789769625e-14
-4.459292952557570074e-15
4.060361283027323282e-15
1.215296597412328906e-14
1.786783069595071047e-14
2.018096640242843739e-14
2.115848816063456516e-14
1.937843127308257988e-14
1.546926783817700418e-14
1.021249493089430194e-14
3.938091020085770356e-15
-1.452007727990472213e-15
-7.246847562869560680e-15
-1.058719312913012091e-14
-1.258778293511424665e-14
-1.188148368745669831e-14
-9.962655364812629859e-15
-5.725636544322598355e-15
-9.905738936233642875e-16
4.043699092245640854e-15
8.324334703112004264e-15
1.141424169034313434e-14
1.226036747197026347e-14
1.169611946549706808e-14
8.989972465812005268e-15
5.622862524086684021e-15
2.025694276749736093e-15
-6.553744478615238355e-16
-1.799277816697177362e-15
-9.808887155776586668e-16
1.184837151732647842e-15
4.421069997034842914e-15
7.266124615444568659e-15
9.146536003352578039e-15
9.359736164278824951e-15
8.046638392150492049e-15
5.730814937705697877e-15
3.544165084000466551e-15
2.206306192888551118e-15
2.479870159107038026e-15
3.952347857148805052e-15
6.114264250935235726e-15
7.779263102178476812e-15
8.174909706748709187e-15
7.099070711120058903e-15
5.356802212728793910e-15
3.950462708909602741e-15
3.947157404105640488e-15
5.086230452341031249e-15
6.674598025046876866e-15
7.482395242894132983e-15
7.063692082164988352e-15
5.775280461527095240e-15
4.802205857873092500e-15
4.862817639622350228e-15
6.007600780375554486e-15
6.984910359851687120e-15
6.976013242424575567e-15
5.989475325595391688e-15
5.215750546928874072e-15
5.464680643732929411e-15
6.443797533059296423e-15
6.869074728345338365e-15
6.354915495028246301e-15
5.559067288130442568e-15
5.680590015298634609e-15
6.426783794653717658e-15
6.714803381453041116e-15
6.110148675691402998e-15
5.694689933439058306e-15
6.118971587638605446e-15
6.636860711483180185e-15
6.270410104952950012e-15
5.848336836911590295e-15
6.142122032513079838e-15
6.554816828657529195e-15
6.196668105164326942e-15
5.947148472171442875e-15
6.330697484814544877e-15
6.435939663062920763e-15
6.031750183915969641e-15
6.185942149309462817e-15
6.437438700201181002e-15
6.147015076451932755e-15
6.147246258671498807e-15
6.419473996388730690e-15
6.157160534261412361e-15
6.208639942243775865e-15
6.368092727401315479e-15
6.158849238444711441e-15
6.274700190188021787e-15
6.313932076568452743e-15
6.162012050809093356e-15
6.355235618271819047e-15
6.193232746213425211e-15
6.293438483570301865e-15
6.263474119087435489e-15
6.241878195930615956e-15
6.298152523790945564e-15
6.229130585641184767e-15
6.301184597791512433e-15
6.236517894506948723e-15
6.293405841747494737e-15
6.247461808134113241e-15
6.285689993244897872e-15
6.256082678253815361e-15
6.280574292474813871e-15
6.261868275717880425e-15
6.277643997636463129e-15
6.265636720203385287e-15
6.276074851982879346e-15
6.268152550095421637e-15
6.275272581354864104e-15
6.269906297290724304e-15
6.274888868420094519e-15
6.271182615460539162e-15
6.274732004709089137e-15
6.272144903934861958e-15
6.274697333786818373e-15
6.272889695548334170e-15
6.274726905017157594e-15
6.273476660149388307e-15
6.274787957947125888e-15
6.273944536471190400e-15
6.274861617354824025e-15
6.274319660572356278e-15
6.274936865264388243e-15
6.274620666885831222e-15
6.275007238651232330e-15
6.274861181028232218e-15
6.275068964111211533e-15
6.275051427366833391e-15
6.275119872166139587e-15
6.275199228456591300e-15
6.275158748098254578e-15
6.275310650793790186e-15
6.275184934602057774e-15
6.275390436816108789e-15
6.275198083773749878e-15
6.275442303047507380e-15
6.275197999722949933e-15
6.275469151505677062e-15
6.275184537330065074e-15
6.275473222998637402e-15
6.275157536178698256e-15
6.275456210376324032e-15
6.275116776872123796e-15
6.275419343303203421e-15
6.275061951502172102e-15
6.275363452287144072e-15
6.274992643148749493e-15
6.275289017229651091e-15
6.274908310878436402e-15
6.275196204039694160e-15
6.274808278075208786e-15
6.275084891992690360e-15
6.274691722565046602e-15
6.274954693626055039e-15
6.274557667522385473e-15
6.274804968516565225e-15
6.274404972416487878e-15
6.274634832013781911e-15
6.274232323609992936e-15
6.274443159640684581e-15
6.274038224153126272e-15
6.274228587729280895e-15
6.273820982644544634e-15
6.273989510793353570e-15
6.273578700926808923e-15
6.273724075920377988e-15
6.273309260542367417e-15
6.273430174516288468e-15
6.273010307849585376e-15
6.273105431585282176e-15
6.272679237801443215e-15
6.272747192769578354e-15
6.272313176302798041e-15
6.272352509321852363e-15
6.271908961256201805e-15
6.271918121155581736e-15
6.271463122271434830e-15
6.271440438184507547e-15
6.270971859175221347e-15
6.270915520125393941e-15
6.270431019442171432e-15
6.270339054992196012e-15
6.269836074721235540e-15
6.269706336572864538e-15
