# xiplus_3_2
2.683358070296372076e-04
2.683292858592991074e-04
2.683101778179775845e-04
2.683022042864462056e-04
2.682820425136720030e-04
2.682725096294151209e-04
2.682511769569771243e-04
2.682399697790310909e-04
2.682173391708575342e-04
2.682043342557629021e-04
2.681802686175441394e-04
2.681653335390188917e-04
2.681396855592438431e-04
2.681226785180865300e-04
2.680952905654874021e-04
2.680760601079400143e-04
2.680467642144560144e-04
2.680251490859313405e-04
2.679937670470260006e-04
2.679695962090580981e-04
2.679359398381476976e-04
2.679090326839254845e-04
2.678729042614440433e-04
2.678430710685991158e-04
2.678042640299651135e-04
2.677713066941467311e-04
2.677296066050969614e-04
2.676933197010206481e-04
2.676485055704620102e-04
2.676086777895131169e-04
2.675605237712214016e-04
2.675169397841181251e-04
2.674652173160604798e-04
2.674176601058284421e-04
2.673621405308021569e-04
2.673103942327646385e-04
2.672508519320043979e-04
2.671947052037752617e-04
2.671309212573632274e-04
2.670701711785904023e-04
2.670019375385629520e-04
2.669363940080737331e-04
2.668635181314883394e-04
2.667930086833207506e-04
2.667153185195482445e-04
2.666396934192329961e-04
2.665570425766132447e-04
2.664761799814514289e-04
2.663884528122704791e-04
2.663022636839810619e-04
2.662093799223000531e-04
2.661178122674580609e-04
2.660197307333957649e-04
2.659227726202163735e-04
2.658194933730385337e-04
2.657171740393210447e-04
2.656087382289548768e-04
2.655011264690727542e-04
2.653876130190490007e-04
2.652748119377443281e-04
2.651563301174298184e-04
2.650384672965450930e-04
2.649151442416638135e-04
2.647923564228853144e-04
2.646643187894197335e-04
2.645367303843383536e-04
2.644040796265693201e-04
2.642717747846322894e-04
2.641345560964291207e-04
2.639975447536214168e-04
2.638557105602264488e-04
2.637138899042418771e-04
2.635672599742854591e-04
2.634203741110750677e-04
2.632685958613426762e-04
2.631161981000771201e-04
2.629587123879773697e-04
2.628001363167390293e-04
2.626361557250131364e-04
2.624705028119343406e-04
2.622990107196164012e-04
2.621251630385275453e-04
2.619449420324965628e-04
2.617616081695889655e-04
2.615713047937293111e-04
2.613771042015162051e-04
2.611753328095336676e-04
2.609689180288010755e-04
2.607543989313817210e-04
2.605346057722857773e-04
2.603063218914495550e-04
2.600723253165323112e-04
2.598296683327614158e-04
2.595811084229494858e-04
2.593239729306708128e-04
2.590610050559043632e-04
2.587897827879033366e-04
2.585130052642515826e-04
2.582284381389358800e-04
2.579386667338141371e-04
2.576415444914104775e-04
2.573394420066080017e-04
2.570301808513463199e-04
2.567158109686368869e-04
2.563940176070574799e-04
2.560664617574826712e-04
2.557306507100883712e-04
2.553878742904617367e-04
2.550355265579134015e-04
2.546746617017678501e-04
2.543027436140338801e-04
2.539208289398385185e-04
2.535267044762470976e-04
2.531216858066460420e-04
2.527040878911588945e-04
2.522756174892937394e-04
2.518351239914693308e-04
2.513845772744168036e-04
2.509230765220764455e-04
2.504524491433240616e-04
2.499715518288878513e-04
2.494815835570417923e-04
2.489807622831255560e-04
2.484694678682676972e-04
2.479453626933519807e-04
2.474084142914538043e-04
2.468564138267194158e-04
2.462897767396415860e-04
2.457072579056171751e-04
2.451103119027873869e-04
2.444987784482286776e-04
2.438746880172411237e-04
2.432379383548173124e-04
2.425897826420215619e-04
2.419288847298145073e-04
2.412549722550284576e-04
2.405656441069333558e-04
2.398603092674582383e-04
2.391374469766819558e-04
2.383981579862157337e-04
2.376429941078945401e-04
2.368744302898111696e-04
2.360931350517114769e-04
2.353000649323306985e-04
2.344935322112678467e-04
2.336723759594805426e-04
2.328345066272570333e-04
2.319804391270989530e-04
2.311112451813316889e-04
2.302300730922981337e-04
2.293384006543605917e-04
2.284369007315783465e-04
2.275234333027387516e-04
2.265965992210811444e-04
2.256558643704053093e-04
2.247041234027953561e-04
2.237444595422264065e-04
2.227791701252190772e-04
2.218068425149875280e-04
2.208255628523039229e-04
2.198347688808973690e-04
2.188380364658841937e-04
2.178391775583477441e-04
2.168395279912232543e-04
2.158363766448662406e-04
2.148284194968259995e-04
2.138183145143033052e-04
2.128110435409843277e-04
2.118071728083050192e-04
2.108035598457511594e-04
2.097992071627183643e-04
2.087988340086427213e-04
2.078055238545560134e-04
2.068162298624807137e-04
2.058279603710930412e-04
2.048447207788639546e-04
2.038697340905284050e-04
2.028986873423235956e-04
2.019288047689981138e-04
2.009649007055084506e-04
2.000071842803816016e-04
1.990492952055577776e-04
1.980928604566780499e-04
1.971413577367086797e-04
1.961885126413198286e-04
1.952331514313458216e-04
1.942802013115856096e-04
1.933232306669428952e-04
1.923616894966867388e-04
1.914000179220792569e-04
1.904315932806033762e-04
1.894588822708204894e-04
1.884842921543304249e-04
1.875015562928208826e-04
1.865186698447372326e-04
1.855300734969554232e-04
1.845397507542187237e-04
1.835484900918463494e-04
1.825547764262980114e-04
1.815635238837571587e-04
1.805708107233595537e-04
1.795820066457792395e-04
1.785930567313197314e-04
1.776079243032266581e-04
1.766230196702637016e-04
1.756406094508536808e-04
1.746575103423678307e-04
1.736747468255816465e-04
1.726895740309362958e-04
1.717025010390835986e-04
1.707114929894475088e-04
1.697172556376567423e-04
1.687187534345948713e-04
1.677172972546853375e-04
1.667128251315420440e-04
1.657071234633805147e-04
1.647005812934354703e-04
1.636948190130904830e-04
1.626898475256660897e-04
1.616863914301346127e-04
1.606835136711801148e-04
1.596808753661725763e-04
1.586768485450745477e-04
1.576707674780787832e-04
1.566613530915890852e-04
1.556487548984504836e-04
1.546329382949677977e-04
1.536152451826729506e-04
1.525965290631266019e-04
1.515782748548355919e-04
1.505607295284024723e-04
1.495440768517528160e-04
1.485270988216122934e-04
1.475088348160753966e-04
1.464878303173428715e-04
1.454639012128226025e-04
1.444371826865130522e-04
1.434091336647669941e-04
1.423808286063613429e-04
1.413533554121762113e-04
1.403262619786780339e-04
1.392986904166711203e-04
1.382690090602251725e-04
1.372367015583033658e-04
1.362019299209079833e-04
1.351662563443134925e-04
1.341307689545594964e-04
1.330959903020850039e-04
1.320607171108592528e-04
1.310236958369411224e-04
1.299840530211739120e-04
1.289427900595564594e-04
1.279012586571188429e-04
1.268604653551014196e-04
1.258194407878018167e-04
1.247768624308458673e-04
1.237320222674688074e-04
1.226862533136658035e-04
1.216408202661707768e-04
1.205958205563169381e-04
1.195495835032182131e-04
1.185015167258255216e-04
1.174525967823966118e-04
1.164044048873590651e-04
1.153562576806364430e-04
1.143067742057956638e-04
1.132559041797052144e-04
1.122054672782148339e-04
1.111554976875867013e-04
1.101046131182755524e-04
1.090525493185022916e-04
1.080011332799275792e-04
1.069501507981186322e-04
1.058982692789518603e-04
1.048460207277414824e-04
1.037949402888962676e-04
1.027436292316099339e-04
1.016917404269331574e-04
1.006408499778061415e-04
9.959055097640713138e-05
9.853956008033355155e-05
9.748979369212191430e-05
9.644075673906414396e-05
9.539162163767499246e-05
9.434384819409577115e-05
9.329685041228629502e-05
9.225026849595858612e-05
9.120558406025386074e-05
9.016120454849098516e-05
8.911852208211691433e-05
8.807701622618577708e-05
8.703696513194547103e-05
8.599857705541438346e-05
8.496171541137901098e-05
8.392692017660709366e-05
8.289369798525290912e-05
8.186299842523659417e-05
8.083397488925413914e-05
7.980776205220350234e-05
7.878376139597803942e-05
7.776247533569699674e-05
7.674397695179153945e-05
7.572837511607216025e-05
7.471583129794552504e-05
7.370665343889449400e-05
7.270065988589197409e-05
7.169844130099598011e-05
7.069981606443256374e-05
6.970507327451931645e-05
6.871447097875013361e-05
6.772801923484116332e-05
6.674601693481510990e-05
6.576864279303681340e-05
6.479590121084723273e-05
6.382823565060949888e-05
6.286560422461244383e-05
6.190826472518035247e-05
6.095645260594404684e-05
6.001022043428951794e-05
5.906985447158293289e-05
5.813552369347861555e-05
5.720730431064984287e-05
5.628553480875712900e-05
5.537023049238308059e-05
5.446161924434638521e-05
5.355990843829407181e-05
5.266519244222841735e-05
5.177771941686919210e-05
5.089762661165633155e-05
5.002499671637163569e-05
4.916009051697761109e-05
4.830296762125724138e-05
4.745383571345292953e-05
4.661285625115334805e-05
4.578011483880996897e-05
4.495578903054148461e-05
4.413999434796239967e-05
4.333284312946834616e-05
4.253453728850716572e-05
4.174512649618959551e-05
4.096474719067921160e-05
4.019351376069192741e-05
3.943150328852488537e-05
3.867885741286042881e-05
3.793563222769699537e-05
3.720190470785049707e-05
3.647780208228703204e-05
3.576336886317455220e-05
3.505867781775923181e-05
3.436380501989670048e-05
3.367881207183515629e-05
3.300378908055831589e-05
3.233876240736904969e-05
3.168379256947014504e-05
3.103895362623903414e-05
3.040424085685258882e-05
2.977969700881303965e-05
2.916534352353189911e-05
2.856116137091478253e-05
2.796717089325738859e-05
2.738336308358394904e-05
2.680971878593591974e-05
2.624624704505042455e-05
2.569293146235132564e-05
2.514975367281968547e-05
2.461669502010190852e-05
2.409370026368236892e-05
2.358074593062965357e-05
2.307777345216451093e-05
2.258471214966523667e-05
2.210149633644985614e-05
2.162804960629194432e-05
2.116431482871918853e-05
2.071020693023161680e-05
2.026562662750476442e-05
1.983048341385129182e-05
1.940468358247427900e-05
1.898813683152775556e-05
1.858073435742410500e-05
1.818234850258474786e-05
1.779286125394247353e-05
1.741214010194407603e-05
1.704004587230241604e-05
1.667646755062781292e-05
1.632128485343753817e-05
1.597436150407055447e-05
1.563553287411515591e-05
1.530464246492589580e-05
1.498154205719084503e-05
1.466608896500538264e-05
1.435814835584274779e-05
1.405756503913307460e-05
1.376415919715324983e-05
1.347777840119770749e-05
1.319826108307983273e-05
1.292544602346665896e-05
1.265917630935735409e-05
1.239929596281222538e-05
1.214565104105630926e-05
1.189806770154666839e-05
1.165637365597240457e-05
1.142042744178909237e-05
1.119007692035627725e-05
1.096515056739638304e-05
1.074549026283884670e-05
1.053096271015303354e-05
1.032141140996636143e-05
1.011667539115019868e-05
9.916611192044179544e-06
9.721072778309851553e-06
9.529918984039783715e-06
9.343019061702933752e-06
9.160228930908959207e-06
8.981418520486204055e-06
8.806466419853060999e-06
8.635237068959958668e-06
8.467612550096592286e-06
8.303467579498887601e-06
8.142682847763516469e-06
7.985154817366601056e-06
7.830769202226075143e-06
7.679422941419053252e-06
7.531011034791647562e-06
7.385442995932751677e-06
7.242627197720050208e-06
7.102471171252043869e-06
6.964875622070766945e-06
6.829768696752573711e-06
6.697067312338301377e-06
6.566693531568400286e-06
6.438572361939694617e-06
6.312638049110568910e-06
6.188825855219275889e-06
6.067070849319645174e-06
5.947310976062938581e-06
5.829480207877334421e-06
5.713536421215690476e-06
5.599428169783329428e-06
5.487104335579265188e-06
5.376522610697181559e-06
5.267637116729797379e-06
5.160409488732639744e-06
5.054796614277493154e-06
4.950754306127845377e-06
4.848265349264530301e-06
4.747288551793450416e-06
4.647793369831387165e-06
4.549762091625238071e-06
4.453156864578466116e-06
4.357966170114640327e-06
4.264154144420852841e-06
4.171691674502270513e-06
4.080588389129045965e-06
3.990804334361746410e-06
3.902323519753888307e-06
3.815140520971381337e-06
3.729221721836902572e-06
3.644579737526247899e-06
3.561179978747110478e-06
3.478999597148551558e-06
3.398070404328821496e-06
3.318353619467899581e-06
3.239841910702173451e-06
3.162527294654073245e-06
3.086376119378997358e-06
3.011427823349956643e-06
2.937648181446882529e-06
2.865007970195914060e-06
2.793548615879949365e-06
2.723230206872975575e-06
2.654057112836195997e-06
2.586021868806745537e-06
2.519090919821858214e-06
2.453315655416179490e-06
2.388648403929682844e-06
2.325067199904773600e-06
2.262622291608736976e-06
2.201256039401280466e-06
2.140990012002561957e-06
2.081814970839387212e-06
2.023685987479053339e-06
1.966669755729999919e-06
1.910706927808601379e-06
1.855775996614140225e-06
1.801931924062333188e-06
1.749110361750736640e-06
1.697345082194696336e-06
1.646615825497870249e-06
1.596869955613148384e-06
1.548186615452232900e-06
1.500500108849379272e-06
1.453796053827345927e-06
1.408120525265415799e-06
1.363402196085797520e-06
1.319682734538651426e-06
1.276934516662386181e-06
1.235107622623239381e-06
1.194282236278371961e-06
1.154381098755090436e-06
1.115402415938361649e-06
1.077381691371893015e-06
1.040242901013360136e-06
1.004037294671142334e-06
9.687346064840593170e-07
9.342759681738699872e-07
9.007453741951136855e-07
8.680635005804804100e-07
8.362334388512145323e-07
8.052791147425411470e-07
7.751311583692939226e-07
7.458405125407148289e-07
7.173655450166465897e-07
6.896607819017962448e-07
6.628026413063495599e-07
6.367042565737098781e-07
6.113804740839079158e-07
5.868429960321068316e-07
5.630215709641445159e-07
5.399731604433958723e-07
5.176522468352692753e-07
4.960146267654187865e-07
4.751247332068970605e-07
4.549032969989247173e-07
4.353669458349956519e-07
4.165180480284001014e-07
3.982931953855530370e-07
3.807417188664822978e-07
3.638097448744252494e-07
3.474594549791820452e-07
3.317361247307410410e-07
3.165584572645062457e-07
3.019388502342334883e-07
2.878609848521946676e-07
2.742626333291233778e-07
2.611811353480871322e-07
2.485612583309592852e-07
2.363715381864277287e-07
2.246419322941694593e-07
2.133051358457993529e-07
2.023792892646349085e-07
1.918516431147448716e-07
1.816786697539006809e-07
1.718978939172519562e-07
1.624691795331413153e-07
1.533820261927858949e-07
1.446610414225670727e-07
1.362620524350591334e-07
1.282076265164007291e-07
1.204885119839981094e-07
1.130753649133683675e-07
1.059958997283791121e-07
9.922124022925785408e-08
9.274894516161885395e-08
8.658945326122469372e-08
8.071074313255398060e-08
7.512550257459276776e-08
6.982337668203441324e-08
6.478346879598577424e-08
6.001759767416073151e-08
5.549989963875115028e-08
5.122909353834994943e-08
4.720333369810638312e-08
4.340361013682068686e-08
3.983026944114585939e-08
3.647202732335318247e-08
3.331670674794426574e-08
3.036368146274423768e-08
2.759552078985565270e-08
2.500986321636923896e-08
2.259850230177060118e-08
2.034886669055956101e-08
1.825439210404791764e-08
1.630826289736727828e-08
1.450397989007477622e-08
1.283430093914617784e-08
1.129130368063079422e-08
9.868417611231597518e-09
8.555713402937477450e-09
7.350234204736125846e-09
6.242056107669901792e-09
5.228683425527767326e-09
4.306275496378344324e-09
3.462264379879651906e-09
2.696572885789619018e-09
2.003388521402212245e-09
1.375746745011538349e-09
8.127673539345351032e-10
3.032178598295452627e-10
-1.507038013685851385e-10
-5.514116465005178823e-10
-9.114097212350282720e-10
-1.227076696336491770e-09
-1.504236246751767213e-09
-1.746906513666687221e-09
-1.952074660103097246e-09
-2.131408626898623690e-09
-2.282465732643747077e-09
-2.405467819651049904e-09
-2.509558689407159989e-09
-2.589279266327327005e-09
-2.651779949868657887e-09
-2.699617290915524696e-09
-2.728251732552283168e-09
-2.746070682589899954e-09
-2.750236379943680385e-09
-2.741793530758631440e-09
-2.726614755738095476e-09
-2.699866861623054275e-09
-2.666518838113022572e-09
-2.628603649865808688e-09
-2.581931976378651385e-09
-2.533422489665159617e-09
-2.479745105881969183e-09
-2.421062927569914520e-09
-2.361546771769498420e-09
-2.297831382254549478e-09
-2.233743563675185298e-09
-2.168091303492142417e-09
-2.100242734423916329e-09
-2.033492689432766649e-09
-1.965353580487301058e-09
-1.897761772430510683e-09
-1.830046751448796401e-09
-1.762280939678846184e-09
-1.696311114769694111e-09
-1.631610290755130248e-09
-1.567948379962585555e-09
-1.504931875517468135e-09
-1.442428226275981727e-09
-1.381960295729413058e-09
-1.323591592386629094e-09
-1.266027592483852399e-09
-1.209479010970023930e-09
-1.155795560328022764e-09
-1.103932876858230246e-09
-1.054061167591522424e-09
-1.005182761988877746e-09
-9.576416123752128882e-10
-9.121722662053922209e-10
-8.686296871302204170e-10
-8.262671184902958863e-10
-7.858231089361854312e-10
-7.483623666564789913e-10
-7.112550649275198716e-10
-6.755267076383993187e-10
-6.413745200355979270e-10
-6.078015415693104575e-10
-5.777160053973802907e-10
-5.470452680286330855e-10
-5.177249752618057459e-10
-4.917949476637209427e-10
-4.639959454805509700e-10
-4.391740630285087993e-10
-4.153142947019055003e-10
-3.914203107584642523e-10
-3.716858519890705606e-10
-3.500079086749150884e-10
-3.301638385166012592e-10
-3.134549690119114588e-10
-2.950753952677942834e-10
-2.798127280968585707e-10
-2.643384698517194974e-10
-2.489624710661508974e-10
-2.366391178220494018e-10
-2.224908410258827525e-10
-2.098568797379918285e-10
-1.984625176160862700e-10
-1.857890922083703424e-10
-1.756066255221274259e-10
-1.651850220183002426e-10
-1.548330726669553267e-10
-1.471046096616597357e-10
-1.381181359552717532e-10
-1.302385799656629203e-10
-1.233705222118665850e-10
-1.157562920068089643e-10
-1.092515157387016775e-10
-1.020687521137969748e-10
-9.523774561070480569e-11
-9.011488217856311710e-11
-8.372873680221836825e-11
-7.877082088404493514e-11
-7.466405387335954466e-11
-7.015611343459304741e-11
-6.697903412740910049e-11
-6.280952477787532046e-11
-5.855194969675335988e-11
-5.582962621749071477e-11
-5.174458198239941488e-11
-4.892490588792159497e-11
-4.659083487779496785e-11
-4.370736604169031152e-11
-4.185458915190137561e-11
-3.873539320830358476e-11
-3.540575198601947212e-11
-3.362749253840818128e-11
-3.087887209029802371e-11
-2.962198475188567501e-11
-2.845060260341614753e-11
-2.626342409833480861e-11
-2.521195086764197836e-11
-2.336181339217183464e-11
-2.211718038881499412e-11
-2.229334503258662843e-11
-2.062323823953439687e-11
-1.926679024578118044e-11
-1.770656482214346705e-11
-1.623144862289632489e-11
-1.619544337830529764e-11
-1.475257313466239266e-11
-1.337273022011271951e-11
-1.337166681244612692e-11
-1.277300176024744866e-11
-1.278431557368903593e-11
-1.190518996647881878e-11
-1.081160270799434725e-11
-1.098877215333513353e-11
-9.924112969878370589e-12
-8.868976434911436827e-12
-8.901091311148891691e-12
-8.515114778399536202e-12
-8.504935826370279535e-12
-7.971676651604477853e-12
-7.516649375427489938e-12
-7.532611669263552442e-12
-6.467786154181838697e-12
-6.306221579505279861e-12
-6.673441316101331369e-12
-6.100847640345014661e-12
-6.325956358897460974e-12
-5.867799807863497561e-12
-5.008670940862103508e-12
-5.257891537249496353e-12
-4.940804856251849329e-12
-5.123741267117735828e-12
-5.283001099601223653e-12
-4.573160971911434448e-12
-4.430868309153326112e-12
-4.203811523149799432e-12
-4.264357300446715369e-12
-4.513669001205985631e-12
-4.079085055437675835e-12
-3.822731362384059599e-12
-3.862755970610879999e-12
-3.820453612609590938e-12
-3.797632471532664920e-12
-3.483544576233054605e-12
-3.370664725786451660e-12
-3.686870323130712580e-12
-3.458035736772348076e-12
-3.172835012036203695e-12
-3.175444975380178038e-12
-3.274417283535161912e-12
-3.213526797742462661e-12
-2.919409150967118621e-12
-2.941336272573180861e-12
-3.056834202124915127e-12
-2.787735958785512022e-12
-2.808005747530890749e-12
-2.830331894789791273e-12
-2.600417037497952493e-12
-2.693714991065172968e-12
-2.694286556809455261e-12
-2.459242902531538593e-12
-2.523612243152714882e-12
-2.469827403649897196e-12
-2.332192244687343323e-12
-2.362767239808846538e-12
-2.247491091252941835e-12
-2.259544267326242152e-12
-2.156788561753361778e-12
-2.078389391440974844e-12
-2.101079240076115212e-12
-1.947593433877520986e-12
-1.951954414763422732e-12
-1.873496788782265868e-12
-1.814795838531974984e-12
-1.783698111264205578e-12
-1.716249642418525858e-12
-1.618375226448008023e-12
-1.595162157359800998e-12
-1.497577730685615102e-12
-1.460602024107549681e-12
-1.384900610227649066e-12
-1.316486474772798934e-12
-1.263068487318181142e-12
-1.181494525495699931e-12
-1.128042719047653009e-12
-1.071223122441289784e-12
-9.926798585526855223e-13
-9.246237612395127619e-13
-8.589177333916398160e-13
-7.894813146520385350e-13
-7.377671115360180776e-13
-6.683125060722291117e-13
-6.051480847215589965e-13
-5.527434003004141556e-13
-4.885769744239835058e-13
-4.296314785912473427e-13
-3.714863753282824012e-13
-3.171316249106335571e-13
-2.739294119740326224e-13
-2.220945398916612828e-13
-1.794744922571543074e-13
-1.395372680286614410e-13
-9.681091962784544397e-14
-6.504544072233798019e-14
-3.671814985663008926e-14
-1.033980581399623548e-14
1.057507585002846271e-14
3.106478441670243744e-14
4.743558485734308559e-14
5.567705669622302760e-14
6.109790786061920616e-14
6.282554726477970740e-14
6.224234327584218810e-14
6.089835863664118493e-14
5.257043164021466629e-14
4.245154059108256983e-14
3.261815795585328113e-14
2.115001682220421962e-14
9.134744419243572912e-15
-7.420361091494277232e-15
-1.954043094694456591e-14
-2.998945888047080777e-14
-4.114223443416731744e-14
-5.187001173459185857e-14
-5.780044214533070839e-14
-6.120196077598863371e-14
-6.440773049367596262e-14
-6.357740266128542947e-14
-5.845318078057627672e-14
-5.385652197484519332e-14
-4.646969080913989571e-14
-3.579643620269731170e-14
-2.617687525125674490e-14
-1.611213265046909741e-14
-5.226412644771618433e-15
3.118565257017042565e-15
1.096966471373004201e-14
1.661391479338646798e-14
1.878014804963749952e-14
1.981007665575965022e-14
1.801228753531264403e-14
1.424505588978247115e-14
9.077126177506903657e-15
2.979754416569009578e-15
-2.297673398062576845e-15
-7.925571348194532148e-15
-1.122009258937528920e-14
-1.313161628963548873e-14
-1.247398562149156379e-14
-1.057895571288232204e-14
-6.465097048808972102e-15
-1.830719501625049902e-15
3.057849893010697308e-15
7.257314980206291344e-15
1.024634476637067412e-14
1.109629264262324948e-14
1.052661559565082746e-14
7.905535346449130698e-15
4.605002140618385001e-15
1.107366847039746265e-15
-1.524418027055920603e-15
-2.624796519818290830e-15
-1.843110341998975135e-15
2.876583428814468147e-16
3.429698870521776962e-15
6.219575806654575745e-15
8.040972871582866426e-15
8.258038937224925161e-15
6.966277549884278558e-15
4.718327445326192368e-15
2.574144348657617940e-15
1.281857796671396174e-15
1.536562388138380983e-15
2.982272171683409693e-15
5.081860268930564205e-15
6.714599539030680036e-15
7.093810632902502350e-15
6.052238484966292946e-15
4.343196759206270090e-15
2.979138703904235092e-15
2.968236507468877590e-15
4.087659306849783342e-15
5.630347468222010992e-15
6.423541056377090082e-15
6.009354493544540286e-15
4.758676049363834335e-15
3.803640201506366560e-15
3.868260714978739546e-15
4.979058617998067000e-15
5.938204926607906819e-15
5.924677586011043091e-15
4.966497406122942922e-15
4.207310909931858944e-15
4.454597525873019642e-15
5.405452968712299512e-15
5.824506364450714888e-15
5.318691605919173783e-15
4.546346651794596259e-15
4.661232461707771609e-15
5.392445643617389806e-15
5.670233730973256313e-15
5.083645797792693477e-15
4.674914019303803565e-15
5.092209359677793002e-15
5.594253812295144893e-15
5.239582688593470613e-15
4.825298847035695745e-15
5.114269588294695962e-15
5.514490826661737910e-15
5.167532863381736314e-15
4.921608116436785756e-15
5.298307124585674898e-15
5.398454341103699234e-15
5.006574014310773496e-15
5.154710768662720190e-15
5.402169806005041151e-15
5.116856818768745765e-15
5.118997145745608723e-15
5.382679364014330376e-15
5.128634177020345268e-15
5.177049043871403678e-15
5.334326869154833967e-15
5.128560579126602937e-15
5.243132103021073865e-15
5.279916706025481919e-15
5.133144170318683696e-15
5.320250817535456016e-15
5.163562276827865085e-15
5.260000521813912468e-15
5.232046970663793360e-15
5.209740331391678497e-15
5.265836402965996552e-15
5.197345441177512921e-15
5.268754522802111488e-15
5.204591912806306488e-15
5.261129343371068967e-15
5.215305669860997114e-15
5.253569138129567453e-15
5.223750819979024565e-15
5.248548875165713511e-15
5.229427978405013797e-15
5.245663616445858451e-15
5.233135588524974150e-15
5.244108979768161784e-15
5.235619764844387432e-15
5.243305013679033193e-15
5.237359266576067277e-15
5.242911763643562655e-15
5.238631978106961933e-15
5.242742092877755992e-15
5.239597476620034577e-15
5.242693816340203782e-15
5.240350097828992495e-15
5.242710335387475348e-15
5.240948210619148941e-15
5.242759645050495857e-15
5.241429762335002738e-15
5.242823303768420553e-15
5.241820600841912134e-15
5.242890551774435501e-15
5.242139062366213323e-15
5.242955089105810779e-15
5.242398599964535579e-15
5.243013255714887227e-15
5.242609353136176802e-15
5.243062972462284068e-15
5.242779124287618890e-15
5.243103108147897943e-15
5.242914010003306016e-15
5.243133092391920828e-15
5.243018823991378186e-15
5.243152674381732161e-15
5.243097389404217551e-15
5.243161770202570272e-15
5.243152746697381271e-15
5.243160365076340948e-15
5.243187304867928512e-15
5.243148450123243240e-15
5.243202953736154054e-15
5.243125981135149145e-15
5.243201148612629016e-15
5.243092851326744969e-15
5.243182974853504181e-15
5.243048873082466173e-15
5.243149197445750585e-15
5.242993765293708433e-15
5.243100299188716794e-15
5.242927144156864578e-15
5.243036509994230205e-15
5.242848515937372507e-15
5.242957829100750532e-15
5.242757270747538514e-15
5.242864041594418271e-15
5.242652676616851297e-15
5.242754730194506456e-15
5.242533873485079115e-15
5.242629283086347182e-15
5.242399866684997598e-15
5.242486898369965946e-15
5.242249519832588356e-15
5.242326585561664185e-15
5.242081546854618983e-15
5.242147164531385770e-15
5.241894503142434165e-15
5.241947262124122778e-15
5.241686775714451572e-15
5.241725306709622644e-15
5.241456572378500435e-15
5.241479520855999489e-15
5.241201909875799077e-15
5.241207912278848174e-15
5.240920601016689321e-15
5.240908263240225377e-15
5.240610240829617137e-15
5.240578118541163466e-15
5.240268191822128848e-15
5.240214772259536594e-15
5.239891568405656640e-15
5.239815253429822146e-15
5.239477220633551745e-15
5.239376310853726792e-15
