# xiplus_2_2
1.643907354126897735e-04
1.643747695613877950e-04
1.643804328419086588e-04
1.643647592559009218e-04
1.643691779138390003e-04
1.643536988880728517e-04
1.643568822176155535e-04
1.643415007679468619e-04
1.643434502876946722e-04
1.643280696238889730e-04
1.643287792879359014e-04
1.643133023373930196e-04
1.643127587273123501e-04
1.642970877138793888e-04
1.642952702241398969e-04
1.642793063052628416e-04
1.642761873350296611e-04
1.642598303049333562e-04
1.642553754698626448e-04
1.642385235369641424e-04
1.642326919166747757e-04
1.642152415661440944e-04
1.642079860033349777e-04
1.641898319574453414e-04
1.641810994263990045e-04
1.641621347166189414e-04
1.641518667800839543e-04
1.641319829469861256e-04
1.641201163204273781e-04
1.640992037579023849e-04
1.640856710010906946e-04
1.640636194611101381e-04
1.640483498151086008e-04
1.640250490885470725e-04
1.640079694748775778e-04
1.639833102607040152e-04
1.639643464541607203e-04
1.639382214237861005e-04
1.639172994043999775e-04
1.638896044601313782e-04
1.638666519386531607e-04
1.638372876526764826e-04
1.638122357500441299e-04
1.637811089536493484e-04
1.637538939948480826e-04
1.637209194655275444e-04
1.636914848228728631e-04
1.636565869875692618e-04
1.636248848763382905e-04
1.635879994146676461e-04
1.635539925052905297e-04
1.635150676940797345e-04
1.634787303604028487e-04
1.634377279544957557e-04
1.633990469289119541e-04
1.633559423233626616e-04
1.633149164805020460e-04
1.632696978523455022e-04
1.632263367998257797e-04
1.631790028907528539e-04
1.631333240174282699e-04
1.630838802029832644e-04
1.630359038356714676e-04
1.629843561475167481e-04
1.629340985132097380e-04
1.628804453578368034e-04
1.628279091615812430e-04
1.627721306336979976e-04
1.627172932642319031e-04
1.626593382082708805e-04
1.626021378970762983e-04
1.625419092447596037e-04
1.624822299405609296e-04
1.624195693502531325e-04
1.623572256261099898e-04
1.622918990529846292e-04
1.622266229994253923e-04
1.621583094736974567e-04
1.620897421629645201e-04
1.620180286310672906e-04
1.619457192143510069e-04
1.618701046175119668e-04
1.617935202139188992e-04
1.617134317795198683e-04
1.616319807413510304e-04
1.615468044328262473e-04
1.614598740105286647e-04
1.613689989242250798e-04
1.612760055580001513e-04
1.611788786111449331e-04
1.610793250234199964e-04
1.609755077184052646e-04
1.608690360972561055e-04
1.607582502134300209e-04
1.606446761722933841e-04
1.605268214475277300e-04
1.604061310619271077e-04
1.602812576149091606e-04
1.601535523073122265e-04
1.600217764880918880e-04
1.598871605056435483e-04
1.597485272140927249e-04
1.596069511483464343e-04
1.594612681712154689e-04
1.593123670736168863e-04
1.591590626902205535e-04
1.590020507911271566e-04
1.588401234749341250e-04
1.586738149923730304e-04
1.585019369979455612e-04
1.583249369733201906e-04
1.581417268056760979e-04
1.579527674136905048e-04
1.577571588922725904e-04
1.575554578026626461e-04
1.573469950457634717e-04
1.571324312504382859e-04
1.569112750931399205e-04
1.566841920049679207e-04
1.564507133921606743e-04
1.562113332919423973e-04
1.559654215491132316e-04
1.557131598405335818e-04
1.554536816124373402e-04
1.551868920466546438e-04
1.549118344235052617e-04
1.546283951890292305e-04
1.543358416491716269e-04
1.540343548917440534e-04
1.537236417122969125e-04
1.534042277586255144e-04
1.530760860361343625e-04
1.527397129001830214e-04
1.523948462081351981e-04
1.520414813022417716e-04
1.516788433349828007e-04
1.513064943259343029e-04
1.509235915588068679e-04
1.505299875065005844e-04
1.501255138105239435e-04
1.497107595202149791e-04
1.492861140919709987e-04
1.488521872651363308e-04
1.484088595185402101e-04
1.479558544587146007e-04
1.474923237989113659e-04
1.470178327319948697e-04
1.465322064895670890e-04
1.460361737595190844e-04
1.455305891792918048e-04
1.450163342145134409e-04
1.444934090552568305e-04
1.439613681032960672e-04
1.434195076520495377e-04
1.428679885073463982e-04
1.423077545135573640e-04
1.417403198632629735e-04
1.411664707532098747e-04
1.405860821761527085e-04
1.399984469016383461e-04
1.394037747303579304e-04
1.388034429609393374e-04
1.381992955604777402e-04
1.375919350710443079e-04
1.369808116516941306e-04
1.363655960845357347e-04
1.357477265468208343e-04
1.351292251910986785e-04
1.345107525381267146e-04
1.338913466020544805e-04
1.332710696959806137e-04
1.326518586957715126e-04
1.320352443432709503e-04
1.314202729265917394e-04
1.308061750090687815e-04
1.301945558481793408e-04
1.295868649663589568e-04
1.289815740032779234e-04
1.283778274514537038e-04
1.277773899574471451e-04
1.271804095190147128e-04
1.265844438123557418e-04
1.259900668329261883e-04
1.253983924364317746e-04
1.248069942046838954e-04
1.242152119124819494e-04
1.236246976315113100e-04
1.230328253219914914e-04
1.224392065507221754e-04
1.218452452590831263e-04
1.212483377439097052e-04
1.206492197835050108e-04
1.200486902382963964e-04
1.194443574988922688e-04
1.188391809071774271e-04
1.182311431402806209e-04
1.176218236087996002e-04
1.170116482310961964e-04
1.164002384506631965e-04
1.157895968941657661e-04
1.151784689036399432e-04
1.145690083108305465e-04
1.139598489297273483e-04
1.133525353678208845e-04
1.127457487961924017e-04
1.121402735127867266e-04
1.115347992839336284e-04
1.109295321053490756e-04
1.103232310198291015e-04
1.097158723465914090e-04
1.091064904015785802e-04
1.084952125645956424e-04
1.078815696552167484e-04
1.072660820203993556e-04
1.066488177703808033e-04
1.060306366390861886e-04
1.054118838288893047e-04
1.047933968078616182e-04
1.041753277963978656e-04
1.035580481756554004e-04
1.029411599252495459e-04
1.023244240029892857e-04
1.017069982299645409e-04
1.010884187595798738e-04
1.004679831983692492e-04
9.984566617667287058e-05
9.922145467146457204e-05
9.859602715264295680e-05
9.796990989627702697e-05
9.734392146563109979e-05
9.671828285386200067e-05
9.609310152553555376e-05
9.546775142808454969e-05
9.484165640782540169e-05
9.421399884455394346e-05
9.358460349422977238e-05
9.295353516335376595e-05
9.232157575170461231e-05
9.168936747134387704e-05
9.105753627910382611e-05
9.042588185235959767e-05
8.979391620227513858e-05
8.916072084494949324e-05
8.852595280357925022e-05
8.788968438367330692e-05
8.725277350719390845e-05
8.661586470634402742e-05
8.597927099504060102e-05
8.534233790056723775e-05
8.470433353196560355e-05
8.406474044836795723e-05
8.342409416649202022e-05
8.278317291097977472e-05
8.214256809087528604e-05
8.150175630197745668e-05
8.085997284554506789e-05
8.021678982831309632e-05
7.957294032677257286e-05
7.892915614445989987e-05
7.828551249955595012e-05
7.764106404609325538e-05
7.699544777208937622e-05
7.634919988900767311e-05
7.570322559615243945e-05
7.505715162225615579e-05
7.441018409686717312e-05
7.376226998923344699e-05
7.311443907030698640e-05
7.246672122879599897e-05
7.181832836256798048e-05
7.116908906486244164e-05
7.052004158374588247e-05
6.987107313775538263e-05
6.922142400410025609e-05
6.857138088914124959e-05
6.792182080330045203e-05
6.727194031352132892e-05
6.662152944114389168e-05
6.597147959048865588e-05
6.532156371567321462e-05
6.467103004218230182e-05
6.402096865054529985e-05
6.337109612722792266e-05
6.272093163880669141e-05
6.207129142696388266e-05
6.142184206906914367e-05
6.077236900883215784e-05
6.012371858244833271e-05
5.947495838228412343e-05
5.882688399957384118e-05
5.817919333869635046e-05
5.753202926500298206e-05
5.688550433776516234e-05
5.623955249253039196e-05
5.559445713707102549e-05
5.494993820918763866e-05
5.430652552897557983e-05
5.366372072894558422e-05
5.302218954021071731e-05
5.238156149513855747e-05
5.174210097120804559e-05
5.110388246886194319e-05
5.046692516994052307e-05
4.983134077061202998e-05
4.919728983583204171e-05
4.856465191444533697e-05
4.793379944626301723e-05
4.730459649528830280e-05
4.667719574282403611e-05
4.605177930633110625e-05
4.542830866062125180e-05
4.480698534320372886e-05
4.418789666431754569e-05
4.357102732151432728e-05
4.295667416848773871e-05
4.234479226886224331e-05
4.173552588788690705e-05
4.112904282714142235e-05
4.052533957745100657e-05
3.992461665333940006e-05
3.932696229708292925e-05
3.873241152956158893e-05
3.814120203199630922e-05
3.755333094644916410e-05
3.696894472720165605e-05
3.638819307715835809e-05
3.581110245786802240e-05
3.523785077152208784e-05
3.466851753077854784e-05
3.410316358179998344e-05
3.354198539257670196e-05
3.298500841443112913e-05
3.243236404045515370e-05
3.188416851557321498e-05
3.134047020167195192e-05
3.080142309318209705e-05
3.026710518397304617e-05
2.973759039554100216e-05
2.921302547974396880e-05
2.869344912078827331e-05
2.817897256326196400e-05
2.766968777657336686e-05
2.716563886503324461e-05
2.666694484335185468e-05
2.617365352974469962e-05
2.568583024174747153e-05
2.520356931328610522e-05
2.472691312788044440e-05
2.425593590389702868e-05
2.379070150814903279e-05
2.333124630200874726e-05
2.287766767723831092e-05
2.243000852560450526e-05
2.198831848579012256e-05
2.155266643064317319e-05
2.112308446191586591e-05
2.069961602388607289e-05
2.028228698719454747e-05
1.987111609929900459e-05
1.946615101541769984e-05
1.906739281855327828e-05
1.867486994119526718e-05
1.828861047657954418e-05
1.790862167065975310e-05
1.753492966287676619e-05
1.716754513459581991e-05
1.680645662735586590e-05
1.645167618197474716e-05
1.610318028270042476e-05
1.576095594645167823e-05
1.542499471879576312e-05
1.509527768394013432e-05
1.477179228467960601e-05
1.445451344238917490e-05
1.414339738018664308e-05
1.383841835122141580e-05
1.353952609890714872e-05
1.324668903202845160e-05
1.295986534219149727e-05
1.267900658909438588e-05
1.240405615183341883e-05
1.213495339191034515e-05
1.187163471460606934e-05
1.161405533274607982e-05
1.136214866352186721e-05
1.111584654956490716e-05
1.087505950397859116e-05
1.063970130002475032e-05
1.040969979742332721e-05
1.018499478807199361e-05
9.965509566549293982e-06
9.751153970007176504e-06
9.541817071796114034e-06
9.337412120315013756e-06
9.137856009290876391e-06
8.943061668052479038e-06
8.752931249172546374e-06
8.567373821536138957e-06
8.386290207327824851e-06
8.209576536802442318e-06
8.037126641638322403e-06
7.868859959099656256e-06
7.704679632336978423e-06
7.544470526009209320e-06
7.388133972830608586e-06
7.235592856350154254e-06
7.086737927851998565e-06
6.941456782586237942e-06
6.799657222942333818e-06
6.661245719539954066e-06
6.526122300138863508e-06
6.394199131822449550e-06
6.265378365003494384e-06
6.139571855352243439e-06
6.016687668996315811e-06
5.896627575125117122e-06
5.779314575977437818e-06
5.664653863766336312e-06
5.552552115442561205e-06
5.442945343403053705e-06
5.335747698401685495e-06
5.230875119077166635e-06
5.128251265744434621e-06
5.027807609257240018e-06
4.929463952941420879e-06
4.833159337923724090e-06
4.738819720286331668e-06
4.646385126905532152e-06
4.555787149352974234e-06
4.466958894817345220e-06
4.379843687805924483e-06
4.294391619089899106e-06
4.210548318424563307e-06
4.128254883191818085e-06
4.047460109026261230e-06
3.968114648393922784e-06
3.890176577353927306e-06
3.813603529165189840e-06
3.738348327701057334e-06
3.664378033414427233e-06
3.591650301163996892e-06
3.520129419799465767e-06
3.449779148928217400e-06
3.380567162091975467e-06
3.312463944993557487e-06
3.245438067537242934e-06
3.179462054307458140e-06
3.114517250950457042e-06
3.050568546296603090e-06
2.987600129973771453e-06
2.925587662115181575e-06
2.864505088223161936e-06
2.804342354812445726e-06
2.745080203498422624e-06
2.686695567486409679e-06
2.629178692931967014e-06
2.572509472833762471e-06
2.516682604179456189e-06
2.461673793672632451e-06
2.407469803536564956e-06
2.354079426252427415e-06
2.301479414085676513e-06
2.249659069517850851e-06
2.198609692818161419e-06
2.148309468950809175e-06
2.098777548730036525e-06
2.049991623570333607e-06
2.001934491276855808e-06
1.954622495315635247e-06
1.908035958902005366e-06
1.862171575592771286e-06
1.817023036155686829e-06
1.772572396102861569e-06
1.728845725406499188e-06
1.685815734892241558e-06
1.643469664227353474e-06
1.601832273549979900e-06
1.560872425859610734e-06
1.520599580414066613e-06
1.481008750744687508e-06
1.442074684816357218e-06
1.403833693562186296e-06
1.366251535025657903e-06
1.329315811048663518e-06
1.293056914144410371e-06
1.257439889042321349e-06
1.222482565391752856e-06
1.188173529907647599e-06
1.154481890241088313e-06
1.121453996093995633e-06
1.089052513258667012e-06
1.057268773032868835e-06
1.026128764321621117e-06
9.955935462816523603e-07
9.656859715711339442e-07
9.363893864088726293e-07
9.076757790924005214e-07
8.795924694576212094e-07
8.520941460400376661e-07
8.251807298448955974e-07
7.988729519809734371e-07
7.731267017813643215e-07
7.479721337637561637e-07
7.233919140025585978e-07
6.993506119979431083e-07
6.759002354215592612e-07
6.529937895290719786e-07
6.306328427191958387e-07
6.088317863521389129e-07
5.875496796713606340e-07
5.668175539615894485e-07
5.466099369858539464e-07
5.268987247429587668e-07
5.077327936119721735e-07
4.890585988511413313e-07
4.708855497389515470e-07
4.532208345034583702e-07
4.360214385043776645e-07
4.193249598484667238e-07
4.031036638897035582e-07
3.873308436663130703e-07
3.720513430661206633e-07
3.572162030940089666e-07
3.428377882983979426e-07
3.289195096663600012e-07
3.154226482421014172e-07
3.023834418723074312e-07
2.897689269395716691e-07
2.775573122145432236e-07
2.657846840377414977e-07
2.543996312093262330e-07
2.434141020239649819e-07
2.328196224376158878e-07
2.225754592268697979e-07
2.127107385636134539e-07
2.031876548376200504e-07
1.939843227366798027e-07
1.851248530514933376e-07
1.765610913457797878e-07
1.683043357991334926e-07
1.603418195199151486e-07
1.526389062370485472e-07
1.452217321608486274e-07
1.380566132484125312e-07
1.311322109265129140e-07
1.244668703710775410e-07
1.180244584414734454e-07
1.118217981891528486e-07
1.058519667261440969e-07
1.000933451124014334e-07
9.457042869703521441e-08
8.925754197611450189e-08
8.415013433640751814e-08
7.925863223338815984e-08
7.455663287352691925e-08
7.005866275780690389e-08
6.575848440556416059e-08
6.164024685762751002e-08
5.772014866780649728e-08
5.397686301757525226e-08
5.040819199046860836e-08
4.701479456518590544e-08
4.378036252974190463e-08
4.071346780861370526e-08
3.780877767866060124e-08
3.505597069996655077e-08
3.245891826660792812e-08
2.999916561392709704e-08
2.767560336376223821e-08
2.548748179134238021e-08
2.342614870445043374e-08
2.149117039595434737e-08
1.967261843374065846e-08
1.796226976895382276e-08
1.636173480146824165e-08
1.486536514504566214e-08
1.347183343824860782e-08
1.217233458489467503e-08
1.095843969033484697e-08
9.829823341156780929e-09
8.785837113867689003e-09
7.819331135383737683e-09
6.920118775899318524e-09
6.086648661130097145e-09
5.321474783160783289e-09
4.618487947030303738e-09
3.971766956122758723e-09
3.377882478006822502e-09
2.838889210304631493e-09
2.346891498019554677e-09
1.891835532774191406e-09
1.479857084722169096e-09
1.107614448894992204e-09
7.697352095574354537e-10
4.708610736919205643e-10
2.018748632700408069e-10
-4.233847060232619524e-11
-2.586051086071157692e-10
-4.520423284627069696e-10
-6.212489795937448271e-10
-7.673485585515958269e-10
-8.965842352709804037e-10
-1.007913369868987005e-09
-1.104989000504981996e-09
-1.187169512304863746e-09
-1.251951331853716027e-09
-1.306762111194868220e-09
-1.349563584284021192e-09
-1.384293923408232353e-09
-1.411078283938249952e-09
-1.425337544054705942e-09
-1.434631773249173990e-09
-1.437497375959331856e-09
-1.434812041363360037e-09
-1.426997404527792009e-09
-1.411769684918117307e-09
-1.394951101732463169e-09
-1.376326924355562397e-09
-1.350970657566107883e-09
-1.324281727917045226e-09
-1.296635849321849936e-09
-1.266789081220180700e-09
-1.233407980666868337e-09
-1.199506002073484433e-09
-1.166584184492245570e-09
-1.131217542986873246e-09
-1.095529700682173316e-09
-1.060648030813565184e-09
-1.023568644430866108e-09
-9.877281989950126809e-10
-9.529227521315099196e-10
-9.168988578808071074e-10
-8.817575305906207316e-10
-8.478445801226490394e-10
-8.135741987534773932e-10
-7.815888784564877613e-10
-7.488032253971126963e-10
-7.170617678333788795e-10
-6.866459488554431661e-10
-6.566214033652796680e-10
-6.279290840920553127e-10
-5.999247584103058319e-10
-5.733571745355941298e-10
-5.473594053793214507e-10
-5.219660522416582089e-10
-4.973083295462117323e-10
-4.738796802649695690e-10
-4.515710382174507541e-10
-4.294150892879028011e-10
-4.078123149376045615e-10
-3.880284599493226953e-10
-3.678255011081607591e-10
-3.490867229397544020e-10
-3.310238915911242183e-10
-3.131549067078090158e-10
-2.975676127989799875e-10
-2.812499317880851394e-10
-2.661224375373952935e-10
-2.530788627168351799e-10
-2.389879824991240952e-10
-2.268769241961392873e-10
-2.148630772783008402e-10
-2.030032424138411173e-10
-1.930164746817347471e-10
-1.817926325012297244e-10
-1.716484327343560548e-10
-1.624958129371092910e-10
-1.522757479096193682e-10
-1.439035757042130972e-10
-1.355567453450979646e-10
-1.273205176565738494e-10
-1.210086386778005372e-10
-1.139047108704727195e-10
-1.077250026758439349e-10
-1.023331285498725449e-10
-9.628272258238589063e-11
-9.109247651901261432e-11
-8.546774579919329292e-11
-8.000838781914797433e-11
-7.569665306763121210e-11
-7.065617351965409189e-11
-6.659565608180038949e-11
-6.321347219891939364e-11
-5.966900815278162439e-11
-5.684813050901723107e-11
-5.336322879561441109e-11
-4.970615508665390844e-11
-4.699848816885794137e-11
-4.357610320367083279e-11
-4.105806284071259346e-11
-3.904581229399831324e-11
-3.683765591113918857e-11
-3.526539544106738740e-11
-3.284160447974476887e-11
-3.027018088455412779e-11
-2.869176247117655505e-11
-2.672308993520877407e-11
-2.576676406500884635e-11
-2.480593935783027227e-11
-2.300711571103992299e-11
-2.175656287195042579e-11
-2.004997997957469344e-11
-1.891482139124737937e-11
-1.882781622254732536e-11
-1.754304877581543989e-11
-1.634225444390177523e-11
-1.512238181426196081e-11
-1.419266254671248101e-11
-1.426171788583411270e-11
-1.317688147469826521e-11
-1.193463285408279552e-11
-1.164990589165135700e-11
-1.108397018099896803e-11
-1.087575927924896274e-11
-1.002759579606049074e-11
-9.236523292941609463e-12
-9.549967376907518931e-12
-8.919897183752803143e-12
-8.110624190565282976e-12
-8.017116999417931378e-12
-7.594527062271956921e-12
-7.295971037405881804e-12
-6.713838767029253383e-12
-6.474957965805907434e-12
-6.668455733868234849e-12
-5.951707108472005072e-12
-5.856683981598240329e-12
-5.978801718814066827e-12
-5.261555662464182402e-12
-5.356474708849675372e-12
-5.111557095691417758e-12
-4.598009206274670682e-12
-4.907792072629999933e-12
-4.506728270342641084e-12
-4.440778039542029501e-12
-4.520249718595590956e-12
-4.096517342670334904e-12
-4.153832045830946154e-12
-3.902272595535154489e-12
-3.733844254095947777e-12
-3.843441248301462103e-12
-3.655455294117399626e-12
-3.612373541583321667e-12
-3.543364326726679380e-12
-3.305976390054645085e-12
-3.308009994396179069e-12
-3.251747239346094031e-12
-3.154928412920753072e-12
-3.224470206141683173e-12
-3.019726070146927564e-12
-2.961074632468279998e-12
-2.943868138144798386e-12
-2.871499912249615481e-12
-2.889487123421547132e-12
-2.761264303983881512e-12
-2.639982801592223549e-12
-2.686347030732828204e-12
-2.605105776906503464e-12
-2.573899600533544763e-12
-2.494538497964010370e-12
-2.420888610536855851e-12
-2.461305921863652024e-12
-2.384752738352521780e-12
-2.277771921315337489e-12
-2.282089707869097052e-12
-2.220680811667043107e-12
-2.168425534371487135e-12
-2.101828018193954095e-12
-2.065892448116631718e-12
-2.055157676745806456e-12
-1.960707122237986571e-12
-1.917014259785812569e-12
-1.897461475092328703e-12
-1.789520163556545442e-12
-1.765665142690082663e-12
-1.723710857459251039e-12
-1.643442707042592972e-12
-1.627621445552615489e-12
-1.555674885213711125e-12
-1.480435000499174260e-12
-1.451613815984273452e-12
-1.365773444343909535e-12
-1.332965405418120349e-12
-1.272311013847710303e-12
-1.200618411231957445e-12
-1.153851826379302284e-12
-1.077440500852608325e-12
-1.029080020563344394e-12
-9.725116496873513823e-13
-9.071418695049883825e-13
-8.431975269400370836e-13
-7.855703211903062340e-13
-7.236947261263596024e-13
-6.769888196833699750e-13
-6.091806925727344105e-13
-5.531163690858441073e-13
-5.016169626283036705e-13
-4.461226562063154730e-13
-3.933171678568062605e-13
-3.415259220086596222e-13
-2.926423974518908481e-13
-2.515429437375985406e-13
-2.018790463416024968e-13
-1.628682110281312009e-13
-1.273036078005222999e-13
-9.100744899045222744e-14
-6.194759954065150163e-14
-3.561183106876714854e-14
-8.637163528031991889e-15
9.711562437749908309e-15
2.747272236430285523e-14
4.043282317250533938e-14
4.891612371199415230e-14
5.535860689516989798e-14
5.779131364191589313e-14
5.516612490439430891e-14
5.311353889768686167e-14
4.600545074788663967e-14
3.888929469357728032e-14
2.901313417639202928e-14
1.700285718626151408e-14
6.202472833553260131e-15
-7.237129657624358186e-15
-1.878718189920094442e-14
-2.952072050039329736e-14
-3.951227434987889035e-14
-4.775677907167358805e-14
-5.431738952514618042e-14
-5.813288954403662761e-14
-5.995809076718436518e-14
-5.897134932438829141e-14
-5.562601483481464997e-14
-5.058196949802368837e-14
-4.355223337198117198e-14
-3.463367238245786787e-14
-2.544974724780329802e-14
-1.579976545401232563e-14
-6.808329802341724103e-15
1.613849455820013105e-15
8.590450820700542050e-15
1.342228631651554587e-14
1.590969034802683712e-14
1.635493606541929671e-14
1.499101578140584593e-14
1.149389936184394519e-14
6.603340905544699350e-15
1.334748956248602765e-15
-3.832624478206990482e-15
-8.592847018099253586e-15
-1.197350509855571724e-14
-1.338870803921439486e-14
-1.307543592039268477e-14
-1.112176141247545424e-14
-7.554534622885149176e-15
-3.157522683396440224e-15
1.163264724231550901e-15
5.135566171324606959e-15
7.732648343742567784e-15
8.614896329871512992e-15
7.995688394342200306e-15
5.700772278397007152e-15
2.613053400585910176e-15
-5.096418445831056459e-16
-3.001492181631760546e-15
-3.940237179885322522e-15
-3.306415880949215172e-15
-1.272775636819924732e-15
1.538552166218702661e-15
4.150237016237745550e-15
5.745336385334445718e-15
5.984013703222423540e-15
4.761323006457526309e-15
2.765916211970039377e-15
7.554532796520908247e-16
-3.800554050130365634e-16
-1.975175610383708533e-16
1.172474855512149417e-15
3.049658577080761645e-15
4.570443424220006233e-15
4.884878854161824262e-15
3.976591144856531431e-15
2.375371107759733616e-15
1.155798153962266794e-15
1.115614062814954350e-15
2.178671196168997338e-15
3.552923713782357179e-15
4.298800218553120551e-15
3.901028395659051969e-15
2.783878864692784031e-15
1.882056478776625338e-15
1.970282177139916692e-15
2.958158728796383013e-15
3.855797371733904180e-15
3.826360919590715247e-15
2.968143647865167935e-15
2.253953167554153422e-15
2.502656383448168787e-15
3.348715677723613372e-15
3.752397045320894944e-15
3.271008068075888408e-15
2.582765235299299378e-15
2.672513351782760468e-15
3.353914939968301203e-15
3.594618867314188379e-15
3.072269976654474160e-15
2.684716046609998736e-15
3.080003334329320857e-15
3.525220246765811567e-15
3.213468085063967628e-15
2.823701462249253308e-15
3.098422724510223350e-15
3.453289874696354988e-15
3.147225560067667379e-15
2.911462196087340017e-15
3.266702241569500699e-15
3.347177992122934009e-15
2.999802416277013863e-15
3.125032488003507596e-15
3.360568285958050674e-15
3.090908491167155843e-15
3.101555566175591547e-15
3.333908215941692942e-15
3.110166255880306543e-15
3.146279395827110433e-15
3.297747629065175792e-15
3.102307212088702740e-15
3.214104299382463827e-15
3.240839533069947770e-15
3.113385519557761331e-15
3.277873369458958504e-15
3.140983146751734899e-15
3.223001406768944312e-15
3.203360779702161531e-15
3.177260957480199302e-15
3.234042216065451301e-15
3.166111907241367357e-15
3.236528961017199796e-15
3.172898309315377059e-15
3.229396458551655148e-15
3.182841694727671367e-15
3.222336546719534593e-15
3.190702288698927706e-15
3.217609252300401204e-15
3.196024925087582212e-15
3.214843443627699308e-15
3.199540048094277232e-15
3.213303256291669188e-15
3.201930120437375965e-15
3.212458058088123510e-15
3.203633216144403046e-15
3.211996618512964798e-15
3.204903802859958196e-15
3.211747422096310930e-15
3.205888205706090900e-15
3.211616641484112543e-15
3.206673105981623735e-15
3.211552158677379929e-15
3.207312297191461538e-15
3.211524377216162098e-15
3.207840894128921165e-15
3.211516139136690421e-15
3.208282940848486172e-15
3.211517347630617867e-15
3.208655605904344187e-15
3.211522020678209162e-15
3.208971586981048118e-15
3.211526626447005350e-15
3.209240547809907912e-15
3.211529114366682848e-15
3.209470012978656800e-15
3.211528335972965508e-15
3.209665947347214889e-15
3.211523690698755927e-15
3.209833145071705644e-15
3.211514905317454885e-15
3.209975499350650497e-15
3.211501894632322854e-15
3.210096195038128540e-15
3.211484672645308001e-15
3.210197849618505656e-15
3.211463295585986907e-15
3.210282618728660026e-15
3.211437825323337888e-15
3.210352276550383222e-15
3.211408305897543222e-15
3.210408278003450983e-15
3.211374748537230104e-15
3.210451807446783842e-15
3.211337122131605863e-15
3.210483817163378615e-15
3.211295347188802644e-15
3.210505057937883950e-15
3.211249291922825577e-15
3.210516103434142524e-15
3.211198769621629593e-15
3.210517369625276904e-15
3.211143536666456540e-15
3.210509130196098138e-15
3.211083290833591592e-15
3.210491528649854258e-15
3.211017669565517390e-15
3.210464587656409099e-15
3.210946248082976618e-15
3.210428216071532558e-15
3.210868537145625061e-15
3.210382213982999644e-15
3.210783980464311849e-15
3.210326276026047048e-15
3.210691951639429033e-15
3.210259993220408118e-15
3.210591750645911079e-15
3.210182853476488623e-15
3.210482599824594394e-15
3.210094240947594797e-15
3.210363639404921299e-15
3.209993434355324030e-15
3.210233922545544279e-15
3.209879604383057996e-15
3.210092409936145678e-15
3.209751810273831973e-15
3.209937963981481001e-15
3.209608995721528361e-15
3.209769342632602993e-15
3.209449984173626511e-15
