# xiplus_3_3
5.070341115590337776e-04
5.070024761454305874e-04
5.069592704013872308e-04
5.069238896751993408e-04
5.068771957432318233e-04
5.068377532116703343e-04
5.067872373806403975e-04
5.067433924902040032e-04
5.066886945502119786e-04
5.066400814493190108e-04
5.065808139015348915e-04
5.065270403881172185e-04
5.064627878129567473e-04
5.064034345249307902e-04
5.063337531774683969e-04
5.062683730918888028e-04
5.061927908047489768e-04
5.061209091276155144e-04
5.060389256155165211e-04
5.059600401549173287e-04
5.058711278257416047e-04
5.057847099581006716e-04
5.056883153505496156e-04
5.055938117000904246e-04
5.054893576798662191e-04
5.053861926471658276e-04
5.052730815045996041e-04
5.051606607880774081e-04
5.050382783879810416e-04
5.049159936498924962e-04
5.047837147879758466e-04
5.046509496133852555e-04
5.045081447263548985e-04
5.043642820162091978e-04
5.042103253768949684e-04
5.040547562886345647e-04
5.038890357839147715e-04
5.037211702932203319e-04
5.035430988278105863e-04
5.033623779151844262e-04
5.031714064028538179e-04
5.029773157730286484e-04
5.027729475596597140e-04
5.025650326634369070e-04
5.023468390694254626e-04
5.021247210187495397e-04
5.018923574818092218e-04
5.016557492153838997e-04
5.014089712562583160e-04
5.011576930290278413e-04
5.008963709510073480e-04
5.006303638815388967e-04
5.003544947532841862e-04
5.000738307855176045e-04
4.997835458632911548e-04
4.994884320970736967e-04
4.991839974466911545e-04
4.988747724128060872e-04
4.985565801421507244e-04
4.982336992986266533e-04
4.979022465867250424e-04
4.975662541885376901e-04
4.972221073030970353e-04
4.968735919679499171e-04
4.965173328392410079e-04
4.961568647573726815e-04
4.957890185936072915e-04
4.954170675854030438e-04
4.950380116572246098e-04
4.946548473553392944e-04
4.942647036174602042e-04
4.938702820845167554e-04
4.934687998437942234e-04
4.930626449773223676e-04
4.926490843172186317e-04
4.922301772802423203e-04
4.918032091091972639e-04
4.913699042813039894e-04
4.909275479910201259e-04
4.904775386121452410e-04
4.900171621914898743e-04
4.895475214552770776e-04
4.890659296813973031e-04
4.885732514075552145e-04
4.880668830672970737e-04
4.875475377197386489e-04
4.870127801375279206e-04
4.864632844417719694e-04
4.858968908955103427e-04
4.853143613612566549e-04
4.847139240833406152e-04
4.840965477485077869e-04
4.834609395881280143e-04
4.828083552778368701e-04
4.821380157491180580e-04
4.814514684133140319e-04
4.807483905195675559e-04
4.800305186970577954e-04
4.792978129681848523e-04
4.785519775846405906e-04
4.777929706659434514e-04
4.770221497813771487e-04
4.762391266070229801e-04
4.754445832779597282e-04
4.746374854233917796e-04
4.738176241988187386e-04
4.729832071100741075e-04
4.721331770740302036e-04
4.712651893116714366e-04
4.703777342456193960e-04
4.694684743679910263e-04
4.685361507756760982e-04
4.675792016790258324e-04
4.665973772051721724e-04
4.655905156396273432e-04
4.645597623503835809e-04
4.635063831019961751e-04
4.624325249806964270e-04
4.613400363529282879e-04
4.602308411060331873e-04
4.591059023997672863e-04
4.579654550520255310e-04
4.568083958552809085e-04
4.556326887672099645e-04
4.544354177855528931e-04
4.532134831891332892e-04
4.519642089915477663e-04
4.506859961731246068e-04
4.493789107323071207e-04
4.480446116801039018e-04
4.466862689285872566e-04
4.453073970340328588e-04
4.439111914075484066e-04
4.424989527876228780e-04
4.410700278653090765e-04
4.396212450211639056e-04
4.381486018566886393e-04
4.366480505349660613e-04
4.351180575795268843e-04
4.335596997198366245e-04
4.319774718352188464e-04
4.303766007308347605e-04
4.287617373220414720e-04
4.271335698112858881e-04
4.254894829820774871e-04
4.238238074451218160e-04
4.221325003380724358e-04
4.204148716375589816e-04
4.186761065420493673e-04
4.169233366135821476e-04
4.151627053180453495e-04
4.133938391717296274e-04
4.116117732883007837e-04
4.098098183441764054e-04
4.079875387078492257e-04
4.061509822646591295e-04
4.043102627111366549e-04
4.024695063040327416e-04
4.006250785739261136e-04
3.987683635124157806e-04
3.968980099417804383e-04
3.950217342405699396e-04
3.931510530660592005e-04
3.912868926434081044e-04
3.894210430548069907e-04
3.875464941481942659e-04
3.856709970274864083e-04
3.838064088449135900e-04
3.819541751532680787e-04
3.801019421687345081e-04
3.782465317459168266e-04
3.763993639312558171e-04
3.745696526137847339e-04
3.727458851057660334e-04
3.709193570935531226e-04
3.691001128718412951e-04
3.672984404747761254e-04
3.654999809382357282e-04
3.636975018118147147e-04
3.619045440249634479e-04
3.601232870801554455e-04
3.583343481490050423e-04
3.565445858799102131e-04
3.547645541543751452e-04
3.529777585450937405e-04
3.511811295245438115e-04
3.493918492587184195e-04
3.475911781618166389e-04
3.457797633480591852e-04
3.439712388362068784e-04
3.421476596975176984e-04
3.403162923026904199e-04
3.384856052953380177e-04
3.366360584956701882e-04
3.347921031011758604e-04
3.329356296955256179e-04
3.310783752297469088e-04
3.292207171060388521e-04
3.273574931109498221e-04
3.255012757547775322e-04
3.236397114703478827e-04
3.217870666972179263e-04
3.199311093216738620e-04
3.180826808776074637e-04
3.162318284224786618e-04
3.143853126399918907e-04
3.125353054234807386e-04
3.106856446684724653e-04
3.088302938983844255e-04
3.069717118228079580e-04
3.051056943764689352e-04
3.032346308733947478e-04
3.013562654093811786e-04
2.994735882735657896e-04
2.975859828388928495e-04
2.956968220898711897e-04
2.938061628665736605e-04
2.919168084798285235e-04
2.900282047888624718e-04
2.881416048101345423e-04
2.862550881293205894e-04
2.843682963406830703e-04
2.824784717403280225e-04
2.805848929972765029e-04
2.786855637028183975e-04
2.767810863094424811e-04
2.748714302217794168e-04
2.729589072189655442e-04
2.710447109054937766e-04
2.691311462440961876e-04
2.672183368657346904e-04
2.653064995936288742e-04
2.633935831948289131e-04
2.614781891151613490e-04
2.595581231441993300e-04
2.576333267221969908e-04
2.557041094035757611e-04
2.537728335527360398e-04
2.518410755664432293e-04
2.499104267447399119e-04
2.479800362098962137e-04
2.460485574272396341e-04
2.441135155386055515e-04
2.421742737597222235e-04
2.402312037080897686e-04
2.382867759724403714e-04
2.363426041772289526e-04
2.343993995975702464e-04
2.324552535140811567e-04
2.305082914773311589e-04
2.285572938486552885e-04
2.266039013544302201e-04
2.246502029368574623e-04
2.226976773095484525e-04
2.207448017655942501e-04
2.187895930550930125e-04
2.168310852313582783e-04
2.148713824730338179e-04
2.129124109223391487e-04
2.109542646180908264e-04
2.089944295301492127e-04
2.070320913603580597e-04
2.050688270024222004e-04
2.031070224352022203e-04
2.011456237779479003e-04
1.991825727250571632e-04
1.972179160662100225e-04
1.952544582197361189e-04
1.932922583590833865e-04
1.913292390391300535e-04
1.893651102454061883e-04
1.874026848982170851e-04
1.854416554045060868e-04
1.834800284993608286e-04
1.815187166890107427e-04
1.795600842198989808e-04
1.776020637047163726e-04
1.756441974375214652e-04
1.736889878548135695e-04
1.717358651307936991e-04
1.697829586095417028e-04
1.678332332724880407e-04
1.658860362547232264e-04
1.639401482462283686e-04
1.619978895029466285e-04
1.600584729051485579e-04
1.581213943897399410e-04
1.561889859289484030e-04
1.542590080044033889e-04
1.523335704074193706e-04
1.504120609674560957e-04
1.484949383660547182e-04
1.465825738765683638e-04
1.446749274801253796e-04
1.427728452349099166e-04
1.408757130379840398e-04
1.389850655578493222e-04
1.370996969777197162e-04
1.352214534323453396e-04
1.333494913896429246e-04
1.314847056528440359e-04
1.296272786326867449e-04
1.277775017565852347e-04
1.259357077692282957e-04
1.241024948918359656e-04
1.222776963092342384e-04
1.204623267841084533e-04
1.186562223774539996e-04
1.168598930426310834e-04
1.150737497839056448e-04
1.132979499249036530e-04
1.115329739487257480e-04
1.097791707009708218e-04
1.080366058286412890e-04
1.063059486058409383e-04
1.045871704159686156e-04
1.028807405880853955e-04
1.011870867831622997e-04
9.950642004686479605e-05
9.783920693243037506e-05
9.618580285712361214e-05
9.454643045818680815e-05
9.292165277729865977e-05
9.131152116526677920e-05
8.971639899389610207e-05
8.813656518068857027e-05
8.657213777693548748e-05
8.502340676956547509e-05
8.349060245393344912e-05
8.197388591949714132e-05
8.047368995223169990e-05
7.899016193219788988e-05
7.752362445605330955e-05
7.607429558594237730e-05
7.464228817187257585e-05
7.322779706856298934e-05
7.183099176637626699e-05
7.045201261620657768e-05
6.909114904952443818e-05
6.774852003307549645e-05
6.642431920826116873e-05
6.511865788249869059e-05
6.383158129798197794e-05
6.256315371250922343e-05
6.131344659391897798e-05
6.008259730618828004e-05
5.887083963238387395e-05
5.767820965571376869e-05
5.650469947578406316e-05
5.535025470917923475e-05
5.421485752370444947e-05
5.309861105274549741e-05
5.200159886995038062e-05
5.092386212158884009e-05
4.986535161388329785e-05
4.882588550869193349e-05
4.780543238244983853e-05
4.680399422744167327e-05
4.582149181371396134e-05
4.485781019058634003e-05
4.391285520560226686e-05
4.298656259111897991e-05
4.207887386107913951e-05
4.118955644759216114e-05
4.031838235473634207e-05
3.946526801083719926e-05
3.863013531033787981e-05
3.781273547673501202e-05
3.701280796017611001e-05
3.623022364846054051e-05
3.546484048420932766e-05
3.471632263962799747e-05
3.398445405796348149e-05
3.326904954583776548e-05
3.256979540340665185e-05
3.188645929816341884e-05
3.121889386170492779e-05
3.056674100662470439e-05
2.992967492880210424e-05
2.930748834968218441e-05
2.869985926640750216e-05
2.810650827607728510e-05
2.752718735171262070e-05
2.696151654814586882e-05
2.640925733698685433e-05
2.587007577106240956e-05
2.534369355752539712e-05
2.482983278989129645e-05
2.432813683001614025e-05
2.383830619003602083e-05
2.336003203351263917e-05
2.289306506632774536e-05
2.243705263698023608e-05
2.199170064169644824e-05
2.155671513314608221e-05
2.113181586427401919e-05
2.071668940589612931e-05
2.031105929464319294e-05
1.991463344799011606e-05
1.952716154798314559e-05
1.914830514909796280e-05
1.877781467948652346e-05
1.841544576510289227e-05
1.806092666684855772e-05
1.771400919291856872e-05
1.737444680239302687e-05
1.704200375454617734e-05
1.671644495351992202e-05
1.639756576300201502e-05
1.608509954849390492e-05
1.577884144637338760e-05
1.547858931741543707e-05
1.518412817778022413e-05
1.489527548511408966e-05
1.461184657006573544e-05
1.433366471987360956e-05
1.406054266264012255e-05
1.379231062129598757e-05
1.352883694470717271e-05
1.326994705054618293e-05
1.301550106784880314e-05
1.276534898856926186e-05
1.251936073833845703e-05
1.227742032127305959e-05
1.203942620648791455e-05
1.180523234094250549e-05
1.157472158272383968e-05
1.134779510975630635e-05
1.112437282432897600e-05
1.090435582633828612e-05
1.068764988376765131e-05
1.047418702622649806e-05
1.026389118535343021e-05
1.005668169891466524e-05
9.852474311424070215e-06
9.651197750342598266e-06
9.452831759778125179e-06
9.257302141034606704e-06
9.064555577787302410e-06
8.874556500425060491e-06
8.687241008104237692e-06
8.502576168087808169e-06
8.320505109396952677e-06
8.140967330601719853e-06
7.963995908956075188e-06
7.789536491332041195e-06
7.617546488926817933e-06
7.448016343228732123e-06
7.280884232533951370e-06
7.116171697294503062e-06
6.953835181850448031e-06
6.793816775630125218e-06
6.636179899580289693e-06
6.480842135255382040e-06
6.327800232001559174e-06
6.177064276823564329e-06
6.028572344362272414e-06
5.882384641040455435e-06
5.738433414090140674e-06
5.596662344721095151e-06
5.457165744562164189e-06
5.319866745769355422e-06
5.184775370407603387e-06
5.051884207295981117e-06
4.921116567069725050e-06
4.792563575002953789e-06
4.666150906309633636e-06
4.541831670537082604e-06
4.419714500173312140e-06
4.299693501617357135e-06
4.181794455738116614e-06
4.066002568567221236e-06
3.952243730992106884e-06
3.840640032738050799e-06
3.731087297579591323e-06
3.623530900667498363e-06
3.518085396514410521e-06
3.414636988819377125e-06
3.313234859973261423e-06
3.213844153479796745e-06
3.116374473914480036e-06
3.020972623926173212e-06
2.927519511256169523e-06
2.835962280789143331e-06
2.746415459962128145e-06
2.658747026057267229e-06
2.573027371764521401e-06
2.489207215652171161e-06
2.407185292376183021e-06
2.327124351044839863e-06
2.248878887145324110e-06
2.172425503580409446e-06
2.097859141997721988e-06
2.025027837405114852e-06
1.954018909011326243e-06
1.884780621682651430e-06
1.817200048754019315e-06
1.751441520299391551e-06
1.687349191536665420e-06
1.624914882241811480e-06
1.564213507802772688e-06
1.505086751239777775e-06
1.447636413031361576e-06
1.391799267534640576e-06
1.337467218295122787e-06
1.284795397138085318e-06
1.233625470851381821e-06
1.183968776581101064e-06
1.135868738761489708e-06
1.089191743687995627e-06
1.044032986400027924e-06
1.000321958743612986e-06
9.579737013871850863e-07
9.171234634025623193e-07
8.776158175929662218e-07
8.394767949434681388e-07
8.027244941767044936e-07
7.672333691666570813e-07
7.330919782141869289e-07
7.002115819675415546e-07
6.684993536806389557e-07
6.380403097605811354e-07
6.086775131781679273e-07
5.804127356902583874e-07
5.532177559297272741e-07
5.269636476891204324e-07
5.017041233665398759e-07
4.773352153699533044e-07
4.537827911728931265e-07
4.311039783277328959e-07
4.091694030597464835e-07
3.880012323090600374e-07
3.675825927443196599e-07
3.478339967205164552e-07
3.288235209722641871e-07
3.104878038334527268e-07
2.928003269517177949e-07
2.758142585623353999e-07
2.594454094301285513e-07
2.437337342960717030e-07
2.286736304156647243e-07
2.142121738361569697e-07
2.003986744109413451e-07
1.871835574860017483e-07
1.745563382052069664e-07
1.625442317006246460e-07
1.510894198245212683e-07
1.402118443111225883e-07
1.298937772777224860e-07
1.200973412942722024e-07
1.108439450596259004e-07
1.020921240932879191e-07
9.383059714360795988e-08
8.605751255319252478e-08
7.873679052988131724e-08
7.186601891300896776e-08
6.542414757041632029e-08
5.938683103051146024e-08
5.374882868571429012e-08
4.847731657090618140e-08
4.356611277804336815e-08
3.899917478127517880e-08
3.475370076471999775e-08
3.081693620894869144e-08
2.717539376653287786e-08
2.381163408290153740e-08
2.070806328085660660e-08
1.785301530664927253e-08
1.523272713918276030e-08
1.282790991319645918e-08
1.063211790438694746e-08
8.622414109658864629e-09
6.792008023195571038e-09
5.136605310380251311e-09
3.634212178103361500e-09
2.282205561027247264e-09
1.068061264235558019e-09
-2.469430325640078029e-11
-9.940113156938220668e-10
-1.861108366743551823e-09
-2.626644198282736274e-09
-3.292791267658123299e-09
-3.883506499704915811e-09
-4.390129151063849967e-09
-4.824072651152427085e-09
-5.195969178809861080e-09
-5.500908880985377412e-09
-5.758919577237120794e-09
-5.965360545704352577e-09
-6.121028514939224154e-09
-6.245406299728586639e-09
-6.327205858828696821e-09
-6.376913101280450991e-09
-6.399241772628027817e-09
-6.388613197446800450e-09
-6.362201884250227190e-09
-6.313167421540703415e-09
-6.241889234981833712e-09
-6.159722113428955628e-09
-6.057024832938878465e-09
-5.944610604868853322e-09
-5.826994894418755016e-09
-5.694452885078306135e-09
-5.558191144667580769e-09
-5.415285827530528026e-09
-5.265114310390175509e-09
-5.115994398197203682e-09
-4.959856753360279037e-09
-4.802901913614852956e-09
-4.646911864907685784e-09
-4.489314558691684537e-09
-4.334553788078053102e-09
-4.178894948436566766e-09
-4.025860113199272255e-09
-3.874089253028936856e-09
-3.724565201436109426e-09
-3.578320180674999729e-09
-3.433944037856233270e-09
-3.293797469253855831e-09
-3.156885432983465060e-09
-3.022566167751809469e-09
-2.892149768866873605e-09
-2.765964104881957414e-09
-2.641811826237107918e-09
-2.521531416011835733e-09
-2.407817548160641184e-09
-2.297657646700796103e-09
-2.190870600657264985e-09
-2.086513073171940165e-09
-1.986446704808638801e-09
-1.891826347226708402e-09
-1.800200048012227564e-09
-1.710082630142231518e-09
-1.624680117260843240e-09
-1.545267627904523382e-09
-1.466810531588635840e-09
-1.392503075526634512e-09
-1.321697174691826444e-09
-1.251338113835053131e-09
-1.188367250404711199e-09
-1.124781756755143648e-09
-1.063726410974353559e-09
-1.010900788414203463e-09
-9.544701669263991367e-10
-9.038760255657060910e-10
-8.555959756553234815e-10
-8.059266501183125680e-10
-7.649315731583598625e-10
-7.208974581137214427e-10
-6.798631537477858233e-10
-6.453768167890997204e-10
-6.062080654375358221e-10
-5.730588264925310123e-10
-5.404221094294807843e-10
-5.077527231972428515e-10
-4.820412853846686168e-10
-4.527672859235609387e-10
-4.263830330783063628e-10
-4.038030673529728411e-10
-3.786212130168274670e-10
-3.579408887378761798e-10
-3.366554224513213333e-10
-3.158752846711386677e-10
-2.993424382391851118e-10
-2.805124594044728116e-10
-2.641132496003021744e-10
-2.496953657374257332e-10
-2.337952407987031639e-10
-2.210962634980543509e-10
-2.076155488975562778e-10
-1.940557896864859457e-10
-1.843314455304114721e-10
-1.723733569564628615e-10
-1.617075777505472598e-10
-1.527197179115008986e-10
-1.425980817081959817e-10
-1.346252247297410762e-10
-1.254889270782965535e-10
-1.170124544754310266e-10
-1.117450118826893407e-10
-1.036409513193608538e-10
-9.731602596382347543e-11
-9.196183648788136000e-11
-8.529944087966340518e-11
-8.139675748671559929e-11
-7.587708247249108108e-11
-7.065379110114635986e-11
-6.842502597566817312e-11
-6.312693415014122358e-11
-5.974314152227464213e-11
-5.669206208623738661e-11
-5.202058015717277284e-11
-5.008346102390679047e-11
-4.643263664841423987e-11
-4.272148290450744478e-11
-4.147463541131514621e-11
-3.741996579391550957e-11
-3.567299729281649176e-11
-3.404916596732732033e-11
-3.108866170931277971e-11
-3.071326803648479385e-11
-2.859539348577926620e-11
-2.660169621552489476e-11
-2.658700657994846611e-11
-2.413834812358303533e-11
-2.313112343121030730e-11
-2.167935259486449198e-11
-1.946397818273687208e-11
-1.921197942642116290e-11
-1.734290494024958912e-11
-1.605957410894380025e-11
-1.627243717151875674e-11
-1.484368868921948492e-11
-1.470125498168856611e-11
-1.397085420212295903e-11
-1.274986112483961360e-11
-1.274224419631252823e-11
-1.126205290338754464e-11
-1.042499246201649576e-11
-1.060058484620790279e-11
-9.631205105412915754e-12
-9.828801043380202081e-12
-9.476633031024634191e-12
-8.628249770363764532e-12
-8.723800780227330005e-12
-7.753075752774209374e-12
-7.379330007472577413e-12
-7.718668730894944578e-12
-7.193091348635301401e-12
-7.293367271932660095e-12
-6.744377914928758982e-12
-5.905059947523557212e-12
-6.043153827187606701e-12
-5.711909797065915575e-12
-5.867028565118898925e-12
-5.981598563468735789e-12
-5.270227271500999648e-12
-5.054794587327587303e-12
-4.855601916063265800e-12
-4.806125382467292196e-12
-5.105049222235856328e-12
-4.585257689764324603e-12
-4.318477647451910764e-12
-4.389972362107780957e-12
-4.323407739516550778e-12
-4.360747765819381179e-12
-4.039791487750735231e-12
-3.912747129545263176e-12
-4.230929251465991437e-12
-3.924861781661624458e-12
-3.579822447715646013e-12
-3.535769901693958792e-12
-3.592597185458378350e-12
-3.554270566743313638e-12
-3.288059340949432464e-12
-3.351318180755161273e-12
-3.509117544460231382e-12
-3.212724149526851517e-12
-3.200275412561418512e-12
-3.176724739657485075e-12
-2.903224835417615407e-12
-2.995629834576125083e-12
-2.998233364002992586e-12
-2.763031879964554731e-12
-2.834313485655986880e-12
-2.769828853626425100e-12
-2.639569330444683580e-12
-2.682632693711535284e-12
-2.557428161334727173e-12
-2.535149291314335539e-12
-2.378505271416047164e-12
-2.280601475597031985e-12
-2.340163846592446630e-12
-2.229614401083755180e-12
-2.240989912793411703e-12
-2.110383517284794091e-12
-1.996184761331269732e-12
-1.960864158113644749e-12
-1.920527107999737252e-12
-1.833755947795781508e-12
-1.799729634771341629e-12
-1.686376937303526004e-12
-1.632768839833950132e-12
-1.528105111251140689e-12
-1.451984707836332011e-12
-1.431189497347662529e-12
-1.357530459989684795e-12
-1.251848412926325025e-12
-1.161181858212062484e-12
-1.110509870485321735e-12
-1.058862161690350962e-12
-9.637967246072090861e-13
-8.710884710824940308e-13
-8.119545721276585441e-13
-7.481913445699225206e-13
-6.947892314992947596e-13
-6.104354147702784242e-13
-5.224934172345192722e-13
-4.917222600786599295e-13
-4.252479135449300897e-13
-3.388864974627198832e-13
-2.995291291126389481e-13
-2.552563972860002726e-13
-2.008789684888548384e-13
-1.401636863416629391e-13
-1.119987131756730890e-13
-7.642841182916662155e-14
-2.607614836948412777e-14
-1.377574310354005780e-14
1.209939678302084337e-14
4.500144983591298899e-14
5.259045099027672834e-14
6.365532615125863784e-14
7.785973108026865461e-14
6.765156773938027654e-14
7.749751293856762503e-14
7.023503974544992991e-14
6.147401636033101080e-14
5.347999988884173260e-14
3.779607999345237188e-14
2.938660584654940765e-14
1.227759224497229005e-14
-3.369573205701542542e-15
-1.849238202245431882e-14
-2.969573452823536098e-14
-4.231446689168255239e-14
-5.412812890190661807e-14
-6.078614764890600446e-14
-6.471068474836224994e-14
-6.812951787006922642e-14
-6.709214861993178173e-14
-6.157082692442175393e-14
-5.633272983599570953e-14
-4.792181058106838103e-14
-3.623161755227760679e-14
-2.534858712009783385e-14
-1.402472815558383729e-14
-1.975066252693985875e-15
7.538262493358334594e-15
1.621198793343772779e-14
2.247372803433969779e-14
2.504385601322975884e-14
2.609287238228525380e-14
2.414515954767469892e-14
1.995053323678404265e-14
1.413932013830551686e-14
7.395238276667884032e-15
1.379239777957013100e-15
-4.847256186257231781e-15
-8.520630598196362293e-15
-1.068144302230687119e-14
-9.963801381183537147e-15
-7.818264619616776220e-15
-3.257854934879244894e-15
2.001723367072819887e-15
7.454286455302597312e-15
1.214682251147781571e-14
1.549149413036054380e-14
1.644578930644107087e-14
1.580401140672032178e-14
1.286999563363030049e-14
9.150988220917100844e-15
5.283042721013190324e-15
2.337202573250504244e-15
1.102796225455281587e-15
1.975723219643411498e-15
4.359615124096753198e-15
7.872905367933681032e-15
1.098445372795041844e-14
1.302631701929269742e-14
1.329194838204855863e-14
1.182904353412662643e-14
9.322410049983651594e-15
6.925342045570831055e-15
5.462865952075304010e-15
5.760302696689880132e-15
7.383358695878585522e-15
9.725457998682866195e-15
1.156217074706900994e-14
1.197245976358496787e-14
1.081023960453139649e-14
8.906144584446307170e-15
7.376860796653549074e-15
7.368223425574385227e-15
8.613951373256918770e-15
1.034032748837648895e-14
1.123478762756117904e-14
1.076771612411319538e-14
9.368818050019931568e-15
8.298853447118831991e-15
8.372977364672898342e-15
9.617447111505895869e-15
1.068886831364491129e-14
1.067199917536682901e-14
9.603643632721844775e-15
8.752393042294757384e-15
9.029920658337917887e-15
1.009310083135559723e-14
1.056229909744146123e-14
9.996928258368227844e-15
9.132548807068504406e-15
9.260435328727720704e-15
1.008040422195057327e-14
1.038939572479978508e-14
9.733790505112073326e-15
9.277315438701310795e-15
9.743110462234924774e-15
1.030527194084650293e-14
9.909111177988847626e-15
9.444218782436936171e-15
9.769293151733946303e-15
1.021567460241463436e-14
9.828145017538590164e-15
9.553280551919327374e-15
9.973920859722846352e-15
1.008702516219418054e-14
9.647680692327472262e-15
9.814067690248902343e-15
1.009065477544928382e-14
9.771503566168448616e-15
9.773930454590204668e-15
1.006903138446090350e-14
9.784598875044766164e-15
9.839059268096616995e-15
1.001479530624195599e-14
9.784705037336269652e-15
9.912913305283162197e-15
9.953967902571498695e-15
9.789899337216607742e-15
9.999121229876366994e-15
9.823899038146842199e-15
9.931761297466525921e-15
9.900493678804128088e-15
9.875550090526866878e-15
9.938294960356371771e-15
9.861678676515154079e-15
9.941567572449053377e-15
9.869773035434265252e-15
9.933042973968777790e-15
9.881745198389255847e-15
9.924585831796677819e-15
9.891179426413462858e-15
9.918965063274855501e-15
9.897516467003109327e-15
9.915728414206574934e-15
9.901648810078774560e-15
9.913976597165604666e-15
9.904410590267495080e-15
9.913061136575524825e-15
9.906337011997396312e-15
9.912601849957479460e-15
9.907738648902560956e-15
9.912389385449496338e-15
9.908793759885018735e-15
9.912309340188971292e-15
9.909607623065292742e-15
9.912298244024610649e-15
9.910245267748616735e-15
9.912320086194154067e-15
9.910748854591299622e-15
9.912353980877971725e-15
9.911146978629441628e-15
9.912387589455573731e-15
9.911459796473035600e-15
9.912413515915036680e-15
9.911701962397545659e-15
9.912427269577109542e-15
9.911884380003493518e-15
9.912426078013226144e-15
9.912015290356425251e-15
9.912408175770698183e-15
9.912100973667629808e-15
9.912372367453955520e-15
9.912146217556347783e-15
9.912317753387051331e-15
9.912154638797003590e-15
9.912243553621444731e-15
9.912128910045587287e-15
9.912148992867187668e-15
9.912070922644397428e-15
9.912033223250850502e-15
9.911981905283463994e-15
9.911895271037541476e-15
9.911862511013510782e-15
9.911733998302236343e-15
9.911712881110275735e-15
9.911548073791746176e-15
9.911532691339181969e-15
9.911335949216608842e-15
9.911321184640574538e-15
9.911095838566395605e-15
9.911077192961300838e-15
9.910825698621404181e-15
9.910799150180844975e-15
9.910523209582701432e-15
9.910485097627491296e-15
9.910185754960056215e-15
9.910132683181386376e-15
9.909810400208677299e-15
9.909739154777262886e-15
9.909393869634253293e-15
9.909301348921751849e-15
9.908932521289267138e-15
9.908815674559736673e-15
9.908422319637457438e-15
9.908278092780628685e-15
9.907858805863892870e-15
9.907684092515653122e-15
9.907237065644717254e-15
9.907028662526763114e-15
9.906551694428563861e-15
9.906306259841930932e-15
9.905796760098277817e-15
9.905510774908127842e-15
9.904965763158002364e-15
9.904635493605822432e-15
9.904051594519324357e-15
9.903673056457764171e-15
9.903046491044222774e-15
9.902615415295361364e-15
9.901941989144088841e-15
9.901453787829677301e-15
9.900728876832073896e-15
9.900178610598562538e-15
