# xiplus_4_1
1.869551950111221202e-04
1.869366904158423497e-04
1.869395232883786461e-04
1.869210423983164605e-04
1.869223820446558229e-04
1.869038054910682504e-04
1.869036364292395321e-04
1.868848437441426771e-04
1.868831409738108511e-04
1.868640099930783509e-04
1.868607391401017547e-04
1.868411454704982052e-04
1.868362629267941179e-04
1.868160794844845815e-04
1.868095325608697729e-04
1.867886291908889935e-04
1.867803563006883050e-04
1.867585994909078736e-04
1.867485303858818424e-04
1.867257830907575480e-04
1.867138391716762391e-04
1.866899607650956017e-04
1.866760554924710102e-04
1.866509018708552151e-04
1.866349413029169083e-04
1.866083651639216425e-04
1.865902486512111534e-04
1.865620999734471169e-04
1.865417210406264859e-04
1.865118477933829855e-04
1.864890952390634037e-04
1.864573443485524466e-04
1.864321035927058313e-04
1.863983221919581715e-04
1.863704768968173307e-04
1.863345138787606925e-04
1.863039478628158736e-04
1.862656557503217659e-04
1.862322552032594735e-04
1.861914923346648376e-04
1.861551483259261356e-04
1.861117813364621717e-04
1.860723925860067974e-04
1.860262991380530028e-04
1.859837749872912172e-04
1.859348466671593275e-04
1.858891101472077696e-04
1.858372554001228472e-04
1.857882462431773420e-04
1.857333931621438651e-04
1.856810705408094538e-04
1.856231692583195129e-04
1.855675139657018741e-04
1.855065383225664778e-04
1.854475540291852017e-04
1.853835021156116322e-04
1.853212152601124252e-04
1.852541083497597049e-04
1.851885661523403168e-04
1.851184454904971786e-04
1.850497115328757333e-04
1.849766324158081429e-04
1.849047792328458687e-04
1.848288018483318731e-04
1.847539000499424922e-04
1.846750766723509799e-04
1.845971802950589064e-04
1.845155386746442829e-04
1.844346667848494785e-04
1.843501899797832971e-04
1.842663050508907847e-04
1.841789085468011175e-04
1.840918928293920663e-04
1.840014005871028386e-04
1.839110325770572168e-04
1.838171546109344801e-04
1.837230887358140281e-04
1.836254038601443873e-04
1.835271575122140531e-04
1.834251058141826924e-04
1.833220586183596551e-04
1.832149487258535588e-04
1.831063590851864900e-04
1.829933949783620300e-04
1.828784380214937028e-04
1.827587684926502271e-04
1.826365970545839050e-04
1.825093874754182843e-04
1.823792132774062439e-04
1.822437338338100531e-04
1.821049195576613701e-04
1.819606368329623671e-04
1.818127819876494931e-04
1.816594328988502607e-04
1.815024290259925187e-04
1.813400500687289702e-04
1.811740770272698812e-04
1.810029612887858628e-04
1.808284003027607850e-04
1.806489641784454943e-04
1.804662192525137172e-04
1.802787837114293008e-04
1.800880328745004997e-04
1.798925600495090928e-04
1.796934979553267957e-04
1.794893648486791163e-04
1.792810356898952599e-04
1.790669548280126048e-04
1.788477864385440517e-04
1.786219720523781070e-04
1.783900812637913280e-04
1.781506848499584750e-04
1.779044148112086531e-04
1.776501145737430524e-04
1.773886069018464626e-04
1.771190785136760525e-04
1.768425535862415702e-04
1.765584797899295464e-04
1.762679214973330005e-04
1.759703418191101642e-04
1.756665613273987556e-04
1.753557660622725404e-04
1.750383050462205969e-04
1.747129691422185608e-04
1.743796903194709438e-04
1.740370986919173644e-04
1.736851177629800873e-04
1.733227189890840952e-04
1.729503145373006946e-04
1.725675611452364951e-04
1.721754358689721516e-04
1.717740035159851365e-04
1.713642054425760044e-04
1.709457130743264306e-04
1.705186749987295278e-04
1.700819246499791018e-04
1.696349216479225270e-04
1.691763695551622637e-04
1.687061897966116348e-04
1.682241382467111648e-04
1.677313050740323989e-04
1.672283089470259808e-04
1.667162601833337479e-04
1.661949332731080340e-04
1.656640051721708427e-04
1.651220512908134160e-04
1.645684711907582053e-04
1.640028756305491405e-04
1.634264911249980006e-04
1.628405273416609048e-04
1.622464181717855338e-04
1.616439604406031034e-04
1.610324278656984098e-04
1.604104417190566133e-04
1.597781985517845928e-04
1.591368960830648620e-04
1.584888436218715834e-04
1.578349327680421475e-04
1.571748077127754306e-04
1.565069238697947896e-04
1.558314150122108417e-04
1.551500181559428444e-04
1.544654372243916532e-04
1.537781348619927794e-04
1.530869650136396131e-04
1.523908792740187438e-04
1.516918926743748440e-04
1.509927052063219071e-04
1.502940966621904399e-04
1.495940193903691571e-04
1.488923283108550615e-04
1.481916462062895872e-04
1.474942281344674474e-04
1.467981508460849038e-04
1.461020792570157773e-04
1.454082704256229764e-04
1.447190369385410605e-04
1.440317478691415106e-04
1.433451569671638124e-04
1.426620170697909717e-04
1.419828092424705300e-04
1.413036929389057848e-04
1.406259431921889186e-04
1.399514997584904526e-04
1.392769304070141272e-04
1.386014055790872927e-04
1.379280386342719407e-04
1.372528674290941363e-04
1.365757183704395495e-04
1.358990026409123448e-04
1.352189128553594100e-04
1.345366686254176065e-04
1.338537413041761596e-04
1.331661882040421050e-04
1.324787488461380406e-04
1.317879024217243327e-04
1.310960219627268911e-04
1.304033561074384505e-04
1.297090590626819788e-04
1.290158602031881774e-04
1.283215358077626129e-04
1.276291449396449560e-04
1.269364320233099680e-04
1.262456851697904602e-04
1.255549583179174774e-04
1.248655761683479680e-04
1.241758389386839266e-04
1.234863402925671992e-04
1.227956079084535353e-04
1.221038952188316070e-04
1.214100863453538318e-04
1.207144926833317913e-04
1.200165190720366663e-04
1.193167858849471463e-04
1.186152323443956917e-04
1.179127551774555681e-04
1.172095747368450525e-04
1.165065422836077742e-04
1.158037196855326065e-04
1.151015128965149944e-04
1.143994936809562905e-04
1.136974966243644409e-04
1.129946993744849971e-04
1.122907237448764184e-04
1.115848874912223114e-04
1.108772098744462207e-04
1.101676493350972787e-04
1.094568645093050891e-04
1.087453120246319654e-04
1.080337708970711817e-04
1.073224187615420442e-04
1.066113758879752999e-04
1.059000461885459206e-04
1.051879213635446305e-04
1.044742362287308477e-04
1.037588512328169865e-04
1.030418156663001460e-04
1.023238655622725479e-04
1.016055797500737542e-04
1.008875461237321590e-04
1.001695708862853029e-04
9.945121971316898458e-05
9.873164560460678980e-05
9.801054994341230680e-05
9.728799711010533108e-05
9.656478529315041853e-05
9.584149859489844725e-05
9.511842983187799628e-05
9.439497463738921864e-05
9.367047515669773628e-05
9.294446334622053255e-05
9.221744589017043670e-05
9.149013678846517792e-05
9.076308223618346441e-05
9.003579933463464347e-05
8.930759887257432429e-05
8.857809993134034771e-05
8.784799006086716671e-05
8.711794068584783333e-05
8.638802200618105737e-05
8.565737092099375894e-05
8.492567423923283595e-05
8.419343934378563431e-05
8.346150379182620132e-05
8.272952256245912485e-05
8.199677746284211725e-05
8.126323746198998337e-05
8.052986181898003212e-05
7.979667989735047574e-05
7.906297813049507992e-05
7.832861652536144304e-05
7.759456056729028888e-05
7.686071259447118894e-05
7.612639621752018777e-05
7.539189545225540565e-05
7.465801752474622371e-05
7.392403442477123979e-05
7.318978722893077231e-05
7.245610247069281847e-05
7.172276746151675709e-05
7.098912779211038386e-05
7.025620724057032591e-05
6.952373527089147258e-05
6.879131037235779156e-05
6.805970347929267482e-05
6.732859692389813128e-05
6.659784664891696252e-05
6.586823560716893386e-05
6.513890236873404128e-05
6.441064136450992412e-05
6.368314780167205823e-05
6.295660159181412315e-05
6.223113171416085325e-05
6.150666523712123852e-05
6.078352595002999210e-05
6.006143940801080434e-05
5.934093112309193018e-05
5.862155667193815302e-05
5.790395073816932160e-05
5.718779513972899566e-05
5.647334980469101120e-05
5.576070663110626414e-05
5.504990442590178669e-05
5.434106291797050975e-05
5.363435494724289125e-05
5.292967845438747938e-05
5.222741073401057107e-05
5.152743429229957452e-05
5.082990958573380380e-05
5.013503204295873396e-05
4.944277350015367670e-05
4.875334460736952165e-05
4.806684286203907801e-05
4.738326243103935969e-05
4.670291154780451123e-05
4.602575224769691410e-05
4.535193611617829406e-05
4.468164097301973879e-05
4.401486907155828483e-05
4.335182846857462552e-05
4.269261431711542380e-05
4.203726475803025529e-05
4.138602672688090791e-05
4.073889978223853970e-05
4.009603900718478791e-05
3.945759715335345663e-05
3.882359918820423874e-05
3.819423191545113144e-05
3.756958350175155413e-05
3.694970963760449922e-05
3.633480996716654708e-05
3.572491233129807247e-05
3.512015302131879713e-05
3.452064660168734886e-05
3.392644260321761270e-05
3.333769766911708797e-05
3.275449031794582314e-05
3.217688716328823801e-05
3.160503541357437583e-05
3.103897390331405645e-05
3.047881395044682289e-05
2.992463894058665076e-05
2.937649343631268156e-05
2.883449315533897546e-05
2.829867855079190562e-05
2.776910994432386928e-05
2.724587593315674783e-05
2.672901002478430440e-05
2.621858779784684966e-05
2.571466138286800245e-05
2.521725750273766845e-05
2.472646751630281834e-05
2.424232742076655117e-05
2.376487560284080419e-05
2.329417233828790472e-05
2.283024119008370304e-05
2.237311741241390200e-05
2.192281318093628855e-05
2.147933933047170636e-05
2.104273158925958707e-05
2.061297947234973558e-05
2.019010275525858473e-05
1.977411868221442377e-05
1.936501858574966065e-05
1.896282051331869882e-05
1.856752294613252393e-05
1.817910321743527018e-05
1.779756095243893447e-05
1.742286044094983410e-05
1.705497720800358940e-05
1.669389235450859538e-05
1.633957431317736500e-05
1.599199945471325201e-05
1.565113018882047146e-05
1.531691384492351121e-05
1.498931150324121265e-05
1.466826201243281824e-05
1.435372262004280629e-05
1.404564101188713704e-05
1.374395614599294590e-05
1.344860092373772370e-05
1.315950335013746544e-05
1.287658976794471991e-05
1.259980346656700017e-05
1.232907000439703428e-05
1.206430995614856191e-05
1.180542529900227688e-05
1.155232055304682296e-05
1.130491501312504335e-05
1.106313929196328602e-05
1.082690933723429179e-05
1.059612502012031234e-05
1.037066814645597217e-05
1.015044216745739060e-05
9.935356646016017663e-06
9.725316016893706530e-06
9.520215746597675844e-06
9.319957846271196549e-06
9.124437322466062844e-06
8.933543792334160989e-06
8.747165084144426585e-06
8.565213367956942735e-06
8.387585312312375628e-06
8.214158646355553277e-06
8.044829298869496064e-06
7.879514311697241564e-06
7.718100441669570297e-06
7.560470974648506029e-06
7.406530281971087900e-06
7.256179074176513393e-06
7.109311880884813749e-06
6.965834707148678934e-06
6.825645513739452729e-06
6.688651402280426045e-06
6.554757935030451568e-06
6.423864223171667265e-06
6.295890842159750164e-06
6.170738682787663967e-06
6.048309922920372834e-06
5.928534975899836554e-06
5.811325024665835541e-06
5.696592046041074284e-06
5.584259003778723645e-06
5.474257751006041879e-06
5.366505453847380627e-06
5.260935567508732069e-06
5.157467981512210948e-06
5.056039613955256628e-06
4.956586950948326649e-06
4.859042089078309976e-06
4.763343684831790860e-06
4.669436858965232378e-06
4.577264490133702386e-06
4.486771458938882219e-06
4.397905368322355174e-06
4.310609687815989991e-06
4.224843757282638795e-06
4.140563178943099878e-06
4.057719566156276899e-06
3.976278252357482460e-06
3.896194225119389059e-06
3.817434223613505352e-06
3.739957734176687233e-06
3.663727776296000035e-06
3.588721785282905385e-06
3.514905010738376590e-06
3.442246628996383067e-06
3.370727741762237663e-06
3.300313867411921429e-06
3.230990245463362324e-06
3.162724434075851937e-06
3.095491782930236880e-06
3.029288492164552375e-06
2.964084096750364503e-06
2.899860827399636348e-06
2.836610575691941223e-06
2.774306056148952655e-06
2.712948139686839247e-06
2.652508535649891699e-06
2.592969620599048708e-06
2.534344852284237251e-06
2.476605957581388636e-06
2.419742906264810339e-06
2.363748134360806635e-06
2.308597342519047502e-06
2.254313034286613306e-06
2.200870828508482798e-06
2.148248142812210119e-06
2.096466451220752160e-06
2.045500214979059418e-06
1.995348678847336138e-06
1.946005893513995022e-06
1.897449517077865603e-06
1.849709598966769454e-06
1.802753102288693229e-06
1.756565387032344543e-06
1.711177118502193581e-06
1.666552923083530862e-06
1.622704166143315026e-06
1.579622955359911742e-06
1.537278741947879788e-06
1.495713903615791749e-06
1.454891166850746731e-06
1.414796601993590871e-06
1.375463135865162205e-06
1.336849426191531082e-06
1.298977623317347679e-06
1.261835397934533681e-06
1.225385670889960847e-06
1.189677536178149086e-06
1.154670244034976519e-06
1.120356442687002025e-06
1.086763884845834587e-06
1.053845975877621200e-06
1.021629356724883454e-06
9.900963411101782540e-07
9.592134136080306539e-07
9.290322888165365215e-07
8.995053845677882837e-07
8.706303890187899333e-07
8.424270292578112886e-07
8.148484484806216374e-07
7.879274307329411926e-07
7.616432764513483962e-07
7.359581981086815353e-07
7.109251701136797389e-07
6.864917472789463056e-07
6.626614573958200551e-07
6.394469247556904336e-07
6.168024640110368481e-07
5.947601299709461430e-07
5.732906176471824404e-07
5.523632322273688709e-07
5.320254317473812973e-07
5.122192539858470428e-07
4.929537154302446747e-07
4.742349120089909465e-07
4.560157102419112122e-07
4.383334705070508324e-07
4.211579364148749090e-07
4.044592995063087643e-07
3.882828665484138644e-07
3.725772343682775807e-07
3.573545228741084605e-07
3.426168113550031079e-07
3.283244454586392195e-07
3.145150137731008958e-07
3.011543984344298967e-07
2.882210615798962854e-07
2.757517797408854374e-07
2.636953294940510335e-07
2.520667190598274885e-07
2.408587147441879483e-07
2.300312377968729959e-07
2.196144690241686865e-07
2.095707417907178074e-07
1.998777838004099429e-07
1.905593821299668712e-07
1.815661309381545757e-07
1.729091410256502871e-07
1.645753209388894872e-07
1.565284981970660702e-07
1.487940109932437102e-07
1.413363454773710897e-07
1.341434142171976757e-07
1.272324832628612855e-07
1.205653418481042462e-07
1.141559794602775148e-07
1.079939458323766896e-07
1.020548258092833193e-07
9.636211637503716176e-08
9.088992260464455336e-08
8.563449226371638498e-08
8.060571850860422541e-08
7.577695398724775627e-08
7.116186196978714333e-08
6.675237311541525775e-08
6.253026601428747731e-08
5.850951148204839460e-08
5.467021244759185050e-08
5.101265000117547248e-08
4.753823810952718510e-08
4.422989061398161671e-08
4.109395678347686547e-08
3.812333018492677013e-08
3.530646697153959894e-08
3.264877428935533951e-08
3.013554390133760848e-08
2.776554624188331710e-08
2.553447728410086781e-08
2.343164185589033011e-08
2.145602103389454328e-08
1.960058395776826507e-08
1.786025888748915521e-08
1.623402013862109566e-08
1.471219465276697837e-08
1.329348446345208764e-08
1.197222898012917100e-08
1.074267280448877722e-08
9.600791889168385115e-09
8.542051278928293012e-09
7.562179137459872613e-09
6.654357399535677220e-09
5.815344276208108470e-09
5.042974413251493968e-09
4.333186868102275125e-09
3.684759989805174314e-09
3.090515816334765379e-09
2.549210085230216354e-09
2.056942184285047371e-09
1.604996632215006481e-09
1.194601494531788405e-09
8.238386759324763743e-10
4.910267132943248906e-10
1.968628495845412056e-10
-6.853105520448238497e-11
-3.060903915693787104e-10
-5.166924904268226412e-10
-7.049824543870035965e-10
-8.665484825630505839e-10
-1.006459504886058584e-09
-1.128777325279561280e-09
-1.232404894891145092e-09
-1.323157926016381189e-09
-1.397505829883595732e-09
-1.455425738422864000e-09
-1.502707392098020198e-09
-1.538188696836871924e-09
-1.566003541143887412e-09
-1.585583944089049271e-09
-1.593151456438195763e-09
-1.595319526912728485e-09
-1.591615393714638660e-09
-1.582334412330358093e-09
-1.568336042552878435e-09
-1.546680767880605275e-09
-1.523826115416170140e-09
-1.499369415779018790e-09
-1.468376972614230082e-09
-1.436066360475571676e-09
-1.403170217700201088e-09
-1.368119399916616722e-09
-1.329777604649823132e-09
-1.291073494800815453e-09
-1.253546817934503725e-09
-1.213695309773707218e-09
-1.173895758978522295e-09
-1.134887082698445569e-09
-1.093895286764142881e-09
-1.054456384670740573e-09
-1.015912048638241191e-09
-9.766159287597706255e-10
-9.382156247800029861e-10
-9.010700243758569479e-10
-8.641348296098286266e-10
-8.291533806133947884e-10
-7.937569791760958974e-10
-7.596151332166601717e-10
-7.265578898879463205e-10
-6.944252960789808836e-10
-6.635107576385445124e-10
-6.333954217876853407e-10
-6.050434717166864523e-10
-5.770811777062667499e-10
-5.500091663910066139e-10
-5.236531788795265227e-10
-4.986750283842574247e-10
-4.749239853257868611e-10
-4.513418578017385481e-10
-4.284273881893964997e-10
-4.074034195918557927e-10
-3.860519396512758364e-10
-3.661999694446800069e-10
-3.470418935811031676e-10
-3.282350525428722857e-10
-3.117292450113623753e-10
-2.945169559953423093e-10
-2.785454700152335837e-10
-2.647678968479243709e-10
-2.499454823701572912e-10
-2.371542568280634511e-10
-2.244768040179289847e-10
-2.119943262665534327e-10
-2.015159052830357703e-10
-1.897076037122219745e-10
-1.790330175796342816e-10
-1.694915203554489179e-10
-1.587474950081478350e-10
-1.500146289344674795e-10
-1.412668344678450456e-10
-1.326049382225958864e-10
-1.260610259742175427e-10
-1.185651550463369894e-10
-1.120758168569818530e-10
-1.064777202690404094e-10
-1.000736365922502569e-10
-9.470538848946656470e-11
-8.882915543793588794e-11
-8.310285883344664588e-11
-7.868038070137528796e-11
-7.338219255732121749e-11
-6.915538952905607727e-11
-6.564697878287697515e-11
-6.188939547737561084e-11
-5.897529533066142148e-11
-5.533452891284452342e-11
-5.151795404612675276e-11
-4.875349989908522282e-11
-4.517143472289667783e-11
-4.256603919450912601e-11
-4.047219658227963125e-11
-3.814083533577672895e-11
-3.651800723620642587e-11
-3.399776179085239636e-11
-3.133417363239730621e-11
-2.972252735566809547e-11
-2.766014387057740245e-11
-2.665799172919184577e-11
-2.564620005436693075e-11
-2.377466005772191764e-11
-2.249552594380886700e-11
-2.072909210014301347e-11
-1.954365652712465658e-11
-1.944253027730023470e-11
-1.810187702773423371e-11
-1.687213561135986918e-11
-1.561828353592341151e-11
-1.464921245342947642e-11
-1.471079074836026892e-11
-1.358839595482364379e-11
-1.231436079177764145e-11
-1.202322742584472627e-11
-1.142515580805762911e-11
-1.120621794479328449e-11
-1.033737255601273413e-11
-9.520071526622876579e-12
-9.834498666262804403e-12
-9.180279711812831390e-12
-8.352490605762418461e-12
-8.256718638613671470e-12
-7.811212049837241073e-12
-7.507384049271781148e-12
-6.911777898393897835e-12
-6.655933953569836623e-12
-6.852716719555699595e-12
-6.118056650921214215e-12
-6.014448424742387749e-12
-6.137697825606657761e-12
-5.404189311509349257e-12
-5.500243108007341953e-12
-5.248201363397846164e-12
-4.723590904719901647e-12
-5.038984722337502612e-12
-4.625530629898322400e-12
-4.555535767559092537e-12
-4.634910341582833329e-12
-4.199489342377914297e-12
-4.257641020260333655e-12
-3.999953821100056591e-12
-3.824623544917511858e-12
-3.938063050822729294e-12
-3.742719263614152113e-12
-3.698916202830049410e-12
-3.630004131714561115e-12
-3.386620957383645283e-12
-3.389533960030064806e-12
-3.329504165272265005e-12
-3.227556677360217839e-12
-3.298784461324006003e-12
-3.088181318004009132e-12
-3.029149980344084618e-12
-3.011944556771699937e-12
-2.936675425536654171e-12
-2.955897954094622776e-12
-2.824957886949260587e-12
-2.700221142863136401e-12
-2.747021331567594040e-12
-2.661816156748766952e-12
-2.630472456477809704e-12
-2.550763664714127454e-12
-2.475377310290395368e-12
-2.516306813334996001e-12
-2.437241977442060273e-12
-2.327528229179366461e-12
-2.331741185248477983e-12
-2.268258495638552302e-12
-2.216247470032488938e-12
-2.148871194503612826e-12
-2.110802522317719135e-12
-2.099029941595042196e-12
-2.002541354954575225e-12
-1.957987790875617204e-12
-1.938728985387800345e-12
-1.828779286960084716e-12
-1.803591629721466885e-12
-1.760013643862386272e-12
-1.678585918307312047e-12
-1.662751615573097630e-12
-1.589160828902200849e-12
-1.511944631988343076e-12
-1.482196064272221572e-12
-1.395230698442752024e-12
-1.361677132337153291e-12
-1.299145297225633081e-12
-1.225754791337832123e-12
-1.178448893125813932e-12
-1.100686991881544308e-12
-1.050543741180958998e-12
-9.927910166655265011e-13
-9.264106742933424638e-13
-8.611632688560972294e-13
-8.018801920351122397e-13
-7.390201844598027955e-13
-6.913140696386398047e-13
-6.217683821026640356e-13
-5.646996524252346950e-13
-5.122153421428264910e-13
-4.551110460462487994e-13
-4.014416145382098605e-13
-3.486003176778879781e-13
-2.984107148252900201e-13
-2.566686526388718871e-13
-2.059124363723725827e-13
-1.660568904497915934e-13
-1.298531130597025440e-13
-9.260921847106612934e-14
-6.305965848963659536e-14
-3.599882484020325613e-14
-8.562815190945066262e-15
1.021675484894777958e-14
2.832603437567037331e-14
4.151336716154834862e-14
5.020704907039886483e-14
5.677015492935550973e-14
5.930266104276462076e-14
5.667383040826983524e-14
5.457104790052214893e-14
4.731925166401128159e-14
4.002183553654182661e-14
2.993280922050068123e-14
1.770966429493702911e-14
6.684507287849228251e-15
-7.002044088171728604e-15
-1.882358128853752076e-14
-2.982682310076174777e-14
-4.002606806759571324e-14
-4.843622067674023611e-14
-5.510615272961777618e-14
-5.901327837694441891e-14
-6.089167837938179549e-14
-5.988261499410844173e-14
-5.644155307171787725e-14
-5.126411079485105334e-14
-4.407791496700333345e-14
-3.500787258488833926e-14
-2.561812120558726476e-14
-1.575550157278274258e-14
-6.582842555262261370e-15
1.988887539075950729e-15
9.105504531123822409e-15
1.405740497931495388e-14
1.661323846466336901e-14
1.705418978933890496e-14
1.568226905462926860e-14
1.212672939094022107e-14
7.118551738312984033e-15
1.729438258201593240e-15
-3.545470707890273031e-15
-8.419458321242235097e-15
-1.186976444522602897e-14
-1.330307100001608335e-14
-1.297476705463649580e-14
-1.098028046308814681e-14
-7.330840465047101045e-15
-2.856435054123268302e-15
1.549973860183664287e-15
5.607384965649965286e-15
8.261671425256717959e-15
9.176971539448023989e-15
8.544547162457291556e-15
6.194895336703948032e-15
3.033999463635972813e-15
-1.608317320004217113e-16
-2.692721898587273333e-15
-3.646727978158153718e-15
-2.990453369549899331e-15
-9.286831776256674704e-16
1.937228340333399468e-15
4.600949456880362822e-15
6.243027999916312473e-15
6.490580130939104025e-15
5.237199021128715753e-15
3.189273760143868475e-15
1.142191143866699861e-15
-1.180178209604706251e-17
1.770676931328157204e-16
1.565577433103426488e-15
3.483685286064930346e-15
5.043508510696353610e-15
5.365531293887974339e-15
4.428479949757430535e-15
2.796696687351715519e-15
1.557573456056201285e-15
1.515257675244695697e-15
2.592520308229759558e-15
4.002288060772532424e-15
4.766331154162540603e-15
4.354658194028882222e-15
3.214537803368165061e-15
2.298980629273488710e-15
2.382913119411178179e-15
3.394220626028597752e-15
4.312638184736889777e-15
4.278931077452320948e-15
3.404442301107493004e-15
2.676935109823963087e-15
2.926836983925603591e-15
3.795046313806006049e-15
4.203984872922127792e-15
3.714249996178153465e-15
3.011102678647366110e-15
3.102178894835129307e-15
3.799004582906231779e-15
4.043733768663137983e-15
3.511075032544335913e-15
3.115109479465402713e-15
3.518738013443597573e-15
3.973363325823435627e-15
3.655083576649271071e-15
3.257037516409515585e-15
3.537598006609356020e-15
3.899997521354436230e-15
3.587289291846323515e-15
3.346906046073297434e-15
3.709195442909457499e-15
3.791841967029339297e-15
3.436691859479445183e-15
3.564978933847968038e-15
3.805116019569406308e-15
3.530098553678397438e-15
3.540668142767518060e-15
3.778226280406348309e-15
3.549452011354778826e-15
3.586650196303791417e-15
3.741001027405741436e-15
3.541730270822245515e-15
3.655623319849289132e-15
3.683163346201494192e-15
3.552795848025743474e-15
3.720974216612476089e-15
3.580977386439454747e-15
3.664946593157286742e-15
3.644672040727657670e-15
3.618239327364084712e-15
3.676005819308312868e-15
3.606849141806272942e-15
3.678552158162715533e-15
3.613771278534674416e-15
3.671276205879498522e-15
3.623917014157350289e-15
3.664073422490107066e-15
3.631936421543855479e-15
3.659251434055064728e-15
3.637364672902543838e-15
3.656431407774080530e-15
3.640947485221220054e-15
3.654862079902649843e-15
3.643381607719467175e-15
3.654001705559432842e-15
3.645114277880134913e-15
3.653532535072073848e-15
3.646405273875780208e-15
3.653279458364345203e-15
3.647403960168664912e-15
3.653146677681390692e-15
3.648198803176398742e-15
3.653080974313276478e-15
3.648844688297152512e-15
3.653052118343770043e-15
3.649377426836564250e-15
3.653042574020037761e-15
3.649821523361261706e-15
3.653042009543641133e-15
3.650194458619220709e-15
3.653044288678429126e-15
3.650509144327394696e-15
3.653045770990169965e-15
3.650775389836715036e-15
3.653044322299831579e-15
3.651000815323217036e-15
3.653038722978986606e-15
3.651191442894672840e-15
3.653028305916921852e-15
3.651352093229061775e-15
3.653012730815220764e-15
3.651486660430095947e-15
3.652991841400467809e-15
3.651598308009304696e-15
3.652965574102948283e-15
3.651689612133779659e-15
3.652933899181943418e-15
3.651762668550869926e-15
3.652896782599192990e-15
3.651819173814263564e-15
3.652854161179650198e-15
3.651860487838328690e-15
3.652805926376710025e-15
3.651887682574777198e-15
3.652751913483881613e-15
3.651901580180886348e-15
3.652691894331650468e-15
3.651902782984037884e-15
3.652625572022014151e-15
3.651891697057080195e-15
3.652552576882630838e-15
3.651868550555421365e-15
3.652472462946776814e-15
3.651833407895118140e-15
3.652384704595272092e-15
3.651786180365542387e-15
3.652288693043701740e-15
3.651726633837480624e-15
3.652183732500896771e-15
3.651654393931172441e-15
3.652069035852975946e-15
3.651568949006752810e-15
3.651943719808888246e-15
3.651469651267115140e-15
3.651806799417110929e-15
3.651355716159802449e-15
3.651657181966663738e-15
3.651226220286789455e-15
3.651493660221332114e-15
3.651080097977925601e-15
3.651314905018208949e-15
3.650916136649739759e-15
3.651119457234049502e-15
3.650732971097290057e-15
3.650905719173302938e-15
3.650529076841778747e-15
3.650671945410771175e-15
3.650302762655438798e-15
3.650416233196595093e-15
3.650052162419638171e-15
