# xiplus_3_1
1.607107287470005137e-04
1.606924565326339207e-04
1.607000040088135478e-04
1.606821376897090174e-04
1.606882969809550498e-04
1.606707296676389101e-04
1.606755160505819757e-04
1.606581419212556100e-04
1.606615623528105435e-04
1.606442760976028853e-04
1.606463294496812330e-04
1.606290257690866493e-04
1.606297030447647624e-04
1.606122762056789066e-04
1.606115607489798673e-04
1.605939042030170652e-04
1.605917719161895725e-04
1.605737779878513966e-04
1.605701975705959130e-04
1.605517572242376196e-04
1.605466904507089399e-04
1.605276931477531870e-04
1.605210951988155497e-04
1.605014288583622207e-04
1.604932487272825003e-04
1.604727998055435355e-04
1.604629807969365561e-04
1.604416345015913410e-04
1.604301148442127060e-04
1.604077555015055918e-04
1.603944690951183635e-04
1.603709806869382164e-04
1.603558580030551249e-04
1.603311248901631461e-04
1.603140940436008658e-04
1.602880018879818168e-04
1.602689898920932126e-04
1.602414267860728040e-04
1.602203609970454423e-04
1.601912187977291055e-04
1.601680285426187642e-04
1.601372043981037503e-04
1.601118227660415754e-04
1.600792208016160148e-04
1.600515865572473288e-04
1.600171196669592400e-04
1.599871792181124352e-04
1.599507708765721961e-04
1.599184801949898600e-04
1.598800661679019349e-04
1.598453925208881464e-04
1.598049223084775194e-04
1.597678456130492317e-04
1.597252834121520295e-04
1.596857969719685222e-04
1.596411218898859596e-04
1.595992322239123151e-04
1.595524374290111240e-04
1.595081628556859594e-04
1.594592533098381718e-04
1.594126209212219343e-04
1.593616093240714314e-04
1.593126499848586018e-04
1.592595505806883554e-04
1.592082916355699797e-04
1.591531116149393359e-04
1.590995671055381235e-04
1.590422954952495796e-04
1.589864539003092779e-04
1.589270481029603948e-04
1.588688579426467736e-04
1.588072284787303058e-04
1.587465825815301647e-04
1.586825771085634891e-04
1.586192969200603503e-04
1.585526852342493160e-04
1.584865072131919387e-04
1.584169696183134108e-04
1.583475364265665036e-04
1.582746584587974383e-04
1.582015181509895748e-04
1.581247949834856906e-04
1.580474115030960295e-04
1.579662651448557494e-04
1.578840428325615076e-04
1.577978541585406305e-04
1.577101773436289105e-04
1.576183327337215645e-04
1.575246185516683865e-04
1.574265673105541450e-04
1.573263256463908525e-04
1.572216396023919961e-04
1.571145289460871533e-04
1.570029504617777218e-04
1.568888136404202494e-04
1.567702743002996829e-04
1.566491355551154153e-04
1.565237274695674874e-04
1.563957349315504136e-04
1.562636228107977987e-04
1.561289308699829906e-04
1.559902080468510437e-04
1.558488136914952483e-04
1.557033288381151951e-04
1.555549023215909755e-04
1.554021105091983504e-04
1.552458852552260392e-04
1.550847954058866035e-04
1.549195898895511041e-04
1.547488732978077831e-04
1.545732908885295441e-04
1.543915664991350430e-04
1.542043475443849974e-04
1.540105682880732268e-04
1.538109652041324865e-04
1.536047266877870138e-04
1.533926878499401172e-04
1.531742348284910243e-04
1.529501981218619111e-04
1.527199984342957431e-04
1.524842777771899614e-04
1.522422976349063555e-04
1.519943644541773089e-04
1.517395013035993992e-04
1.514777170275262072e-04
1.512079485153726812e-04
1.509301771795583174e-04
1.506435817806497793e-04
1.503484445873825518e-04
1.500444108774980155e-04
1.497321161204986559e-04
1.494114897159703678e-04
1.490831288986693216e-04
1.487467212653239440e-04
1.484023318047061673e-04
1.480491146400305736e-04
1.476866731200180121e-04
1.473140924650484008e-04
1.469312717494338752e-04
1.465380031382693875e-04
1.461349479848736183e-04
1.457224820976226853e-04
1.453012790048612848e-04
1.448711799696611111e-04
1.444319206385998196e-04
1.439825763173984991e-04
1.435227059672623091e-04
1.430520857735959202e-04
1.425714812950434256e-04
1.420817409857143125e-04
1.415837782354468458e-04
1.410775404547424060e-04
1.405625391666602119e-04
1.400379776408101592e-04
1.395039896930241169e-04
1.389614959473880020e-04
1.384120348790571643e-04
1.378563546882314791e-04
1.372942663408170129e-04
1.367249480139509383e-04
1.361485515076778761e-04
1.355664325981783581e-04
1.349804467460874826e-04
1.343911364029963008e-04
1.337978470613849352e-04
1.332001471285005300e-04
1.325994641112985552e-04
1.319978342142829285e-04
1.313958767223922467e-04
1.307925150501479752e-04
1.301877541335203664e-04
1.295835696949521379e-04
1.289815221310481588e-04
1.283805840147361082e-04
1.277799314224094534e-04
1.271812441803832708e-04
1.265860497230309877e-04
1.259927783961258040e-04
1.254005746364601184e-04
1.248113478859654859e-04
1.242253219402783342e-04
1.236400294629583067e-04
1.230561631252693913e-04
1.224749979748275259e-04
1.218940975305108710e-04
1.213128855408860150e-04
1.207331925343724623e-04
1.201523733175079942e-04
1.195701013612701348e-04
1.189879216471554898e-04
1.184031502272506675e-04
1.178165878477478810e-04
1.172290621527773217e-04
1.166380465085741766e-04
1.160465768392065074e-04
1.154524686111876061e-04
1.148572700283141635e-04
1.142613226876072893e-04
1.136641069872488277e-04
1.130676144998549247e-04
1.124704258872307540e-04
1.118747273171965341e-04
1.112790357971989348e-04
1.106849662691152848e-04
1.100911597102914059e-04
1.094985101769380229e-04
1.089057351484666803e-04
1.083131745493818025e-04
1.077196458547224081e-04
1.071252463576838207e-04
1.065290477375554682e-04
1.059312413724017608e-04
1.053313317155853232e-04
1.047298227398770740e-04
1.041266862695360435e-04
1.035227063510578199e-04
1.029181052900948864e-04
1.023136499607591989e-04
1.017094158698550439e-04
1.011057785949180053e-04
1.005023589012746336e-04
9.989901319450519455e-05
9.929498762668795286e-05
9.868993828503738383e-05
9.808322409323035713e-05
9.747486062811042584e-05
9.686478680135556700e-05
9.625360964664138514e-05
9.564173017938307718e-05
9.502987942822067663e-05
9.441821151428654373e-05
9.380686188213344166e-05
9.319527340718840053e-05
9.258299922066576574e-05
9.196931432053125901e-05
9.135409978078611146e-05
9.073737073715662711e-05
9.011981423493348750e-05
8.950193976706966015e-05
8.888431079301943778e-05
8.826673545208121863e-05
8.764883912783065500e-05
8.702982123556476414e-05
8.640941956048938386e-05
8.578766181951813085e-05
8.516529437697211433e-05
8.454283234579743371e-05
8.392056961353258019e-05
8.329793375353804457e-05
8.267433811275251923e-05
8.204932278580685876e-05
8.142336360035832762e-05
8.079709214438465759e-05
8.017103357806659877e-05
7.954472773335554694e-05
7.891755757728057409e-05
7.828914148778903662e-05
7.766011971488210317e-05
7.703108728889388802e-05
7.640213235500716721e-05
7.577244232632653227e-05
7.514173792669161234e-05
7.451045360825766183e-05
7.387937364241403497e-05
7.324816505999276060e-05
7.261618267155932696e-05
7.198336684011433435e-05
7.135060626709430697e-05
7.071790843195087319e-05
7.008463274406852750e-05
6.945062369816637656e-05
6.881677757213668339e-05
6.818298448761761347e-05
6.754863095178186732e-05
6.691394961773325834e-05
6.627969524731985938e-05
6.564517808659081557e-05
6.501025182182346043e-05
6.437565272632008947e-05
6.374120067971991038e-05
6.310626173214817713e-05
6.247177750440873422e-05
6.183748843665502455e-05
6.120302709976172841e-05
6.056907547932888480e-05
5.993535798897838077e-05
5.930170939255790022e-05
5.866885366645255810e-05
5.803598029717693213e-05
5.740381232522023846e-05
5.677206689647415038e-05
5.614089971656901644e-05
5.551040326380901911e-05
5.488052334130605147e-05
5.425152050900360106e-05
5.362316269825361030e-05
5.299590162174530524e-05
5.236932809746054277e-05
5.174401052482622735e-05
5.111965877857040097e-05
5.049649296839079813e-05
4.987460220222336037e-05
4.925399245042328615e-05
4.863478502666962136e-05
4.801711884597279471e-05
4.740089854978251293e-05
4.678645651933434802e-05
4.617368537713986839e-05
4.556271436639441647e-05
4.495373006978370888e-05
4.434668624690925895e-05
4.374178843595942392e-05
4.313910908613446835e-05
4.253864336499537784e-05
4.194066350089427700e-05
4.134513339484068332e-05
4.075218029085720702e-05
4.016197392605603785e-05
3.957449937018606893e-05
3.898995968044329690e-05
3.840842954657049531e-05
3.782995236873592289e-05
3.725474703370654060e-05
3.668281044091884808e-05
3.611427706770965680e-05
3.554929503327414599e-05
3.498787807595370598e-05
3.443020782924743081e-05
3.387635685861435360e-05
3.332638223252641814e-05
3.278046422738736739e-05
3.223863305950757150e-05
3.170101047377135944e-05
3.116771561226050420e-05
3.063878730407801104e-05
3.011438011058984758e-05
2.959456097304222390e-05
2.907940265277618000e-05
2.856904154775142540e-05
2.806352045281222411e-05
2.756294242534477210e-05
2.706739929535462380e-05
2.657693023195197832e-05
2.609165315311782164e-05
2.561160418759914767e-05
2.513685142664591729e-05
2.466748148908630908e-05
2.420353381806472187e-05
2.374507503684045696e-05
2.329217326985942151e-05
2.284486092358631052e-05
2.240323261598113977e-05
2.196731898878019569e-05
2.153717442039136584e-05
2.111286161892013974e-05
2.069440900487558353e-05
2.028185787684642544e-05
1.987523803688078997e-05
1.947455532375164062e-05
1.907985875504050898e-05
1.869115061601157670e-05
1.830845681039279453e-05
1.793180013734641272e-05
1.756119342309455774e-05
1.719665523304080471e-05
1.683819876038427740e-05
1.648580971126607333e-05
1.613950086221969935e-05
1.579924771333002102e-05
1.546504335911471495e-05
1.513687487594620811e-05
1.481472618292231481e-05
1.449858460085650745e-05
1.418843036912853716e-05
1.388421811198328257e-05
1.358592491994441388e-05
1.329350453419087930e-05
1.300692978996213572e-05
1.272615901691456159e-05
1.245114642447439091e-05
1.218183822835869490e-05
1.191817882038516739e-05
1.166010756485079323e-05
1.140758417204694556e-05
1.116054542626374610e-05
1.091892877000334551e-05
1.068264657533169564e-05
1.045162258448699629e-05
1.022578874397425383e-05
1.000508951542864728e-05
9.789453373531829317e-06
9.578796482458417865e-06
9.373012681007921059e-06
9.172021925697910506e-06
8.975742989889671182e-06
8.784095880030051649e-06
8.596988799346430275e-06
8.414337542210840982e-06
8.236047087304306568e-06
8.062021290521407223e-06
7.892159527029009021e-06
7.726386939681844154e-06
7.564608721929281691e-06
7.406717003655213562e-06
7.252616202990056084e-06
7.102234679125679006e-06
6.955468318787297853e-06
6.812212688172310266e-06
6.672378397524108563e-06
6.535878191596305848e-06
6.402614312376786243e-06
6.272501663407133456e-06
6.145445028176569873e-06
6.021360906341759925e-06
5.900160279938406918e-06
5.781751726535987065e-06
5.666060406519751697e-06
5.552995813949658592e-06
5.442464782942923351e-06
5.334405045289008170e-06
5.228731425275860397e-06
5.125362740389625869e-06
5.024226082493886766e-06
4.925257637842135876e-06
4.828378591871854572e-06
4.733527276832260614e-06
4.640626960364397440e-06
4.549619757981613794e-06
4.460442425214645506e-06
4.373032552800864381e-06
4.287331141308838172e-06
4.203285417024945959e-06
4.120840615915258964e-06
4.039943855809772403e-06
3.960545004974722966e-06
3.882591824371260350e-06
3.806041181167811047e-06
3.730852952361127568e-06
3.656979481168608569e-06
3.584386992890556224e-06
3.513032468208305001e-06
3.442882755589573806e-06
3.373898742691718755e-06
3.306046849215962689e-06
3.239300395874727013e-06
3.173629041666500354e-06
3.109001425165306302e-06
3.045398254796815658e-06
2.982787507159292751e-06
2.921152851432880258e-06
2.860463358112360440e-06
2.800697608031656517e-06
2.741845992197773429e-06
2.683883142797774048e-06
2.626790093015493025e-06
2.570558249230615796e-06
2.515163240286782623e-06
2.460602398935488400e-06
2.406849753242622780e-06
2.353890890810454480e-06
2.301732841890024886e-06
2.250352790027435966e-06
2.199738891123939161e-06
2.149883854167953964e-06
2.100766631756101464e-06
2.052404704327327146e-06
2.004776813572523878e-06
1.957863755705842560e-06
1.911680741859405310e-06
1.866208212318049389e-06
1.821442987844392129e-06
1.777379887697365096e-06
1.734000252454312160e-06
1.691328656236457916e-06
1.649336645404678967e-06
1.608012440513573778e-06
1.567380384694421129e-06
1.527412063951408380e-06
1.488115666257382252e-06
1.449485088883044090e-06
1.411494337967560923e-06
1.374179446384181629e-06
1.337508437812609011e-06
1.301469873550481242e-06
1.266091374880210472e-06
1.231338966223211255e-06
1.197230874998760823e-06
1.163757175375629210e-06
1.130885710708856978e-06
1.098659335095117289e-06
1.067043047994763216e-06
1.036031095006155119e-06
1.005647213470579329e-06
9.758522459956928783e-07
9.466687747734716221e-07
9.180819219917552029e-07
8.900627737770742904e-07
8.626572713496737530e-07
8.358241750418283201e-07
8.095620884742218329e-07
7.838882942897024392e-07
7.587628116808244686e-07
7.342145066150898046e-07
7.102259799322520848e-07
6.867641288731202210e-07
6.638770898273639039e-07
6.415191394197630490e-07
6.196944944427084490e-07
5.984152748276966575e-07
5.776426255836078407e-07
5.574061789510775171e-07
5.376814096936375671e-07
5.184421094317536072e-07
4.997328599261372850e-07
4.815026426810337782e-07
4.637608329831238437e-07
4.465135414841167310e-07
4.297190489909260045e-07
4.134112594482991307e-07
3.975629131733781151e-07
3.821463790180975583e-07
3.672030195766983575e-07
3.526853695191599927e-07
3.386039483835767020e-07
3.249598614863601160e-07
3.117165871022116199e-07
2.989081949387516149e-07
2.865031883744561152e-07
2.744812969120579689e-07
2.628769620995971778e-07
2.516428221235268530e-07
2.407931754311506265e-07
2.303216337632471297e-07
2.201921785538583547e-07
2.104344554171381828e-07
2.010152541004490270e-07
1.919152671342532637e-07
1.831592277007242138e-07
1.747023945820762749e-07
1.665567062719633462e-07
1.587103508394654445e-07
1.511297601294831807e-07
1.438389116087508960e-07
1.368037690593606193e-07
1.300120168472098629e-07
1.234804345355985506e-07
1.171726489574707110e-07
1.111031839876588803e-07
1.052629599790803722e-07
9.962961786506275799e-08
9.422632241577279542e-08
8.902751643029803059e-08
8.402816521956482936e-08
7.923738264827082239e-08
7.462848962893989529e-08
7.021612470887929081e-08
6.599439782119793881e-08
6.194792030218243926e-08
5.809185165199378802e-08
5.440551766012384386e-08
5.088705574924336273e-08
4.753746336554020121e-08
4.433991608635363091e-08
4.130336479675021895e-08
3.842281053948608212e-08
3.568758895386467600e-08
3.310227111426908356e-08
3.064956368908383779e-08
2.832833040185311955e-08
2.613861058832989599e-08
2.407294504764348461e-08
2.213167707382977283e-08
2.030456407128731076e-08
1.858412286525749840e-08
1.697205134338696599e-08
1.546164870571825517e-08
1.405191490397275661e-08
1.273421581426650417e-08
1.149998332005614212e-08
1.035024123401379169e-08
9.284763288701017976e-09
8.297309818896634313e-09
7.378366456002889549e-09
6.525955006371326130e-09
5.741660686446046390e-09
5.018997638360801378e-09
4.351429538489510459e-09
3.736278355137758306e-09
3.176365976577123878e-09
2.664736726239226813e-09
2.192510375317486835e-09
1.764694269998891816e-09
1.376910490069399901e-09
1.022890443615091193e-09
7.068102630652661173e-10
4.213656980096603316e-10
1.627513033604889455e-10
-6.562670540065335812e-11
-2.699570930765600761e-10
-4.507216928830404712e-10
-6.094735942194826660e-10
-7.509902812787627197e-10
-8.724650975064161461e-10
-9.773029708210509164e-10
-1.067129092217429576e-09
-1.140905374599426329e-09
-1.205113702290910754e-09
-1.255638051644215873e-09
-1.295832583613063473e-09
-1.327851518682500499e-09
-1.349295857575023923e-09
-1.365523204026028912e-09
-1.372928032692878260e-09
-1.373771097760232139e-09
-1.370880069316073036e-09
-1.361385973282245048e-09
-1.348133079352624098e-09
-1.331805331611100770e-09
-1.310473925691914594e-09
-1.288049135135870502e-09
-1.262466658048471963e-09
-1.234455099511927854e-09
-1.204952273943668192e-09
-1.173240231268826987e-09
-1.141384370708413471e-09
-1.108842754364902759e-09
-1.075181079327916637e-09
-1.041091778423986261e-09
-1.006203116738347168e-09
-9.719613071717688444e-10
-9.377518917747891434e-10
-9.035906195126781747e-10
-8.694223136557774856e-10
-8.361795091303893547e-10
-8.035269965201937384e-10
-7.717361114140310380e-10
-7.401759761394186302e-10
-7.091551719783718524e-10
-6.791883849072875815e-10
-6.500316178195771938e-10
-6.217137034626092261e-10
-5.944244841265116697e-10
-5.681872075135597634e-10
-5.427401428817273022e-10
-5.176488256531164833e-10
-4.934618180135420038e-10
-4.703215672427187969e-10
-4.483340432542960827e-10
-4.264303944215296916e-10
-4.052053348996918308e-10
-3.854752969011709054e-10
-3.656650304681884428e-10
-3.470358980504588656e-10
-3.291265037623022870e-10
-3.115426900220870984e-10
-2.959856741188919627e-10
-2.798618694181272529e-10
-2.648973179502169625e-10
-2.518466314479247012e-10
-2.380021826161857971e-10
-2.259032417681015314e-10
-2.139825451664026148e-10
-2.022520859505095013e-10
-1.922827438028403520e-10
-1.811570495603924734e-10
-1.710629698120187311e-10
-1.619490833985122393e-10
-1.518009124584518183e-10
-1.434589158332315053e-10
-1.351727197691257000e-10
-1.269577597135224799e-10
-1.206900640947539627e-10
-1.136096004718974123e-10
-1.074507130834157162e-10
-1.021046506637161113e-10
-9.604990569673226274e-11
-9.089825647590569173e-11
-8.530215806108998683e-11
-7.984259127181257876e-11
-7.555965609342359155e-11
-7.051710814503631407e-11
-6.647820755547022973e-11
-6.311325960916225008e-11
-5.956690062598269473e-11
-5.675999272838183213e-11
-5.329130929337079427e-11
-4.964127021549051994e-11
-4.693167206658515270e-11
-4.351598038457927408e-11
-4.101168928603591021e-11
-3.899650757975302384e-11
-3.680361256242711359e-11
-3.521888344049442395e-11
-3.281092280302057007e-11
-3.025288481552668757e-11
-2.865212709564972403e-11
-2.670325207227473364e-11
-2.574822343236202001e-11
-2.478011866463700583e-11
-2.300470055119227970e-11
-2.172878346002707955e-11
-2.003864201295584304e-11
-1.891577105877406398e-11
-1.880327039631916577e-11
-1.754307133615532204e-11
-1.633416985497646556e-11
-1.510906271329895287e-11
-1.420029515032395512e-11
-1.424467767033371151e-11
-1.317512766529315758e-11
-1.193929802897993175e-11
-1.163569316059668758e-11
-1.108966496275627641e-11
-1.087183240242241287e-11
-1.002223058279032776e-11
-9.244916871580757622e-12
-9.540911332369966346e-12
-8.922606047987267850e-12
-8.114801415306396549e-12
-8.010901128137076786e-12
-7.600690747684422206e-12
-7.294728786907098570e-12
-6.712538167604581382e-12
-6.481288108519189933e-12
-6.664694017831130825e-12
-5.955529519779226842e-12
-5.859638180271315908e-12
-5.977705000640758743e-12
-5.266417034200605139e-12
-5.357215713557134819e-12
-5.112506549767521071e-12
-4.602483271647586688e-12
-4.907312041387868012e-12
-4.510487602464335357e-12
-4.443157200912257251e-12
-4.521788427147895792e-12
-4.100039560160400938e-12
-4.155841343149164315e-12
-3.904139402503266658e-12
-3.737199417773524330e-12
-3.844889742813657640e-12
-3.658830693049654153e-12
-3.614709862810796934e-12
-3.545855608927045740e-12
-3.308638188128377052e-12
-3.310515205958997793e-12
-3.254044800235179081e-12
-3.157767365104948335e-12
-3.226802164690739768e-12
-3.022594076520974593e-12
-2.963337133226726528e-12
-2.946541896604029352e-12
-2.873905678447293122e-12
-2.892258505538748450e-12
-2.763617114403963622e-12
-2.642392445410099800e-12
-2.688819424547199716e-12
-2.607671601776662837e-12
-2.576220877309955380e-12
-2.497074616791048520e-12
-2.423004294326351350e-12
-2.463929409511694975e-12
-2.387003226254156534e-12
-2.279967633489581081e-12
-2.284436179003199666e-12
-2.222925322369416844e-12
-2.170566939420880554e-12
-2.104077912631342451e-12
-2.067809328868047465e-12
-2.057474785215950819e-12
-1.962644364030364004e-12
-1.918961894947208446e-12
-1.899526430581006618e-12
-1.791371874592569666e-12
-1.767507899430936097e-12
-1.725624758507894890e-12
-1.645030322947141985e-12
-1.629512546884265944e-12
-1.557270427027692039e-12
-1.482003616702539581e-12
-1.453234781792104398e-12
-1.367223035645876920e-12
-1.334408117043060795e-12
-1.273756880903473760e-12
-1.201819284455242086e-12
-1.155237946278491464e-12
-1.078566787027687424e-12
-1.030222698051832915e-12
-9.736169141359419973e-13
-9.081371000462397676e-13
-8.441425482219364322e-13
-7.864993720600235736e-13
-7.244399183394972266e-13
-6.778429075535294401e-13
-6.098342859998922967e-13
-5.537726938930987241e-13
-5.022136661251646057e-13
-4.466460180087026304e-13
-3.937887673338149182e-13
-3.419734669513395697e-13
-2.929592087980490895e-13
-2.519214621102662985e-13
-2.021146926684379155e-13
-1.631167982517826906e-13
-1.274949683199743870e-13
-9.116198177490333335e-14
-6.206636060286389299e-14
-3.572725875124639953e-14
-8.672461405234083685e-15
9.626057572248135757e-15
2.746730287832669499e-14
4.039983575063499806e-14
4.891391285886815732e-14
5.535170070623709284e-14
5.779442986238432251e-14
5.514810599349512616e-14
5.312718416807197705e-14
4.596537740653504793e-14
3.888217737513418913e-14
2.896357095816479836e-14
1.696014757792682595e-14
6.134950729415757676e-15
-7.310117192874170791e-15
-1.888773334617640849e-14
-2.960981661609743984e-14
-3.964280988281004342e-14
-4.786734329961220615e-14
-5.445898378063731656e-14
-5.826194373300175889e-14
-6.010049798548308131e-14
-5.910392983553954810e-14
-5.576706197655204740e-14
-5.070023105568134043e-14
-4.368338438093241097e-14
-3.473534563053582498e-14
-2.555860410883782257e-14
-1.588449810139869338e-14
-6.893465490474066353e-15
1.546183174416981927e-15
8.520767984407956122e-15
1.337009545147440242e-14
1.584585127617148988e-14
1.630590587884336020e-14
1.492731470424625200e-14
1.143723777515552004e-14
6.532544990795171135e-15
1.265475623749584275e-15
-3.915547410378554594e-15
-8.671808073906078247e-15
-1.206651267562197899e-14
-1.347306138848013898e-14
-1.316912394502954578e-14
-1.120485083882850337e-14
-7.640837659545808754e-15
-3.232715332684901356e-15
1.086466244396934344e-15
5.070076695348180666e-15
7.662461609523038109e-15
8.553243608848728767e-15
7.926023431221551440e-15
5.635103632123184157e-15
2.538196302505568945e-15
-5.826992678469704269e-16
-3.082474821865637595e-15
-4.016833295492517844e-15
-3.387979081243393142e-15
-1.346456669403191227e-15
1.462440680706078859e-15
4.082071135429239215e-15
5.674317112869370315e-15
5.917545855744260328e-15
4.689299726639002837e-15
2.695940369623789980e-15
6.789029320672995502e-16
-4.535508905367896538e-16
-2.750260328184657887e-16
1.100473766223398846e-15
2.976030622938660947e-15
4.501935661564783639e-15
4.813322286920251002e-15
3.907386308807560665e-15
2.301055584975249853e-15
1.083477865453491873e-15
1.039973542683943794e-15
2.107296388400385727e-15
3.480138898322114534e-15
4.229617633549385690e-15
3.828712045147205659e-15
2.712969762498974508e-15
1.807526177953432028e-15
1.898445891897832755e-15
2.884874981215311782e-15
3.785926232314050356e-15
3.754145867290503815e-15
2.897189157452224022e-15
2.180074849773994760e-15
2.431135460389448330e-15
3.276073210409432435e-15
3.682218029915538700e-15
3.198324030467175593e-15
2.511223208576107273e-15
2.599249552434041234e-15
3.283146167720727238e-15
3.522425604241670704e-15
3.001143766213520314e-15
2.611554689327841155e-15
3.008852037403861127e-15
3.453018170925900425e-15
3.142414878637741767e-15
2.750782037200824629e-15
3.027184990579322789e-15
3.381109688693671079e-15
3.076002753449237694e-15
2.838715839921661444e-15
3.195579341100783481e-15
3.274943177015465601e-15
2.928347544973325451e-15
3.052592553994366136e-15
3.289469786022842792e-15
3.018465569048961054e-15
3.030141736257933428e-15
3.261757469247927264e-15
3.038736433959805645e-15
3.073948128779013048e-15
3.226494896985760509e-15
3.029956614294809875e-15
3.142730170705019643e-15
3.168667855208958866e-15
3.041875184154134150e-15
3.205765228585899080e-15
3.069480639037795013e-15
3.150853965101734252e-15
3.131905439216692357e-15
3.105083598472055414e-15
3.162599863186918955e-15
3.093941950179271781e-15
3.165069512490572386e-15
3.100754486490673897e-15
3.157910443672696553e-15
3.110726382401813465e-15
3.150825170487806385e-15
3.118612124621658777e-15
3.146076143298273929e-15
3.123956112137334109e-15
3.143291744594087997e-15
3.127489660411702094e-15
3.141735228309948458e-15
3.129896043266382866e-15
3.140875314541063923e-15
3.131613869808370020e-15
3.140400373174394271e-15
3.132897935245094018e-15
3.140138647814677432e-15
3.133894769076133496e-15
3.139996159570351291e-15
3.134691187950719864e-15
3.139920687959287268e-15
3.135341081582542525e-15
3.139882561558003429e-15
3.135879637771187161e-15
3.139864563487896105e-15
3.136330958951138872e-15
3.139856547941324620e-15
3.136712262191050939e-15
3.139852490355457447e-15
3.137036286582683419e-15
3.139848820765387310e-15
3.137312731830968638e-15
3.139843453678190511e-15
3.137549154126582305e-15
3.139835208085275461e-15
3.137751546275156847e-15
3.139823452740891672e-15
3.137924727193011479e-15
3.139807885201326790e-15
3.138072612002435897e-15
3.139788392221926116e-15
3.138198404883196802e-15
3.139764960698095218e-15
3.138304740245661610e-15
3.139737620486667274e-15
3.138393788369960748e-15
3.139706407648554093e-15
3.138467335902443448e-15
3.139671340825804200e-15
3.138526848126884408e-15
3.139632406093703245e-15
3.138573517697279711e-15
3.139589547306171240e-15
3.138608303148763788e-15
3.139542659890050979e-15
3.138631959477113336e-15
3.139491586800352727e-15
3.138645062518242342e-15
3.139436115734686178e-15
3.138648028334446210e-15
3.139375977007594285e-15
3.138641128586093292e-15
3.139310841688735418e-15
3.138624502576703792e-15
3.139240319725767148e-15
3.138598166534504160e-15
3.139163957872837743e-15
3.138562020544935543e-15
3.139081237301397458e-15
3.138515853505165308e-15
3.138991570809972663e-15
3.138459346321107174e-15
3.138894299587722778e-15
3.138392073632121229e-15
3.138788689503472910e-15
3.138313504180821661e-15
3.138673926893737382e-15
3.138223000023020336e-15
3.138549113882958217e-15
3.138119814691420722e-15
3.138413263206179068e-15
3.138003090439329207e-15
3.138265292598671977e-15
3.137871854663043495e-15
3.138104018762279526e-15
3.137725015626291580e-15
3.137928150980477220e-15
3.137561357584533348e-15
