# xiplus_2_1
1.073237340426061199e-04
1.073089926877160145e-04
1.073192175025554156e-04
1.073051280641328017e-04
1.073143137534468577e-04
1.073007993093769526e-04
1.073089851583611623e-04
1.072959716633366457e-04
1.073031910349222417e-04
1.072906068795125971e-04
1.072968875124544896e-04
1.072846631219244483e-04
1.072900273976888381e-04
1.072780948695482915e-04
1.072825600556216372e-04
1.072708528349971023e-04
1.072744313116628207e-04
1.072628839057363279e-04
1.072655833833726806e-04
1.072541311162702798e-04
1.072559548507317286e-04
1.072445336615676734e-04
1.072454806753757577e-04
1.072340269630807450e-04
1.072340922802741579e-04
1.072225427994068193e-04
1.072217177024898819e-04
1.072100095151501137e-04
1.072082818322873601e-04
1.071963523214949172e-04
1.071937067523371300e-04
1.071814937022432608e-04
1.071779121902044962e-04
1.071653539383219371e-04
1.071608160958371052e-04
1.071478517610007159e-04
1.071423353529794338e-04
1.071289051410490890e-04
1.071223866285305506e-04
1.071084322145099827e-04
1.071008873564981639e-04
1.070863523366593170e-04
1.070777568426155887e-04
1.070625872443018643e-04
1.070529174613894303e-04
1.070370622887684749e-04
1.070262958985289067e-04
1.070097076816107454e-04
1.069978243675632996e-04
1.069804596679758247e-04
1.069674417006332031e-04
1.069492615111091089e-04
1.069350941792255807e-04
1.069160641353802656e-04
1.069007359331688257e-04
1.068808262367972213e-04
1.068643286972902371e-04
1.068435136316836466e-04
1.068258406795929505e-04
1.068040975831673252e-04
1.067852442693472098e-04
1.067625518273185867e-04
1.067425123072075500e-04
1.067188480293751197e-04
1.066976126654562757e-04
1.066729494481356291e-04
1.066505009608701890e-04
1.066248026914847196e-04
1.066011113621644763e-04
1.065743276250713729e-04
1.065493456767111180e-04
1.065214057654345094e-04
1.064950612188172226e-04
1.064658678548975834e-04
1.064380583744355341e-04
1.064074817696145445e-04
1.063780692630232990e-04
1.063459424155937096e-04
1.063147493991375520e-04
1.062808657418509896e-04
1.062476746700640254e-04
1.062117893128070533e-04
1.061763461100532097e-04
1.061381818430011392e-04
1.061002046500152135e-04
1.060594634702538428e-04
1.060186570078186334e-04
1.059750370881855510e-04
1.059311119453280474e-04
1.058843286152735472e-04
1.058370231819754466e-04
1.057868307045953553e-04
1.057359315557698500e-04
1.056821405518661616e-04
1.056274952844843477e-04
1.055699791689907130e-04
1.055114947587032314e-04
1.054501784310498172e-04
1.053877991400412631e-04
1.053226254931983661e-04
1.052562882659493425e-04
1.051871636994024706e-04
1.051167363092438427e-04
1.050434652499261944e-04
1.049686822957372718e-04
1.048909108026134718e-04
1.048113318500478987e-04
1.047285272741379705e-04
1.046435443787675356e-04
1.045550353096837430e-04
1.044639471696909516e-04
1.043690295892836902e-04
1.042711727641088915e-04
1.041692541505897320e-04
1.040641430604565595e-04
1.039548576452736214e-04
1.038422532604845914e-04
1.037254644528593921e-04
1.036052971828336616e-04
1.034809383973663011e-04
1.033530789061519283e-04
1.032208828414468027e-04
1.030848737246849324e-04
1.029441607514081113e-04
1.027991171253347295e-04
1.026488518143240432e-04
1.024936914967793886e-04
1.023328657069650667e-04
1.021667801723632471e-04
1.019948674769859142e-04
1.018176348378090079e-04
1.016346484721640243e-04
1.014463735825881137e-04
1.012523123847109118e-04
1.010527061820783434e-04
1.008468833988923841e-04
1.006348907525978067e-04
1.004160562536076973e-04
1.001905183887590170e-04
9.995789503982203451e-05
9.971859436857156858e-05
9.947247862045099681e-05
9.921994870285887958e-05
9.896069388479871440e-05
9.869475606509724879e-05
9.842156595498189296e-05
9.814109470549193745e-05
9.785306436689416578e-05
9.755789658467384196e-05
9.725574545794090330e-05
9.694709123978525014e-05
9.663178389857348467e-05
9.630978636308872888e-05
9.598070455635532771e-05
9.564474433949239390e-05
9.530218958041847862e-05
9.495378491488999846e-05
9.459978666977117434e-05
9.424030924170798444e-05
9.387505871205810166e-05
9.350429368727186696e-05
9.312857059662530790e-05
9.274880215982810462e-05
9.236527475736616515e-05
9.197797776953172604e-05
9.158686315068234444e-05
9.119271035413193836e-05
9.079641843647065621e-05
9.039847085850668260e-05
8.999861904420894789e-05
8.959711483650258763e-05
8.919485758054722510e-05
8.879266971956912169e-05
8.839032307670594436e-05
8.798772628157654262e-05
8.758564663103662136e-05
8.718483891682630364e-05
8.678482698176301824e-05
8.638543089993925878e-05
8.598743697472371417e-05
8.559101801597368293e-05
8.519527895189238755e-05
8.480051351368438908e-05
8.440718031102973165e-05
8.401435171605147801e-05
8.362175377690029057e-05
8.323001292030169751e-05
8.283805427740766406e-05
8.244567267920380335e-05
8.205335158542919531e-05
8.166000102047175316e-05
8.126583963985798244e-05
8.087110978387669711e-05
8.047482009909268238e-05
8.007807590564098633e-05
7.968006117580538430e-05
7.928136985896175098e-05
7.888217803982815483e-05
7.848234413446514486e-05
7.808269296601511153e-05
7.768276137800269742e-05
7.728344943432655892e-05
7.688425225732653631e-05
7.648582488330482024e-05
7.608766014401726870e-05
7.569008786042098064e-05
7.529256747641862224e-05
7.489516594941460399e-05
7.449733375556462334e-05
7.409902203371390695e-05
7.369977352559290351e-05
7.329960064728855687e-05
7.289825743442960074e-05
7.249594368928146597e-05
7.209266603810517518e-05
7.168880419246836391e-05
7.128451370711279495e-05
7.088019367889731410e-05
7.047593081888253502e-05
7.007192649491328753e-05
6.966801479910116480e-05
6.926410837813448966e-05
6.885981517460980643e-05
6.845492031053869279e-05
6.804907023665158984e-05
6.764223661256760646e-05
6.723437859680836360e-05
6.682580388507505494e-05
6.641674156981638652e-05
6.600759174940130404e-05
6.559846461234554926e-05
6.518944307107023229e-05
6.478023942364608348e-05
6.437060078818522817e-05
6.396012349471702030e-05
6.354871861888165439e-05
6.313638337751208238e-05
6.272348399308118382e-05
6.231031003241260281e-05
6.189718228539799205e-05
6.148401335244757526e-05
6.107060099578854586e-05
6.065650057593637744e-05
6.024155012471189911e-05
5.982575087502250277e-05
5.940950670947875808e-05
5.899310862974767604e-05
5.857672995407232843e-05
5.816006217713689174e-05
5.774277650860634047e-05
5.732460609052897701e-05
5.690580459063643748e-05
5.648672351174755760e-05
5.606766666723220530e-05
5.564838879799287145e-05
5.522854661453889736e-05
5.480791492707824431e-05
5.438684068832022519e-05
5.396565584274227908e-05
5.354442064755675243e-05
5.312268495093276822e-05
5.270028755257905864e-05
5.227746149392784459e-05
5.185464899721649106e-05
5.143166977413874135e-05
5.100816251401505937e-05
5.058407904970031374e-05
5.015991224542129816e-05
4.973567094453481847e-05
4.931100319823765725e-05
4.888581292156582073e-05
4.846060089386210716e-05
4.803531148429356849e-05
4.760960747330790087e-05
4.718360998674919348e-05
4.675774254760244611e-05
4.633161945124418594e-05
4.590515618122949074e-05
4.547875671958644079e-05
4.505232226807512894e-05
4.462548960772293584e-05
4.419879013251434765e-05
4.377208568272646468e-05
4.334516707153724774e-05
4.291840633941632261e-05
4.249165820992498329e-05
4.206482525776507450e-05
4.163831762197799124e-05
4.121167537063933272e-05
4.078529559311023394e-05
4.035902838677391327e-05
3.993295603199764366e-05
3.950712703007192657e-05
3.908152767685151474e-05
3.865628413297413107e-05
3.823127638363415300e-05
3.780675283447378033e-05
3.738248031591193750e-05
3.695879883094513915e-05
3.653553140971599713e-05
3.611278796189010872e-05
3.569064621902638863e-05
3.526908623579774255e-05
3.484819991342578179e-05
3.442805797030119023e-05
3.400859488557792204e-05
3.359003006504274251e-05
3.317228343383876374e-05
3.275542468529357856e-05
3.233958939373378664e-05
3.192472545286356776e-05
3.151097731455784913e-05
3.109837763623621889e-05
3.068691583590906711e-05
3.027678341713042597e-05
2.986794164508332615e-05
2.946046926400093738e-05
2.905448986704371877e-05
2.864997153245961426e-05
2.824706277595934306e-05
2.784580600509135582e-05
2.744621797984850425e-05
2.704846281239275867e-05
2.665252721662665004e-05
2.625850108546932640e-05
2.586649627087679582e-05
2.547650780927176946e-05
2.508867396111550386e-05
2.470303779871312779e-05
2.431963839248129215e-05
2.393861465104748690e-05
2.355997470696366271e-05
2.318380734421665178e-05
2.281020215134285566e-05
2.243917734969124085e-05
2.207085094731558238e-05
2.170526775483811038e-05
2.134247997206150220e-05
2.098259523022844513e-05
2.062563584861211847e-05
2.027168105968137811e-05
1.992080417284925833e-05
1.957302923209123540e-05
1.922845652060993957e-05
1.888711809965995522e-05
1.854907002683363405e-05
1.821439066100834618e-05
1.788311677002546392e-05
1.755530351732450449e-05
1.723100483597033016e-05
1.691024640999895127e-05
1.659310796365090986e-05
1.627961418528972175e-05
1.596980780634733572e-05
1.566374344531611481e-05
1.536144801987198889e-05
1.506296303346739667e-05
1.476832333472430366e-05
1.447754995648880009e-05
1.419070021881755967e-05
1.390778652155458019e-05
1.362883995389824990e-05
1.335388989466967116e-05
1.308295032413900884e-05
1.281604691146695339e-05
1.255320100565484253e-05
1.229441538906981013e-05
1.203972211349135382e-05
1.178911822567453539e-05
1.154261338922337657e-05
1.130021395176212989e-05
1.106191842142709491e-05
1.082772961592996940e-05
1.059764615200217571e-05
1.037165245130656382e-05
1.014975507279327883e-05
9.931933512128526402e-06
9.718182249888069005e-06
9.508484088105727903e-06
9.302820577430770993e-06
9.101172409999417105e-06
8.903519649555108957e-06
8.709832697255392658e-06
8.520092639843556770e-06
8.334258115145390429e-06
8.152300733646240268e-06
7.974183657290147891e-06
7.799872835714604736e-06
7.629327762541931329e-06
7.462507737426787425e-06
7.299364336337722368e-06
7.139859504651575527e-06
6.983938913008318051e-06
6.831557351870993744e-06
6.682660311111770348e-06
6.537198558727512280e-06
6.395117702945425170e-06
6.256365167415497080e-06
6.120879173927671191e-06
5.988606660865182907e-06
5.859483582403967297e-06
5.733451664051077178e-06
5.610446039265605319e-06
5.490408759929497632e-06
5.373277683110655871e-06
5.258993678299591429e-06
5.147490056930263023e-06
5.038704158653224798e-06
4.932565853480413068e-06
4.829013734418451117e-06
4.727984504392398172e-06
4.629414589735090314e-06
4.533236344359044329e-06
4.439387359688348735e-06
4.347805219286463672e-06
4.258432278163692665e-06
4.171199081724743760e-06
4.086045310067594676e-06
4.002909840244044959e-06
3.921736397401435883e-06
3.842465057721943795e-06
3.765036552944336687e-06
3.689387842036958097e-06
3.615464883646194376e-06
3.543214337280012613e-06
3.472587057127200169e-06
3.403532484835948034e-06
3.336002133090405014e-06
3.269938366271407004e-06
3.205288697074290734e-06
3.142006714396110882e-06
3.080054268717752505e-06
3.019387517117979599e-06
2.959961623852364015e-06
2.901729852852620794e-06
2.844652612307815264e-06
2.788693710241883311e-06
2.733820405198821706e-06
2.679990985613532200e-06
2.627174127890794773e-06
2.575337246293321521e-06
2.524448745634121505e-06
2.474475757362765815e-06
2.425390905743930868e-06
2.377170294679396556e-06
2.329784684569003745e-06
2.283203705481598585e-06
2.237408532974099738e-06
2.192378262535053445e-06
2.148095255799859212e-06
2.104529860744873820e-06
2.061662387781435463e-06
2.019483327079283211e-06
1.977974441537398663e-06
1.937113626198706449e-06
1.896889562930291879e-06
1.857284746742237107e-06
1.818290218809255604e-06
1.779886527738682650e-06
1.742062576536962982e-06
1.704819656622598344e-06
1.668136823835536404e-06
1.632004906914732702e-06
1.596417399692959334e-06
1.561351184532240295e-06
1.526817611852328782e-06
1.492803912563659904e-06
1.459293447434718481e-06
1.426291512617926974e-06
1.393789240239638999e-06
1.361777884382729358e-06
1.330252480206385494e-06
1.299202833781840626e-06
1.268642343632810254e-06
1.238551655272452334e-06
1.208922044385879099e-06
1.179765800684874783e-06
1.151063173922350913e-06
1.122820925378269309e-06
1.095033875396352398e-06
1.067686993909851556e-06
1.040800540142126308e-06
1.014353245942534952e-06
9.883379352120712103e-07
9.627709601606222485e-07
9.376317112707247252e-07
9.129307477295884603e-07
8.886612518094379224e-07
8.648041889163203612e-07
8.413863830206314469e-07
8.183863231748531310e-07
7.957985763753711093e-07
7.736381573652441232e-07
7.518812571539137617e-07
7.305412947868354914e-07
7.096083505988672851e-07
6.890665531175002038e-07
6.689447288077812336e-07
6.492149744293709191e-07
6.298762720594278339e-07
6.109407820601991290e-07
5.923830214293895500e-07
5.742217319446397255e-07
5.564453778337744945e-07
5.390319427410714353e-07
5.220140580902009657e-07
5.053627875683744256e-07
4.890790763026066688e-07
4.731713920676526421e-07
4.576154316320610545e-07
4.424300819180027157e-07
4.275991497205190747e-07
4.131061353011754090e-07
3.989823054427761369e-07
3.851930343706025549e-07
3.717445736465956606e-07
3.586427168854666896e-07
3.458594831613816723e-07
3.334189982606625264e-07
3.213031369601047441e-07
3.094944341351979375e-07
2.980229256632969298e-07
2.868563231335621850e-07
2.760019670161947652e-07
2.654627647365703917e-07
2.552129195330634773e-07
2.452775830059634863e-07
2.356350063952334618e-07
2.262705723636050235e-07
2.172105696374174360e-07
2.084220446427619913e-07
1.999150519309263728e-07
1.916860455805129628e-07
1.837107046816783596e-07
1.760126888254715473e-07
1.685680653771062963e-07
1.613627857375162737e-07
1.544161001052335105e-07
1.476956253853810295e-07
1.412102823415865459e-07
1.349519702154664148e-07
1.288966902851503924e-07
1.230650858919390751e-07
1.174320954530502124e-07
1.119881923388286290e-07
1.067467263385156006e-07
1.016779854813901892e-07
9.679214649125353727e-08
9.208091388023913144e-08
8.752525428581654371e-08
8.314454389977130069e-08
7.891830312364058500e-08
7.484259648994171799e-08
7.092710212932680012e-08
6.715068308718719744e-08
6.352542804756396934e-08
6.004469586714812494e-08
5.669350426747567235e-08
5.348503692441236868e-08
5.040198046924302834e-08
4.744554473550169747e-08
4.462035861558492019e-08
4.191206985377342751e-08
3.932836009251352294e-08
3.686342711604979148e-08
3.450766366081612421e-08
3.226838106637694995e-08
3.013143044762616636e-08
2.809778535488583305e-08
2.616870969868016654e-08
2.433558253632576358e-08
2.260118277704108302e-08
2.095942097576127653e-08
1.940447383890605471e-08
1.793799882453557441e-08
1.655020260939404970e-08
1.524317509329036166e-08
1.401594236027993783e-08
1.286100594622592019e-08
1.177676301977014014e-08
1.075913179173708234e-08
9.805123270317798694e-09
8.914729525169644134e-09
8.084038011790786634e-09
7.309638087877688196e-09
6.586892689825878044e-09
5.914201771947301794e-09
5.290295548403973671e-09
4.714005573256167379e-09
4.180774506507848035e-09
3.685405278256472902e-09
3.228547183592327768e-09
2.809347559169777338e-09
2.424082172784015439e-09
2.070702221610608601e-09
1.746634325509631692e-09
1.451868362928923719e-09
1.183274008889909417e-09
9.371612825840090560e-10
7.168491383433751494e-10
5.171407614247332082e-10
3.341256342534866688e-10
1.719678817670353407e-10
2.718426845637754996e-11
-1.027039929845973309e-10
-2.168473886993382178e-10
-3.181251900998174806e-10
-4.071054353166405881e-10
-4.846398085091754579e-10
-5.516660012427216024e-10
-6.092269611992069305e-10
-6.588168479942084390e-10
-6.994900358733282762e-10
-7.325072129655995222e-10
-7.600284556671816044e-10
-7.806143423400457220e-10
-7.960117426633469556e-10
-8.072580503172202088e-10
-8.125502282026648889e-10
-8.155023844658453295e-10
-8.144140167380598892e-10
-8.098218365493993540e-10
-8.029241254559354666e-10
-7.926496067810134812e-10
-7.812699671706079344e-10
-7.681662436537058240e-10
-7.530657325805763151e-10
-7.368229495854117568e-10
-7.190086817714061390e-10
-7.006264199763727908e-10
-6.817743193373070708e-10
-6.619710416485381019e-10
-6.417630143783226439e-10
-6.216018433502072446e-10
-6.011989108591658837e-10
-5.811741378165319789e-10
-5.607111134672177029e-10
-5.402424162720166245e-10
-5.203505383965379831e-10
-5.004982241505266954e-10
-4.812000253360626592e-10
-4.623678797141004205e-10
-4.438813056511496959e-10
-4.260143223342019682e-10
-4.080357853782977250e-10
-3.905179147688803384e-10
-3.737760621130203647e-10
-3.574706792233460471e-10
-3.413411222682410199e-10
-3.254626186362329270e-10
-3.103546424451537065e-10
-2.954674433963036458e-10
-2.811276803972588088e-10
-2.673132560999910380e-10
-2.539040451210560206e-10
-2.416185930233249395e-10
-2.291471041293638233e-10
-2.174853717776169455e-10
-2.070978197483198257e-10
-1.964020140407877859e-10
-1.867935512729193994e-10
-1.774008263992945844e-10
-1.682110372018972140e-10
-1.600982654766379044e-10
-1.512481131718476357e-10
-1.430851120403511267e-10
-1.355851841202292859e-10
-1.273630751936608544e-10
-1.204777095942764302e-10
-1.137256085137296465e-10
-1.070502815657466211e-10
-1.018394825731372571e-10
-9.612278629841816823e-11
-9.107682158128123653e-11
-8.668085953164799485e-11
-8.176568139988743943e-11
-7.747358431849607799e-11
-7.282533258928584874e-11
-6.824487309577057420e-11
-6.452757995463871534e-11
-6.032115608244359232e-11
-5.694404310477350779e-11
-5.416051753338126308e-11
-5.128661163378696137e-11
-4.891086898475197211e-11
-4.599716917577105624e-11
-4.291753743557034217e-11
-4.050080169811333978e-11
-3.761892614015912003e-11
-3.546446134868439316e-11
-3.375221181832283600e-11
-3.200040945080871268e-11
-3.063157151937876185e-11
-2.858430724037421859e-11
-2.636502507606423569e-11
-2.486315384895626138e-11
-2.328857941736685585e-11
-2.250462208913973802e-11
-2.169876100572981113e-11
-2.023080892772203661e-11
-1.901758886242542419e-11
-1.756749145833414025e-11
-1.665900746609995371e-11
-1.653353263457257312e-11
-1.552900200507921138e-11
-1.440687731261610757e-11
-1.329366903605350071e-11
-1.257367014840822234e-11
-1.258421589732833983e-11
-1.168513274657340137e-11
-1.058535006046695279e-11
-1.025373948501405487e-11
-9.872732557408786476e-12
-9.666858205339697675e-12
-8.893479962749987638e-12
-8.241838683437204676e-12
-8.487506399843685071e-12
-7.983911176493611444e-12
-7.252923239335123219e-12
-7.119381863649717405e-12
-6.829198136303633652e-12
-6.517921686295792164e-12
-5.985057721471490092e-12
-5.838520838163439771e-12
-5.976764812002941618e-12
-5.359373262090239724e-12
-5.296895047749531296e-12
-5.396123581893351919e-12
-4.771968301437944988e-12
-4.844795477244085596e-12
-4.631571769188733523e-12
-4.175171483063763652e-12
-4.440699895931541029e-12
-4.100953485946325197e-12
-4.041400261277121583e-12
-4.107797595541310053e-12
-3.733575646220791761e-12
-3.772318803655243615e-12
-3.541494640469804520e-12
-3.403999694796273272e-12
-3.491626289268031123e-12
-3.344176120403358728e-12
-3.306202527740207063e-12
-3.241248391793230983e-12
-3.034071841147610497e-12
-3.030677609061964746e-12
-2.987146527963086428e-12
-2.907119524019169745e-12
-2.961671766240506336e-12
-2.776839067736876797e-12
-2.714718664961329634e-12
-2.697710965179277963e-12
-2.639004946381627651e-12
-2.654560228479468279e-12
-2.538430650543665761e-12
-2.431387654096355973e-12
-2.476172563133563203e-12
-2.410560005243529588e-12
-2.379494715037570688e-12
-2.301591452280722054e-12
-2.232645790785197659e-12
-2.268555515558313728e-12
-2.197119774944220343e-12
-2.097831725591381171e-12
-2.104894940883186430e-12
-2.056336652979068949e-12
-2.008317339623155080e-12
-1.945513318184007678e-12
-1.912148282651585759e-12
-1.898649717645495205e-12
-1.807425896531185143e-12
-1.769357078346693770e-12
-1.755499631725382406e-12
-1.658104833516044461e-12
-1.637857833225516128e-12
-1.597527679367451061e-12
-1.518151041498786306e-12
-1.503007879026959034e-12
-1.438088950746578752e-12
-1.371643085065959014e-12
-1.348539563265541699e-12
-1.266271092887156958e-12
-1.232789816705562064e-12
-1.174986022351652579e-12
-1.110860751177894896e-12
-1.071940122672087822e-12
-1.000495212549712314e-12
-9.527276672004412941e-13
-8.979409263732005332e-13
-8.398830471065718920e-13
-7.837278771677438433e-13
-7.297447974760747714e-13
-6.685481509100427197e-13
-6.256706562310328797e-13
-5.659272040391494793e-13
-5.149311792605590193e-13
-4.640716210813210988e-13
-4.117189769083846356e-13
-3.659941376872852764e-13
-3.184152729256286494e-13
-2.699105118394202988e-13
-2.326511116004104980e-13
-1.890129167643930142e-13
-1.513225551971608831e-13
-1.168386773525778748e-13
-8.556804196987362369e-14
-5.867006297044309737e-14
-3.222291115301307811e-14
-8.897799404558426878e-15
7.772931408946287342e-15
2.607648885375630048e-14
3.635953162863318162e-14
4.458482580792432859e-14
5.151596754298304403e-14
5.221158422045222034e-14
5.093211495549368721e-14
4.854447793951125243e-14
4.171389098471549781e-14
3.576987223115238810e-14
2.587963128023144173e-14
1.533258086795517491e-14
4.891653158240256367e-15
-7.347138798414448673e-15
-1.826087333990006379e-14
-2.802044018300051426e-14
-3.745709339771516693e-14
-4.500514332327681388e-14
-5.118566567172576273e-14
-5.468874077624311101e-14
-5.640338007526845830e-14
-5.550420295413084093e-14
-5.239712910019068865e-14
-4.770185368756215513e-14
-4.126706162985487265e-14
-3.290321568603917734e-14
-2.444818340669015716e-14
-1.546804498379423269e-14
-7.147353599986185283e-15
6.576466474255051623e-16
7.142318477111796365e-15
1.164507541559812413e-14
1.388260802377604576e-14
1.433720446751187465e-14
1.304805695487278732e-14
9.814650708121106986e-15
5.260921476217310227e-15
3.655610650586747085e-16
-4.411646609789043238e-15
-8.819508249761390805e-15
-1.198984486470118097e-14
-1.325473011167053041e-14
-1.299118785721789661e-14
-1.117413843668337716e-14
-7.864864620773551209e-15
-3.796366962347404277e-15
1.996976785517915186e-16
3.898067700382059806e-15
6.286043790316943792e-15
7.122358245002039553e-15
6.541794920433518558e-15
4.423061460532543692e-15
1.557681039502719944e-15
-1.344998573191665180e-15
-3.665388817211896956e-15
-4.529097328654629144e-15
-3.952498271716271570e-15
-2.049800427436393968e-15
5.486964228414151295e-16
2.980120695273725534e-15
4.451443376943392558e-15
4.669947068573385896e-15
3.533142367869388483e-15
1.689005508881796990e-15
-1.815892862548137167e-16
-1.223502259882529193e-15
-1.064964731782714801e-15
2.100526038626511427e-16
1.945062255643404898e-15
3.358592909374375203e-15
3.651044284590966429e-15
2.812794268931043497e-15
1.319191478688409660e-15
1.925824985504145763e-16
1.506903556149800113e-16
1.143860271714791485e-15
2.414278556356916606e-15
3.105557739724410982e-15
2.735077198533240917e-15
1.702981627232313283e-15
8.632157837077862018e-16
9.480594371237182486e-16
1.859520725834252512e-15
2.696260184977299858e-15
2.666839086305713034e-15
1.872004255705315873e-15
1.207473290743434029e-15
1.440907261776626066e-15
2.222806679374028350e-15
2.599781324421155533e-15
2.150448353504971290e-15
1.514773566358412867e-15
1.596094020132720654e-15
2.229131438020400626e-15
2.451230763859676767e-15
1.968529919560867635e-15
1.606620612462296937e-15
1.975796347159775479e-15
2.386510181718996315e-15
2.098828278771626171e-15
1.736431816266140651e-15
1.991902939485215551e-15
2.320089300524716280e-15
2.037535516082901699e-15
1.817148661425761758e-15
2.148589843235787232e-15
2.221110654491894489e-15
1.900950773212417241e-15
2.015292852243915175e-15
2.235242168556295021e-15
1.983816653123714226e-15
1.994945881955204530e-15
2.209133150511412895e-15
2.002954708163981736e-15
2.035119062711721191e-15
2.176832727808124155e-15
1.994434154157240952e-15
2.099143688828839108e-15
2.122976640433893071e-15
2.005682073973758527e-15
2.157332203972681323e-15
2.031259734967791840e-15
2.106443093771475163e-15
2.089089517668701730e-15
2.064035554841104403e-15
2.117513449015671332e-15
2.053717993570030789e-15
2.119786052016939051e-15
2.060036025033956684e-15
2.113139810811735794e-15
2.069280435174465949e-15
2.106564600488219721e-15
2.076591201424506747e-15
2.102156178288428336e-15
2.081546550032024894e-15
2.099569771966750103e-15
2.084824337920331351e-15
2.098122442674131003e-15
2.087057806443304682e-15
2.097321731469273565e-15
2.088653441369728674e-15
2.096878762164657687e-15
2.089847383698319460e-15
2.096634300562593437e-15
2.090775445425513206e-15
2.096501205513267051e-15
2.091518105097426747e-15
2.096431047767803917e-15
2.092125331084468376e-15
2.096396307033613778e-15
2.092629764481018162e-15
2.096381016236845717e-15
2.093053777840726845e-15
2.096375771730070504e-15
2.093413367737526823e-15
2.096374999048047694e-15
2.093720386112250449e-15
2.096375408016464864e-15
2.093983873843359372e-15
2.096375093484324913e-15
2.094210891350336206e-15
2.096372997787124501e-15
2.094407056720528299e-15
2.096368582078507716e-15
2.094576907138379034e-15
2.096361621766893134e-15
2.094724149777831416e-15
2.096352077462082470e-15
2.094851841166445405e-15
2.096340012868581511e-15
2.094962518715323022e-15
2.096325542354380518e-15
2.095058299417857411e-15
2.096308797532926027e-15
2.095140955316724682e-15
2.096289906142141225e-15
2.095211972175829858e-15
2.096268978895019878e-15
2.095272595720909365e-15
2.096246101525004214e-15
2.095323868483326547e-15
2.096221330161956031e-15
2.095366659426914815e-15
2.096194688836991235e-15
2.095401687937335987e-15
2.096166168274235227e-15
2.095429543308532627e-15
2.096135725449247370e-15
2.095450700654495048e-15
2.096103283525996518e-15
2.095465533871507776e-15
2.096068731938039542e-15
2.095474326176844904e-15
2.096031926446172855e-15
2.095477278656675171e-15
2.095992689060725679e-15
2.095474517106730439e-15
2.095950807771424872e-15
2.095466097445141056e-15
2.095906036032192640e-15
2.095452009908984181e-15
2.095858091979429554e-15
2.095432182177817584e-15
2.095806657372319550e-15
2.095406481595985623e-15
2.095751376259665651e-15
2.095374716591332724e-15
2.095691853365179650e-15
2.095336637396033713e-15
2.095627652216352957e-15
2.095291936157660301e-15
2.095558293024149939e-15
2.095240246521186573e-15
2.095483250339772341e-15
2.095181142751961433e-15
