# xiplus_4_3
6.529744851760197616e-04
6.529194494793152731e-04
6.528616297838676572e-04
6.528012946303953304e-04
6.527379085067146506e-04
6.526717853549208114e-04
6.526023432540345275e-04
6.525299077240994446e-04
6.524538803360398469e-04
6.523745704348281153e-04
6.522913874770138462e-04
6.522046020984218796e-04
6.521136513626690518e-04
6.520187491521035016e-04
6.519193759122645770e-04
6.518156745998852095e-04
6.517071815037889541e-04
6.515939578296971830e-04
6.514756054142498663e-04
6.513520957912748762e-04
6.512231037827908827e-04
6.510885058619341262e-04
6.509480554409616520e-04
6.508015307671906205e-04
6.506487679994718337e-04
6.504894459620473189e-04
6.503234866124843168e-04
6.501504699127753049e-04
6.499704058723184330e-04
6.497827777383407503e-04
6.495876852975171652e-04
6.493845186746782143e-04
6.491734688689788663e-04
6.489538378001790233e-04
6.487259090275655218e-04
6.484889023990544768e-04
6.482431954582645438e-04
6.479879332228280497e-04
6.477235888404938398e-04
6.474492407268203414e-04
6.471654595149372788e-04
6.468712660842022323e-04
6.465673306945774260e-04
6.462526263976692406e-04
6.459279254001600631e-04
6.455921630147242862e-04
6.452462157126677075e-04
6.448889911881085148e-04
6.445214721938353607e-04
6.441425484976991914e-04
6.437533104149674402e-04
6.433526384631887063e-04
6.429417304777893232e-04
6.425194646532359508e-04
6.420871442340588941e-04
6.416436493924825056e-04
6.411903837050119152e-04
6.407262299886255742e-04
6.402526830921515368e-04
6.397686244200641347e-04
6.392756259796114832e-04
6.387725578928008744e-04
6.382610491444554255e-04
6.377399419452325479e-04
6.372108952257677901e-04
6.366726992979572335e-04
6.361270088426214083e-04
6.355725309484832513e-04
6.350108751547260113e-04
6.344406276512568185e-04
6.338633068639906243e-04
6.332773363894318415e-04
6.326840956413951967e-04
6.320818039581623535e-04
6.314716569325240980e-04
6.308516340339750429e-04
6.302227123485641940e-04
6.295826099171944988e-04
6.289320696011311889e-04
6.282685500097120058e-04
6.275925729036377831e-04
6.269013728723872841e-04
6.261953018604268090e-04
6.254714474122395835e-04
6.247300873023606434e-04
6.239682839554817678e-04
6.231863805722076110e-04
6.223815761138307709e-04
6.215544517020940964e-04
6.207025264424325013e-04
6.198267995413930245e-04
6.189252827759167104e-04
6.179995405526382849e-04
6.170481911791943610e-04
6.160734254890545478e-04
6.150744680605296387e-04
6.140540571386235305e-04
6.130118608081351703e-04
6.119509089360440461e-04
6.108709698829727737e-04
6.097749402245348322e-04
6.086622049169468493e-04
6.075350110691287711e-04
6.063918549232591004e-04
6.052338858362561790e-04
6.040583782165507253e-04
6.028652198036297876e-04
6.016505225189898963e-04
6.004132310312004089e-04
5.991488903782983023e-04
5.978563574653519321e-04
5.965316730404154714e-04
5.951747783578191335e-04
5.937833563651623856e-04
5.923593855282459223e-04
5.909027723916007941e-04
5.894175785136967572e-04
5.879053313432085160e-04
5.863708963068040708e-04
5.848155564825540786e-04
5.832427554719445345e-04
5.816513007086439443e-04
5.800414230370314018e-04
5.784085653510482932e-04
5.767501329529984427e-04
5.750600317196685176e-04
5.733359601953561804e-04
5.715741753637254259e-04
5.697764690484052874e-04
5.679441113663752372e-04
5.660835367421510446e-04
5.641988914531516613e-04
5.622965765286080551e-04
5.603774270205498119e-04
5.584419252340696053e-04
5.564841569429114596e-04
5.544994415617962059e-04
5.524805676714214216e-04
5.504265229885443086e-04
5.483379017983387813e-04
5.462227603622435076e-04
5.440880082550242402e-04
5.419418467548262975e-04
5.397842952680442482e-04
5.376124225530424985e-04
5.354165845287006545e-04
5.331915770701263014e-04
5.309352976664592555e-04
5.286564440830940435e-04
5.263647606554195963e-04
5.240702822707066612e-04
5.217713157043658368e-04
5.194609040921316888e-04
5.171277152866284683e-04
5.147715453819313699e-04
5.124003523605030665e-04
5.100298277378157406e-04
5.076649580446334362e-04
5.053004375535116287e-04
5.029218542719396780e-04
5.005272617402475996e-04
4.981270131428782886e-04
4.957386124448060405e-04
4.933620828707408791e-04
4.909849071410551718e-04
4.885950653832265905e-04
4.862042481266068894e-04
4.838291313075718226e-04
4.814718409077950825e-04
4.791123732446102572e-04
4.767458922893412000e-04
4.743886317250475024e-04
4.720546841070323249e-04
4.697256406154145495e-04
4.673885430314411076e-04
4.650579455567537750e-04
4.627499313005122776e-04
4.604422532338073846e-04
4.581246113997472567e-04
4.558173944083783154e-04
4.535248156957302702e-04
4.512175126315319095e-04
4.489069890418068425e-04
4.466095336651302000e-04
4.443012968291451667e-04
4.419779744227346398e-04
4.396668585344467835e-04
4.373398184459889007e-04
4.349989034605792151e-04
4.326649757220435563e-04
4.303115828945149979e-04
4.279496227181288034e-04
4.255923831002808013e-04
4.232096840112489745e-04
4.208386789210974942e-04
4.184510024479394974e-04
4.160641607747799973e-04
4.136776247367461037e-04
4.112830736827597896e-04
4.088984818007256592e-04
4.065047012749913881e-04
4.041225349741466109e-04
4.017333788947566992e-04
3.993533204208866245e-04
3.969677419381738444e-04
3.945870921366077594e-04
3.922004659771315474e-04
3.898142667717679165e-04
3.874205098898673896e-04
3.850235087053190423e-04
3.826178108248027253e-04
3.802071714126651226e-04
3.777884516384961825e-04
3.753656043152034643e-04
3.729372693126272635e-04
3.705074335937112370e-04
3.680754551769027769e-04
3.656445078726826953e-04
3.632134188106125264e-04
3.607837302054146800e-04
3.583530823263657793e-04
3.559214654896631280e-04
3.534859064210486867e-04
3.510461070968571933e-04
3.485999849028257463e-04
3.461485120699107866e-04
3.436915218580546263e-04
3.412315044802745573e-04
3.387693823919042148e-04
3.363074810083868118e-04
3.338456426988674190e-04
3.313841507630615373e-04
3.289208548138650525e-04
3.264545892472765169e-04
3.239832175648424081e-04
3.215069204052814445e-04
3.190259742838590638e-04
3.165427738434519974e-04
3.140586938255638229e-04
3.115752718123200181e-04
3.090915511426498550e-04
3.066063222851522448e-04
3.041172169898265134e-04
3.016237993581599545e-04
2.991264447536342392e-04
2.966275892381292005e-04
2.941286769958831272e-04
2.916303867959398120e-04
2.891308512367453355e-04
2.866283979824199492e-04
2.841219252692254137e-04
2.816130999330349939e-04
2.791038743402695114e-04
2.765956558781926082e-04
2.740869698948676983e-04
2.715760304426041564e-04
2.690619884976998364e-04
2.665469186397520962e-04
2.640326243480842824e-04
2.615192195091352485e-04
2.590043636444153770e-04
2.564873978033511449e-04
2.539698593344329246e-04
2.514540395188289324e-04
2.489389644309070236e-04
2.464227854248318824e-04
2.439056160283126337e-04
2.413901559036346113e-04
2.388765027920148178e-04
2.363628077034423216e-04
2.338488839191005264e-04
2.313374300333872883e-04
2.288282054722209826e-04
2.263194570085326333e-04
2.238121479828974656e-04
2.213085662683172874e-04
2.188068405375655668e-04
2.163066571310631183e-04
2.138104725020340414e-04
2.113178360294056804e-04
2.088270657232697066e-04
2.063410682436655423e-04
2.038593732086608080e-04
2.013808840729385268e-04
1.989078689280161403e-04
1.964397649496499765e-04
1.939761452549546310e-04
1.915193212205162985e-04
1.890673572351755070e-04
1.866222187979654258e-04
1.841835768628242542e-04
1.817519331264894230e-04
1.793276802739205138e-04
1.769110316061101452e-04
1.745027524476895685e-04
1.721024765790638239e-04
1.697117628684343728e-04
1.673295280159539276e-04
1.649577420503872010e-04
1.625956790960473512e-04
1.602443050844321699e-04
1.579039743488481410e-04
1.555750178314005004e-04
1.532579291045590086e-04
1.509533912498934888e-04
1.486613424974854425e-04
1.463829387764204468e-04
1.441181055564002818e-04
1.418674658230409228e-04
1.396315576595188014e-04
1.374106218443671781e-04
1.352052684818818586e-04
1.330159391823027015e-04
1.308427766124146952e-04
1.286865447482429413e-04
1.265472526283670577e-04
1.244254243762059450e-04
1.223215149356546056e-04
1.202357353719409700e-04
1.181685577277475144e-04
1.161203462974368859e-04
1.140913503906175648e-04
1.120822072949184694e-04
1.100930462534675184e-04
1.081243489054939708e-04
1.061765126928760630e-04
1.042497583095896386e-04
1.023444540394259243e-04
1.004608728509281696e-04
9.859915293794153577e-05
9.675965768224511696e-05
9.494242833986615349e-05
9.314773854470959524e-05
9.137580092134180620e-05
8.962676515554238610e-05
8.790088901617848570e-05
8.619841908237557693e-05
8.451953324591107253e-05
8.286453605217589905e-05
8.123350810445122681e-05
7.962659089857915783e-05
7.804387144786845468e-05
7.648541096257866173e-05
7.495123364570207755e-05
7.344132252509453953e-05
7.195569095134202457e-05
7.049447852274155248e-05
6.905769639983582809e-05
6.764542708991321993e-05
6.625771724105941791e-05
6.489453602978665758e-05
6.355579429234403915e-05
6.224131646654891895e-05
6.095096752654425155e-05
5.968471761820894251e-05
5.844248023353821204e-05
5.722424688391207660e-05
5.602991203579180053e-05
5.485922679452095264e-05
5.371193041961909063e-05
5.258781640229948616e-05
5.148669326592348358e-05
5.040848618756390480e-05
4.935300941504080911e-05
4.831998458678564640e-05
4.730905775421823442e-05
4.631988928540609144e-05
4.535222485034136466e-05
4.440589269547313799e-05
4.348066398870654374e-05
4.257619338637429055e-05
4.169199703656546204e-05
4.082774534244280846e-05
3.998320410852935363e-05
3.915808983954935385e-05
3.835198206532502963e-05
3.756445117113851623e-05
3.679516481103870012e-05
3.604384891786098174e-05
3.531007657748226939e-05
3.459338028210498560e-05
3.389341562991853230e-05
3.320991198000878387e-05
3.254241486843465121e-05
3.189044491971626424e-05
3.125368262606215586e-05
3.063183719965617725e-05
3.002443812136840401e-05
2.943107570651706779e-05
2.885144105399138278e-05
2.828511631664884919e-05
2.773168336876331960e-05
2.719086192250557590e-05
2.666221694599780421e-05
2.614539444313973573e-05
2.564011137132163811e-05
2.514593161817327521e-05
2.466250225087607357e-05
2.418957529660225206e-05
2.372673718245683173e-05
2.327373112736788206e-05
2.283015719563722735e-05
2.239576762373239203e-05
2.197026066877090882e-05
2.155333354618881581e-05
2.114475579722114679e-05
2.074417111203117397e-05
2.035137590207908886e-05
1.996609915997939302e-05
1.958810283923426935e-05
1.921709273323116122e-05
1.885287863176756732e-05
1.849521565189937502e-05
1.814393002627340308e-05
1.779878374095326152e-05
1.745959625633298015e-05
1.712616776995212083e-05
1.679832251863955255e-05
1.647589433618709166e-05
1.615872559344899264e-05
1.584666806683901857e-05
1.553954960443781861e-05
1.523723159027929389e-05
1.493960690438599178e-05
1.464654575589404278e-05
1.435791357432687902e-05
1.407359050377157606e-05
1.379346947285917639e-05
1.351749315738999368e-05
1.324553522802904472e-05
1.297749110855336682e-05
1.271331078468815249e-05
1.245290557058862131e-05
1.219621815736659154e-05
1.194314778228270906e-05
1.169361471358921947e-05
1.144761867025380120e-05
1.120507665225603359e-05
1.096593610789222736e-05
1.073017159865294115e-05
1.049770266851606269e-05
1.026851356892606293e-05
1.004254623459115339e-05
9.819728620773833454e-06
9.600119312267979584e-06
9.383639628366075361e-06
9.170253693307384602e-06
8.959973885241214448e-06
8.752716107941185055e-06
8.548523322744129541e-06
8.347335633691776554e-06
8.149074204778695662e-06
7.953844625732874472e-06
7.761544309486293305e-06
7.572178176534774815e-06
7.385756951015193111e-06
7.202186117718027060e-06
7.021564332262866122e-06
6.843812760500440760e-06
6.668852434864068307e-06
6.496803553629385151e-06
6.327559401944930256e-06
6.161153720512948143e-06
5.997576715857871048e-06
5.836713800159929599e-06
5.678692760457958888e-06
5.523423159865205372e-06
5.370837284865587664e-06
5.221072832144971802e-06
5.073995468867372866e-06
4.929642695551120046e-06
4.787992260633987247e-06
4.648942663437826184e-06
4.512658391146532839e-06
4.378997847867969321e-06
4.247893115650643415e-06
4.119493087457953576e-06
3.993641055514269841e-06
3.870409701189559800e-06
3.749745827044420287e-06
3.631532308654282311e-06
3.515962879534529466e-06
3.402872510164997442e-06
3.292200205429741962e-06
3.184088163512773926e-06
3.078360062074577232e-06
2.975111414500136332e-06
2.874275620681457302e-06
2.775721823354563781e-06
2.679654455889408316e-06
2.585886633601775184e-06
2.494384823286945856e-06
2.405271303652386741e-06
2.318345780929312400e-06
2.233721033226531188e-06
2.151329654865380366e-06
2.071025331433969960e-06
1.993012893982718615e-06
1.917091470817906034e-06
1.843250292371956405e-06
1.771580413295487975e-06
1.701879820222504569e-06
1.634275023116413342e-06
1.568687830458205030e-06
1.504982752432760883e-06
1.443349637433535362e-06
1.383591198458783559e-06
1.325722584971753723e-06
1.269795390862301042e-06
1.215642964189880068e-06
1.163377439561142976e-06
1.112908866223150347e-06
1.064127438745299960e-06
1.017184443761908654e-06
9.718814340179667916e-07
9.282382714582688396e-07
8.862605473624135504e-07
8.457822693344996297e-07
8.068874324596647657e-07
7.694537791206629617e-07
7.333547623423882418e-07
6.986717908131970816e-07
6.652110863492906400e-07
6.329701459100326433e-07
6.019153112713929199e-07
5.719031843610925691e-07
5.429989810839046894e-07
5.150942380097696876e-07
4.881160381723302100e-07
4.621358412898017701e-07
4.370207439511584696e-07
4.128086865720144783e-07
3.894925246686911921e-07
3.669928271497425778e-07
3.453843423536015941e-07
3.246020129652612512e-07
3.046212761426652370e-07
2.854989560795349448e-07
2.671471709672545150e-07
2.496070815556828053e-07
2.328697524129335584e-07
2.168762159800780815e-07
2.016698180163699243e-07
1.871980308331289108e-07
1.734448890399165302e-07
1.604247397917336486e-07
1.480733408196270848e-07
1.364038571613955826e-07
1.253945380933286681e-07
1.150031719168033017e-07
1.052375910931979146e-07
9.605641458237231773e-08
8.744413115205309205e-08
7.938373431882494098e-08
7.183657424175642464e-08
6.479174046237609392e-08
5.822715537934245041e-08
5.211777938888437643e-08
4.644555007746133503e-08
4.118173127441038009e-08
3.631213010614831897e-08
3.180772811431517811e-08
2.765137793325774309e-08
2.382332723206933514e-08
2.030973578894339079e-08
1.709642972585207026e-08
1.415144220201023663e-08
1.146510300651731486e-08
9.022317104587078625e-09
6.799794313549299780e-09
4.797826208466875367e-09
2.983480256129862665e-09
1.345560619709849159e-09
-1.148225708702402824e-10
-1.423456303210350227e-09
-2.575936540363067347e-09
-3.592522383258652144e-09
-4.495492168143307194e-09
-5.275506005514919934e-09
-5.956376936947119631e-09
-6.540659850587589803e-09
-7.031772328849712967e-09
-7.453970961107611169e-09
-7.791874997322065053e-09
-8.063899713954126390e-09
-8.284212381856590475e-09
-8.439685752676271455e-09
-8.552252440433037141e-09
-8.619519617745956810e-09
-8.640626760400765918e-09
-8.635176905402383788e-09
-8.593911520618810818e-09
-8.526474537532336376e-09
-8.433999778466534411e-09
-8.314623764583052269e-09
-8.185435836982447909e-09
-8.037773412806217815e-09
-7.872792504347668366e-09
-7.699567487361754485e-09
-7.510265778163686934e-09
-7.317071522224399915e-09
-7.121955522233134104e-09
-6.915613194639750158e-09
-6.708274557165636765e-09
-6.499597819192896695e-09
-6.287913166281864413e-09
-6.078166421752592736e-09
-5.866709914252753607e-09
-5.657355405785576423e-09
-5.449003167512022241e-09
-5.244150976141296072e-09
-5.044458423341015337e-09
-4.846234074924760251e-09
-4.654287536023805521e-09
-4.465312452522692538e-09
-4.279203590051818249e-09
-4.097568125518295416e-09
-3.922593501610997187e-09
-3.753383949827617769e-09
-3.588997949586641802e-09
-3.427490419293050430e-09
-3.270460673846486817e-09
-3.121839292161877463e-09
-2.975695834407470393e-09
-2.834069753341431073e-09
-2.699943472661085148e-09
-2.571859041946973175e-09
-2.447217695503522543e-09
-2.326278673743705741e-09
-2.211638377726263971e-09
-2.101234222750322155e-09
-1.996754486160691335e-09
-1.893265931892609387e-09
-1.795361093692902958e-09
-1.706403000800283952e-09
-1.615193474379983002e-09
-1.531959149890085574e-09
-1.453133125380750708e-09
-1.371877451063067125e-09
-1.302784058536435236e-09
-1.231657619365801876e-09
-1.162849066427206927e-09
-1.105211185345581747e-09
-1.041805766669411567e-09
-9.861060244762360543e-10
-9.327015378502875895e-10
-8.776372440786833505e-10
-8.329137610984872409e-10
-7.838802486993329983e-10
-7.388179484478741694e-10
-7.005883364501808766e-10
-6.571657369397047682e-10
-6.205776434051354934e-10
-5.841781365585755796e-10
-5.483920517281906491e-10
-5.199536056350670673e-10
-4.877259763295199428e-10
-4.587524058904306207e-10
-4.342854676880202514e-10
-4.072330705307513156e-10
-3.850377272953841115e-10
-3.620994219768415386e-10
-3.398058770845015712e-10
-3.222732499400359886e-10
-3.018208213217146061e-10
-2.838930814579677218e-10
-2.682048911855495114e-10
-2.504442854442573829e-10
-2.364492250571973746e-10
-2.215665005250795052e-10
-2.066654200046935921e-10
-1.966210514075030918e-10
-1.837409821755039333e-10
-1.726430400173421596e-10
-1.636528579637220365e-10
-1.525923822634004715e-10
-1.443419653856490817e-10
-1.342276605304889741e-10
-1.244291475980045716e-10
-1.188378915697619583e-10
-1.096365381176249285e-10
-1.029291429138451486e-10
-9.774570108222199036e-11
-9.072911258339519376e-11
-8.714662372932144944e-11
-8.110442810782982358e-11
-7.501859052928263354e-11
-7.256846048991730269e-11
-6.628687300591432438e-11
-6.282750742618492579e-11
-6.006213786934067376e-11
-5.528830154817936324e-11
-5.364868332691729345e-11
-4.941446569222983683e-11
-4.491170786585648876e-11
-4.361239340856390798e-11
-3.926145909389463249e-11
-3.793675023620232691e-11
-3.655979312458879778e-11
-3.307990995550927988e-11
-3.239347722671611930e-11
-2.977611009003489023e-11
-2.782092527680706246e-11
-2.836857685611161959e-11
-2.568151379637092628e-11
-2.430914386956386491e-11
-2.249055435174035874e-11
-2.026849056446798114e-11
-2.053143588676334685e-11
-1.848894057606504886e-11
-1.671536260154132492e-11
-1.691661482430800981e-11
-1.569496687814979223e-11
-1.576945804374971971e-11
-1.465394211029854086e-11
-1.312163916754038441e-11
-1.350502506678332442e-11
-1.204214688856023568e-11
-1.080644174373597967e-11
-1.097911000114090709e-11
-1.023186412967581526e-11
-1.033869491037452776e-11
-9.722925258452438597e-12
-9.083420465416356867e-12
-9.297787890337994582e-12
-7.994949672068757657e-12
-7.765953690008197563e-12
-8.195814560026050008e-12
-7.374931864266238437e-12
-7.636528764003856024e-12
-7.067612522571635471e-12
-6.047296214861668226e-12
-6.409257130561466910e-12
-5.944054132115323073e-12
-6.115782213305921185e-12
-6.293975290293675202e-12
-5.443367965562697301e-12
-5.310151466792301977e-12
-5.013195094388089346e-12
-4.999836788346582595e-12
-5.309645973674328157e-12
-4.781498760289971984e-12
-4.525675442038166841e-12
-4.572946090449018418e-12
-4.483824181371012286e-12
-4.504786355214135562e-12
-4.197634903786070851e-12
-4.068873786332544399e-12
-4.409664842606017071e-12
-4.076336787373535211e-12
-3.713162763080026358e-12
-3.659975452784429407e-12
-3.724328257897341648e-12
-3.701364768672596028e-12
-3.429770692119196895e-12
-3.469258593628727061e-12
-3.621021749424545689e-12
-3.327843026885567712e-12
-3.331171198676284957e-12
-3.297782004879345424e-12
-3.004049949542713191e-12
-3.095600206597615559e-12
-3.112349051153330918e-12
-2.874261763178363349e-12
-2.929968562334527792e-12
-2.859060468640488441e-12
-2.742386952371660755e-12
-2.782428657669917440e-12
-2.640505922133720318e-12
-2.620589805504285302e-12
-2.472681605203319903e-12
-2.362583556659854311e-12
-2.415329545466648074e-12
-2.312858361291640754e-12
-2.319541641768658045e-12
-2.177924026970608746e-12
-2.070881454497591205e-12
-2.030969048593784109e-12
-1.982230834205085776e-12
-1.900711996431027697e-12
-1.860501979011947875e-12
-1.742180228429071053e-12
-1.692139231491699770e-12
-1.578321595155308164e-12
-1.504007125705210172e-12
-1.478954785833832681e-12
-1.401905673396240134e-12
-1.295709654837836029e-12
-1.199631173950895958e-12
-1.148968348826369204e-12
-1.092525079230520504e-12
-9.964721116242171765e-13
-8.999722853083531187e-13
-8.390621809345790367e-13
-7.721739350557705325e-13
-7.168873985167368249e-13
-6.295452347908749018e-13
-5.396862189146318972e-13
-5.062786485709112645e-13
-4.378630133922136356e-13
-3.492236743880526020e-13
-3.079486748834429694e-13
-2.617419410824422009e-13
-2.057240426227440628e-13
-1.431317523000718383e-13
-1.137047660446430123e-13
-7.657206234026493108e-14
-2.515674956589908458e-14
-1.180455068769136106e-14
1.501054115649892263e-14
4.864958848858799226e-14
5.674075916424366974e-14
6.832254137146943430e-14
8.266283130117405497e-14
7.269180034379801020e-14
8.243152589216892272e-14
7.502698131414047132e-14
6.607026151374361970e-14
5.771424349888222571e-14
4.157870698744388129e-14
3.275285060097607062e-14
1.505999755394827389e-14
-9.955832329383710974e-16
-1.670030448527597392e-14
-2.835829849523029335e-14
-4.136562886425446514e-14
-5.354923083128791096e-14
-6.046572610694669929e-14
-6.452393178791450394e-14
-6.807473183070349566e-14
-6.691520578848869447e-14
-6.129897291967728970e-14
-5.582827248095071843e-14
-4.708702991715027733e-14
-3.504188251772980672e-14
-2.375963349510189091e-14
-1.200843144546230868e-14
3.992128203161545634e-16
1.031976232876995035e-14
1.924094961335570983e-14
2.572797456541222933e-14
2.842395352389621091e-14
2.948427075926089297e-14
2.747369317864693587e-14
2.314710248290669263e-14
1.710863832538512246e-14
1.017535778320954069e-14
3.903906179549044373e-15
-2.508207722955542129e-15
-6.319412749580934376e-15
-8.555098127783240172e-15
-7.821473486306406345e-15
-5.579942015233885562e-15
-8.854034879312663260e-16
4.586307775363040669e-15
1.021184194502697307e-14
1.508009475296698554e-14
1.853424417310028847e-14
1.952717892563516133e-14
1.885130104237057660e-14
1.582711465282171215e-14
1.196498680457668874e-14
7.981958310781949247e-15
4.922518952500799073e-15
3.655398456231678191e-15
4.551367447699374837e-15
7.020505622952915577e-15
1.064916455056644437e-14
1.387591951180037559e-14
1.598147946775914160e-14
1.626988176128604414e-14
1.474819344234396815e-14
1.216176267063410705e-14
9.674135310851734609e-15
8.162748338083199607e-15
8.466320116757296393e-15
1.015198509446044874e-14
1.257081140704460144e-14
1.447905847784524628e-14
1.489659077941278457e-14
1.369969052417148529e-14
1.172523325043251905e-14
1.014589750986145227e-14
1.013227795266525513e-14
1.142510335564961157e-14
1.320853540889509134e-14
1.414117762055675870e-14
1.365207694654977061e-14
1.220693816372822591e-14
1.109528767109950734e-14
1.117674022673509188e-14
1.246305077823900322e-14
1.357447352508560327e-14
1.355223002049472990e-14
1.245017002519961348e-14
1.156636334993692254e-14
1.185775628769857986e-14
1.295470966895527708e-14
1.344205097664632569e-14
1.285448278585608770e-14
1.196344619913880989e-14
1.209322829557685670e-14
1.294389143884390021e-14
1.326055632704016325e-14
1.258555927892310021e-14
1.211115074067637669e-14
1.259415620947140266e-14
1.317422255432536937e-14
1.276724310116738930e-14
1.228313284641009119e-14
1.262163189857479696e-14
1.308203294418623038e-14
1.268289729364372323e-14
1.239613102672716317e-14
1.283354745206020582e-14
1.294921779953602497e-14
1.249540567708242874e-14
1.266672155988272772e-14
1.295427519373680218e-14
1.262225103220901185e-14
1.262666262724727172e-14
1.293029777189535183e-14
1.263744273014885490e-14
1.269255035465679173e-14
1.287552817705870838e-14
1.263635448033995991e-14
1.277009532898509478e-14
1.281150750240763765e-14
1.264279836619789372e-14
1.285824104903254204e-14
1.267796635159030519e-14
1.278855182102485848e-14
1.275720553431113638e-14
1.273040082614952751e-14
1.279629746790546440e-14
1.271606348944964680e-14
1.279965627268561866e-14
1.272445565338574612e-14
1.279080559592402677e-14
1.273685887734514883e-14
1.278202373469416287e-14
1.274663358756977155e-14
1.277617625882826462e-14
1.275320081541225525e-14
1.277279521935114502e-14
1.275748398642824850e-14
1.277094996567862764e-14
1.276034617670205483e-14
1.276996933500268255e-14
1.276234113034578339e-14
1.276945976176781034e-14
1.276379013189805599e-14
1.276920443001093370e-14
1.276487752975460087e-14
1.276908475308551065e-14
1.276571213157669721e-14
1.276903482615292639e-14
1.276636107287094177e-14
1.276901713545891183e-14
1.276686779951131282e-14
1.276900979378351932e-14
1.276726169220777358e-14
1.276899973214499235e-14
1.276756336969643106e-14
1.276897896791315491e-14
1.276778772448097879e-14
1.276894249427213295e-14
1.276794573270238297e-14
1.276888704906698467e-14
1.276804557712535347e-14
1.276881037566617335e-14
1.276809336994533170e-14
1.276871076745621608e-14
1.276809363375486560e-14
1.276858677993494823e-14
1.276804963048615579e-14
1.276843704446146064e-14
1.276796359162388067e-14
1.276826014429787643e-14
1.276783688183617965e-14
1.276805452961060765e-14
1.276767011647994036e-14
1.276781845658176822e-14
1.276746324580448075e-14
1.276754994150929737e-14
1.276721561464087819e-14
1.276724672383404932e-14
1.276692600329030107e-14
1.276690623419018035e-14
1.276659265372232396e-14
1.276652556486534974e-14
1.276621328379811186e-14
1.276610144080857163e-14
1.276578509159371085e-14
1.276563019001305712e-14
1.276530475120837251e-14
1.276510771228729360e-14
1.276476840111505848e-14
1.276452944588222739e-14
1.276417162585630674e-14
1.276389033141140544e-14
1.276350943153967811e-14
1.276318477271226786e-14
1.276277621565803639e-14
1.276240659445653052e-14
1.276196573147773700e-14
1.276154899621855369e-14
1.276107104730290696e-14
1.276060450291714678e-14
1.276008450077533790e-14
1.275956491153444185e-14
1.275899764844775019e-14
1.275842123415774438e-14
1.275780121088781299e-14
1.275716363733579283e-14
1.275648501352908527e-14
1.275578137800373829e-14
1.275503792364664469e-14
1.275426273616459476e-14
1.275344778387604459e-14
1.275259494484188852e-14
1.275170134288519947e-14
1.275076411781228419e-14
1.274978418391628291e-14
