# xiplus_4_4
9.104776032253003625e-04
9.103701971822780736e-04
9.102904035537009953e-04
9.101750466743092124e-04
9.100852656932244050e-04
9.099611125470783574e-04
9.098605717568916890e-04
9.097267193774956394e-04
9.096145795679421364e-04
9.094700645681327465e-04
9.093454178186086926e-04
9.091892139664599186e-04
9.090510821419015919e-04
9.088820985436243949e-04
9.087294324135823101e-04
9.085465124807843565e-04
9.083781916646607550e-04
9.081801130767852082e-04
9.079949470473935988e-04
9.077804229513927259e-04
9.075771533657615115e-04
9.073448350930634178e-04
9.071221397513050443e-04
9.068706213649399116e-04
9.066271201328558304e-04
9.063549451508392694e-04
9.060892082086384859e-04
9.057948788739436955e-04
9.055054376766039689e-04
9.051874271612176445e-04
9.048727884998664529e-04
9.045295564270159532e-04
9.041882199709407649e-04
9.038182316123186512e-04
9.034487112650716346e-04
9.030504607123940927e-04
9.026513100335910051e-04
9.022233475302432557e-04
9.017931893375353593e-04
9.013341527903555089e-04
9.008717128476478007e-04
9.003803632872974839e-04
8.998845076917405279e-04
8.993597681085259681e-04
8.988295435893000609e-04
8.982705401110946874e-04
8.977052159316988977e-04
8.971113197249468455e-04
8.965104292273996019e-04
8.958812967794079710e-04
8.952446758164476267e-04
8.945802844019803361e-04
8.939081029918679710e-04
8.932087771656152184e-04
8.925015597060857037e-04
8.917679836497261403e-04
8.910266120256799764e-04
8.902598216161622738e-04
8.894855146507066801e-04
8.886868623605182491e-04
8.878811244914031672e-04
8.870522099155587212e-04
8.862167419919147419e-04
8.853593012316309527e-04
8.844958672819232606e-04
8.836116159959760911e-04
8.827218621413194296e-04
8.818122902622964505e-04
8.808975161119308138e-04
8.799636374745107778e-04
8.790245267770961787e-04
8.780665945970508954e-04
8.771029208944661985e-04
8.761201302710148759e-04
8.751304647054909984e-04
8.741206757057566872e-04
8.731021371972308475e-04
8.720616653944497556e-04
8.710097663730503696e-04
8.699332995632316767e-04
8.688419502189446237e-04
8.677226565829520948e-04
8.665843925553904249e-04
8.654142814066092832e-04
8.642207680028383705e-04
8.629913430625696900e-04
8.617341769613957999e-04
8.604373777207825237e-04
8.591091496081769115e-04
8.577385055085621265e-04
8.563340037535889558e-04
8.548858321819138720e-04
8.534031672576486774e-04
8.518775449285157387e-04
8.503188796278483971e-04
8.487200390504065365e-04
8.470915605479250373e-04
8.454273568909381840e-04
8.437381774888752864e-04
8.420183931818760962e-04
8.402782715641890715e-04
8.385118209240358979e-04
8.367279801056459482e-04
8.349195388203198981e-04
8.330933727512445037e-04
8.312404849577793549e-04
8.293654273940644604e-04
8.274575038354424180e-04
8.255194861548783257e-04
8.235399615090852185e-04
8.215213602233111109e-04
8.194533151272025877e-04
8.173398813587187976e-04
8.151736399942782589e-04
8.129618706476658989e-04
8.107010624721127040e-04
8.084018049095247072e-04
8.060634793008917111e-04
8.036978582270467479e-04
8.013040925552353646e-04
7.988914310586541900e-04
7.964550606949047807e-04
7.939987239660456107e-04
7.915121502773798078e-04
7.889942268842529234e-04
7.864322644130605604e-04
7.838255027030673625e-04
7.811653102540960748e-04
7.784576226966896531e-04
7.757022963917048746e-04
7.729128801494697474e-04
7.700941394938314467e-04
7.672594330656876474e-04
7.644080973137661527e-04
7.615434779737615323e-04
7.586537310642692093e-04
7.557334470225919804e-04
7.527686836968991305e-04
7.497600071689086189e-04
7.467065501445671388e-04
7.436238584708366323e-04
7.405216350382767994e-04
7.374155067363941107e-04
7.343036930294199365e-04
7.311830743858956051e-04
7.280357409303637528e-04
7.248546009844459475e-04
7.216343066863768925e-04
7.183907747894380767e-04
7.151383860751627615e-04
7.118950906750389157e-04
7.086561290902102005e-04
7.054108942593960907e-04
7.021384764931196381e-04
6.988393314477799566e-04
6.955246654081960900e-04
6.922212553262393434e-04
6.889352762412673855e-04
6.856582756945461994e-04
6.823639956534965651e-04
6.790494176979336785e-04
6.757295648415680709e-04
6.724337344484793057e-04
6.691597002383479998e-04
6.658865679886941374e-04
6.625920493989675975e-04
6.592956062511803970e-04
6.560229258904510348e-04
6.527775401942134724e-04
6.495240922717010869e-04
6.462546060368308228e-04
6.429944312929384599e-04
6.397673684316066908e-04
6.365412756378463315e-04
6.332950835889090968e-04
6.300520371650114972e-04
6.268398571667913423e-04
6.236208058121711899e-04
6.203789411189379772e-04
6.171481039386343724e-04
6.139369187700219072e-04
6.106965988269108915e-04
6.074482137092918153e-04
6.042194406154045372e-04
6.009725040610606507e-04
5.977008415171382533e-04
5.944519761089024374e-04
5.911794962510852000e-04
5.878885395950724608e-04
5.846141261447677104e-04
5.813133498250482381e-04
5.780040817108530538e-04
5.747090846509021354e-04
5.713770531892939809e-04
5.680698911886358391e-04
5.647387301107368012e-04
5.614121394951380540e-04
5.580873334244436249e-04
5.547495514400333904e-04
5.514269067723677389e-04
5.480867838449903634e-04
5.447625030438478554e-04
5.414230131611217928e-04
5.380946278154791033e-04
5.347538640017329052e-04
5.314185824837643199e-04
5.280723104082896569e-04
5.247267973732823009e-04
5.213707382503462214e-04
5.180123454573343830e-04
5.146440505185824552e-04
5.112723024922099981e-04
5.078922453478822239e-04
5.045094079037078716e-04
5.011206842010145022e-04
4.977307472864510828e-04
4.943372164928844584e-04
4.909435618067672100e-04
4.875472691318155877e-04
4.841503892336042553e-04
4.807499957256880876e-04
4.773470993962981943e-04
4.739388588779804294e-04
4.705262013859569836e-04
4.671072425358916780e-04
4.636836803638679991e-04
4.602549307879875940e-04
4.568233470531196682e-04
4.533888586513069472e-04
4.499533366678102274e-04
4.465159275307691261e-04
4.430771138952350400e-04
4.396350174763069833e-04
4.361894266964337955e-04
4.327388305492183246e-04
4.292839945409534738e-04
4.258249664460443348e-04
4.223636537715613911e-04
4.189005438180514536e-04
4.154367332082107645e-04
4.119712441570707174e-04
4.085035950386713328e-04
4.050322522545342038e-04
4.015574184797590694e-04
3.980793206399911967e-04
3.945997214447908782e-04
3.911192588137436506e-04
3.876384358199060336e-04
3.841559639473364051e-04
3.806711453032631974e-04
3.771834053608266214e-04
3.736940763688543186e-04
3.702042687692410836e-04
3.667149485912205736e-04
3.632251671608523321e-04
3.597341270974934000e-04
3.562414180826609729e-04
3.527485001024568468e-04
3.492564051205342243e-04
3.457653794133888842e-04
3.422741675818583799e-04
3.387827042941292388e-04
3.352919676067377748e-04
3.318034254794110160e-04
3.283165585708167620e-04
3.248305874260739483e-04
3.213457630050617548e-04
3.178638548001331177e-04
3.143850106694512500e-04
3.109084439799783637e-04
3.074342502884661521e-04
3.039642047440415914e-04
3.004983337597145901e-04
2.970359619382760140e-04
2.935778728706185019e-04
2.901255952362005166e-04
2.866782561920713638e-04
2.832360197037900014e-04
2.798005769401881401e-04
2.763719101785100623e-04
2.729492206905963095e-04
2.695345934049514090e-04
2.661282040119287398e-04
2.627295549512764588e-04
2.593402108522930303e-04
2.559604139852233898e-04
2.525900033015921462e-04
2.492307022896342946e-04
2.458819149973600921e-04
2.425447734796270008e-04
2.392198403273011937e-04
2.359075893790324658e-04
2.326083939419251213e-04
2.293232095411249297e-04
2.260523326270693311e-04
2.227962157468111899e-04
2.195561270005150136e-04
2.163315886958988587e-04
2.131244160870497716e-04
2.099343344480473811e-04
2.067622295489340162e-04
2.036088809508426083e-04
2.004745315647914704e-04
1.973600071741072768e-04
1.942660757524485710e-04
1.911928491346554068e-04
1.881415603895799954e-04
1.851123320352313941e-04
1.821058751050681139e-04
1.791229256222499466e-04
1.761637828990051877e-04
1.732292566661543178e-04
1.703198949429963853e-04
1.674359843290712806e-04
1.645783963621708090e-04
1.617473068022783880e-04
1.589432806364163265e-04
1.561668757520108758e-04
1.534183947673889447e-04
1.506983557312217684e-04
1.480071184271788650e-04
1.453449991290334373e-04
1.427126202027618129e-04
1.401100886330232690e-04
1.375379270079640380e-04
1.349965780500509880e-04
1.324862719026501806e-04
1.300074505058815321e-04
1.275604390669175673e-04
1.251454084894918341e-04
1.227627643126764099e-04
1.204125778729629265e-04
1.180950785363678524e-04
1.158104194779322388e-04
1.135586648296778815e-04
1.113399967039349473e-04
1.091545952666498476e-04
1.070025769449636766e-04
1.048841919017454377e-04
1.027994930420483263e-04
1.007485948884915812e-04
9.873152088391869401e-05
9.674821983951950252e-05
9.479859685740888375e-05
9.288250480763018220e-05
9.099982022814645792e-05
8.915056208443803375e-05
8.733464953393521059e-05
8.555207800233488038e-05
8.380277607190558678e-05
8.208657827898291272e-05
8.040322663957229883e-05
7.875237538250163399e-05
7.713373783919547100e-05
7.554716432295460336e-05
7.399245964602956362e-05
7.246949638698599956e-05
7.097797028469184782e-05
6.951740176955010250e-05
6.808728509449849225e-05
6.668723034139079791e-05
6.531694867343464518e-05
6.397627164279801645e-05
6.266483556213378733e-05
6.138208825805363251e-05
6.012738721242406648e-05
5.890024950174471951e-05
5.770037457869159114e-05
5.652751189042904778e-05
5.538117088799021800e-05
5.426069542222379299e-05
5.316542064308164264e-05
5.209499640929061374e-05
5.104908155185006299e-05
5.002710896251718486e-05
4.902836997973238976e-05
4.805235390019967290e-05
4.709869176039884999e-05
4.616692851575457705e-05
4.525639870455691361e-05
4.436655382145687668e-05
4.349696987272486158e-05
4.264716369929349380e-05
4.181648340676629751e-05
4.100438515182859133e-05
4.021040823901315394e-05
3.943411152075063065e-05
3.867497957246040125e-05
3.793251269669987546e-05
3.720625445983362519e-05
3.649576556157241677e-05
3.580047373506452593e-05
3.511991835361709716e-05
3.445360376288360510e-05
3.380106031530867317e-05
3.316198330257940534e-05
3.253597061500723079e-05
3.192254476732307277e-05
3.132145764821688997e-05
3.073212447258213346e-05
3.015421172213292151e-05
2.958725811936821184e-05
2.903095199772050803e-05
2.848508448563885149e-05
2.794924564631422274e-05
2.742317766198964750e-05
2.690641086955550363e-05
2.639874226672427160e-05
2.589989015464590715e-05
2.540960973929689485e-05
2.492758106624202836e-05
2.445355402000796172e-05
2.398728666565002842e-05
2.352859480333064886e-05
2.307723209237732252e-05
2.263299585421732279e-05
2.219567423695729808e-05
2.176506076992994359e-05
2.134098789335945486e-05
2.092329297755009062e-05
2.051185863113976767e-05
2.010647231188006357e-05
1.970696717362463660e-05
1.931329852055577807e-05
1.892535020948433620e-05
1.854291469482259361e-05
1.816585053748529359e-05
1.779414323979225984e-05
1.742775294435707162e-05
1.706642445915410291e-05
1.671011961626681316e-05
1.635886155812174900e-05
1.601244903434473647e-05
1.567088486231318334e-05
1.533411637957164187e-05
1.500196324358450892e-05
1.467450699163374954e-05
1.435165329855602202e-05
1.403330906178444114e-05
1.371949369141584467e-05
1.341014143578087481e-05
1.310521355291507631e-05
1.280464543972823611e-05
1.250835237377291279e-05
1.221645068611986437e-05
1.192883450587682919e-05
1.164544683191838750e-05
1.136635193957792673e-05
1.109140011503294271e-05
1.082069169574770611e-05
1.055414015580270556e-05
1.029163032183893028e-05
1.003334103413647111e-05
9.779113176849791352e-06
9.528948270604501496e-06
9.282898768548480375e-06
9.040807820010179538e-06
8.802830580409704957e-06
8.568839050897149353e-06
8.338727984355252571e-06
8.112695727093519759e-06
7.890561558607769846e-06
7.672370625605056039e-06
7.458132936549073700e-06
7.247671860173765492e-06
7.041180375107812140e-06
6.838516145764552537e-06
6.639580139761851908e-06
6.444584437543110190e-06
6.253315277064914230e-06
6.065832242304356171e-06
5.882118354594490349e-06
5.702003131185557205e-06
5.525728379898269141e-06
5.353093751949938484e-06
5.183996617764030232e-06
5.018648495157764919e-06
4.856820803700156585e-06
4.698611404841306656e-06
4.543952846770419110e-06
4.392670167888268400e-06
4.245031209867384648e-06
4.100803720807867548e-06
3.959897547942116291e-06
3.822509089005979707e-06
3.688380199324729964e-06
3.557643464250988301e-06
3.430210329577963916e-06
3.305888287082267596e-06
3.184954292606368229e-06
3.067145724784167524e-06
2.952414179694175870e-06
2.840921896588831047e-06
2.732387315994832281e-06
2.626963495445739056e-06
2.524557360785159150e-06
2.424968747315375244e-06
2.328463642851906625e-06
2.234770315114408499e-06
2.143875460379659913e-06
2.055893518238108662e-06
1.970556261640513477e-06
1.888027154004110226e-06
1.808206488889684585e-06
1.730916889209447513e-06
1.656394483936298713e-06
1.584379861375362785e-06
1.514887404338880453e-06
1.447967037503584076e-06
1.383389604181709685e-06
1.321268264918691750e-06
1.261461869802631240e-06
1.203797978059767376e-06
1.148416619790398551e-06
1.095031889073474869e-06
1.043630389211120067e-06
9.941793309455118870e-07
9.464493078544363151e-07
9.005124837998665154e-07
8.562126984735219720e-07
8.133980142418654008e-07
7.721647423058398769e-07
7.323021924299737996e-07
6.938306143657312675e-07
6.567354934826565249e-07
6.208840222962795419e-07
5.863730699999689194e-07
5.531108493563347075e-07
5.210412961780775088e-07
4.902537222795694061e-07
4.606157595591855019e-07
4.321788083714433364e-07
4.049408397815757212e-07
3.788191774441985093e-07
3.538803785156716841e-07
3.300540304478366705e-07
3.073114686027139649e-07
2.856949420525092595e-07
2.651028298140328646e-07
2.455617440398135760e-07
2.270524085867501366e-07
2.095067702964484926e-07
1.929421062958306464e-07
1.772978489121337638e-07
1.625478657042654852e-07
1.486842284217591083e-07
1.356399307562462088e-07
1.234107743658093298e-07
1.119633267430658861e-07
1.012477828405977710e-07
9.124714173413629822e-08
8.192620416777349740e-08
7.325837393856464744e-08
6.520443298832975389e-08
5.773666729523410057e-08
5.082533839603155354e-08
4.443899253945955694e-08
3.855384464223636726e-08
3.313070063698424561e-08
2.815391043690294223e-08
2.360217102557127957e-08
1.942860545615891777e-08
1.562333886999507629e-08
1.215402618666834587e-08
9.008172241155460449e-09
6.178675940679321785e-09
3.616191589553761237e-09
1.314804796587082704e-09
-7.449696448801474576e-10
-2.588060320279692547e-09
-4.206366086451128796e-09
-5.646353675538044986e-09
-6.921856846048529003e-09
-8.022451374494268562e-09
-8.980249273100303271e-09
-9.788697162649751582e-09
-1.047351453728046187e-08
-1.105789761379374222e-08
-1.152450857313992299e-08
-1.190317793809370165e-08
-1.219815147760128550e-08
-1.240903205147168494e-08
-1.256350384493966209e-08
-1.264133188037564662e-08
-1.266582886425284136e-08
-1.264846564729090958e-08
-1.257579115122289556e-08
-1.247242515506996019e-08
-1.233018095241474122e-08
-1.215100042700605159e-08
-1.195700951650772967e-08
-1.173216053451051644e-08
-1.149019638046011827e-08
-1.123343363009444334e-08
-1.095558808512248834e-08
-1.067727052575805566e-08
-1.038866266503256710e-08
-1.008927880537461074e-08
-9.786411515642400195e-09
-9.475748580350244360e-09
-9.170053249737433012e-09
-8.865198066269874768e-09
-8.559153816899300050e-09
-8.254082885361782358e-09
-7.951862623236591855e-09
-7.656573723887267239e-09
-7.363692940796924518e-09
-7.076214154739795771e-09
-6.793126075275380918e-09
-6.514912621178685102e-09
-6.246176331692456637e-09
-5.984566904217566043e-09
-5.728675255936863282e-09
-5.480046733826001940e-09
-5.241220898758495888e-09
-5.005671906169905374e-09
-4.776595159811857124e-09
-4.559646937672138480e-09
-4.349290088490779782e-09
-4.146440749752809725e-09
-3.948884656725481253e-09
-3.758159557219064152e-09
-3.576989259674058664e-09
-3.402332169488038609e-09
-3.233072997527962890e-09
-3.071297388600156964e-09
-2.922730081731092817e-09
-2.773860875098278615e-09
-2.632285799000813094e-09
-2.500923055114537368e-09
-2.369279385451451150e-09
-2.251304961002031333e-09
-2.130999182424617181e-09
-2.016660185314496798e-09
-1.917316995318230967e-09
-1.809878610302857262e-09
-1.715526509294605534e-09
-1.625348206922017374e-09
-1.529859262553872310e-09
-1.451290810254022771e-09
-1.368432052615417329e-09
-1.289364591148170693e-09
-1.224062688244347406e-09
-1.150645950200441893e-09
-1.087749053500090891e-09
-1.027503344021974451e-09
-9.663087126511012364e-10
-9.170614115300825182e-10
-8.626223770564919751e-10
-8.132359945050513326e-10
-7.713074358936711957e-10
-7.233651299683890589e-10
-6.822699908788603956e-10
-6.407501131788353027e-10
-6.002001781791254884e-10
-5.675328278920739275e-10
-5.307187300330195322e-10
-4.980255282380341863e-10
-4.713998686037447537e-10
-4.423135375498615544e-10
-4.190579395904059825e-10
-3.949402514339095373e-10
-3.711473992035341069e-10
-3.527085185015733723e-10
-3.293840801165315832e-10
-3.082411378228200173e-10
-2.904307875301481916e-10
-2.696714162218775518e-10
-2.546564058521725711e-10
-2.390405483297012309e-10
-2.235034648488746778e-10
-2.143999191054932800e-10
-1.997971676305179280e-10
-1.867222508070980332e-10
-1.761889508859695948e-10
-1.622734234687070735e-10
-1.539260731119247295e-10
-1.438467353954635561e-10
-1.342960729584284282e-10
-1.300430285948759209e-10
-1.191040048594526430e-10
-1.106792960001239156e-10
-1.043951367795990830e-10
-9.623017989265602291e-11
-9.397167996789637090e-11
-8.823361393231912018e-11
-8.104397741621292164e-11
-7.769677412558040159e-11
-6.936958757369182727e-11
-6.625905687871878271e-11
-6.491829033769702998e-11
-6.011636434148151130e-11
-5.793252264702796059e-11
-5.212787185905632510e-11
-4.737005527429919779e-11
-4.756827356039275260e-11
-4.270761822562358868e-11
-4.010067468653112240e-11
-3.791246267152270287e-11
-3.499486523361960970e-11
-3.550305252433798784e-11
-3.192437010357560822e-11
-2.897061020772383895e-11
-3.049904440034313352e-11
-2.795730548035427464e-11
-2.553288278877664679e-11
-2.313589526905791262e-11
-2.173503606161295946e-11
-2.226874655094535721e-11
-1.927241174820592570e-11
-1.795387316494244092e-11
-1.856473185387812125e-11
-1.608841842107016843e-11
-1.644894622538905635e-11
-1.585300888128355946e-11
-1.364212726074595279e-11
-1.453554305348360635e-11
-1.303998484271375242e-11
-1.102307738648272216e-11
-1.172437594946313096e-11
-1.074278867187327965e-11
-1.097749874948791796e-11
-1.054000674717265525e-11
-9.331166875001900663e-12
-9.806001034261000043e-12
-8.366175276851528186e-12
-8.354048937380214437e-12
-8.686614198203568769e-12
-7.633227784229193476e-12
-7.975109212801491059e-12
-7.499937383389868536e-12
-6.469325102510943362e-12
-6.669510329865925201e-12
-6.194510997597368081e-12
-6.483307478233230430e-12
-6.652142284373050968e-12
-5.624519258775216130e-12
-5.570942048418282904e-12
-5.348736143122696276e-12
-5.216469360409085645e-12
-5.502079567118053301e-12
-5.064156001863461634e-12
-4.753730370866504561e-12
-4.736629510158302884e-12
-4.730830617603014016e-12
-4.715085744717636146e-12
-4.353969017334156299e-12
-4.295503169620394776e-12
-4.588201376750288493e-12
-4.237663554163338932e-12
-3.922742469288976343e-12
-3.800262967886590757e-12
-3.911586899791782448e-12
-3.858645655846714755e-12
-3.584202970715374181e-12
-3.633843736985747236e-12
-3.759808468973343244e-12
-3.486814076140875625e-12
-3.461946647359156314e-12
-3.448334598715889683e-12
-3.130397938818619288e-12
-3.236064701093496957e-12
-3.237148161890234142e-12
-3.005175987537155304e-12
-3.051138982387766213e-12
-2.982475179546250958e-12
-2.857341225716514833e-12
-2.898910336617074772e-12
-2.748604024752713914e-12
-2.729153704207646899e-12
-2.574467783941558640e-12
-2.463960051883068145e-12
-2.511705795761991029e-12
-2.408369971450820176e-12
-2.410675094157302621e-12
-2.267651290440622505e-12
-2.155824795582681390e-12
-2.113868519448375820e-12
-2.060519523513373390e-12
-1.977144161109942544e-12
-1.932744834477606914e-12
-1.812959813646610941e-12
-1.759327052029763545e-12
-1.643562210163911876e-12
-1.565303802545058421e-12
-1.537294865766736961e-12
-1.456062383482849783e-12
-1.347219179271788195e-12
-1.247147456305603600e-12
-1.194396203280465293e-12
-1.133885708000325963e-12
-1.034688712638595536e-12
-9.339078125012041732e-13
-8.696899681132912390e-13
-7.995321408187065253e-13
-7.420777378085828083e-13
-6.512988006061013220e-13
-5.589737352643799348e-13
-5.221281726788349468e-13
-4.517520468351471902e-13
-3.609222361441055935e-13
-3.176833590733779459e-13
-2.687847684925023892e-13
-2.104689396791725921e-13
-1.454257566135601329e-13
-1.147228819161124945e-13
-7.516625426367111787e-14
-2.194351071252327864e-14
-7.043094163056828778e-15
2.040838571798908496e-14
5.482616786775924574e-14
6.347866048389461206e-14
7.548730485489738071e-14
8.933833392806707899e-14
7.990532133709951333e-14
8.983822538915491350e-14
8.243812003288598073e-14
7.334675420486619435e-14
6.507551215911243588e-14
4.817057474147492263e-14
3.852289171065023712e-14
1.989499570478304750e-14
3.112244246317607043e-15
-1.353242605536654225e-14
-2.525266970272940375e-14
-3.858479716776898527e-14
-5.093159719006734510e-14
-5.813513058374006681e-14
-6.270470960648440955e-14
-6.670446034784875970e-14
-6.553186483467729492e-14
-5.972052216130884407e-14
-5.350033378798397827e-14
-4.424612962000737768e-14
-3.173620982666830736e-14
-2.040796252924015728e-14
-8.277751382958859291e-15
4.563106174513375380e-15
1.540627733964459177e-14
2.477304654194013273e-14
3.143790500122215519e-14
3.388936102639769935e-14
3.494165492666715498e-14
3.307611455565250722e-14
2.889523085342673664e-14
2.239794061506061325e-14
1.496221443711566480e-14
8.319129542869028771e-15
2.023648912012729943e-15
-1.892039641205875203e-15
-4.447004042131753757e-15
-3.886544718037830949e-15
-1.248664690137680687e-15
3.731177976466314522e-15
9.263487988980483802e-15
1.494736987431156718e-14
2.031174523369121629e-14
2.392021445571987721e-14
2.474120297829972869e-14
2.405617609390474420e-14
2.114430966136263641e-14
1.690895734581821741e-14
1.274126803564873004e-14
9.720357749874008318e-15
8.329972604898974006e-15
9.149252035786486973e-15
1.192057658275358521e-14
1.556091389451368219e-14
1.892496914676436363e-14
2.121178643766946718e-14
2.141136324123243533e-14
1.987675708269193706e-14
1.720507386558824671e-14
1.453692186442119542e-14
1.305930806165275190e-14
1.328320086002936063e-14
1.511635177412227634e-14
1.758149590463187073e-14
1.960524064030885140e-14
2.001446306402164372e-14
1.878318945781509188e-14
1.671814407376787893e-14
1.508289546729095209e-14
1.505917838348624197e-14
1.641465694543142777e-14
1.826024555957030674e-14
1.924655426971771120e-14
1.872314666055813758e-14
1.723100649282163216e-14
1.605993736600402201e-14
1.615805788405167490e-14
1.748579669920808075e-14
1.865521546461590863e-14
1.861912910231633804e-14
1.748484659303727693e-14
1.655171731314634763e-14
1.686709566376896035e-14
1.799809309154208422e-14
1.851677977249780849e-14
1.789440538661649398e-14
1.697658329359535550e-14
1.710139150621289467e-14
1.799795873883871522e-14
1.831754385196638406e-14
1.762404128164553829e-14
1.712119964141129965e-14
1.763263190538043762e-14
1.822849895702279208e-14
1.781303865470673453e-14
1.730034402700042491e-14
1.766133715314155461e-14
1.813276569103878761e-14
1.772463223216159862e-14
1.741896259408347426e-14
1.788111903275560861e-14
1.799529619152012733e-14
1.752880991038375890e-14
1.770114842095406218e-14
1.800668596132339687e-14
1.765493606797629292e-14
1.766531004857458424e-14
1.797599419923920487e-14
1.767632220060203937e-14
1.772855552855552656e-14
1.792416564443657772e-14
1.767012085076192990e-14
1.781426209472853610e-14
1.785264926724912728e-14
1.768154829944089863e-14
1.790145889036348088e-14
1.771802354127390788e-14
1.782901024093024660e-14
1.780040977641744431e-14
1.776855847168075851e-14
1.784099772739089759e-14
1.775372162730715762e-14
1.784437852143497914e-14
1.776254655434999568e-14
1.783504730788359965e-14
1.777554093707605150e-14
1.782579010568464733e-14
1.778579038661669998e-14
1.781959091415906673e-14
1.779269187568598523e-14
1.781596215673371954e-14
1.779720700626312810e-14
1.781393429510069765e-14
1.780023456086452459e-14
1.781280794358756703e-14
1.780235118043670081e-14
1.781217275329699720e-14
1.780389139669548417e-14
1.781180240280784232e-14
1.780504709710880329e-14
1.781157283272745297e-14
1.780593145400616773e-14
1.781141481344875903e-14
1.780661418990869811e-14
1.781128864732359867e-14
1.780714030008654358e-14
1.781117087264758849e-14
1.780754007136419751e-14
1.781104716950353304e-14
1.780783460075023557e-14
1.781090846855838590e-14
1.780803895229807482e-14
1.781074874758907184e-14
1.780816403698258919e-14
1.781056374332184728e-14
1.780821777672782793e-14
1.781035017494716796e-14
1.780820585104025970e-14
1.781010526220477341e-14
1.780813219106684180e-14
1.780982641756028828e-14
1.780799931464562788e-14
1.780951104325184712e-14
1.780780855770388663e-14
1.780915639258260194e-14
1.780756023544164866e-14
1.780875947077565812e-14
1.780725375446875435e-14
1.780831696004716637e-14
1.780688768928569172e-14
1.780782515926915407e-14
1.780645983212448788e-14
1.780727993179386746e-14
1.780596722196515567e-14
1.780667665734152364e-14
1.780540615701753686e-14
1.780601018504589273e-14
1.780477219332546011e-14
1.780527478581724080e-14
1.780406013159887591e-14
1.780446410239957747e-14
1.780326399363076207e-14
1.780357109631048305e-14
1.780237698924574812e-14
1.780258799078110167e-14
1.780139147455944964e-14
1.780150620915268047e-14
1.780029890198187137e-14
1.780031630821201084e-14
1.779908976230462905e-14
1.779900790615202255e-14
1.779775351917755363e-14
1.779756960489506757e-14
1.779627853611192706e-14
1.779598890650385532e-14
1.779465199629568055e-14
1.779425212369781428e-14
1.779285981530674009e-14
1.779234428439696231e-14
1.779088654712875978e-14
1.779024903043135870e-14
1.778871528370309307e-14
1.778794851076108129e-14
1.778632754864132523e-14
1.778542326958991026e-14
1.778370318566187881e-14
1.778265213013202214e-14
1.778082024277134570e-14
1.777961207499277622e-14
1.777765485331910266e-14
