# d_z
7.849132142578408855e-01
7.808204274240081455e-01
7.767427181163147898e-01
7.726805834630872116e-01
7.686345078623604277e-01
7.646049447406210176e-01
7.605923264433802622e-01
7.565970746345116460e-01
7.526195919765716891e-01
7.486602625547986722e-01
7.447194522935455252e-01
7.407975093659804333e-01
7.368947645977603766e-01
7.330115418741117717e-01
7.291481255499071557e-01
7.253047968411944213e-01
7.214818220580244690e-01
7.176794516800075741e-01
7.138979207815779882e-01
7.101374494497818546e-01
7.063982431949628049e-01
7.026804933546607623e-01
6.989843821036224591e-01
6.953100722315915805e-01
6.916577088658063532e-01
6.880274314284533510e-01
6.844193668016707033e-01
6.808336297259106606e-01
6.772703231900131238e-01
6.737295388131934182e-01
6.702113572191297219e-01
6.667158484022995824e-01
6.632430720867046325e-01
6.597930867224907070e-01
6.563659223153835987e-01
6.529616091771834885e-01
6.495801699957335362e-01
6.462216186903996240e-01
6.428859607456726133e-01
6.395731935362969356e-01
6.362833066440889418e-01
6.330162821665863415e-01
6.297720950176859400e-01
6.265507132203915752e-01
6.233520981918175830e-01
6.201762080493939955e-01
6.170229941907909854e-01
6.138923922299297509e-01
6.107843403706156860e-01
6.076987714120185569e-01
6.046356130003841534e-01
6.015947878730467657e-01
5.985762140949104637e-01
5.955798052875713733e-01
5.926054708512397129e-01
5.896531161796266796e-01
5.867226428679518380e-01
5.838139489142304406e-01
5.809269289139891157e-01
5.780614742485671309e-01
5.752174739371345158e-01
5.723948198253194786e-01
5.695933860038093766e-01
5.668130530846838822e-01
5.640536992585423182e-01
5.613152004524816219e-01
5.585974304822994840e-01
5.559002611990848663e-01
5.532235626303537712e-01
5.505672031158858060e-01
5.479310494384125318e-01
5.453149669493072560e-01
5.427188196894204841e-01
5.401424705052061404e-01
5.375857811602752223e-01
5.350486124425177792e-01
5.325308242669212211e-01
5.300322757742229607e-01
5.275528254255210658e-01
5.250923327650633965e-01
5.226506571478327645e-01
5.202276508909783326e-01
5.178231707657562355e-01
5.154370732569403257e-01
5.130692146376778506e-01
5.107194510409907018e-01
5.083876385280371446e-01
5.060736331532411647e-01
5.037772910264070036e-01
5.014984683719139191e-01
4.992370215851020254e-01
4.969928070969927281e-01
4.947656817788901873e-01
4.925555030182128258e-01
4.903621284083848342e-01
4.881854159546638039e-01
4.860252241159071507e-01
4.838814118441433498e-01
4.817538252349716776e-01
4.796423567950364730e-01
4.775468474456699974e-01
4.754671585662805788e-01
4.734031521882118287e-01
4.713546910233983311e-01
4.693216384913165284e-01
4.673038587442975844e-01
4.653012166912690040e-01
4.633135780199878484e-01
4.613408092178258868e-01
4.593827775911653033e-01
4.574393512834637465e-01
4.555103992920431777e-01
4.535957914836524774e-01
4.516953986088603212e-01
4.498090923153240106e-01
4.479367451599824412e-01
4.460782306202204506e-01
4.442334231040483417e-01
4.424021979593382170e-01
4.405844314821604768e-01
4.387800009242585619e-01
4.369887844997010218e-01
4.352106613907466559e-01
4.334455117529601997e-01
4.316932167196113612e-01
4.299536584053900712e-01
4.282267199094706434e-01
4.265122853179540430e-01
4.248102397057192392e-01
4.231204691377105642e-01
4.214428606696881130e-01
4.197773023484693278e-01
4.181236832409402915e-01
4.164818935139713574e-01
4.148518239776803340e-01
4.132333666424978236e-01
4.116264145033766142e-01
4.100308615375533594e-01
4.084466027019497680e-01
4.068735339302345655e-01
4.053115521295618806e-01
4.037605551770066525e-01
4.022204419157128785e-01
4.006911121507700235e-01
3.991724666448359105e-01
3.976644071135193581e-01
3.961668362205371663e-01
3.946796575726589928e-01
3.932027757144549995e-01
3.917360961228572025e-01
3.902795252015476835e-01
3.888329702751839312e-01
3.873963395834749135e-01
3.859695422751164839e-01
3.845524884015962264e-01
3.831450889108790614e-01
3.817472556409814421e-01
3.803589013134446306e-01
3.789799395267126614e-01
3.776102847494272607e-01
3.762498523136432738e-01
3.748985584079751465e-01
3.735563200706802367e-01
3.722230551826853362e-01
3.708986824605630117e-01
3.695831214494656458e-01
3.682762925160200096e-01
3.669781165215219021e-01
3.656885157958648658e-01
3.644074131368219005e-01
3.631347321225403824e-01
3.618703971169031641e-01
3.606143332623037434e-01
3.593664664724171565e-01
3.581267234249703724e-01
3.568950315545153518e-01
3.556713190452087114e-01
3.544555148236011588e-01
3.532475485514408042e-01
3.520473506184914614e-01
3.508548521353704319e-01
3.496699849264086057e-01
3.484926815225333208e-01
3.473228751541795334e-01
3.461604997442280229e-01
3.450054899009761811e-01
3.438577809111414418e-01
3.427173087328984069e-01
3.415840099889546067e-01
3.404578219596627320e-01
3.393386825761740555e-01
3.382265304136323203e-01
3.371213046844109273e-01
3.360229452313932552e-01
3.349313925212989984e-01
3.338465876380563579e-01
3.327684722762204728e-01
3.316969887344418666e-01
3.306320799089817464e-01
3.295736892872792034e-01
3.285217609415665985e-01
3.274762395225382927e-01
3.264370702530693391e-01
3.254041989219871311e-01
3.243775715652125191e-01
3.233571353946668170e-01
3.223428378950805029e-01
3.213346270551257211e-01
3.203324513992769629e-01
3.193362599818980740e-01
3.183460023813836082e-01
3.173616286943561349e-01
3.163830895299173385e-01
3.154103360039546833e-01
3.144433197335034236e-01
3.134819928311630144e-01
3.125263078995696997e-01
3.115762180259228908e-01
3.106316767765673892e-01
3.096926381916303983e-01
3.087590567797129371e-01
3.078308875126364863e-01
3.069080858202433149e-01
3.059906075852520391e-01
3.050784091381660290e-01
3.041714472522371038e-01
3.032696791384815738e-01
3.023730624407505729e-01
3.014815552308526270e-01
3.005951160037297898e-01
2.997137036726859050e-01
2.988372775646671031e-01
2.979657974155940914e-01
2.970992233657456238e-01
2.962375159551947634e-01
2.953806361192933272e-01
2.945285451842094004e-01
2.936812048625130900e-01
2.928385772488130145e-01
2.920006248154417006e-01
2.911673104081902719e-01
2.903385972420910455e-01
2.895144488972492547e-01
2.886948293147213462e-01
2.878797027924418495e-01
2.870690339811955982e-01
2.862627876385066550e-01
2.854609293414405724e-01
2.846634248077817841e-01
2.838702400586436414e-01
2.830813414486557655e-01
2.822966956622063317e-01
2.815162697097282063e-01
2.807400309240281611e-01
2.799679469566603851e-01
2.791999857743415192e-01
2.784361156554088224e-01
2.776763051863196385e-01
2.769205232581928855e-01
2.761687390633913441e-01
2.754209220921438606e-01
2.746770421292091258e-01
2.739370692505774807e-01
2.732009738202133553e-01
2.724687264868358438e-01
2.717402981807381379e-01
2.710156601106443186e-01
2.702947837606046178e-01
2.695776408869272056e-01
2.688642035151468379e-01
2.681544439370299182e-01
2.674483347076161421e-01
2.667458486422936703e-01
2.660469588139121599e-01
2.653516385499282149e-01
2.646598614295864738e-01
2.639716012811335610e-01
2.632868321790672317e-01
2.626055284414161028e-01
2.619276646270549125e-01
2.612532155330496986e-01
2.605821561920368401e-01
2.599144618696322406e-01
2.592501080618725973e-01
2.585890704926872563e-01
2.579313251114001004e-01
2.572768480902627442e-01
2.566256158220155403e-01
2.559776049174801726e-01
2.553327922031792818e-01
2.546911547189862346e-01
2.540526697158019820e-01
2.534173146532613385e-01
2.527850671974651298e-01
2.521559051815377428e-01
2.515298065609177236e-01
2.509067497765216648e-01
2.502867132972170228e-01
2.496696757874596051e-01
2.490556161051830641e-01
2.484445132997147310e-01
