# f_z
5.223705453263876031e-01
5.284423810321632331e-01
5.344631060747430107e-01
5.404318759980383247e-01
5.463478744259574471e-01
5.522103827226056971e-01
5.580187428989791254e-01
5.637723179532498907e-01
5.694705237461452629e-01
5.751128275967958281e-01
5.806987468884895476e-01
5.862278476830870000e-01
5.916997433432353848e-01
5.971140540277106723e-01
6.024705340796299158e-01
6.077689304309541463e-01
6.130090284159153136e-01
6.181906555442013840e-01
6.233136800042172743e-01
6.283780091877730900e-01
6.333835882361440461e-01
6.383303986075845593e-01
6.432184382053691696e-01
6.480477622868809906e-01
6.528184771317442348e-01
6.575306922016705968e-01
6.621845475861586339e-01
6.667802125983395278e-01
6.713178844029523695e-01
6.757977866763933417e-01
6.802201682988149312e-01
6.845853020782572962e-01
6.888934835068019069e-01
6.931449939291474127e-01
6.973402124637204658e-01
7.014794983998109412e-01
7.055632237447635458e-01
7.095917781720046946e-01
7.135655679042031130e-01
7.174850146326904321e-01
7.213505544726599439e-01
7.251626369536601224e-01
7.289217240448797597e-01
7.326282892147061299e-01
7.362828165240236089e-01
7.398857868664585613e-01
7.434376926172130418e-01
7.469390768978052542e-01
7.503904556422068550e-01
7.537923517804051565e-01
7.571452944849473843e-01
7.604498184496495394e-01
7.637064631996632880e-01
7.669157724320831981e-01
7.700782933862821977e-01
7.731945762431635671e-01
7.762651735525211150e-01
7.792906396877007369e-01
7.822715303267633313e-01
7.852084019593518205e-01
7.881018084370059462e-01
7.909522780539302023e-01
7.937604057290328363e-01
7.965267453730540126e-01
7.992518498385325909e-01
8.019362705464909702e-01
8.045805571346665852e-01
8.071852571264910292e-01
8.097509156200377589e-01
8.122780749961702185e-01
8.147672746451453119e-01
8.172190507109428070e-01
8.196339358526074648e-01
8.220124590219100025e-01
8.243551452566512117e-01
8.266625154889504223e-01
8.289350863678780490e-01
8.311733700958117144e-01
8.333778742779083260e-01
8.355490938619167807e-01
8.376875172986494311e-01
8.397936595365353973e-01
8.418680078261069344e-01
8.439110443459227895e-01
8.459232461118912916e-01
8.479050848964202469e-01
8.498570271568978152e-01
8.517795339730365178e-01
8.536730609926166391e-01
8.555380583851954768e-01
8.573749708033555628e-01
8.591842382571365233e-01
8.609662944126713624e-01
8.627215664130789552e-01
8.644504765794724932e-01
8.661534416327846264e-01
8.678308726912107307e-01
8.694831752727352203e-01
8.711108163963051654e-01
8.727140279090750408e-01
8.742932970505201684e-01
8.758490065873251185e-01
8.773815338019684829e-01
8.788912505175858758e-01
8.803785231261469502e-01
8.818437126197141707e-01
8.832871746245646305e-01
8.847092594379664110e-01
8.861103120674107547e-01
8.874906722721103147e-01
8.888506746065846231e-01
8.901906484661610275e-01
8.915109181342297795e-01
8.928118028310977339e-01
8.940936167642966614e-01
8.953566691802056221e-01
8.966012644168575019e-01
8.978277019578045914e-01
8.990362764869268553e-01
9.002272779440694261e-01
9.014009915814074070e-01
9.025576980204360611e-01
9.036976733094941316e-01
9.048211889817320275e-01
9.059285121134414975e-01
9.070199053826684121e-01
9.080956271280359315e-01
9.091559314077078957e-01
9.102010680584287083e-01
9.112312827545773208e-01
9.122468170671809151e-01
9.132479085228321081e-01
9.142347905221093196e-01
9.152076920134738502e-01
9.161668397339481906e-01
9.171124555866987382e-01
9.180447577265959946e-01
9.189639606172375075e-01
9.198702750876147638e-01
9.207639083883951692e-01
9.216450642477898025e-01
9.225139429269805236e-01
9.233707412750831178e-01
9.242156527836232760e-01
9.250488676405054234e-01
9.258705727834570798e-01
9.266809519529306538e-01
9.274801857444484599e-01
9.282684516603775249e-01
9.290459241611215280e-01
9.298127747157197698e-01
9.305691718518441791e-01
9.313152812051851415e-01
9.320512655682192671e-01
9.327772849383547671e-01
9.334934965654472228e-01
9.342000549986839708e-01
9.348971121328315537e-01
9.355848172538464569e-01
9.362633170838470242e-01
9.369327558254437749e-01
9.375932752054312314e-01
9.382450145178401479e-01
9.388881106663506948e-01
9.395226982060703724e-01
9.401489093846771006e-01
9.407668741829310344e-01
9.413767226000249178e-01
9.419785778141377408e-01
9.425725631727177589e-01
9.431587999991857263e-01
9.437374075422521047e-01
9.443085030127091883e-01
9.448722016196243745e-01
9.454286166059394647e-01
9.459778592834835464e-01
9.465200390674027853e-01
9.470552635100139005e-01
9.475836383340892066e-01
9.481052674655764401e-01
9.486202530657623644e-01
9.491286955628857047e-01
9.496306936832055179e-01
9.501263444815333248e-01
9.506157433712342231e-01
9.510989841537047518e-01
9.515761590473343912e-01
9.520473587159581363e-01
9.525126722968054738e-01
9.529721874279551974e-01
9.534259902753018379e-01
9.538741655590403656e-01
9.543167965796778285e-01
9.547539652435772517e-01
9.551857520880423502e-01
9.556122363059492697e-01
9.560334957699323510e-01
9.564496070561315788e-01
9.568606454675084860e-01
9.572666850567362884e-01
9.576677986486730187e-01
9.580640578624234349e-01
9.584555331329960293e-01
9.588422937325629114e-01
9.592244102185385479e-01
9.596019472108214821e-01
9.599749703445601412e-01
9.603435444647119290e-01
9.607077333526985452e-01
9.610675997454466435e-01
9.614232053540738843e-01
9.617746108822293749e-01
9.621218760440941598e-01
9.624650595820464227e-01
9.628042192839988411e-01
9.631394120004125314e-01
9.634706936609956918e-01
9.637981192910891615e-01
9.641217430277483347e-01
9.644416181355234263e-01
9.647577970219469723e-01
9.650703312527303401e-01
9.653792715666782431e-01
9.656846678903229231e-01
9.659865693522864394e-01
9.662850242973735071e-01
9.665800803004013231e-01
9.668717841797703771e-01
9.671601820107825764e-01
9.674453191387095696e-01
9.677272401916164890e-01
9.680059890929473276e-01
9.682816090738737280e-01
9.685541426854135105e-01
9.688236318103232714e-01
9.690901176747680479e-01
9.693536408597733800e-01
9.696142413124642090e-01
9.698719583570928338e-01
9.701268307058622531e-01
9.703788964695475583e-01
9.706281931679182629e-01
9.708747577399682305e-01
9.711186265539538676e-01
9.713598354172457983e-01
9.715984195859976857e-01
9.718344158926479626e-01
9.720678564977408564e-01
9.722987747779798795e-01
9.725272038914237749e-01
9.727531764898142974e-01
9.729767247272373965e-01
9.731978802686236385e-01
9.734166742980917553e-01
9.736331375271374267e-01
9.738473002026714065e-01
9.740591921149092114e-01
9.742688426051150374e-01
9.744762805732034572e-01
9.746815344852004515e-01
9.748846323805684388e-01
9.750856018793957469e-01
9.752844701894540780e-01
9.754812641131275219e-01
9.756760100542137826e-01
9.758687340246012809e-01
9.760594616508239119e-01
9.762482181804965631e-01
9.764350284886330611e-01
9.766199170838483212e-01
9.768029081144490311e-01
9.769840253744119796e-01
9.771632923092548051e-01
9.773407320218001626e-01
9.775163672778350854e-01
9.776902205116677624e-01
9.778623138315847285e-01
9.780326690252082456e-01
9.782013075647580935e-01
9.783682506122183264e-01
9.785335190244103254e-01
9.786971333579758126e-01
9.788591138742696041e-01
9.790194805441649883e-01
9.791782530527727291e-01
9.793354508040763573e-01
9.794910929254839749e-01
9.796451982722990115e-01
9.797977854321117119e-01
9.799488727291123524e-01
9.800984782283271857e-01
9.802466197397806669e-01
9.803933148225819627e-01
9.805385807889409611e-01
9.806824350769383081e-01
9.808248956813427899e-01
9.809659775272300264e-01
9.811056969865804556e-01
9.812440702030731376e-01
9.813811130957053042e-01
9.815168413623482913e-01
