# bin_2_2
1.323949241575664925e-08
1.328560808310443874e-08
1.334593847707269692e-08
1.339443917529892453e-08
1.343319156176754180e-08
1.348564554415082999e-08
1.353971062248185042e-08
1.359550646238162532e-08
1.365298224820885953e-08
1.371236618602755120e-08
1.377362467195541998e-08
1.383680631579575947e-08
1.390201964973260873e-08
1.397155980137642319e-08
1.403834687211758892e-08
1.410963248358506952e-08
1.418306648130040107e-08
1.425823597925677207e-08
1.433619216541381522e-08
1.441645484668843213e-08
1.449942111368201391e-08
1.458439129307407870e-08
1.467178746640254143e-08
1.476165863341283303e-08
1.485405131036281284e-08
1.494902967525522774e-08
1.504670024132416602e-08
1.514702462536442921e-08
1.525008255837455180e-08
1.535590117811699341e-08
1.546481471666714870e-08
1.557635374461815391e-08
1.569043066528076488e-08
1.580770499375354918e-08
1.592792936823113207e-08
1.605114817508584623e-08
1.617741752135840456e-08
1.630675988776488992e-08
1.643917144065472360e-08
1.657468326281607863e-08
1.671265805598040319e-08
1.685507658943342510e-08
1.699995226069617541e-08
1.713841804769353202e-08
1.730088978945543092e-08
1.745358269504840054e-08
1.761119816413934973e-08
1.777170153722592449e-08
1.793551076387123784e-08
1.810385485229163977e-08
1.827235843841652902e-08
1.844546186363850419e-08
1.862151708649575655e-08
1.880045832266894932e-08
1.898235975104717645e-08
1.916725003279302527e-08
1.935454201951288610e-08
1.954480564235064305e-08
1.974284350074630377e-08
1.993334493629847164e-08
2.013043204500098874e-08
2.033167917571757379e-08
2.053408906986866643e-08
2.073871508957261890e-08
2.094528899103548910e-08
2.115371879128891305e-08
2.136443511196187206e-08
2.157543570814997687e-08
2.178841056776908426e-08
2.200247810931493311e-08
2.221044460011986622e-08
2.243350942978373979e-08
2.264865625565879911e-08
2.286669130279496529e-08
2.308344986606679980e-08
2.330021140411262430e-08
2.351631282207279921e-08
2.373193086361549113e-08
2.394634351189356032e-08
2.415993931484379393e-08
2.437175149769389324e-08
2.458147389364295890e-08
2.478921272029747811e-08
2.499400926500580654e-08
2.519665314374497437e-08
2.539566566391854931e-08
2.558980049683187223e-08
2.578273113021042463e-08
2.596997499052070432e-08
2.615225964943969671e-08
2.632982937251120675e-08
2.650306559368299393e-08
2.666766038764681384e-08
2.682728938495290857e-08
2.696544892548048093e-08
2.712590112456890275e-08
2.726418520990388108e-08
2.739411996004338680e-08
2.751569876318677315e-08
2.762848691888528347e-08
2.773213433748018013e-08
2.782569457621178352e-08
2.790985299806405581e-08
2.798260807927218625e-08
2.804492994613530034e-08
2.809571425780303426e-08
2.813467956015337375e-08
2.816166953555781432e-08
2.817323315430080740e-08
2.817791966280788027e-08
2.816649679738178652e-08
2.814151615055827603e-08
2.810280462416033186e-08
2.804988856397883263e-08
2.798280407709374948e-08
2.790116157804995650e-08
2.780466850089992457e-08
2.769358826798021153e-08
2.756664325586587609e-08
2.742470997953194442e-08
2.726760757016502504e-08
2.709522243716732614e-08
2.690741350330063440e-08
2.670406439213753192e-08
2.648540211824726622e-08
2.625171354085563042e-08
2.600265874616017223e-08
2.573889995512727581e-08
2.546059326480223397e-08
2.516750033790579175e-08
2.486058752502169003e-08
2.453993090373860443e-08
2.420573794824062010e-08
2.385903432381615917e-08
2.349999527520516401e-08
2.312912748418627947e-08
2.274694520490348452e-08
2.234446489657372764e-08
2.195123553995884194e-08
2.153912267056081694e-08
2.111847892112168607e-08
2.069026705871540844e-08
2.025564464598694608e-08
1.981362493509442374e-08
1.936708134850468172e-08
1.891579902096974741e-08
1.846103626739455758e-08
1.800365628837291926e-08
1.754489688326980343e-08
1.708452171749379646e-08
1.662443413328277818e-08
1.616527542788918309e-08
1.570775387343246095e-08
1.525262527410140416e-08
1.480094609311263020e-08
1.435336299332260878e-08
1.391055556272457336e-08
1.347342968303076587e-08
1.304219444896238980e-08
1.261770002892673222e-08
1.220048231607017537e-08
1.179087143265212241e-08
1.138930607961809128e-08
1.099604728064147047e-08
1.061149426506345799e-08
1.023572269718075415e-08
9.868883220295574191e-09
9.511172315202569108e-09
9.162331427841504141e-09
8.822776197662963758e-09
8.492036930996733348e-09
8.170620493712155774e-09
7.857300758713773255e-09
7.552955885919413023e-09
7.257046005449382997e-09
6.969475803229972077e-09
6.690063978856833810e-09
6.418531241908887083e-09
6.154842487149120307e-09
5.898981700539314684e-09
5.650556535491097076e-09
5.409718069168838264e-09
5.176364256282463853e-09
4.950455921372505125e-09
4.732013273424303123e-09
4.521022436070070989e-09
4.317552313930536862e-09
4.121605827041877259e-09
3.933205652975742307e-09
3.752338685162042329e-09
3.579057643904094048e-09
3.413217505061721195e-09
3.254797039605376136e-09
3.103594140661282373e-09
2.959487314842319332e-09
2.822229324439762850e-09
2.691540188533090528e-09
2.567178813654266081e-09
2.448714268859482246e-09
2.335951848674687659e-09
2.228509209509716182e-09
2.126127444992818077e-09
2.028500764317963706e-09
1.935458505607361618e-09
1.846657910181545368e-09
1.762052110660726459e-09
1.681455128068054871e-09
1.604773605780574220e-09
1.531738243895038143e-09
1.462356255940257722e-09
1.396486889574381251e-09
1.333912967505187077e-09
1.274462169724603564e-09
1.218007407713795682e-09
1.164336323766269836e-09
1.113373386073397267e-09
1.064884093823199187e-09
1.018588809632123797e-09
9.747951303281295240e-10
9.329553764669053750e-10
8.931448676501173577e-10
8.552142857076023987e-10
8.190916069025533829e-10
7.846728837525385030e-10
7.517462352964015543e-10
7.205511824876528850e-10
6.906628299199099576e-10
6.619996466140644594e-10
6.348556726279734471e-10
6.087933271213481584e-10
5.838488428909037077e-10
5.599845026284694332e-10
5.371248985718901599e-10
5.152199561178748459e-10
4.942220920682302703e-10
4.740483273831020874e-10
4.547379999041210368e-10
4.361409527241069153e-10
4.183221342854387427e-10
4.011627176538837140e-10
3.846438292071129806e-10
3.687906259653914480e-10
3.534903832315320478e-10
3.387985881063300819e-10
3.246064808274387587e-10
3.109723722459556015e-10
2.977940022064206308e-10
2.851105876507305489e-10
2.728818439615862981e-10
2.610911042861997784e-10
2.497227087157304626e-10
2.387576496109300010e-10
2.281888588390956993e-10
2.179941736196253709e-10
2.081693726928553889e-10
1.986958382814877895e-10
1.895681774671475097e-10
1.807711169626214190e-10
1.722982442716933495e-10
1.641386199054809855e-10
1.562835943732531240e-10
1.487253227410765785e-10
1.414541751679346730e-10
1.344645199991293587e-10
1.277458020987395334e-10
1.212951860892223217e-10
1.151001500209516105e-10
1.091581838273237461e-10
1.034601821077433628e-10
9.799935466431004194e-11
9.277045633248763648e-11
8.776512484576840845e-11
8.297868185091635522e-11
7.840323607813222603e-11
7.403478421198293024e-11
6.986445845383457513e-11
6.588861286642170360e-11
6.209899608301249834e-11
5.849045766837152047e-11
5.505709773976587756e-11
5.179245873410202373e-11
4.869132297699377091e-11
4.574692345193483673e-11
4.295436106583672154e-11
4.030722322527924760e-11
3.780252410081911672e-11
3.542868428996519462e-11
3.318787066405296577e-11
3.106709902543092617e-11
2.906831332796837081e-11
2.717941575287503150e-11
2.540027574861563253e-11
2.372487599336533647e-11
2.214784820055926876e-11
2.066526993518856496e-11
1.927073449988262032e-11
1.796265678835793441e-11
1.673343637502040543e-11
1.558237953286893586e-11
1.450208626976703403e-11
1.349186078771293143e-11
1.254494946560531667e-11
1.165988863511445709e-11
1.083282607807823648e-11
1.006009948585541633e-11
9.339108237235162828e-12
8.665829958129008431e-12
8.038704719796644559e-12
7.453512811365347934e-12
6.909176198676198886e-12
6.401697965395625817e-12
5.930150571803226892e-12
5.490960485232744126e-12
5.082949464378985552e-12
4.703935408532985191e-12
4.351789447983234777e-12
4.025088656898636827e-12
3.721679211268177718e-12
3.440520208923324433e-12
3.179517269212294205e-12
2.937909052504807308e-12
2.713721847319817816e-12
2.506390467405279230e-12
2.314110898040515188e-12
2.136278006500829718e-12
1.971736384633439688e-12
1.819502839127570039e-12
1.678784934028920801e-12
1.548586360254462211e-12
1.428355610963964857e-12
1.317119714934755223e-12
1.214517600157862035e-12
1.119590824051864569e-12
1.032042600642505876e-12
9.511332435422058705e-13
8.764929205635847112e-13
8.076123375441348772e-13
7.440538406861583951e-13
6.854256812387369035e-13
6.313456876181426014e-13
5.814829511320831514e-13
5.354914474266775683e-13
4.931267918732758312e-13
4.540175280127474458e-13
4.180002898302621969e-13
3.847965425473468000e-13
3.542267733808478736e-13
3.260248115094265884e-13
3.000871920821249260e-13
2.761804762722526658e-13
2.541548423495513168e-13
2.338746097666040104e-13
2.152333042862036777e-13
1.979999994253522561e-13
1.821692079458205902e-13
1.675915333212698930e-13
1.541746437795783896e-13
1.418217851831057192e-13
1.304534341360534542e-13
1.199897882008322628e-13
1.103603743453376868e-13
1.014988296786807649e-13
9.334514151809325868e-14
8.584019332565078110e-14
7.893475472166428208e-14
7.258316048772095775e-14
6.673843262032247014e-14
6.136075731794065579e-14
5.641342995992563617e-14
5.186301678855281315e-14
4.767603187964438764e-14
4.382469894846305692e-14
4.028166827020536018e-14
3.702306325500566831e-14
3.402518199955999632e-14
3.126816548632053446e-14
2.873133948070462917e-14
2.639865518421467140e-14
2.425236667585610173e-14
2.227849985552166450e-14
2.046308444225968456e-14
1.879278448498209368e-14
1.725633483878377609e-14
1.584310317789703412e-14
1.454318025246899633e-14
1.334738801741595328e-14
1.224699000274422684e-14
1.123472623347568735e-14
1.030360957685720762e-14
9.446877543255285638e-15
8.658876790012313908e-15
7.933513788778653121e-15
7.266366844309062327e-15
6.652323023312302537e-15
6.087353594357367032e-15
5.567464086015452526e-15
5.088976280643437544e-15
4.648649480905437596e-15
4.243353792901075346e-15
3.870684387834161100e-15
