# bin_1_1
1.083978659831923807e-08
1.087334401403331063e-08
1.090796447427395609e-08
1.095569760609239716e-08
1.099177417423489481e-08
1.101852343371849355e-08
1.105764970573811021e-08
1.109789684267957125e-08
1.113945450596325983e-08
1.118227974430360034e-08
1.122640392001911792e-08
1.127185689118489734e-08
1.131872765792919984e-08
1.136926856310835714e-08
1.141645168840884829e-08
1.146743522593348281e-08
1.151987205613964023e-08
1.157333141157201711e-08
1.162883276583070984e-08
1.168625987889938492e-08
1.174484193239460088e-08
1.180500147386212262e-08
1.186668379314341034e-08
1.193006967902002688e-08
1.199512570885420372e-08
1.206180563462888235e-08
1.213024074326500272e-08
1.220036483360063123e-08
1.227223026058043454e-08
1.234583620765110393e-08
1.242121928672645235e-08
1.249869134542156358e-08
1.257731777052826064e-08
1.265797467650687132e-08
1.274047684083315391e-08
1.282474674045814261e-08
1.291083430825573473e-08
1.299873322160446250e-08
1.308840788627928267e-08
1.317984433453476698e-08
1.327241543523233683e-08
1.336801960031696961e-08
1.346466168808123048e-08
1.356299242964296650e-08
1.366470544730595697e-08
1.376473149794793525e-08
1.386791971738565040e-08
1.397275378818797307e-08
1.407910630921368428e-08
1.418822036436027993e-08
1.429606025037142026e-08
1.440666358218479099e-08
1.451847714583290439e-08
1.463136299819531395e-08
1.474549403869319228e-08
1.486074529740178573e-08
1.497654667233403961e-08
1.509343618719418695e-08
1.521610259674132695e-08
1.532948793230402624e-08
1.544740458726140786e-08
1.556745368724364451e-08
1.568686788127949258e-08
1.580639891892800254e-08
1.592587470314969985e-08
1.604517974107270879e-08
1.616418158133581761e-08
1.628256429152371751e-08
1.640032926837814451e-08
1.651722488189277038e-08
1.662592858213461916e-08
1.674765935196414889e-08
1.685951337794098614e-08
1.697232830269295114e-08
1.706268505570661153e-08
1.718951375889651617e-08
1.729458466327852636e-08
1.739731938961428033e-08
1.749704475524111362e-08
1.759417851470249771e-08
1.768760106469743315e-08
1.777774276230786054e-08
1.786410223678905942e-08
1.794603061424224079e-08
1.802438021455852294e-08
1.809778250429865199e-08
1.816503054341047725e-08
1.823005460398483936e-08
1.828834094157123474e-08
1.834100425820099032e-08
1.838765476725287387e-08
1.842975750028067963e-08
1.846276097952562667e-08
1.849043887890112537e-08
1.851122422305972566e-08
1.852492620783208196e-08
1.853139024514372367e-08
1.852993869335673695e-08
1.852075313134827571e-08
1.850361587415427501e-08
1.847839696189304575e-08
1.844439219922720043e-08
1.840249258772105947e-08
1.835103647121900504e-08
1.829108475287252151e-08
1.822193940478575586e-08
1.814354614613342724e-08
1.805602191344205062e-08
1.795622944721577620e-08
1.785299652135137622e-08
1.773729013094311952e-08
1.761212999694965327e-08
1.747752538073051362e-08
1.733339042649684409e-08
1.718003955436797108e-08
1.701740922141095227e-08
1.684551927106528312e-08
1.666490216839977750e-08
1.647475453732539334e-08
1.627621055720545426e-08
1.606913420432398698e-08
1.585399933596554734e-08
1.563088968037957272e-08
1.539996331655842752e-08
1.516173034550628800e-08
1.491657942790929432e-08
1.466478079011245097e-08
1.440674059059616537e-08
1.414312514884984573e-08
1.387373028385528807e-08
1.359968175564755543e-08
1.332118797558973900e-08
1.303851957729805874e-08
1.275282190792062784e-08
1.246420862893666244e-08
1.217324337031524138e-08
1.188020512168495041e-08
1.158676632719418442e-08
1.129105472571810326e-08
1.099576054040203336e-08
1.070073564403057363e-08
1.040673251625865440e-08
1.011394958986758269e-08
9.822956653380458788e-09
9.534225328856793119e-09
9.248205307447817197e-09
8.965251541788021688e-09
8.685782729092092068e-09
8.410739934457880790e-09
8.139208249555205464e-09
7.872451687119336407e-09
7.610534510626570922e-09
7.353556740078943164e-09
7.101672940511236299e-09
6.855227107235358351e-09
6.614250345323489008e-09
6.378826468384618190e-09
6.149043309581478618e-09
5.924902017032165282e-09
5.706389919263495582e-09
5.493600599451256155e-09
5.286397039125045894e-09
5.084773569745725496e-09
4.888624100946915092e-09
4.698016981130028872e-09
4.512745561374679285e-09
4.332786458394101049e-09
4.158043328216486921e-09
3.988493832116946729e-09
3.824094194669506964e-09
3.664638316954515615e-09
3.510498589581700504e-09
3.360821220625731980e-09
3.216330074244934048e-09
3.076728868279931388e-09
2.942010728700984402e-09
2.812139097788802596e-09
2.687090758886347868e-09
2.566829645826868649e-09
2.451405447997627878e-09
2.340485145139161385e-09
2.234277806304869047e-09
2.132623918723906517e-09
2.035409566564692087e-09
1.942544457850709534e-09
1.853876101263518396e-09
1.769308452127128535e-09
1.688622009351833024e-09
1.611861116144466580e-09
1.538541674666732922e-09
1.468782646173771217e-09
1.402290822277658832e-09
1.338974138970053240e-09
1.278628197340736757e-09
1.221160604043184113e-09
1.166421063688318691e-09
1.114268850363102474e-09
1.064605909218855594e-09
1.017354578997112928e-09
9.722748458547463729e-10
9.293962792882926524e-10
8.886042732550065910e-10
8.497756545551633766e-10
8.128426781219638676e-10
7.777041566443144069e-10
7.443041717173385898e-10
7.124662201703325521e-10
6.822179765387139549e-10
6.532678094970861032e-10
6.258978390080482910e-10
5.997316998224685119e-10
5.747748053844909947e-10
5.509761639194697562e-10
5.282600438936630819e-10
5.065764499458925938e-10
4.860723758351538994e-10
4.660791818420841520e-10
4.471652784313564333e-10
4.290704631347936435e-10
4.117567258781196077e-10
3.951711869555379411e-10
3.792841649531945551e-10
3.640469206550147343e-10
3.494339579395119258e-10
3.354051394921182843e-10
3.219334240781805676e-10
3.089898036820879181e-10
2.964794483729667795e-10
2.845188614563398778e-10
2.730719190612161181e-10
2.619675083438600765e-10
2.512984116470283212e-10
2.409947454986207044e-10
2.310847812074590744e-10
2.215108533620802064e-10
2.122966631467361013e-10
2.034030072670748554e-10
1.948158900654504315e-10
1.865368395169926138e-10
1.785409227317974473e-10
1.708305739099068754e-10
1.633846817080723072e-10
1.562025342072884015e-10
1.492711967144584463e-10
1.425828180667175433e-10
1.361339768976685439e-10
1.299105250366188266e-10
1.239151028037885912e-10
1.181305761259659909e-10
1.125629345131017471e-10
1.071940911058898296e-10
1.020305800068440480e-10
9.705656475316600925e-11
9.227493286786773870e-11
8.767686003686350885e-11
8.325739583723281567e-11
7.901612062554329077e-11
7.494111949571386528e-11
7.103772843546163509e-11
6.729001031924638989e-11
6.370615976152725327e-11
6.026931131009543134e-11
5.698672461132421686e-11
5.384482425673565701e-11
5.084564695986574459e-11
4.798284483570426188e-11
4.525074138911337287e-11
4.264988825366707375e-11
4.016922537091234305e-11
3.781321968481430543e-11
3.556831243328843104e-11
3.343710039398890070e-11
3.141585123287826684e-11
2.949638461083561548e-11
2.768006962745946221e-11
2.595690569592028772e-11
2.432978712372628143e-11
2.278788448076098075e-11
2.133462326115129664e-11
1.995915640435807122e-11
1.866535503212005234e-11
1.744262963790362189e-11
1.629225211735000084e-11
1.521029017395672684e-11
1.419190870415034794e-11
1.323622448871673389e-11
1.233733667196129801e-11
1.149546685100888033e-11
1.070433064332618874e-11
9.964663429276005194e-12
9.270225674399724661e-12
8.622078950846257214e-12
8.014294376626563306e-12
7.446872039219018758e-12
6.917070285796777254e-12
6.422080649515462403e-12
5.960845617097062194e-12
5.530073539651753758e-12
5.129258855347226311e-12
4.755163610657575719e-12
4.407622815981854990e-12
4.083422485810046385e-12
3.782236654551353649e-12
3.502251863313837287e-12
3.241990123997059333e-12
3.000392272099533997e-12
2.775847411615093502e-12
2.567576852330914237e-12
2.374307421609069949e-12
2.195263460755456759e-12
2.028898553630420926e-12
1.875089953327696119e-12
1.732214865706354535e-12
1.600067107651308190e-12
1.477705987540789210e-12
1.364433701941044323e-12
1.259655764912247774e-12
1.162695076146916684e-12
1.073034451536393947e-12
9.901235295020169591e-13
9.134775976801288451e-13
8.426476067933197121e-13
7.772872054911560128e-13
7.167419989753197944e-13
6.608987995142454100e-13
6.093185601664179244e-13
5.617197879357185308e-13
5.177964075624451500e-13
4.772167878119307214e-13
4.398246247229598575e-13
4.052912158467698563e-13
3.734539986665228805e-13
3.439971036970471855e-13
3.169244454355974584e-13
2.919284281008570197e-13
2.689174198301805515e-13
2.476589536751827240e-13
2.281049539328162247e-13
2.100378097429045357e-13
1.934073958688168947e-13
1.780814968886468295e-13
1.639619208662099643e-13
1.509513724656549578e-13
1.389656234725802890e-13
1.279254485886651254e-13
1.177550268491918709e-13
1.083876598633705260e-13
9.976063240091363549e-14
9.181534076220717580e-14
8.449908036255329778e-14
7.776167527436154047e-14
7.155786688748462934e-14
6.584602352638794433e-14
6.058675804611617781e-14
5.574664986742586598e-14
5.128975118283346120e-14
4.718613132121550961e-14
4.340957530208823363e-14
3.993279466696410050e-14
3.673264452831296141e-14
3.384650683282051379e-14
3.107568533991081054e-14
2.858001370752934648e-14
2.628311239485010222e-14
2.416923699309998316e-14
2.222378726454727378e-14
2.043284095956213560e-14
1.878465449820872214e-14
1.726767351008958558e-14
1.587189500692899045e-14
1.458677955995808942e-14
1.340403844358797316e-14
1.231570384942402921e-14
1.131368176814965037e-14
1.039170231639187170e-14
9.543023358141321820e-15
8.761524594853452904e-15
8.042527451858435418e-15
7.380626120835463745e-15
6.771240242876630116e-15
6.210338852553650099e-15
5.694019007052371884e-15
5.218507991684332453e-15
4.780817059120593627e-15
4.377858360201596565e-15
4.006704441398936145e-15
3.665062755499982346e-15
3.350453755110281922e-15
3.060877252161182124e-15
2.794243265007410190e-15
2.548755570198854512e-15
2.322752108084027394e-15
2.114788463808934492e-15
1.923306081659141331e-15
1.747157982502273047e-15
1.585027351590700471e-15
1.435875719668362437e-15
1.298742049543142944e-15
1.172578257323679661e-15
1.056948558833878013e-15
