# bin_3_1
1.247281174425524120e-08
1.251478608542059052e-08
1.255813402208167286e-08
1.261485965167759332e-08
1.264903964307172862e-08
1.269673685693360901e-08
1.274587056250357252e-08
1.279656049600067859e-08
1.284874406590814075e-08
1.290265542203100515e-08
1.295824870032497693e-08
1.301556607432762536e-08
1.307470957610213141e-08
1.313796786183631475e-08
1.319825275372044875e-08
1.326281004613294474e-08
1.332928175131879333e-08
1.339725210360062795e-08
1.346775472467802843e-08
1.354030663064789132e-08
1.361529218582984222e-08
1.369201201851768537e-08
1.377087514966730177e-08
1.385192170543109791e-08
1.393518912804478552e-08
1.402073224826348333e-08
1.410864791196371444e-08
1.419888818322029987e-08
1.429152269036115540e-08
1.438656840435930613e-08
1.448435546453651062e-08
1.458439090579754245e-08
1.468657703001905635e-08
1.479157401145778910e-08
1.489911721073152453e-08
1.500923947874562809e-08
1.512198518149473878e-08
1.523736491928668038e-08
1.535536277164571175e-08
1.547599746141044941e-08
1.559862469186896089e-08
1.572519649310471998e-08
1.585372962850418802e-08
1.597531962345991924e-08
1.612042833809566808e-08
1.625520168151801116e-08
1.639433912252619106e-08
1.653579157281535078e-08
1.667997569989026126e-08
1.682803169787718527e-08
1.697577855967345440e-08
1.712743536752082432e-08
1.728141016023202755e-08
1.743762396563119112e-08
1.759613739293509505e-08
1.775697192991927571e-08
1.791951664288534338e-08
1.808433353965517135e-08
1.825621042680491255e-08
1.841982677029711206e-08
1.858930114602065355e-08
1.876218057182224548e-08
1.893546987916805156e-08
1.911020725395276969e-08
1.928612085921062081e-08
1.946309731236935106e-08
1.964156636670359695e-08
1.981950958352536202e-08
1.999862369970343600e-08
2.017801497054939424e-08
2.035046032982947266e-08
2.053722821042161593e-08
2.071523046277479081e-08
2.089529042396428866e-08
2.105368454737608614e-08
2.125037685863387653e-08
2.142601380752479637e-08
2.160035599405892995e-08
2.177268513945642227e-08
2.194338585078832109e-08
2.211150920031322232e-08
2.227675645890907684e-08
2.243925609314041670e-08
2.259807182191099665e-08
2.275398786942919218e-08
2.290556816031924085e-08
2.305159294325503892e-08
2.319573412647575945e-08
2.333357183452261598e-08
2.346607001835015714e-08
2.359274284394264553e-08
2.371501349588007172e-08
2.382805506021638387e-08
2.393569493665726695e-08
2.402156127082582527e-08
2.412924053666893585e-08
2.421455966412923569e-08
2.429130979854906739e-08
2.435956330929189437e-08
2.441894901306900248e-08
2.446918891601069082e-08
2.450942111505249498e-08
2.454039174356865917e-08
2.456019389736750117e-08
2.456988919485107074e-08
2.456846224886487789e-08
2.455572659989340671e-08
2.453162965296526330e-08
2.449276668851348192e-08
2.444793316967370602e-08
2.438787767386089954e-08
2.431530727425157487e-08
2.423017191560047692e-08
2.413210336300044662e-08
2.402127397798957274e-08
2.389742102995004678e-08
2.376038197356394126e-08
2.361053559608194619e-08
2.344676858477806733e-08
2.327018323298725286e-08
2.308042709444806402e-08
2.287783395287499257e-08
2.266230857881937252e-08
2.243382674901561977e-08
2.219289466435654599e-08
2.193963711486431819e-08
2.167432560710301708e-08
2.139731046206293385e-08
2.110903413729232279e-08
2.080934934835612671e-08
2.049933781488693056e-08
2.017917852866453517e-08
1.984915957614083799e-08
1.951039956591335172e-08
1.916313097265259468e-08
1.880793274663208415e-08
1.844519869532264059e-08
1.807683193279997911e-08
1.770078611097668718e-08
1.732022419648299107e-08
1.693510236484996770e-08
1.654635118899363487e-08
1.615504387649064737e-08
1.576021926358188024e-08
1.536455966719330806e-08
1.496777679147756518e-08
1.457099340759293217e-08
1.417488771622015334e-08
1.378059692529826686e-08
1.338763915286947842e-08
1.299770343436778089e-08
1.261120538597298437e-08
1.222860104658476405e-08
1.185038805119889310e-08
1.147732691900942851e-08
1.110977920011595151e-08
1.074812126715015017e-08
1.039294986241109125e-08
1.004418945952638648e-08
9.702379868227837285e-09
9.367772999994628630e-09
9.040428064855459224e-09
8.720527598947393578e-09
8.408102849974248655e-09
8.103333740975462342e-09
7.806116584269006340e-09
7.516439225326699026e-09
7.234269194684602973e-09
6.959567174290713839e-09
6.692305222019524892e-09
6.432165992165243949e-09
6.179592198602483770e-09
5.933460691129076591e-09
5.694630744293288028e-09
5.462665798759953714e-09
5.237560407006548985e-09
5.021106871014603773e-09
4.807532207316278227e-09
4.602511051208517891e-09
4.404253582363500879e-09
4.212456883230502088e-09
4.027328915843296380e-09
3.848805303091878934e-09
3.676852274112514691e-09
3.511465365320962212e-09
3.352577137288915641e-09
3.200171894364121848e-09
3.054146714185605317e-09
2.914403687935257396e-09
2.780798062347150005e-09
2.653248559962373115e-09
2.531491129749762749e-09
2.415397250352021294e-09
2.304687346440280566e-09
2.199189882895784805e-09
2.098646043673534045e-09
2.002800527111693993e-09
1.911465707988535324e-09
1.824318772355069710e-09
1.741259511904540690e-09
1.662038294170293525e-09
1.586525973767213917e-09
1.514540882918738240e-09
1.446011762151352054e-09
1.380698205684026012e-09
1.318637215217185172e-09
1.259541242333700175e-09
1.203458147500793853e-09
1.150099494920820734e-09
1.099407578558055246e-09
1.051273083241477526e-09
1.005444319554267943e-09
9.619022315102729436e-10
9.208148666600872873e-10
8.809015097412876142e-10
8.433031303570681850e-10
8.074723995252486253e-10
7.733012833471315707e-10
7.407650001989748589e-10
7.097209585533658935e-10
6.801418640160208146e-10
6.518796381761065325e-10
6.249534402550760501e-10
5.991865834394673845e-10
5.745099635357164667e-10
5.510881208887885147e-10
5.285735597529006817e-10
5.069172168830578920e-10
4.863925236671150661e-10
4.666244849595549112e-10
4.476567728711315162e-10
4.294680510764316538e-10
4.120033111809720517e-10
3.952295493070970641e-10
3.791157219906604887e-10
3.636182863271358052e-10
3.487202944738176762e-10
3.343771148958637075e-10
3.205788151462297518e-10
3.072829131132386144e-10
2.944836985660505009e-10
2.821439124269345429e-10
2.702556387834483311e-10
2.587936300700923712e-10
2.477270927010619181e-10
2.370878485406190409e-10
2.267971034652854202e-10
2.169026964883441700e-10
2.073320573472617057e-10
1.981153025540196204e-10
1.892401920112236179e-10
1.806627786627538449e-10
1.724158820003083301e-10
1.644474709566125468e-10
1.567912937186837508e-10
1.493962450633630362e-10
1.422872517301062923e-10
1.354430644278522548e-10
1.288592557183593398e-10
1.225276566967199416e-10
1.164412775563018850e-10
1.105945681173567824e-10
1.049786500928610582e-10
9.959170179970281805e-11
9.442255872024885386e-11
8.947022350895555372e-11
8.472383041294823972e-11
8.018161184075566165e-11
7.583582122435311303e-11
7.168019644742561383e-11
6.771129775518428258e-11
6.392175057082029257e-11
6.030691594843990642e-11
5.686012828249958313e-11
5.357822423830072406e-11
5.045327124712237180e-11
4.748502871893104142e-11
4.465809556087446366e-11
4.197591192523911791e-11
3.943160482107885823e-11
3.701838633073390296e-11
3.473272601969240055e-11
3.256866385728868873e-11
3.052172358058556836e-11
2.858656184923880237e-11
2.676064969654983623e-11
2.503465028065584736e-11
2.340990215015127699e-11
2.187600492067129247e-11
2.043428446095729705e-11
1.907505274279009583e-11
1.779806096152241544e-11
1.659854017289804134e-11
1.547209357137714623e-11
1.441560051450811824e-11
1.342410222955786796e-11
1.249620341421291895e-11
1.162600629409735016e-11
1.081296899757188477e-11
1.005122557070417728e-11
9.340574674915890843e-12
8.675387337690819754e-12
8.055012668739867998e-12
7.476240347017134062e-12
6.936350696484054291e-12
6.433452291692467519e-12
5.964526457727409203e-12
5.528436626402701105e-12
5.122009898029868478e-12
4.744536682494262404e-12
4.392942501327213201e-12
4.066805999864740449e-12
3.763278544860155003e-12
3.481616741627533510e-12
3.220264829356095282e-12
2.977678638390469937e-12
2.752834225158353095e-12
2.544189405757892712e-12
2.350911441407547241e-12
2.171820669513837189e-12
2.006085712003872918e-12
1.852364819964751232e-12
1.710338415726780732e-12
1.578656210955321081e-12
1.456955146518829487e-12
1.344405819025886275e-12
1.240339479962360340e-12
1.144184921155528150e-12
1.055251948152350220e-12
9.731689170314330846e-13
8.972417123049832856e-13
8.272485806624179498e-13
7.624898822317499400e-13
7.027943953812023785e-13
6.476288109841895678e-13
5.967606599208787719e-13
5.498288694043879585e-13
5.065282310282759658e-13
4.665951403239032004e-13
4.297678118198881470e-13
3.958094628979571273e-13
3.644990890270429526e-13
3.356415268637158151e-13
3.090328091166717603e-13
2.845236542324659182e-13
2.619235443439759964e-13
2.411155211316784333e-13
2.219286765494180234e-13
2.042952861928291353e-13
1.880106576886710519e-13
1.730673735224272121e-13
1.592242052390557989e-13
1.465172314932680503e-13
1.348123368848963437e-13
1.240402232610827038e-13
1.141201147035354020e-13
1.049883684654238380e-13
9.658215729438157174e-14
8.884474803764301009e-14
8.172264201916599600e-14
7.516798988711691270e-14
6.913557024274149847e-14
6.358322889988612771e-14
5.847455924301341895e-14
5.377319545117331841e-14
4.944692323681053305e-14
4.546594028944421725e-14
4.180308942396226367e-14
3.843285213060238930e-14
3.533240707104535736e-14
3.247926765737752357e-14
2.985429369689507536e-14
2.743950675766000647e-14
2.521758350442071815e-14
2.317336432540544921e-14
2.129286990109033281e-14
1.956250263751692914e-14
1.797103487180804984e-14
1.650624416597946293e-14
1.515890713082242985e-14
1.391926633678217182e-14
1.277875466062167956e-14
1.172917350129018339e-14
1.076354277553683884e-14
9.875034837082070335e-15
9.057218430500840262e-15
8.304929276636943146e-15
7.612424340257835202e-15
6.975293743290458651e-15
6.388921789033301608e-15
5.849259927326753056e-15
5.352574932427416535e-15
4.895534402675398184e-15
4.474796331554713824e-15
4.087596793685357172e-15
3.731224177941448487e-15
3.403165714256913952e-15
3.101334093286902066e-15
2.823325211416391612e-15
2.567917429319430166e-15
