# bin_3_2
1.418633800058702757e-08
1.423754352527651192e-08
1.430310991812164395e-08
1.435707073448820557e-08
1.440150880672832625e-08
1.445981912102883900e-08
1.451994387919333442e-08
1.458201360904150647e-08
1.464598040970814368e-08
1.471208816496039563e-08
1.478030681410531130e-08
1.485069284742614874e-08
1.492336317521726915e-08
1.500063530507653746e-08
1.507539391455604199e-08
1.515494373487379166e-08
1.523692886049821638e-08
1.532094868691838730e-08
1.540805843545617067e-08
1.549778998276100689e-08
1.559054706656397991e-08
1.568564743900574057e-08
1.578352026293286401e-08
1.588422537640235117e-08
1.598782037300445740e-08
1.609438084670971196e-08
1.620402470999814892e-08
1.631672604941086806e-08
1.643257652033556829e-08
1.655161565721778511e-08
1.667419448645899224e-08
1.679984872276900792e-08
1.692850334464050350e-08
1.706084002904156849e-08
1.719662101973702244e-08
1.733590477079546198e-08
1.747876170577065582e-08
1.762522878170142231e-08
1.777531689575119220e-08
1.792907183849455479e-08
1.808587606733632423e-08
1.824771351692254568e-08
1.841262496668738904e-08
1.857171593667375348e-08
1.875555435831290911e-08
1.893020267584856764e-08
1.911046507025365683e-08
1.929430450402743987e-08
1.948216299309192456e-08
1.967527854580477926e-08
1.986930273270787582e-08
2.006868216457729111e-08
2.027178818503177949e-08
2.047857113793908369e-08
2.068912218842900063e-08
2.090349043554553195e-08
2.112109221969171338e-08
2.134252240056308622e-08
2.157264742427532315e-08
2.179601697372865198e-08
2.202694371212045539e-08
2.226290778750269983e-08
2.250097981356644129e-08
2.274219743402533283e-08
2.298633997706473736e-08
2.323328937476179961e-08
2.348350373557811282e-08
2.373508336110814861e-08
2.398942427418505482e-08
2.424596649639767982e-08
2.449735894383132907e-08
2.476497963253979358e-08
2.502566355323611222e-08
2.529021903603117732e-08
2.555453522832813045e-08
2.581988648577685847e-08
2.608558467065932242e-08
2.635182280891594796e-08
2.661786741703559076e-08
2.688409756737661114e-08
2.714953488289413048e-08
2.741385893863231860e-08
2.767716700838086219e-08
2.793848550889209829e-08
2.819856770968191027e-08
2.845592477109096008e-08
2.870932750667950597e-08
2.896227947965326239e-08
2.921040767881203076e-08
2.945454935281419003e-08
2.969433571281928502e-08
2.993069177014395092e-08
3.015900126782147081e-08
3.038297400993789327e-08
3.058577577635383588e-08
3.081184476049932827e-08
3.101592887366967322e-08
3.121200047558519214e-08
3.140000573801611593e-08
3.157942576707410333e-08
3.174983013688246500e-08
3.191019044879767431e-08
3.206109884721129715e-08
3.220044481194409099e-08
3.232912396621068875e-08
3.244591713393520031e-08
3.255043529298481863e-08
3.264241745322914466e-08
3.271822134301913079e-08
3.278645451421459675e-08
3.283759419507744716e-08
3.287413796188694992e-08
3.289571715556044429e-08
3.290177044548566795e-08
3.289215521633858147e-08
3.286644280251719678e-08
3.282408911119596594e-08
3.276525772084156364e-08
3.268847901107410721e-08
3.259447315892493637e-08
3.248295317983790145e-08
3.235378814447352447e-08
3.220619955778536164e-08
3.204034163393205788e-08
3.185618718271744841e-08
3.165383403737500465e-08
3.143278779719791192e-08
3.119358124240553332e-08
3.093615745646808051e-08
3.066008424522896034e-08
3.036650544528706754e-08
3.005504342327457684e-08
2.972589571511647999e-08
2.937994042857595670e-08
2.901728560116723398e-08
2.863834028450101333e-08
2.824354248520609253e-08
2.782363136131930062e-08
2.740864539686174318e-08
2.696990091501563013e-08
2.651790124829364095e-08
2.605357330962721852e-08
2.557817417974982294e-08
2.509057522276095293e-08
2.459387644322370620e-08
2.408787737916809915e-08
2.357384214024454453e-08
2.305290329711770766e-08
2.252629095249188022e-08
2.199398031493240697e-08
2.145807066523629581e-08
2.091938992591853035e-08
2.037885048897049319e-08
1.983743509706152916e-08
1.929648673801729127e-08
1.875692223677491362e-08
1.821971185541026611e-08
1.768608929331705963e-08
1.715654784462102481e-08
1.663230297952193653e-08
1.611421756185541088e-08
1.560295386067526890e-08
1.509928271516051749e-08
1.460378216696051010e-08
1.411717421028033554e-08
1.363621575029500132e-08
1.317208485064311159e-08
1.271451617539334183e-08
1.226703193813910784e-08
1.183027376332574348e-08
1.140392767686883470e-08
1.098870111782611014e-08
1.058337798106001500e-08
1.018901584555028483e-08
9.805090326119246714e-09
9.431518305544378226e-09
9.068116692454348947e-09
8.714546176867649210e-09
8.370728871169270496e-09
8.036544292701082112e-09
7.711564120995537865e-09
7.395790696793657666e-09
7.089043049103758385e-09
6.791194758745804874e-09
6.502191648947914738e-09
6.221963508678952040e-09
5.950546685031198264e-09
5.687940331744964517e-09
5.434194258582172499e-09
5.189345264045455880e-09
4.953530721089092317e-09
4.726702821056939926e-09
4.508961268243464372e-09
4.300227016625848089e-09
4.101292177626759888e-09
3.909663221221116894e-09
3.727512600914126896e-09
3.553885558117010282e-09
3.388359813937528870e-09
3.230755062563891840e-09
3.080635743976513083e-09
2.937662938306410803e-09
2.801420531377990787e-09
2.671620464286740177e-09
2.547344979744388648e-09
2.429697747276115855e-09
2.317947673073585613e-09
2.209663031885499944e-09
2.107522004539538658e-09
2.011053672488848748e-09
1.917544870605375398e-09
1.829487778732943652e-09
1.745789982132983996e-09
1.666321124813770871e-09
1.590884779789513744e-09
1.519214632225701405e-09
1.451169820610359502e-09
1.386338405961250894e-09
1.325010833895547676e-09
1.266386865918007320e-09
1.210934041586559588e-09
1.158028658084039399e-09
1.107707131031733412e-09
1.059833105889407680e-09
1.014148951047996823e-09
9.709044363391500265e-10
9.295954427145192523e-10
8.900960133300536465e-10
8.527292461755622635e-10
8.169576871552972193e-10
7.828048138343578328e-10
7.501708147087678183e-10
7.190604389176703495e-10
6.892588687018617148e-10
6.608256197152253018e-10
6.335530908252309083e-10
6.075070737786260553e-10
5.824927246290722180e-10
5.585453068465371729e-10
5.355825301491080169e-10
5.135430987929885167e-10
4.924117502946227070e-10
4.720650021934998290e-10
4.525618921080240162e-10
4.337617674930109693e-10
4.157064484545259978e-10
3.983287363531688498e-10
3.816054787498651020e-10
3.655022666757668371e-10
3.499941024019126882e-10
3.350552900976168630e-10
3.206607584151832936e-10
3.067913614125947282e-10
2.934233757905605995e-10
2.805421404742712057e-10
2.681228899621844576e-10
2.561577281348450748e-10
2.446253585106287591e-10
2.335121202223007951e-10
2.228064832020045331e-10
2.124922903442309775e-10
2.025615166740967191e-10
1.929978410748293885e-10
1.837958445265553442e-10
1.749397174377575806e-10
1.664242777685497269e-10
1.582364483958849762e-10
1.503690215174465452e-10
1.428126820604478837e-10
1.355580838058423577e-10
1.285982215214616386e-10
1.219230035884718870e-10
1.155267064773526311e-10
1.093988767395721971e-10
1.035347165794423571e-10
9.792387426684048777e-11
9.256106644797063019e-11
8.743751835916354021e-11
8.254643999178011421e-11
7.788072678582081856e-11
7.343271786680066076e-11
6.919602896426152530e-11
6.516270538787478803e-11
6.132666251666760428e-11
5.768072454463915354e-11
5.421852576534352664e-11
5.093244524465604491e-11
4.781889101253626044e-11
4.486453447554261295e-11
4.206935949978879601e-11
3.942512502291284157e-11
3.692531628147203589e-11
3.456417515775997144e-11
3.233528147467643583e-11
3.023324462745052577e-11
2.825205114334779980e-11
2.638754348369067945e-11
2.463100210394448503e-11
2.298108616824055023e-11
2.142885828784230682e-11
1.997311788253708638e-11
1.860535689039539187e-11
1.732362909662150282e-11
1.612257676592292416e-11
1.499788518780197189e-11
1.394570372098346941e-11
1.296098592119185368e-11
1.204148823267611815e-11
1.118169396869924417e-11
1.037997128931953298e-11
9.631108423113550842e-12
8.933630893005863881e-12
8.282863004900055809e-12
7.677036340794056229e-12
7.113165315425538092e-12
6.588306262787997075e-12
6.100459774387150356e-12
5.646657456235549017e-12
5.225363104920190275e-12
4.833719326870467956e-12
4.470531986090353244e-12
4.133124609173432481e-12
3.820534643077185238e-12
3.530339863815241409e-12
3.261545817842162998e-12
3.012534019228458539e-12
2.781856716636393538e-12
2.568375260746906306e-12
2.370654934689451743e-12
2.187850961562928729e-12
2.018594733675495797e-12
1.862271486919656010e-12
1.717566672787724253e-12
1.583961632589909586e-12
1.460396033010350454e-12
1.346331042628782101e-12
1.241000293585059490e-12
1.143691919901455248e-12
1.053896526695238605e-12
9.710300518935822035e-13
8.945741472085481266e-13
8.240134036544234461e-13
7.589759557189861464e-13
6.989237037689450937e-13
6.435903529730938028e-13
5.925571723168431232e-13
5.455579587598990081e-13
5.021830632355055723e-13
4.622762912393175207e-13
4.254673627943531052e-13
3.915797342835566895e-13
3.603514177318164324e-13
3.316282994579682948e-13
3.050997321594093820e-13
2.807091104950325521e-13
2.582486302753976196e-13
2.375722688183447515e-13
2.185374701370566527e-13
2.010124520655702765e-13
1.848843965237163307e-13
1.700408231778071124e-13
1.563804874305010663e-13
1.438108281145218760e-13
1.322422804718787649e-13
1.215979611417776303e-13
1.118068662347642243e-13
1.027974492592471961e-13
9.451043953511299955e-14
8.688409966696247525e-14
7.987265530579695674e-14
7.342134724269418865e-14
6.748776550188935316e-14
6.203130889093712692e-14
5.701131391679674979e-14
5.239415834503905776e-14
4.814915514118175713e-14
4.424416951396794327e-14
4.065415848044683428e-14
3.735151566872983923e-14
3.431458804558944090e-14
3.152198342575173679e-14
2.895402655318883598e-14
2.659171200749333411e-14
2.442067819860163615e-14
2.242334129221183048e-14
2.058669243331870431e-14
1.889745117008014829e-14
1.734392876637909335e-14
1.591536284040275945e-14
1.460143325207310566e-14
1.339296340205751646e-14
1.228164763187681125e-14
1.125953590812651283e-14
1.031915189607219066e-14
9.454312189186766438e-15
8.658728787726016547e-15
7.926826948007000533e-15
7.253412164938371885e-15
6.633838105069575244e-15
6.064160160217643060e-15
