# bin_3_3
1.548097637430729426e-08
1.553929283535692381e-08
1.561218808259879982e-08
1.567378021231896066e-08
1.572612670894428115e-08
1.579265487730867759e-08
1.586125628781797499e-08
1.593210475892042769e-08
1.600515836406557442e-08
1.608068005616901535e-08
1.615864659874075895e-08
1.623912582969883572e-08
1.632224662839669820e-08
1.641035382092499902e-08
1.649629678123069909e-08
1.658744102791721980e-08
1.668142776153500269e-08
1.677787322117794361e-08
1.687784038524604535e-08
1.698087802796207875e-08
1.708740084866155127e-08
1.719674955415082256e-08
1.730936501566970278e-08
1.742532304644130036e-08
1.754469762257684148e-08
1.766758123135661571e-08
1.779410883182561723e-08
1.792427281646085101e-08
1.805818277801911518e-08
1.819589685220289843e-08
1.833778933192599775e-08
1.848340752528380775e-08
1.863269578146030941e-08
1.878636509457997433e-08
1.894419445904235204e-08
1.910626383176362687e-08
1.927266560842834761e-08
1.944345910393860384e-08
1.961867805721036726e-08
1.979839130725141961e-08
1.998201009046009764e-08
2.017086632310333433e-08
2.036502664164011579e-08
2.055358743815186688e-08
2.076795007346110124e-08
2.097402161988050187e-08
2.118672658125899429e-08
2.140403416356220294e-08
2.162642119156419025e-08
2.185514520667531060e-08
2.208589661585252948e-08
2.232313891063489939e-08
2.256527473008273621e-08
2.281228245646847059e-08
2.306428241638409009e-08
2.332135709007010424e-08
2.358293749835947096e-08
2.384965778904904050e-08
2.412646458383793934e-08
2.439777044081370429e-08
2.467810541006274963e-08
2.496485892312247271e-08
2.525519023655438636e-08
2.555014397028846325e-08
2.584952954386481590e-08
2.615324929607665693e-08
2.646179351803659484e-08
2.677327126082217819e-08
2.708912233842566902e-08
2.740880187251975526e-08
2.772491920771234996e-08
2.805905928037831042e-08
2.838791321606134407e-08
2.872230283676315686e-08
2.906176182382416742e-08
2.939686975075477828e-08
2.973762894528835740e-08
3.008069775430063634e-08
3.042534494901744120e-08
3.077195415203363046e-08
3.111954907209750083e-08
3.146780827341331435e-08
3.181683295504252459e-08
3.216564757920324189e-08
3.251497849657176492e-08
3.286333977187275591e-08
3.320953490422941738e-08
3.355688834578131995e-08
3.390116339226589049e-08
3.424312139304159783e-08
3.458234717226355185e-08
3.491975537499995736e-08
3.525060318156469356e-08
3.557864632955065870e-08
3.588670754965105312e-08
3.621992747520928897e-08
3.653223246452646745e-08
3.683775002693331352e-08
3.713637412772513962e-08
3.742749118440212582e-08
3.771057827921008807e-08
3.798451123678321507e-08
3.824977030448966468e-08
3.850411570193058400e-08
3.874834694355559586e-08
3.898110281325439452e-08
3.920196902604559737e-08
3.941021114363893857e-08
3.960228779649784495e-08
3.978672923481587702e-08
3.995366182282390795e-08
4.010548923209503581e-08
4.024158280475948142e-08
4.036124596076009251e-08
4.046413045117710808e-08
4.054959113627062858e-08
4.061687325451444983e-08
4.066593152037902176e-08
4.069499237780172054e-08
4.070462063795497167e-08
4.069426356809777951e-08
4.066354586108756303e-08
4.061145130936518546e-08
4.053753078621229357e-08
4.044240025922223182e-08
4.032502378731527440e-08
4.018383205661281395e-08
4.002232893329237846e-08
3.983687140640523999e-08
3.962788385972927132e-08
3.939621369958048823e-08
3.914120292504497726e-08
3.886277897056683032e-08
3.856150754508725770e-08
3.823727761011333783e-08
3.789023662467045311e-08
3.752058384933947590e-08
3.711862150796476975e-08
3.671467853816308264e-08
3.627939375361498021e-08
3.582324390807612751e-08
3.534698546521852347e-08
3.485172151649716000e-08
3.433610071389537819e-08
3.380329330824448686e-08
3.325414698930172744e-08
3.268621110898210789e-08
3.210435586836766057e-08
3.150846604964181141e-08
3.089864309562070201e-08
3.027708968986346825e-08
2.964474382514474825e-08
2.900265947760867480e-08
2.835200198905209784e-08
2.769437842602488668e-08
2.703125400542875382e-08
2.636304731908302637e-08
2.569222193444518934e-08
2.501943593684743426e-08
2.434607962268869135e-08
2.367378623122035605e-08
2.300363196884123514e-08
2.233693835244193260e-08
2.167486290519498691e-08
2.101871540179407509e-08
2.036564877424241537e-08
1.972811577741588169e-08
1.909580486607264462e-08
1.847303525727400945e-08
1.786105065367590199e-08
1.726006902045020682e-08
1.667014128465366560e-08
1.609414981097531674e-08
1.552998967030895985e-08
1.497938628129126935e-08
1.444068540822717051e-08
1.391593175763886829e-08
1.340435387752949384e-08
1.290604660376373947e-08
1.242099559753104233e-08
1.194889561830240979e-08
1.149241405586153093e-08
1.104267918075689738e-08
1.060814837307014825e-08
1.018568975566620429e-08
9.775005382595810462e-09
9.375903623108277824e-09
8.988155057141518189e-09
8.611596073525588101e-09
8.246071056299902014e-09
7.891576454594571676e-09
7.547966534455611257e-09
7.215316689038126051e-09
6.893585803580470182e-09
6.582890491040860507e-09
6.283268958920504770e-09
5.994764740850744205e-09
5.717489824880668669e-09
5.451289759778054896e-09
5.196307765868574477e-09
4.952374422107099688e-09
4.719380465980025594e-09
4.497070676707109158e-09
4.285251863857930545e-09
4.083390646985117436e-09
3.891265525856153198e-09
3.709396957608629260e-09
3.534155719450346429e-09
3.368545643292598974e-09
3.211699340319948850e-09
3.060192815128139567e-09
2.916808404484002883e-09
2.780099706356887818e-09
2.649844996774664763e-09
2.525788238948425387e-09
2.407647286584356368e-09
2.295292439244803078e-09
2.188449776558904331e-09
2.086986999732216740e-09
1.990449663331191594e-09
1.899167441442971848e-09
1.812345822295398121e-09
1.729932120918482094e-09
1.651673437549394061e-09
1.577185449760407556e-09
1.506682873818624266e-09
1.439525070439515027e-09
1.375509221223195790e-09
1.314986526833394081e-09
1.257271694398208263e-09
1.202352967638681301e-09
1.150063709350438268e-09
1.100366844898391102e-09
1.052958447477700051e-09
1.007871019366275994e-09
9.648150502196760693e-10
9.238358838080186318e-10
8.846645039746948783e-10
8.473041290054828728e-10
8.116230498177107712e-10
7.775171672910222957e-10
7.449103058699948392e-10
7.137086585434281400e-10
6.838485064901916507e-10
6.552455508156010298e-10
6.278405066024606573e-10
6.015644899744791860e-10
5.763592803811294241e-10
5.521719634028646110e-10
5.289465950714938911e-10
5.066416214109112168e-10
4.852041325681735311e-10
4.646016179025876637e-10
4.447859151183311046e-10
4.257299872516469137e-10
4.073927237194873608e-10
3.897480005830968881e-10
3.727646196275530033e-10
3.564150823262793634e-10
3.406762883709573491e-10
3.255212229429292608e-10
3.109320707753783220e-10
2.968832228146195894e-10
2.833610471980665184e-10
2.703417431353273153e-10
2.578132358509456659e-10
2.457557279929326228e-10
2.341560431950020061e-10
2.229992832780837612e-10
2.122709796899585711e-10
2.019594294686405910e-10
1.920501193312400005e-10
1.825333515554037444e-10
1.733948622728896343e-10
1.646264940428624410e-10
1.562145159149479376e-10
1.481507162944780041e-10
1.404234278349186406e-10
1.330192912647058684e-10
1.259403047208469595e-10
1.191611797793071670e-10
1.126839237448759365e-10
1.064955245487459913e-10
1.005876407054902660e-10
9.495001428749716918e-11
8.957794298373122901e-11
8.445336900471296763e-11
7.957970777502366019e-11
7.493650433872646702e-11
7.052727637563428909e-11
6.633225617970620506e-11
6.235187510152968624e-11
5.857557437271916728e-11
5.499508677170209778e-11
5.160434621688168654e-11
4.839213668216175592e-11
4.535595760994747206e-11
4.248329890187796445e-11
3.977377402222451700e-11
3.721111305705602622e-11
3.479777897960402286e-11
3.252076456322357247e-11
3.037733134924390052e-11
2.836012924850083997e-11
2.646285497336504775e-11
2.468118552682885192e-11
2.300532511561605125e-11
2.143508399345414971e-11
1.995985533069812519e-11
1.857960527941063157e-11
1.728447109673274966e-11
1.607385194837829760e-11
1.494034830089244354e-11
1.388112261496097665e-11
1.289170341024861394e-11
1.196753941477777528e-11
1.110585674063777458e-11
1.030111205077571113e-11
9.552072588961422952e-12
8.853200211526855131e-12
8.203486013467363831e-12
7.597828791423113128e-12
7.035207756673266044e-12
6.511671737128913826e-12
6.025365194888492999e-12
5.573894985206348364e-12
5.154318028949984793e-12
4.765378894879199283e-12
4.404115013986306203e-12
4.069607414910195273e-12
3.759105348686672927e-12
3.471851399123737037e-12
3.205371651464322786e-12
2.959004089986054324e-12
2.730685101968153027e-12
2.519553352754826901e-12
2.324391512590117873e-12
2.143739690701042490e-12
1.976877932852263156e-12
1.822592637156210853e-12
1.680157695268440934e-12
1.548473212837888135e-12
1.426978617857949580e-12
1.314774997788500441e-12
1.211212602454342754e-12
1.115630657340479450e-12
1.027468294299215300e-12
9.461458130750052004e-13
8.711670632225502757e-13
8.020407591916465291e-13
7.383173583484224306e-13
6.795514202086573588e-13
6.254356250782791422e-13
5.755523281250636513e-13
5.295838984624277319e-13
4.872572865853318455e-13
4.482737294700451016e-13
4.123721965371021166e-13
3.793185521807794055e-13
3.488566308471130230e-13
3.208683778708884879e-13
2.950966060028884097e-13
2.713513500361845794e-13
2.495088514282234112e-13
2.294175364474173033e-13
2.109200810928979800e-13
1.939123577210203590e-13
1.782553404684598061e-13
1.638584884295531807e-13
1.506153529366444887e-13
1.384374346910311052e-13
1.272450815867865319e-13
1.169307481899946920e-13
1.074847249791546484e-13
9.874584282920644489e-14
9.073835756617604801e-14
8.337310585503684844e-14
7.668831579108886911e-14
7.037445748256969838e-14
6.464971835884013582e-14
5.938746934526472311e-14
5.454938872066019585e-14
5.010352892532343343e-14
4.601646020375179945e-14
4.225705992849641100e-14
3.880283277892863278e-14
3.562802941944688242e-14
3.270817661549669951e-14
3.002522053359090737e-14
2.755882993471885766e-14
2.529225789593796518e-14
2.320859259250130975e-14
2.129248927057207397e-14
1.953100619641265357e-14
1.791236600426993008e-14
1.642435214135466030e-14
1.505608985347895834e-14
1.379794893508175074e-14
1.264173066250789561e-14
1.157825750734346295e-14
