# bin_2_1
1.184255564903093181e-08
1.188126701982043173e-08
1.192122588290340482e-08
1.197448038252505798e-08
1.200500382508476842e-08
1.204894517584114296e-08
1.209419570544193041e-08
1.214086700738624471e-08
1.218889632091922980e-08
1.223850505540664091e-08
1.228964674308520212e-08
1.234235874426023011e-08
1.239673788777562639e-08
1.245505518731467816e-08
1.251025685658574817e-08
1.256954348961019407e-08
1.263056498277290930e-08
1.269289727309225499e-08
1.275757328464793030e-08
1.282448388179185050e-08
1.289286540569936721e-08
1.296315104585366720e-08
1.303536507608892612e-08
1.310954126699788142e-08
1.318571060617134654e-08
1.326392127480019931e-08
1.334426362488472443e-08
1.342668231372361593e-08
1.351124025011207040e-08
1.359794737038087928e-08
1.368712256393087685e-08
1.377827335075851930e-08
1.387129529027487933e-08
1.396679951796365724e-08
1.406461420592233193e-08
1.416467330652459044e-08
1.426703868069745625e-08
1.437171569036033653e-08
1.447868055047505154e-08
1.458794431566123068e-08
1.469885052383494808e-08
1.481335435992711165e-08
1.492945386645452569e-08
1.504781353397216739e-08
1.517015081793135458e-08
1.529136869960368898e-08
1.541637249583317212e-08
1.554363696423227374e-08
1.567304836805093598e-08
1.580591909360982635e-08
1.593804808921430990e-08
1.607365944169242030e-08
1.621115042672049177e-08
1.635039239646507361e-08
1.649156767582530171e-08
1.663455842617648576e-08
1.677880189112096947e-08
1.692484641113919300e-08
1.707742992870700641e-08
1.722136899231611182e-08
1.737061743224524825e-08
1.752271252413965498e-08
1.767491557149598873e-08
1.782797158046086907e-08
1.798170606881705025e-08
1.813600968273394394e-08
1.829130642083907832e-08
1.844559127305687352e-08
1.860054548774329889e-08
1.875535014317324182e-08
1.890264261753494767e-08
1.906372868011087798e-08
1.921560673864737725e-08
1.936910057378860373e-08
1.950061578876449872e-08
1.966963519721129254e-08
1.981732918660553425e-08
1.996328741119641943e-08
2.010680979908921615e-08
2.024829725030465395e-08
2.038681846673819661e-08
2.052209441522426617e-08
2.065426716414910882e-08
2.078241971466003616e-08
2.090737377091201831e-08
2.102770719512657019e-08
2.114219110671889499e-08
2.125464396487954214e-08
2.136055804006131648e-08
2.146097138179480711e-08
2.155543216551596746e-08
2.164537739840413116e-08
2.172609803365090865e-08
2.180138320735207809e-08
2.186956425668301801e-08
2.193037578889475867e-08
2.198358527532626311e-08
2.202842355671141160e-08
2.206499340315290207e-08
2.209298573347389019e-08
2.211217906409955964e-08
2.212176796305573486e-08
2.212256195597520943e-08
2.211273152153824425e-08
2.209338005881778926e-08
2.206356926008160525e-08
2.202318029549620436e-08
2.197222297545904157e-08
2.190743284998482494e-08
2.183750962313793505e-08
2.175343030468518026e-08
2.165794954112390278e-08
2.155101823641835500e-08
2.143242938122234249e-08
2.130238944331169583e-08
2.116071622478409360e-08
2.100731958210654156e-08
2.084264411639682488e-08
2.066570771939856892e-08
2.047761616766557922e-08
2.027810851394680561e-08
2.006757247411716044e-08
1.984601604954377729e-08
1.961346934787514992e-08
1.937045397880061478e-08
1.911717904860840764e-08
1.885395935458350776e-08
1.858114603385645910e-08
1.829930309468838835e-08
1.800825814458618586e-08
1.770911858568913818e-08
1.740208520610784534e-08
1.708745226633503583e-08
1.676636471657888141e-08
1.643902120475798190e-08
1.610598767890758241e-08
1.576764870564031116e-08
1.542581583412268205e-08
1.507853523265858907e-08
1.472879031865398167e-08
1.437650986340016749e-08
1.402257511370258048e-08
1.366736053084872983e-08
1.331160244953601473e-08
1.295609361420354682e-08
1.260107062026639069e-08
1.224750199826238135e-08
1.189592944461356955e-08
1.154742556783477494e-08
1.120134448722009211e-08
1.085921228137414056e-08
1.052131026644820112e-08
1.018795973299516628e-08
9.859522112855821190e-09
9.536589584536147469e-09
9.219387612573238789e-09
8.908159246354201187e-09
8.603354610329053826e-09
8.304805328713731735e-09
8.012905787503445097e-09
7.727806917505650867e-09
7.449472654779183577e-09
7.177998598824562490e-09
6.913335787259881601e-09
6.655607030268421907e-09
6.404633633798939747e-09
6.160405938561800029e-09
5.922820247569983348e-09
5.691830179475747564e-09
5.467392161072135451e-09
5.249210169702771718e-09
5.037687392230021812e-09
4.831796532564691535e-09
4.632336572541247707e-09
4.438931449321485810e-09
4.251544277551887449e-09
4.070156770171081856e-09
3.894618502743999914e-09
3.724985963397899314e-09
3.561363213754612323e-09
3.403396426279679997e-09
3.251328209740510411e-09
3.105061646913912939e-09
2.964539220976392436e-09
2.829728533042382055e-09
2.700531633090277701e-09
2.576902465362507130e-09
2.458707871647017417e-09
2.345898612747077306e-09
2.238079672297408298e-09
2.135383839600717298e-09
2.037468607289625478e-09
1.944207634615083662e-09
1.855339165706695582e-09
1.770713289206234955e-09
1.690106365748896764e-09
1.613303720545720445e-09
1.540135583873013665e-09
1.470403537768810021e-09
1.403971636662451265e-09
1.340656190080800642e-09
1.280359359473986703e-09
1.223565999879657951e-09
1.168264731183262050e-09
1.116255361353739429e-09
1.066830896416820474e-09
1.019765804806924580e-09
9.750965431978570526e-10
9.325699617416881755e-10
8.921440979090040920e-10
8.537078827345359671e-10
8.171208954035850635e-10
7.823167436145866453e-10
7.491156067919753957e-10
7.175045570374948219e-10
6.872754417948086171e-10
6.586837285688393123e-10
6.312766349395027172e-10
6.051258180911470945e-10
5.802033828870336159e-10
5.563959446256123592e-10
5.336120009101496171e-10
5.118733919557748973e-10
4.910377116602899657e-10
4.711321372028083415e-10
4.520320317526431395e-10
4.337670506770463830e-10
4.161402890461313223e-10
3.994213508471511495e-10
3.832871464904126595e-10
3.677807845042497495e-10
3.528889807045014703e-10
3.385682386640562831e-10
3.247937866296225579e-10
3.115430707445870089e-10
2.987809923295283143e-10
2.864974544559246699e-10
2.746559162056626970e-10
2.632520035045157004e-10
2.522509913120576519e-10
2.416513234660727012e-10
2.314228252017154722e-10
2.215612187088079655e-10
2.120467556558632115e-10
2.028671551622579512e-10
1.940146682558420947e-10
1.854701991238705283e-10
1.772336793724530400e-10
1.692828609062219132e-10
1.616225646697993036e-10
1.542294187513575478e-10
1.470978945145174567e-10
1.402428195640837509e-10
1.336216967447672863e-10
1.272628677130915610e-10
1.211242898732419631e-10
1.152346119090671037e-10
1.095533604481857654e-10
1.040999047602551262e-10
9.886026486988455378e-11
9.382811544921714792e-11
8.900287702310088259e-11
8.436627472770368753e-11
7.993126832127971319e-11
7.567325698398325827e-11
7.160704538500508239e-11
6.770710540760750985e-11
6.398885496494383520e-11
6.042708512716605157e-11
5.703154704440112016e-11
5.379329170407310788e-11
5.070600545522530451e-11
4.776643366026149998e-11
4.496782139596166238e-11
4.230973184436810763e-11
3.977925040869446713e-11
3.738185975296029228e-11
3.510229609874223083e-11
3.294661994208217103e-11
3.089990868544013509e-11
2.896478080218826729e-11
2.713533970037133705e-11
2.540626287428549818e-11
2.377468309814333940e-11
2.223370076921241285e-11
2.078306523074231637e-11
1.941429737895285127e-11
1.812829780901254894e-11
1.691619302295510630e-11
1.577940370617376358e-11
1.470915197667613218e-11
1.370590254745095757e-11
1.276504774398672080e-11
1.188294670962369398e-11
1.105727951295801051e-11
1.028366643861272706e-11
9.560949509559594752e-12
8.884266460167368086e-12
8.253149270425945075e-12
7.662745814711131977e-12
7.112901762819964933e-12
6.598964853104426164e-12
6.120433266658732792e-12
5.674683032254560914e-12
5.259470953067423756e-12
4.873295152461867896e-12
4.513706701450627481e-12
4.179790688407961885e-12
3.868974239601109685e-12
3.580722490709474444e-12
3.312530685080018712e-12
3.064119400277793069e-12
2.833116662521709897e-12
2.619113700302073849e-12
2.420722374458946297e-12
2.236791412048494904e-12
2.066497160606182617e-12
1.908630825609415409e-12
1.762543556521196004e-12
1.627307478800650776e-12
1.502165807495972758e-12
1.386393017413726514e-12
1.279462592544910904e-12
1.180362107727458508e-12
1.088859377281217424e-12
1.004295657160414842e-12
9.261748738998910511e-13
8.540393081454819174e-13
7.873647173084659115e-13
7.258689917190809979e-13
6.690108540263225128e-13
6.166407970070412714e-13
5.681865303072878854e-13
5.235731131016176269e-13
4.823487110371772556e-13
4.443892282012917569e-13
4.093279102539042288e-13
3.770165726582425830e-13
3.472307100769686528e-13
3.197713495509724275e-13
2.944568392680563838e-13
2.711285769099638837e-13
2.495591412419306854e-13
2.298213887821960546e-13
2.115218519759074672e-13
1.947545720972056500e-13
1.792615565583360669e-13
1.649854694198043728e-13
1.518716546789132898e-13
1.397620034277410839e-13
1.286013021063792009e-13
1.183510743860502422e-13
1.089175356484551374e-13
1.002018808378115994e-13
9.219421822012135580e-14
8.482129577583263277e-14
7.803412030766211401e-14
7.178641741874586966e-14
6.603606091984555787e-14
6.080108897785285303e-14
5.587179943584603254e-14
5.138866499365884239e-14
4.726207014707678442e-14
4.346489389877749695e-14
3.997004782099919008e-14
3.675539556455593842e-14
3.379605469752991768e-14
3.107324611375572073e-14
2.856740193578207667e-14
2.626246355823497552e-14
2.414083111081782674e-14
2.218865339976190357e-14
2.039262095429427977e-14
1.873974595984045998e-14
1.721884696486619015e-14
1.581958591469693729e-14
1.453175092133727952e-14
1.334719337353647767e-14
1.225659352726343442e-14
1.125331364728312120e-14
1.033003665158875475e-14
9.480420527420667254e-15
8.698330777826902123e-15
7.978653685148318192e-15
7.316307647368832930e-15
6.706471122449279880e-15
6.145420455967157170e-15
5.628790159860150416e-15
5.153393011266767986e-15
4.715715317835041545e-15
4.312915601589272985e-15
3.942073171911513314e-15
3.600790494850174599e-15
3.286555774529193488e-15
2.997348308580823051e-15
2.731150204420512422e-15
2.486088837389472645e-15
2.260625785276548388e-15
2.052989458339923039e-15
1.862326317365058147e-15
